Size 192,2
-6.734984770717062177e-05,9.842985482174890379e-06
-6.759462741084080052e-05,9.251970731629543176e-06
-6.759433459757823142e-05,6.465941117598564485e-06
-6.734951599479221777e-05,5.874915139186269569e-06
-6.675887067075488100e-05,1.008779933489788004e-05
-6.565023935534894633e-05,7.858942221693940210e-06
-6.675848978612539434e-05,5.630101501835168492e-06
-6.259754672019064172e-05,1.008823216365114654e-05
-6.259710644226240423e-05,5.630176025793121485e-06
-6.029950828183416986e-05,7.859607718402472298e-06
-5.843511550832400760e-05,1.008895564502376629e-05
-5.843481066341107717e-05,5.631184033464364183e-06
-5.635365717663834455e-05,7.860381137502744364e-06
-5.427351862855099400e-05,1.008792623774068944e-05
-5.427376997089785877e-05,5.634135236438377986e-06
-5.219431427560918734e-05,7.861682416583734662e-06
-5.011875845873584989e-05,1.008401098962810403e-05
-5.011875719452057526e-05,5.640422061878145007e-06
-4.804463950840022441e-05,7.862925978882853687e-06
-4.597649194082516102e-05,1.007712159761933687e-05
-4.597613201788004154e-05,5.649575479188774601e-06
-4.391023795648655795e-05,7.864080187581319595e-06
-4.185148703767379793e-05,1.006804082448808480e-05
-4.185078958067902472e-05,5.661106012286409891e-06
-3.979509895825540942e-05,7.865140716632011285e-06
-3.774747966178335860e-05,1.005628444272197517e-05
-3.774691515977615392e-05,5.675073526620233086e-06
-3.570349374027919156e-05,7.865934110267738439e-06
-3.367003400535219199e-05,1.004063531632587628e-05
-3.366982207996022287e-05,5.692273506150461787e-06
-3.164167295101741122e-05,7.866494943136094435e-06
-2.962630708212582470e-05,1.002019511875042003e-05
-2.962676783430608958e-05,5.713729602974490703e-06
-2.761834059618148931e-05,7.867018928567771552e-06
-2.562640350803317108e-05,9.993817671168660538e-06
-2.562707091406421270e-05,5.740896356710180665e-06
-2.372350874260030973e-05,7.867250546567357077e-06
-2.183935860863348604e-05,9.961410393757815751e-06
-2.183976388694279443e-05,5.775238561478074506e-06
-2.043244564181056320e-05,8.029321521057887894e-06
-1.901583597256353584e-05,9.929205979490846628e-06
-1.901505602837484470e-05,5.809143631714016143e-06
-1.699261710172841682e-05,9.899336125261904169e-06
-1.737880113007850050e-05,8.564686672453544072e-06
-1.699087245857579782e-05,5.832032854704280984e-06
-1.553818528820332829e-05,5.857478082078219405e-06
2.496093008486615517e-06,-2.671277789309512776e-07
2.545550062163268287e-06,-3.858715216895719696e-07
2.545303485013199153e-06,-8.289245049518233837e-07
2.496058721812186215e-06,-9.463699653544925549e-07
-1.553610796227479620e-05,9.877429582989760988e-06
-1.423300739765148563e-05,9.782817596004113664e-06
-1.523626381033638213e-05,7.366696239342072282e-06
-1.422672394540384712e-05,5.771352771032635558e-06
2.377828103001213274e-06,-2.181622334436276727e-07
2.258386746622200588e-06,-7.042835886123787180e-07
2.378543139437872485e-06,-9.956249559499879413e-07
-1.381407277512201556e-05,8.547338364775796768e-06
-1.295957371915182604e-05,9.536547635955128100e-06
-1.173734489453120640e-05,9.156742742555480153e-06
-1.342254906768790175e-05,6.859804965979811358e-06
-1.297708126992820194e-05,5.471689476018843943e-06
1.575634917475582243e-06,-2.066376172443765897e-07
1.574574443611955755e-06,-1.011513694026985506e-06
1.158877892754927949e-06,-6.098211001226829390e-07
-1.058414807456268115e-05,8.638661767402433707e-06
-1.157122527298955264e-05,7.884578521449158047e-06
-1.199198629684260463e-05,6.295658563297266488e-06
-1.182015723151106357e-05,4.973474283598005999e-06
7.072493599847839974e-07,-1.322524115494481911e-07
7.070798168853983750e-07,-1.088307070842280505e-06
1.922375645077551283e-07,-6.106958154502641811e-07
-9.506097520099075570e-06,8.004630348929415328e-06
-8.525569990389545303e-06,7.264555773457561535e-06
-1.052340420463626268e-05,6.048729823259943903e-06
-1.078811278782589863e-05,4.291791266328032579e-06
-3.993039790324740950e-07,3.024619591202093895e-08
-3.994991805914085555e-07,-1.252354308620202736e-06
-8.774099824437154321e-06,6.128094049111247343e-06
-7.651064525120869337e-06,6.422501028835861266e-06
-9.188461685330908690e-06,4.852028757124610731e-06
-9.907891628511483550e-06,3.463029643753221702e-06
-1.051875008647252408e-06,-6.111402026373523731e-07
-1.828177844961891479e-06,2.652520956551876599e-07
-1.827133154498207240e-06,-1.489625176574300147e-06
-6.880828739685483017e-06,5.499992161261814187e-06
-6.237394823692655424e-06,4.520366451533033931e-06
-5.719039099590884531e-06,3.479833429189798216e-06
-8.344113650321014942e-06,3.707428592480201851e-06
-9.200644580545062296e-06,2.521190228584771025e-06
-2.452142303871228472e-06,-6.089617399272093041e-07
-3.218018452773654439e-06,4.966032714485496261e-07
-3.218178879019532254e-06,-1.730974654282686436e-06
-6.797076861863383571e-06,3.479979514416738669e-06
-5.321881952352275490e-06,2.400046900248518387e-06
-4.486357486583870067e-06,6.933376231179403315e-07
-4.859655759563775345e-06,8.882210859032773780e-07
-5.062961985642657571e-06,1.283504590501241910e-06
-7.753775866511176447e-06,2.383038167927058877e-06
-8.677165774250607667e-06,1.505377266839361085e-06
-3.906793045731021290e-06,-4.472014947784999357e-07
-4.478447643995697715e-06,-1.904493618832298675e-06
-6.067170593946663145e-06,1.633925430531091841e-06
-4.879110524993564632e-06,1.073219340228999446e-07
-5.321710954728292420e-06,7.507046304711320393e-07
-7.326172472477579552e-06,1.190119930352745100e-06
-8.356785624357382388e-06,4.558011528557084060e-07
-4.894110997951112384e-06,-1.154322587587101184e-06
-4.832484578039663656e-06,-2.095010734748823745e-06
-6.288270490132823975e-06,-1.452959286440478639e-07
-8.253505675553407482e-06,-6.034356697344488432e-07
-8.387400007358439854e-06,-1.659326533426690670e-06
-5.635208765641321878e-06,-1.836544565169305047e-06
-5.035290512836405420e-06,-2.509462637119078178e-06
-5.277220382183268798e-06,-3.665142405657118259e-06
-7.316351574027603788e-06,-1.785517767009805746e-06
-5.654146450125028353e-06,-4.811002059407606791e-06
-8.749305321767973811e-06,-2.733482839381196449e-06
-6.309789481320663367e-06,-3.697235849985708191e-06
-7.859996708386542263e-06,-3.785307531563329740e-06
-6.181929376674651467e-06,-5.915554866935916479e-06
-9.329243533269730677e-06,-3.786617248542524793e-06
-8.871897633195978771e-06,-4.849299691831324864e-06
-7.763942522539541552e-06,-5.525896866048357286e-06
-6.845194131778325138e-06,-6.995200830089557009e-06
-7.665808638310704114e-06,-8.020871128719067470e-06
-1.013128854890234701e-05,-4.772582374948006541e-06
-9.566902113428448937e-06,-6.071038641714047788e-06
-8.897110435790293349e-06,-7.618592479379787262e-06
-8.610138072371934694e-06,-8.978327554833403210e-06
-1.112794398075638315e-05,-5.654003205633739117e-06
-1.083118945331269271e-05,-7.614767771117243343e-06
-9.692035986770487012e-06,-9.827807136581094886e-06
-1.090604962274027383e-05,-1.057111204574474341e-05
-1.221941206230793817e-05,-1.119654992251289953e-05
-1.232011281414604468e-05,-8.042533930573468961e-06
-1.230647642127454937e-05,-6.394764952058865487e-06
-1.202033420880177378e-05,-9.713365292687347675e-06
-1.363317183051507890e-05,-1.166082719601630305e-05
-1.512463897218394032e-05,-1.197206849158301051e-05
-1.353181545714376207e-05,-8.412264538550392500e-06
-1.364897654200532776e-05,-6.936683117192088932e-06
-1.665947432443497508e-05,-1.210783840918106793e-05
-1.492852590029828670e-05,-9.810411041668759454e-06
-1.511071073795117342e-05,-7.252378265435398276e-06
-1.699433347424059902e-05,-1.004944492554233327e-05
-1.839998402174742819e-05,-1.216443797383122768e-05
-1.664386596350369015e-05,-7.338254687051835198e-06
-2.084250691999250168e-05,-1.222055755965691157e-05
-1.889124690260953905e-05,-8.864643448840855392e-06
-1.839722117308701681e-05,-7.281531604991936094e-06
-2.431200427044220196e-05,-1.230533678693921298e-05
-2.257121162104745556e-05,-9.520908539623566526e-06
-2.084449464163358701e-05,-7.208302193068956841e-06
-2.904684895531119409e-05,-1.239388211504074447e-05
-2.665452752703090055e-05,-9.717969275865851898e-06
-2.431310556724443228e-05,-7.126218038361496780e-06
-3.412390557339532227e-05,-1.246546731678528503e-05
-3.156344197624107645e-05,-9.716562581892100990e-06
-2.904753218982427139e-05,-7.039707368467670778e-06
-3.932071073486211401e-05,-1.252251293853383922e-05
-3.670437847880351378e-05,-9.715623819388639784e-06
-3.412436752536029776e-05,-6.966738343299466385e-06
-4.461277336347313401e-05,-1.256706369363538296e-05
-4.195268099584357243e-05,-9.714817042294473040e-06
-3.932086802987557443e-05,-6.908022591362100731e-06
-4.997749213773530785e-05,-1.260045887285851171e-05
-4.728466877413827835e-05,-9.714259347918841351e-06
-4.461280278539034777e-05,-6.862033752198081350e-06
-5.539481995832389358e-05,-1.262476128640655399e-05
-5.267867756089512584e-05,-9.713965154651631016e-06
-4.997740697864589223e-05,-6.827685284404620288e-06
-6.085018724678785358e-05,-1.264263536772202439e-05
-5.811705493449929779e-05,-9.713834014205878980e-06
-5.539488049307998864e-05,-6.802962322033646091e-06
-6.633377753363243947e-05,-1.265577083975785881e-05
-6.358794029632524485e-05,-9.713720026482684550e-06
-6.085033549185736004e-05,-6.784895066625412424e-06
-7.183779064627571469e-05,-1.266474008221800042e-05
-6.908302688953884294e-05,-9.713690415083123069e-06
-6.633386603671861969e-05,-6.771639574101225813e-06
-8.365855107288853857e-05,-1.234563808047025075e-05
-8.287460691585236581e-05,-1.267033508556946253e-05
-7.430743261665875615e-05,-9.713803016112868832e-06
-7.735408286323769314e-05,-1.266931648696428757e-05
-7.183767018304151896e-05,-6.762800205202522689e-06
-8.398327301612564270e-05,-1.156172846124773384e-05
-8.212799006392124959e-05,-9.713889013928698072e-06
-7.735400889299184392e-05,-6.758328633853316396e-06
-8.398321826488430091e-05,-7.866087051513567609e-06
-8.287453682516578808e-05,-6.757469274415243740e-06
-8.365848979923844436e-05,-7.082170825788747846e-06
