Size 192,2
-6.094980689332709950e-05,9.083609052831930308e-06
-6.116722578966144179e-05,8.558689633492651180e-06
-6.116710702088802055e-05,6.084105563018348290e-06
-6.094966577790004373e-05,5.559126468134085040e-06
-6.042490125194183306e-05,9.301037829032657650e-06
-5.944034224525966616e-05,7.321335352548796054e-06
-6.042471400127825672e-05,5.341665027331478204e-06
-5.672913019771505473e-05,9.300852853932868871e-06
-5.672869166153388364e-05,5.340930454636019796e-06
-5.468791285865621268e-05,7.320421633818309480e-06
-5.303155438232349595e-05,9.300824196632821763e-06
-5.303104085480563707e-05,5.339155966766401543e-06
-5.118179530296600404e-05,7.319303924930638277e-06
-4.933248779929712497e-05,9.299369693018953554e-06
-4.933222088621846995e-05,5.337785191512699005e-06
-4.748260890218457053e-05,7.317784260095179954e-06
-4.563470691754567039e-05,9.295579975729974988e-06
-4.563445203836944758e-05,5.338190043910348205e-06
-4.378674979306925011e-05,7.316150424685218406e-06
-4.194309583712820606e-05,9.288902717274647599e-06
-4.194224181756652620e-05,5.341277852205168875e-06
-4.009984411612210373e-05,7.314356843123254359e-06
-3.826368163188045184e-05,9.278871235594576635e-06
-3.826197144129321636e-05,5.347584716565542180e-06
-3.642845763579102207e-05,7.312323484452764012e-06
-3.460221162525717255e-05,9.265915444361424083e-06
-3.460022007012136087e-05,5.356722817769963081e-06
-3.277760839359504622e-05,7.310152377642336691e-06
-3.096336777365859497e-05,9.249920531584549495e-06
-3.096195279251268368e-05,5.368528778814382717e-06
-2.915240552831194817e-05,7.307889654283371381e-06
-2.735340518588358092e-05,9.230369945363020844e-06
-2.735265583244567459e-05,5.383596436757285354e-06
-2.555941593987876866e-05,7.305612153962840480e-06
-2.377966794112358465e-05,9.206323556298584787e-06
-2.377910536353296920e-05,5.402776659292784032e-06
-2.207778821755593791e-05,7.303081088568146941e-06
-2.039136343800019975e-05,9.179412091726651428e-06
-2.039058343178505109e-05,5.425598690727584676e-06
-1.913044646207481421e-05,7.446429799867259003e-06
-1.785736460412410922e-05,9.155611431128964705e-06
-1.785589022966561673e-05,5.446006291496975498e-06
-1.603358638397634221e-05,9.135614725116518049e-06
-1.638435598237058621e-05,7.927872274521820524e-06
-1.603172592139675751e-05,5.458457351961104041e-06
-1.471671542522426680e-05,5.472154872804987588e-06
2.430647913998767594e-06,-3.550447609245537104e-07
2.479949145534311391e-06,-4.733516204972399850e-07
2.479769680855470752e-06,-9.152331465194146858e-07
2.430658545209750502e-06,-1.032439679391964813e-06
-1.471642675244344450e-05,9.121637338795445852e-06
-1.353096627252086191e-05,9.041489972865954185e-06
-1.444667149311755455e-05,6.841808870612164755e-06
-1.352756376643376720e-05,5.383245605598438648e-06
2.312768021078482735e-06,-3.062826637918543480e-07
2.193357509609040788e-06,-7.909843466604076555e-07
2.313387006976804572e-06,-1.081630515479128839e-06
-1.315178768317921387e-05,7.918072405431923492e-06
-1.236793838757891844e-05,8.824969649462825275e-06
-1.124523780241568993e-05,8.482982933254774548e-06
-1.279531027307414547e-05,6.375042653479562510e-06
-1.238673615319988589e-05,5.096157907782543563e-06
1.511999816363174754e-06,-2.960060545112260416e-07
1.510673241092488816e-06,-1.097459247976949540e-06
1.096524064097986306e-06,-6.979788556317941291e-07
-1.017904340700503803e-05,8.014461131575586648e-06
-1.109480038565708165e-05,7.316902970174450419e-06
-1.148208327964016352e-05,5.852250781186235372e-06
-1.132465408570829696e-05,4.623571178244626855e-06
6.483310974169288254e-07,-2.265809451691348191e-07
6.478619075124292721e-07,-1.171374045641914279e-06
1.396673309867936038e-07,-6.999580119936696106e-07
-9.177845750786413101e-06,7.434027635414294694e-06
-8.260250313537992973e-06,6.750723630146820423e-06
-1.012455455807353953e-05,5.620836339076284885e-06
-1.037212131782017132e-05,3.980220180598165733e-06
-4.411223531779724031e-07,-7.374795592467642278e-08
-4.418000608938747210e-07,-1.328257731211061484e-06
-8.492305158716407192e-06,5.694764592797774145e-06
-7.436589839307062327e-06,5.970347081717106817e-06
-8.880575285333171270e-06,4.500990458764083526e-06
-9.555534930177731764e-06,3.195404247815365972e-06
-1.078710360403629660e-06,-7.017802065713221158e-07
-1.833090656224005336e-06,1.477124948625333704e-07
-1.832417619438406557e-06,-1.554464979987515075e-06
-6.708857810219888376e-06,5.109027228745123667e-06
-6.095179911645699327e-06,4.186777399669222257e-06
-5.597250402938006872e-06,3.204683398345969461e-06
-8.086394089707983423e-06,3.423011347190011791e-06
-8.896371813239216709e-06,2.299654881284060016e-06
-2.438695933867894955e-06,-7.007900299642407772e-07
-3.178338659868660104e-06,3.661263191608334495e-07
-3.178703165488434027e-06,-1.783817954298630450e-06
-6.622926939049256806e-06,3.206423322130659512e-06
-5.214338121632874958e-06,2.179855396159537452e-06
-4.402158933739907811e-06,5.520960862380991254e-07
-4.762667533731590842e-06,7.381807885095757188e-07
-4.960359285905650575e-06,1.116052763654676909e-06
-7.529296602966917138e-06,2.166802705109623129e-06
-8.408148181281413342e-06,1.329809650594921659e-06
-3.843398988992784077e-06,-5.455247757534417232e-07
-4.391877876031968759e-06,-1.948066039887369693e-06
-5.922904265776620141e-06,1.451789770833948583e-06
-4.780053637100061315e-06,-1.192131601061397910e-08
-5.206716402410593766e-06,6.058821664011349964e-07
-7.123391529865889949e-06,1.028073924912243275e-06
-8.110132160019173706e-06,3.238573008006312011e-07
-4.792207288029948343e-06,-1.225318206954311490e-06
-4.731439711547131488e-06,-2.130668173778935995e-06
-6.131689421036574612e-06,-2.527482415222036555e-07
-8.015644448493820470e-06,-6.937750977804037588e-07
-8.149177511482392141e-06,-1.710557000123963757e-06
-5.502939553093912324e-06,-1.880987228434401602e-06
-4.925361535666730347e-06,-2.529301946715657014e-06
-5.156622990813545143e-06,-3.643010547761576992e-06
-7.118899817611618997e-06,-1.830846974743908427e-06
-5.518282378357670238e-06,-4.748373408409031604e-06
-8.500566600980202989e-06,-2.745094003282737627e-06
-6.150582382306733362e-06,-3.673596040310214278e-06
-7.644223619360470786e-06,-3.759187178887662379e-06
-6.026681310224370139e-06,-5.814568760879843147e-06
-9.061570284829822061e-06,-3.760984770112242973e-06
-8.620932944062255211e-06,-4.786244949195054233e-06
-7.552308163671395327e-06,-5.438744065433023767e-06
-6.666060862053165843e-06,-6.856819209148856566e-06
-7.457933168789122393e-06,-7.847194937478905408e-06
-9.836396829651179236e-06,-4.712549784417994189e-06
-9.292051941830582285e-06,-5.965645545790840404e-06
-8.646074878028749816e-06,-7.459136743858070063e-06
-8.369195697674393459e-06,-8.771324484300942835e-06
-1.079831531925211576e-05,-5.563537601518233068e-06
-1.051208672899155439e-05,-7.455855501984013732e-06
-9.413176101984948075e-06,-9.591180778979419230e-06
-1.058414869409103555e-05,-1.030841330803393283e-05
-1.185088791440736218e-05,-1.091206637158711176e-05
-1.194814048944994456e-05,-7.868734622697454720e-06
-1.193518634016334320e-05,-6.278770019342866771e-06
-1.165893338652193669e-05,-9.480947200946624804e-06
-1.321392237383049418e-05,-1.136053401950886834e-05
-1.465267239784346699e-05,-1.166218963915140727e-05
-1.311633406743785263e-05,-8.225415621408578063e-06
-1.322967651139011179e-05,-6.801670878372890221e-06
-1.613314943473769553e-05,-1.179503131464608499e-05
-1.446286903819115392e-05,-9.574859548131188269e-06
-1.463916034284552257e-05,-7.105398906083642631e-06
-1.645575411910619185e-05,-9.805999855355799377e-06
-1.781409422928072913e-05,-1.185323215039915096e-05
-1.611778103201730138e-05,-7.186985062124522516e-06
-2.017614464660933115e-05,-1.191255630704512662e-05
-1.828734492883214607e-05,-8.660071176601339123e-06
-1.781108882375089496e-05,-7.129597668018595663e-06
-2.354410784304092460e-05,-1.200662699267758828e-05
-2.185068991641709609e-05,-9.295228216197330123e-06
-2.017809339313729816e-05,-7.052921099017330549e-06
-2.817029123773876579e-05,-1.211249643853184401e-05
-2.582705830587326415e-05,-9.487048403976623380e-06
-2.354511462268577226e-05,-6.962066647623968135e-06
-3.317054123089903584e-05,-1.220546495908747300e-05
-3.064162829039141368e-05,-9.486448386391674285e-06
-2.817070619620750226e-05,-6.860025273949393548e-06
-3.833038152708698290e-05,-1.228352824500414122e-05
-3.572577970658426477e-05,-9.486686671510625960e-06
-3.317043777008580241e-05,-6.767652117905722449e-06
-4.362054987497542669e-05,-1.234460036526267751e-05
-4.095632699189042530e-05,-9.487008463907855701e-06
-3.833027778107257229e-05,-6.690204449569139501e-06
-4.900758291546112623e-05,-1.238893113112592716e-05
-4.630044719675924502e-05,-9.487249826017397732e-06
-4.362050395293034979e-05,-6.629584471601613743e-06
-5.446156692948226101e-05,-1.241873440517524727e-05
-5.172556776622291543e-05,-9.487507408288372353e-06
-4.900765460890209150e-05,-6.585715784699184173e-06
-5.995808223599295586e-05,-1.243662128706607227e-05
-5.720451970959783617e-05,-9.487651072608196116e-06
-5.446173389607903239e-05,-6.556399998983127232e-06
-6.547761205555209768e-05,-1.244542558369347142e-05
-6.271540034530382224e-05,-9.487607025226922649e-06
-5.995831794108573545e-05,-6.538699076025394262e-06
-7.100528575884805060e-05,-1.244801479173123174e-05
-6.824095025589079053e-05,-9.487636786963407487e-06
-6.547766930544716209e-05,-6.529924894876571350e-06
-8.284452001131231214e-05,-1.212265957310010298e-05
-8.205961613811991638e-05,-1.244778239520346943e-05
-7.348168149660914169e-05,-9.487673274010172925e-06
-7.653323788677383129e-05,-1.244795616166766756e-05
-7.100534640624346790e-05,-6.527312344564218017e-06
-8.316963847360000172e-05,-1.133774925495990775e-05
-8.131242909637819067e-05,-9.487727977779070382e-06
-7.653329250594013099e-05,-6.527502604378015870e-06
-8.316969405935233843e-05,-7.637674437262058515e-06
-8.205968207922176554e-05,-6.527642573883483463e-06
-8.284458087693614601e-05,-6.852764519328752540e-06
