Size 192,2
6.694133662575853998e-05,-9.484957503696750172e-06
6.720316754701375229e-05,-8.852947955108149140e-06
6.720284901027020715e-05,-5.873208055670769672e-06
6.694097201640378746e-05,-5.241151561040891199e-06
6.630923308000368041e-05,-9.746719953565862965e-06
6.512311685587323740e-05,-7.363008825942620397e-06
6.630879916975338005e-05,-4.979366885374664029e-06
6.185819467852162455e-05,-9.745121841764151636e-06
6.185750367455299375e-05,-4.980628884542603767e-06
5.940177466599930585e-05,-7.362850458138333945e-06
5.741202132349331681e-05,-9.739688202003703526e-06
5.741127319887624449e-05,-4.985960206331751524e-06
5.519272421946967553e-05,-7.362568870783062029e-06
5.298048134880716485e-05,-9.728253317396751560e-06
5.298014899760745570e-05,-4.996750428388776605e-06
5.077252967182592513e-05,-7.362369377263774741e-06
4.857555604980916519e-05,-9.709812463174458908e-06
4.857519531446645184e-05,-5.014400146618133419e-06
4.638554114341036612e-05,-7.361993741706286611e-06
4.421088457360411526e-05,-9.684488368789904316e-06
4.421024270293403587e-05,-5.038789139062876557e-06
4.204526813848950866e-05,-7.361569967296519091e-06
3.989984610564721389e-05,-9.652621328054083894e-06
3.989850737676902689e-05,-5.069779644055308285e-06
3.776426533953772870e-05,-7.360917927192708072e-06
3.565295114842707239e-05,-9.615289090211643990e-06
3.565177295592770605e-05,-5.106342700410066461e-06
3.355251550312989526e-05,-7.360266114735450937e-06
3.147852499533685522e-05,-9.573896658896428825e-06
3.147818903918329301e-05,-5.146707602937261057e-06
2.941716843589250519e-05,-7.359724435358680167e-06
2.738385893050800248e-05,-9.528069631649359959e-06
2.738427169327092289e-05,-5.191399746458374947e-06
2.536526137802723924e-05,-7.359334036441316242e-06
2.337817413850330872e-05,-9.475006361628119414e-06
2.337848727157623309e-05,-5.243369314600327746e-06
2.148706943638322412e-05,-7.358438936091136859e-06
1.963161406014440977e-05,-9.413452521268167867e-06
1.963142140018503976e-05,-5.306001770342569731e-06
1.825052087452978705e-05,-7.515064341117558412e-06
1.687724000675630177e-05,-9.354497789826978060e-06
1.687557048254737145e-05,-5.365799449444787541e-06
1.492937677805285654e-05,-9.301826313558751722e-06
1.529355719130527557e-05,-8.027085963456748741e-06
1.492643234700528258e-05,-5.404759942555917113e-06
1.354217573573225605e-05,-5.447139085637986189e-06
-2.044793432481178020e-06,-2.417607427339371682e-07
-2.086177488699430366e-06,-1.422435038554370064e-07
-2.085946863088014840e-06,2.286242475154159409e-07
-2.044762766969321770e-06,3.268317008821780333e-07
1.353851225248292401e-05,-9.264289866994412286e-06
1.230923487088270351e-05,-9.159948669157258025e-06
1.324810303787349527e-05,-6.881144221233642464e-06
1.229695544064233420e-05,-5.384586141551468100e-06
-1.945695049056640669e-06,-2.829076956183697194e-07
-1.845638175368593003e-06,1.237762341060804322e-07
-1.946469929884808068e-06,3.678415952732165181e-07
1.190948287675558833e-05,-7.990349878975179138e-06
1.111616128811295157e-05,-8.910347265939153586e-06
9.983450334155581998e-06,-8.542760647113794480e-06
1.154028324295769807e-05,-6.409212170007328820e-06
1.112587484480424114e-05,-5.126035794248728429e-06
-1.273408809007016437e-06,-2.931939170362457721e-07
-1.272805601650757418e-06,3.795554964657380607e-07
-9.250436940143563976e-07,4.341751465419916952e-08
8.927583817679634603e-06,-8.046025219227651777e-06
9.825117554473442399e-06,-7.356603018788484065e-06
1.021277640465499219e-05,-5.890905504600103636e-06
1.005194838291788536e-05,-4.688680416075565293e-06
-5.485197910619974388e-07,-3.534048719229264796e-07
-5.485557858878862393e-07,4.403734227730218992e-07
-1.214696084642016061e-07,4.364555256637156663e-08
7.948820150858996081e-06,-7.451064924670895767e-06
7.072490967982133429e-06,-6.767814545206462118e-06
8.867405012187865108e-06,-5.666888625622560361e-06
9.102889200024073010e-06,-4.086203047278775997e-06
3.669366650708275198e-07,-4.839015102397399804e-07
3.671691141213962198e-07,5.717609454775494128e-07
7.295484685022711599e-06,-5.734684981977012654e-06
6.303300093766856709e-06,-5.996416607216949368e-06
7.663288649653076566e-06,-4.591666219055294288e-06
8.300300699856778973e-06,-3.361284691945458132e-06
9.033575159352091259e-07,4.407976678441830625e-08
1.539224252766331996e-06,-6.726944152761927725e-07
1.538341570254312299e-06,7.629490952100983024e-07
5.631278821269079414e-06,-5.162923567008186348e-06
5.085275809312072411e-06,-4.296238143874499290e-06
4.658830388940984028e-06,-3.383739873270574517e-06
6.916998605326270243e-06,-3.578613011807522041e-06
7.659272650778870702e-06,-2.549179392805949181e-06
2.049725887256637464e-06,4.243307609485031725e-08
2.674223272086439591e-06,-8.584482800072319889e-07
2.674816691718374869e-06,9.578131857819088568e-07
5.575859002524013109e-06,-3.379937911591816853e-06
4.338170001148744225e-06,-2.451882511244180076e-06
3.698677933661437172e-06,-1.015746292321566604e-06
3.994154818597336127e-06,-1.175694508975259345e-06
4.148552535616445014e-06,-1.504632512332962670e-06
6.399096793088306547e-06,-2.431013533839696331e-06
7.181637526275653271e-06,-1.687256439839672425e-06
3.235339930774345208e-06,-8.968239646527729149e-08
3.710592948822301632e-06,1.098970775226546749e-06
4.974106910033004028e-06,-1.794811988171808167e-06
4.018505168558879801e-06,-5.368386145914381976e-07
4.368942253332314390e-06,-1.061845847406055649e-06
6.031883096882663698e-06,-1.420871113823511853e-06
6.881264193163688800e-06,-8.132488261805288560e-07
4.046097563924438895e-06,4.904864012217376755e-07
4.008505196479442284e-06,1.252578095624838558e-06
5.169084502724724024e-06,-3.164802966494468958e-07
6.774218670304525755e-06,5.583305745745389691e-08
6.847820514359087319e-06,9.061816794649168314e-07
4.657029588004434872e-06,1.048410452430713714e-06
4.182750035661888609e-06,1.580464006739612261e-06
4.397699528208289035e-06,2.482216661308418155e-06
5.998305167017781366e-06,1.017012817979403419e-06
4.716733659418356669e-06,3.353483297407252202e-06
7.101602957364848792e-06,1.763385083620171181e-06
5.211718898850356867e-06,2.514347751848541414e-06
6.409014299016316665e-06,2.582253205396797889e-06
5.138188170643331965e-06,4.183940853377302084e-06
7.516191369873988562e-06,2.583481063861071606e-06
7.164110211759777996e-06,3.391103713979564639e-06
6.338116504701151934e-06,3.896594828479341421e-06
5.655336530195134409e-06,4.975039470556577768e-06
6.272317277892156041e-06,5.712104141352409331e-06
8.084758563084429501e-06,3.339293840738633528e-06
7.669608450644840427e-06,4.297451387500874179e-06
7.181338503840746882e-06,5.419364102476903856e-06
6.973362470128017630e-06,6.385530583111027149e-06
8.788149414659870509e-06,4.002609069526096594e-06
8.573386076337738125e-06,5.412440873700542393e-06
7.758488154623417453e-06,6.976948263404958314e-06
8.620601312348663949e-06,7.483179207943808419e-06
9.542715870698406083e-06,7.897139097913575862e-06
9.618265443815721520e-06,5.715149809675116892e-06
9.611282765482603632e-06,4.549730309823492605e-06
9.410200996640260277e-06,6.879693306856316037e-06
1.051908594859005084e-05,8.201034572417706216e-06
1.153591614374270534e-05,8.396248158255062546e-06
1.045644056493090756e-05,5.975449308725922621e-06
1.053560131263023748e-05,4.951304461290316640e-06
1.257454154184028493e-05,8.473483155676505145e-06
1.141177305068995748e-05,6.933101089179970556e-06
1.153190558697319449e-05,5.191144427465919426e-06
1.280264045960613461e-05,7.091539522213308094e-06
1.373660534832428512e-05,8.495074329639276664e-06
1.256878778886406255e-05,5.264318545253166688e-06
1.535357782848181297e-05,8.517154983374519245e-06
1.406856730270027056e-05,6.300741943966726199e-06
1.373551615620117603e-05,5.243228934817431023e-06
1.762037942960801350e-05,8.551823578803719697e-06
1.648900936796756722e-05,6.738109719482896146e-06
1.535434967863629930e-05,5.215161019180056128e-06
2.067824386196766170e-05,8.590528045833847336e-06
1.913840346322482369e-05,6.868041953936073229e-06
1.762086688387050801e-05,5.182217586251969607e-06
2.392976099211091044e-05,8.624800669803592634e-06
2.229346740966780239e-05,6.868046785871685760e-06
2.067833387589964559e-05,5.145270687403792219e-06
2.723997355640391134e-05,8.653569513891841292e-06
2.557575800735495489e-05,6.868379871411167262e-06
2.392967890927490902e-05,5.111678786871411859e-06
3.059806809399317953e-05,8.675715366465513054e-06
2.891203524750514078e-05,6.868806558471045673e-06
2.723977628453775455e-05,5.083649615729380921e-06
3.398969651591671599e-05,8.690192546541248224e-06
3.228942257668631873e-05,6.869240093963043301e-06
3.059786236896250007e-05,5.062332126202600617e-06
3.739939389551453201e-05,8.696854762841089867e-06
3.569259771498711379e-05,6.869713936146813892e-06
3.398942623931758674e-05,5.048770211525072643e-06
4.081374010648072321e-05,8.697283512623146096e-06
3.910671051582507068e-05,6.870108643505826683e-06
3.739926111449623481e-05,5.042997234866478030e-06
4.422304791182665989e-05,8.694354192744578372e-06
4.251965478663505255e-05,6.870477942660177839e-06
4.081365113121820850e-05,5.043341810525849386e-06
4.762383660488598869e-05,8.690663332548006643e-06
4.592475497513435990e-05,6.870739008114067566e-06
4.422296364673332342e-05,5.046904969150545324e-06
5.489030654655615600e-05,8.488273818486536789e-06
5.440864813680432936e-05,8.687796686321024755e-06
4.914479894056311677e-05,6.871026373294449620e-06
5.101778519582058377e-05,8.688230976342573811e-06
4.762367308831757980e-05,5.051169584332179018e-06
5.508981271186620286e-05,8.006591651154664851e-06
5.395019858364815237e-05,6.871279468438376210e-06
5.101768358312070784e-05,5.054038441192093752e-06
5.508976869986579884e-05,5.736003770608175296e-06
5.440857853696538923e-05,5.054769859667049785e-06
5.489025369355942367e-05,5.254303226418275334e-06
