Size 192,2
-1.116715818609599625e-04,1.563280970010454048e-05
-1.121114935903676051e-04,1.457086377878519553e-05
-1.121118469549829108e-04,9.564879658798041627e-06
-1.116719855645106538e-04,8.502986267542444134e-06
-1.106095810470462905e-04,1.607267494495844153e-05
-1.086179511868704049e-04,1.206795109690200196e-05
-1.106100608761258631e-04,8.063145220923149088e-06
-1.031321630604440683e-04,1.607199989559834213e-05
-1.031328019127914208e-04,8.063976901678939429e-06
-9.900515088639202238e-05,1.206784865543458369e-05
-9.565771039555906496e-05,1.606819643598785688e-05
-9.565860278395833870e-05,8.067636713064802400e-06
-9.192330529085672973e-05,1.206797491200382770e-05
-8.819318365349060936e-05,1.606032684520643979e-05
-8.819379737816141103e-05,8.075964090784671227e-06
-8.446622315451191899e-05,1.206802893474432728e-05
-8.074756070427684996e-05,1.604592382203644379e-05
-8.074841056548017978e-05,8.090452199075636453e-06
-7.703452810053077523e-05,1.206818310820018952e-05
-7.333561695644798110e-05,1.602182953588698723e-05
-7.333649622914996521e-05,8.114607294709821000e-06
-6.964598045217116685e-05,1.206821947054273428e-05
-6.597863941896087853e-05,1.598459688657708540e-05
-6.597958413985357997e-05,8.151531092892622306e-06
-6.232527743008652347e-05,1.206823056988849284e-05
-5.870421787994277863e-05,1.593217444811805962e-05
-5.870479427758778520e-05,8.203694372006034506e-06
-5.510173131334371755e-05,1.206818146120711428e-05
-5.154242170306508195e-05,1.586327896661615840e-05
-5.154239443880791194e-05,8.272647786051624667e-06
-4.800609672690031425e-05,1.206818877350666013e-05
-4.452412827554298166e-05,1.577695005149310623e-05
-4.452382733284414724e-05,8.359506131726469319e-06
-4.107058571257668386e-05,1.206833630634990372e-05
-3.768306161833466652e-05,1.567042165951611817e-05
-3.768251046176759162e-05,8.467193218965111642e-06
-3.446436438403482775e-05,1.206765601789323659e-05
-3.132168394464674745e-05,1.554282763318499226e-05
-3.132064862988189993e-05,8.600119992804323570e-06
-2.898639370096210704e-05,1.233198838546029671e-05
-2.667977074939375810e-05,1.541990930382383264e-05
-2.667617917460781869e-05,8.727183829904282798e-06
-2.342064727276541139e-05,1.530989066116979162e-05
-2.402268338072117046e-05,1.318720666379677071e-05
-2.341482902216904520e-05,8.810227052552937422e-06
-2.111289816666551318e-05,8.899791169785795377e-06
3.037894609706219640e-06,8.929680633140815600e-07
3.098572723367879660e-06,7.468505224641347558e-07
3.098097309695663409e-06,2.031765940842342533e-07
3.037730709297301426e-06,5.938381962224105990e-08
-2.110463415752061403e-05,1.523150308031394253e-05
-1.907288338150788320e-05,1.504401157045633278e-05
-2.061717138192927729e-05,1.127909315861011370e-05
-1.904652192564527426e-05,8.816945552401664175e-06
2.892458153650479347e-06,9.535034749743009816e-07
2.746071963297172085e-06,3.573639084375853800e-07
2.893774290988032436e-06,-4.832752057495469738e-10
-1.840752614263612398e-05,1.310759827933185807e-05
-1.711025578289457374e-05,1.461347502928550334e-05
-1.526044833236643664e-05,1.399639547560518825e-05
-1.779765799322420651e-05,1.050754375011523912e-05
-1.711914591449579086e-05,8.417111052614243856e-06
1.907533155606401520e-06,9.701485234906563061e-07
1.906995491624551874e-06,-1.692059310784855181e-08
1.396736443817411424e-06,4.767825071122995754e-07
-1.355072511050574341e-05,1.316737806044700550e-05
-1.499688215627729191e-05,1.205234294693071846e-05
-1.562759741951535194e-05,9.667570366439541340e-06
-1.536328431525165169e-05,7.731859615044140764e-06
8.434250051546314912e-07,1.061565591090032763e-06
8.436761174650532137e-07,-1.073687792329423645e-07
2.143681365067850480e-07,4.773453135693455976e-07
-1.197539230080294336e-05,1.218881200863077487e-05
-1.058086697730307490e-05,1.107750389859856153e-05
-1.344788106230357803e-05,9.308661227313244199e-06
-1.382151216281002142e-05,6.782572907377310987e-06
-5.074454691923972699e-07,1.259107726963945106e-06
-5.074015921446825003e-07,-3.040242847802452673e-07
-1.093654377775765499e-05,9.414297665783497973e-06
-9.370827922595335825e-06,9.829572933000863813e-06
-1.151895886897470668e-05,7.593297230113271291e-06
-1.252622474910773869e-05,5.648826346991540671e-06
-1.302092906762387345e-06,4.779693388912803257e-07
-2.246460926186389108e-06,1.543742348344833914e-06
-2.244715274363934490e-06,-5.897186300499857131e-07
-8.319809332559147542e-06,8.495008476771243638e-06
-7.482583895361171321e-06,7.127599719804509873e-06
-6.842491509175377890e-06,5.696228117936848951e-06
-1.034142950251229090e-05,5.994967666730609550e-06
-1.149765658596454141e-05,4.391918225504117352e-06
-3.004811956764455466e-06,4.817522786558159881e-07
-3.934912551945158866e-06,1.823504085049514249e-06
-3.935448720250016347e-06,-8.815335084509892986e-07
-8.252376438953406990e-06,5.685817068461225877e-06
-6.367358863651121612e-06,4.251302047160902139e-06
-5.453710029522532761e-06,2.059421096972806335e-06
-5.886540031229294719e-06,2.300348346783439471e-06
-6.106082913483961624e-06,2.798682451228014031e-06
-9.528988127795848836e-06,4.211239554267297054e-06
-1.072967653804041127e-05,3.071956839280727691e-06
-4.769975024491222460e-06,6.800844127401337391e-07
-5.487909437974889858e-06,-1.093959521657130324e-06
-7.347095685939506760e-06,3.236489229574193525e-06
-5.930720788091264674e-06,1.344012864592066331e-06
-6.444967765633802546e-06,2.129120653162745876e-06
-8.961339088105951527e-06,2.665961145090579112e-06
-1.024133725029825376e-05,1.750406209565936356e-06
-5.985874684986605140e-06,-1.888961255924810472e-07
-5.940845220614849432e-06,-1.322408953447822939e-06
-7.653960267126058703e-06,1.002214642444401000e-06
-1.005971075508119547e-05,4.476845864436966187e-07
-1.013849483216357000e-05,-8.126381322762635045e-07
-6.905334428217068005e-06,-1.023431496528369756e-06
-6.208919584301650310e-06,-1.804173625977887000e-06
-6.544657649811081689e-06,-3.117882373943073933e-06
-8.887682790896838574e-06,-9.850676284781371722e-07
-7.030636843246170643e-06,-4.369094045377007289e-06
-1.048376669376133914e-05,-2.076946370028342398e-06
-7.738586414536022739e-06,-3.170576320398888406e-06
-9.474905197577538211e-06,-3.268202722580398229e-06
-7.653075565685645883e-06,-5.553722618177299630e-06
-1.105704062637614527e-05,-3.269561048574642133e-06
-1.054787765588608815e-05,-4.428985618546586545e-06
-9.374734262313925008e-06,-5.148138734590787694e-06
-8.406805610533709048e-06,-6.665225872003115370e-06
-9.287646320867244126e-06,-7.688583515611660261e-06
-1.184059177832446381e-05,-4.359450868218620483e-06
-1.125576263964752744e-05,-5.711840097019429421e-06
-1.057156080331217901e-05,-7.278575520773572532e-06
-1.028115217217418943e-05,-8.611177234658655392e-06
-1.280762231086047602e-05,-5.305876852434584426e-06
-1.250814886982436875e-05,-7.264930338412728066e-06
-1.137888613690226809e-05,-9.416070941278763501e-06
-1.256839624450073300e-05,-1.009516885313290954e-05
-1.383135133328560659e-05,-1.063923810793354464e-05
-1.393938392695011202e-05,-7.681077569246620715e-06
-1.393189803012036023e-05,-6.078133825150984123e-06
-1.365634002479895063e-05,-9.267670156121652527e-06
-1.515458974185193185e-05,-1.103500736364405075e-05
-1.652028421829151165e-05,-1.127990608244248919e-05
-1.507688070187728367e-05,-8.037826517577423090e-06
-1.518242741445931063e-05,-6.646398118859516267e-06
-1.790803076844830756e-05,-1.136742849716516564e-05
-1.636315915890783018e-05,-9.326656817392807664e-06
-1.652056372441597107e-05,-6.991529794514842903e-06
-1.821443373792875758e-05,-9.534462842657389508e-06
-1.944393721401463417e-05,-1.137729836620679855e-05
-1.790519950070925922e-05,-7.104171458204517913e-06
-2.156487198534816051e-05,-1.138720526443619533e-05
-1.988714661584336862e-05,-8.490849245483062785e-06
-1.944327610489479330e-05,-7.094336818051076439e-06
-2.449886197546203106e-05,-1.140250883553766990e-05
-2.304277645542545839e-05,-9.066635859786644047e-06
-2.156490644500569669e-05,-7.081687112574723864e-06
-2.839929722436095825e-05,-1.141902878711501923e-05
-2.644444187717768697e-05,-9.235459339244616252e-06
-2.449884500297622278e-05,-7.067210102881394829e-06
-3.249084077804127355e-05,-1.143252173457159020e-05
-3.044092275657642388e-05,-9.235564475541123739e-06
-2.839939268234043088e-05,-7.051719702060505543e-06
-3.660443559678865089e-05,-1.144238944916954134e-05
-3.454452401187532061e-05,-9.235738855784297833e-06
-3.249089835291262381e-05,-7.038719465065985386e-06
-4.073207253036999090e-05,-1.144720996920497723e-05
-3.866663471204263435e-05,-9.235862522739470088e-06
-3.660435847264467918e-05,-7.029313780681887983e-06
-4.486340164052281563e-05,-1.144638279741856172e-05
-4.279796092567662565e-05,-9.236044027728556650e-06
-4.073184913229563244e-05,-7.024729712575124412e-06
-4.898663690278698825e-05,-1.144022605000599828e-05
-4.692720607560569668e-05,-9.236297759490947077e-06
-4.486317701467536565e-05,-7.026003864379069038e-06
-5.309346706749214651e-05,-1.143171769861766468e-05
-5.104307292943339249e-05,-9.236383294301975667e-06
-4.898665238400746048e-05,-7.032500983474329001e-06
-5.718328459057434379e-05,-1.142422058110601786e-05
-5.514088164010789457e-05,-9.236404022981810891e-06
-5.309352221228374552e-05,-7.041169452942211673e-06
-6.126205684675759087e-05,-1.142023471165092679e-05
-5.922383918098198625e-05,-9.236374039382856929e-06
-5.718327319485728473e-05,-7.048550667317005078e-06
-6.999063286211201199e-05,-1.117927999705551541e-05
-6.941183970838297633e-05,-1.141902164275456639e-05
-6.308756241203186384e-05,-9.236355986491000006e-06
-6.533690617837402317e-05,-1.141913501468329198e-05
-6.126204971225189034e-05,-7.052472220778504858e-06
-7.023037767485407461e-05,-1.060049071189996431e-05
-6.886085318596938505e-05,-9.236288339269208385e-06
-6.533692227854251704e-05,-7.053502137083048953e-06
-7.023038991598926344e-05,-7.872078719308491911e-06
-6.941185295015926346e-05,-7.053548537441734128e-06
-6.999064585726672829e-05,-7.293289546180335958e-06
