Size 192,2
7.557195041327998970e-05,-1.298982650609564519e-05
7.583133221055181903e-05,-1.236358913557475819e-05
7.583107099263683112e-05,-9.411230941519846247e-06
7.557164435806921967e-05,-8.784918674094859358e-06
7.494572646031060317e-05,-1.324921921731059413e-05
7.377100635852709015e-05,-1.088733944710794035e-05
7.494534107345090352e-05,-8.525489629416452552e-06
7.053674732380521908e-05,-1.324905724636991288e-05
7.053610308826335253e-05,-8.525126212271837142e-06
6.810169775793261369e-05,-1.088691326281447040e-05
6.612611989979547892e-05,-1.324927240856755549e-05
6.612525452936287229e-05,-8.523859457073453458e-06
6.391981321327903334e-05,-1.088609087631464922e-05
6.171370552669343365e-05,-1.324853556891274972e-05
6.171320850783837907e-05,-8.522854993952589203e-06
5.950753391814959904e-05,-1.088533734498804756e-05
5.730238569887451241e-05,-1.324578057311154156e-05
5.730182406436801890e-05,-8.523998608003218800e-06
5.509829274975263502e-05,-1.088463255265387330e-05
5.289685992443566453e-05,-1.324067416637631960e-05
5.289602224456390749e-05,-8.527611811328695434e-06
5.069717372732717391e-05,-1.088397942691701990e-05
4.850236294254014151e-05,-1.323317312983605120e-05
4.850114781781944236e-05,-8.534253920760684182e-06
4.630945927116147281e-05,-1.088353807816077058e-05
4.412353328918761466e-05,-1.322330206300107367e-05
4.412247918488814167e-05,-8.543806924556027543e-06
4.194003833079737974e-05,-1.088333154729863060e-05
3.976469372500187596e-05,-1.321185433359014556e-05
3.976432904932437591e-05,-8.555299519593115035e-06
3.759282211762185173e-05,-1.088341131035277186e-05
3.542861369142614791e-05,-1.320032324885057620e-05
3.542907356652871223e-05,-8.567335257248646951e-06
3.326855969149313056e-05,-1.088380013975923932e-05
3.111486578966940963e-05,-1.318954921908820961e-05
3.111565764873867857e-05,-8.578681981152394236e-06
2.905196193614671441e-05,-1.088423408164358260e-05
2.699361748130217772e-05,-1.318093289446069061e-05
2.699440261084782089e-05,-8.588165456101564592e-06
2.545246935637763275e-05,-1.106391487747791095e-05
2.388210085015170521e-05,-1.317520401680378158e-05
2.388227538080323634e-05,-8.594298706815610772e-06
2.162243814979933405e-05,-1.317187432577394245e-05
2.206384281566111554e-05,-1.166573181263241063e-05
2.162252664942267079e-05,-8.597004099442584628e-06
1.998177138330645388e-05,-8.599039383291163754e-06
-3.476165353832006009e-06,-5.102608268462457324e-07
-3.545440320014386972e-06,-3.436255558866317737e-07
-3.545008773227133050e-06,2.770297204771433238e-07
-3.476076462416788503e-06,4.413335719269195680e-07
1.998141742545518431e-05,-1.317032289456468231e-05
1.849121594963946353e-05,-1.308434793083306563e-05
1.965021012283906703e-05,-1.031418634241226965e-05
1.849474641402769221e-05,-8.470090941724803211e-06
-3.310267712766697874e-06,-5.791818582802559306e-07
-3.143062495104252424e-06,1.015049530650495591e-07
-3.311622611811406899e-06,5.099271502796563967e-07
1.801922441492585618e-05,-1.167482056100783077e-05
1.702014498806087714e-05,-1.283014750392035915e-05
1.558768464878109404e-05,-1.241127346831011228e-05
1.757240294079345363e-05,-9.721273423474209111e-06
1.705415677832952190e-05,-8.083760913739576219e-06
-2.185843896689249650e-06,-5.971146230394863128e-07
-2.184867779827534824e-06,5.299681202896896982e-07
-1.602443332883572001e-06,-3.319786470921396362e-08
1.421113170358757542e-05,-1.183271715403775182e-05
1.540129591579015631e-05,-1.092973945956858085e-05
1.589979486655279786e-05,-9.049398100413417735e-06
1.570259802088191909e-05,-7.451490548683905153e-06
-9.706354154464665194e-07,-7.006045571140550248e-07
-9.706052596863827608e-07,6.346470219451836595e-07
-2.518066625965241617e-07,-3.259281154519788045e-08
1.290898889436167051e-05,-1.110165383509164842e-05
1.169721098546355820e-05,-1.022686512470012057e-05
1.414952571951060462e-05,-8.749390856935496545e-06
1.448065417930614738e-05,-6.592747792932980680e-06
5.725103581788785463e-07,-9.247078410325373709e-07
5.729614330158299078e-07,8.606873919034082559e-07
1.200372702773105619e-05,-8.853006540163875667e-06
1.059133782277607436e-05,-9.219916756827385834e-06
1.252242266053867335e-05,-7.276514563412072333e-06
1.342513222676846240e-05,-5.532918194347685567e-06
1.480290548794953396e-06,-3.165689584111942623e-08
2.558589511652360334e-06,-1.248851359973086136e-06
2.557468069836008576e-06,1.188960242449672591e-06
9.606683543103120313e-06,-8.093336337896002539e-06
8.754107437024904830e-06,-6.860109797413185678e-06
8.042762889881692530e-06,-5.534933536963737822e-06
1.146187992982172767e-05,-5.836127469236313218e-06
1.256788231770124132e-05,-4.304213906226034614e-06
3.425271888139112177e-06,-3.374824132219490821e-08
4.488377616919422284e-06,-1.568943774148087932e-06
4.488343761016244086e-06,1.523545335430961601e-06
9.466849056057048312e-06,-5.542979935386584855e-06
7.487391040917221684e-06,-4.129500768544537417e-06
6.261624270337214464e-06,-1.842766676611553118e-06
6.792478021769499337e-06,-2.110139050082542847e-06
7.092386357738856268e-06,-2.646448108002280004e-06
1.071257516694629383e-05,-4.120609676927573856e-06
1.193783910439807737e-05,-2.953046013471932750e-06
5.445093442866821650e-06,-2.569870758714579936e-07
6.222841160778716532e-06,1.762872798097377761e-06
8.469207442056262309e-06,-3.124822483417556385e-06
6.806183370018224521e-06,-1.032278758312485989e-06
7.434475055284467088e-06,-1.922214511654285316e-06
1.015479092660808164e-05,-2.530697291734369720e-06
1.156440453414538845e-05,-1.526745764688827226e-06
6.803594177705093005e-06,7.177588345428288945e-07
6.699831976012335925e-06,2.029446384569523053e-06
8.750243217029667387e-06,-7.046184252776605996e-07
1.146054657368414350e-05,-6.602810886097247125e-08
1.170106069437537156e-05,1.415431759288107395e-06
7.819590928066263150e-06,1.661798008409542857e-06
6.968055071423219596e-06,2.618579870550690256e-06
7.280152697547431485e-06,4.278821584722375066e-06
1.018547941959751327e-05,1.578147074268813801e-06
7.789240442372856129e-06,5.952119526060386718e-06
1.226092507589055880e-05,2.934207213013479698e-06
8.749605058382147783e-06,4.316254368889333915e-06
1.098605013431428512e-05,4.447138030243977938e-06
8.536575530684468370e-06,7.577530861773794149e-06
1.314146001956969002e-05,4.451639809000826452e-06
1.248058245731786837e-05,6.004418075578032311e-06
1.084731172635514892e-05,7.000039359003278915e-06
9.490566871780435008e-06,9.187501415506305757e-06
1.069767845039624333e-05,1.073240054362141122e-05
1.435890052634996211e-05,5.887959448201711221e-06
1.352171804038735142e-05,7.815784560852700116e-06
1.252433999704038634e-05,1.013250308532910792e-05
1.209552536544250533e-05,1.218617366931877702e-05
1.587074644033428859e-05,7.187466073946784914e-06
1.542852433600018120e-05,1.013442125217947730e-05
1.371543952979668503e-05,1.348130408428141313e-05
1.554881614488984391e-05,1.462325829257366506e-05
1.753985969035417209e-05,1.559236368207908002e-05
1.768712677934102507e-05,1.078412435932240421e-05
1.766306357836446996e-05,8.291190504271567008e-06
1.723215306533572939e-05,1.332461823862084695e-05
1.969539611749172013e-05,1.631461452219001786e-05
2.197875514796457104e-05,1.680608908780611684e-05
1.953393388196573429e-05,1.134628145727538658e-05
1.971319231677596103e-05,9.099194470693143692e-06
2.433365778376035809e-05,1.702826684710703002e-05
2.167048773855893975e-05,1.348660194951649014e-05
2.195156196451059116e-05,9.566442779299835973e-06
2.484539057718912825e-05,1.385862110919943728e-05
2.701705694820368957e-05,1.713243605189776014e-05
2.430452781463523942e-05,9.688495010064537106e-06
3.079562793607701571e-05,1.723840261204045402e-05
2.776932628562677366e-05,1.203175694826235643e-05
2.701032914677531978e-05,9.588731918275888945e-06
3.619918989842230795e-05,1.740301395020503794e-05
3.347860062138612969e-05,1.304972586226700911e-05
3.079746903512246478e-05,9.457264314488899795e-06
4.363646021982870435e-05,1.758429113367625867e-05
3.986687505636697405e-05,1.336051414846912274e-05
3.619952768239660185e-05,9.304847652761618888e-06
5.168191414759760078e-05,1.774080717512225642e-05
4.761153905282968526e-05,1.336316704589110578e-05
4.363572644993750897e-05,9.137638444485100524e-06
5.998811853797512614e-05,1.787291577384717350e-05
5.579406120557003261e-05,1.336674308532661397e-05
5.168072164844896504e-05,8.989160680341931039e-06
6.851259526031752939e-05,1.798121325213011622e-05
6.421689923729834929e-05,1.337000147947143468e-05
5.998699993056998337e-05,8.863979325420509963e-06
7.721160957614115416e-05,1.806650846102353549e-05
7.283586149567863074e-05,1.337271269899504687e-05
6.851167033465271699e-05,8.761593437684273781e-06
8.604491685574934036e-05,1.813035413415271151e-05
8.160863105042351362e-05,1.337477885210919291e-05
7.721097693962746271e-05,8.681019359532369530e-06
9.497504437960961100e-05,1.817427091159439927e-05
9.049659328558696788e-05,1.337632719198285320e-05
8.604446438770075689e-05,8.620786949697489804e-06
1.039661329363522477e-04,1.820025172376557585e-05
9.946297179892947212e-05,1.337738102397329709e-05
9.497473692788662195e-05,8.579555681907918147e-06
1.129873395531962369e-04,1.821230769450360540e-05
1.084735233695213898e-04,1.337823550913360593e-05
1.039658216130607334e-04,8.555526028064031931e-06
1.323333740673538015e-04,1.768561978929824392e-05
1.310507046065542420e-04,1.821691226288609878e-05
1.170321130269800011e-04,1.337889925479194274e-05
1.220189222834421728e-04,1.821623035391791993e-05
1.129870761942028645e-04,8.544933208923446644e-06
1.328646730654849725e-04,1.640295813057700039e-05
1.298294112006926975e-04,1.337957809182821867e-05
1.220187561073416912e-04,8.542231787851662338e-06
1.328646424151620352e-04,1.035624082762361279e-05
1.310506283899208685e-04,8.542221240235579451e-06
1.323333298492819434e-04,9.073537072013723037e-06
