Size 192,2
-3.702032150018778797e-05,6.110916805003801577e-06
-3.713838452132308982e-05,5.825923105980790301e-06
-3.713847166642968433e-05,4.482369633897815875e-06
-3.702042089065539157e-05,4.197379722079406546e-06
-3.673530380894307027e-05,6.228959875623145433e-06
-3.620074351621682814e-05,5.154138606310354553e-06
-3.673541887490515921e-05,4.079336087538467519e-06
-3.472844367188387629e-05,6.228654137648118421e-06
-3.472860635311573807e-05,4.079432502953021986e-06
-3.362070962053281294e-05,5.153855970788859632e-06
-3.272216736953988819e-05,6.227481169369834776e-06
-3.272245752502381738e-05,4.079946807617059863e-06
-3.172010315732063171e-05,5.153445860213759342e-06
-3.071888583935190398e-05,6.225072993790987835e-06
-3.071926460013354689e-05,4.081518630075494183e-06
-2.971920991202739765e-05,5.153040438224308709e-06
-2.872053275170981238e-05,6.222283483512122927e-06
-2.872094209894720030e-05,4.083339067114253613e-06
-2.772366237326318752e-05,5.152677992156798949e-06
-2.672638500955911689e-05,6.221860124898814052e-06
-2.672638363855514600e-05,4.082732885427483620e-06
-2.572925969758433680e-05,5.152160707950409364e-06
-2.472929386239595116e-05,6.225888928858248976e-06
-2.472886972515927679e-05,4.077701053873353914e-06
-2.372695173989722935e-05,5.151727745278468336e-06
-2.271840325946397342e-05,6.235691740604876783e-06
-2.271760152534629704e-05,4.067038396249043071e-06
-2.170491719992145553e-05,5.151126286414333330e-06
-2.068232216690453918e-05,6.250484141053384764e-06
-2.068148611520961337e-05,4.051182090718320681e-06
-1.965370404034714270e-05,5.150468548141504380e-06
-1.861379202413656909e-05,6.268475135832786177e-06
-1.861319697178850897e-05,4.031967488721851125e-06
-1.756731428175966060e-05,5.149895204726235452e-06
-1.650809564085407077e-05,6.288571776252969274e-06
-1.650776459415373716e-05,4.010804300351599700e-06
-1.548549828014928015e-05,5.149599504448646779e-06
-1.444993570471257520e-05,6.309697354934271680e-06
-1.444974894642516332e-05,3.988089480426393784e-06
-1.366962338635258115e-05,5.240901105040495127e-06
-1.286137919384407725e-05,6.327272207944126690e-06
-1.286170808993057162e-05,3.969570380810824609e-06
-1.168901648850356353e-05,6.340383551289246973e-06
-1.192263054510328650e-05,5.553922974936916696e-06
-1.168921968106621803e-05,3.959202848082674959e-06
-1.082874475243140394e-05,3.949569028512094246e-06
1.915065107820284753e-06,-4.889656960146429446e-07
1.952634944433672686e-06,-5.790542123665061995e-07
1.952548278550282522e-06,-9.155193349394849005e-07
1.915142058505911587e-06,-1.004798089111884424e-06
-1.083003672110612749e-05,6.348416227581775008e-06
-1.004215805453233719e-05,6.310350833804113384e-06
-1.065849471331485092e-05,4.849001860502112708e-06
-1.004632240651215426e-05,3.871996647199086369e-06
1.825316577492401229e-06,-4.518816650033037446e-07
1.734596986541286194e-06,-8.211129680513398234e-07
1.825829600120883212e-06,-1.042332744331812178e-06
-9.794729892614650323e-06,5.568270665952908156e-06
-9.261217738514069506e-06,6.183740855452973157e-06
-8.495364516383048246e-06,5.965776864560466932e-06
-9.557636084003755540e-06,4.533026785335561119e-06
-9.280294250541297257e-06,3.657808250261903024e-06
1.216146281926702487e-06,-4.436330236961238800e-07
1.215199628818264694e-06,-1.054812249259492685e-06
8.998722992176858251e-07,-7.499118180324323623e-07
-7.756029000827562307e-06,5.662324650543981747e-06
-8.397010212814680116e-06,5.177557690449546464e-06
-8.663273623009734372e-06,4.172317783210007082e-06
-8.557350424198169455e-06,3.312413228328611471e-06
5.571570882340255872e-07,-3.872754589104541147e-07
5.571274332055801031e-07,-1.113081658879991361e-06
1.663217245424008598e-07,-7.503232390891167151e-07
-7.053889767974521746e-06,5.273622977811397870e-06
-6.397440080480476537e-06,4.805430685950457372e-06
-7.722716548287523721e-06,4.010024791841254038e-06
-7.901151460009105124e-06,2.846042193114526478e-06
-2.831430582530331018e-07,-2.626673130298889895e-07
-2.832209250656312210e-07,-1.238108188300195576e-06
-6.562826973817250834e-06,4.066301956222514957e-06
-5.796237177218100982e-06,4.264969090709440209e-06
-6.843462798577709228e-06,3.214457730863092768e-06
-7.332471080428800913e-06,2.269649981275255832e-06
-7.793782623090459299e-07,-7.502952039071153282e-07
-1.370716712881020692e-06,-8.178077598479788043e-08
-1.369804945231747832e-06,-1.419871692012827008e-06
-5.259870786479423972e-06,3.657395881651273159e-06
-4.792894507829283342e-06,2.988917138285358200e-06
-4.401067260217455720e-06,2.269181733492024003e-06
-6.267406661057280432e-06,2.433617846741295731e-06
-6.869712275631520883e-06,1.599776920399706636e-06
-1.846209375045294262e-06,-7.484224845641518274e-07
-2.431215210156089561e-06,9.687581106119425529e-08
-2.430829362982430401e-06,-1.604934727292669954e-06
-5.180047697594441869e-06,2.274234333343097152e-06
-4.094038340265751351e-06,1.503368627939106796e-06
-3.409814445738872070e-06,2.500780235522165143e-07
-3.704397584830170402e-06,3.977405043144287301e-07
-3.872129508451362311e-06,6.923615152378685340e-07
-5.859764260661563805e-06,1.499578470868940019e-06
-6.530289848194954364e-06,8.611486875963350245e-07
-2.957664044676067057e-06,-6.249055981912001334e-07
-3.383992833395191549e-06,-1.737092288950003607e-06
-4.630529601482347235e-06,9.552609331319180115e-07
-3.709993219788145649e-06,-1.961124232671177446e-07
-4.058995062166904981e-06,2.947080424343976321e-07
-5.554950058844655392e-06,6.301477330127584833e-07
-6.330928807753090872e-06,7.871781830419193016e-08
-3.704915834493209008e-06,-1.160712652420640486e-06
-3.644459954559571780e-06,-1.884331785666470831e-06
-4.782566108848231545e-06,-3.731360362997877622e-07
-6.277873789391178621e-06,-7.247023234828957930e-07
-6.418815027306845143e-06,-1.542942207950965779e-06
-4.263444848747456359e-06,-1.679987855224629219e-06
-3.789930232258791751e-06,-2.211371928455159442e-06
-3.956633567600294635e-06,-3.136577466546647071e-06
-5.576580397639397261e-06,-1.630683591163019529e-06
-4.233053846623841293e-06,-4.076705635552716609e-06
-6.738730457968256287e-06,-2.383567100089113389e-06
-4.774286107298204591e-06,-3.155112782324064715e-06
-6.026478327983528570e-06,-3.227352461710376077e-06
-4.646249606957338062e-06,-4.992589206903773440e-06
-7.241737782173836249e-06,-3.229010867460904563e-06
-6.871247545638720815e-06,-4.101270660149418196e-06
-5.946649603505832404e-06,-4.664460766057674645e-06
-5.177998471586378334e-06,-5.907656232514238617e-06
-5.858526682122200509e-06,-6.790871646003511291e-06
-7.940389281892731862e-06,-4.032623453541129109e-06
-7.464214844167295461e-06,-5.126147370349848776e-06
-6.895057841031502974e-06,-6.448466388636261304e-06
-6.650046147491715828e-06,-7.628486981109478154e-06
-8.810487658081051402e-06,-4.763484842275164659e-06
-8.557128180668053123e-06,-6.449764978934601196e-06
-7.574078343834185087e-06,-8.377208377467149918e-06
-8.628003924341633442e-06,-9.042351863057151434e-06
-9.777485920671404631e-06,-9.612553884563770822e-06
-9.860905949892775462e-06,-6.822502991165528717e-06
-9.846383710919295724e-06,-5.387740181139358159e-06
-9.596708394398771797e-06,-8.292822989752596287e-06
-1.102915524376420134e-05,-1.003902002717814951e-05
-1.236158301280272565e-05,-1.033313196023381424e-05
-1.093258386454419925e-05,-7.145733151737305459e-06
-1.103790119346691866e-05,-5.843332073863237756e-06
-1.373963522532097118e-05,-1.046926571469934069e-05
-1.217745483702240767e-05,-8.391428324798443401e-06
-1.234402706760701677e-05,-6.103070933730440952e-06
-1.403893848422234680e-05,-8.609269368375449625e-06
-1.531781258191712398e-05,-1.053694890581559079e-05
-1.372130374514355912e-05,-6.166020770111640300e-06
-1.754701015751553833e-05,-1.060436741993899037e-05
-1.575930808335181157e-05,-7.533835347995718759e-06
-1.531469011138976593e-05,-6.098038379441416277e-06
-2.074696888546346450e-05,-1.070637772216909485e-05
-1.913449012096521277e-05,-8.130182234112980885e-06
-1.754944576453856689e-05,-6.009771132827095841e-06
-2.515869437784463376e-05,-1.081223137068104295e-05
-2.292283601925803127e-05,-8.310905312299139128e-06
-2.074830047915134169e-05,-5.910523161500946343e-06
-2.992599592260919170e-05,-1.089598008063040523e-05
-2.751657233456047399e-05,-8.309074233217549201e-06
-2.515929603869045643e-05,-5.806627415118757033e-06
-3.483067418802659012e-05,-1.096025843969068212e-05
-3.235820464569712788e-05,-8.307983619566963081e-06
-2.992631855299974838e-05,-5.720917284521345556e-06
-3.983930855431372088e-05,-1.100749327400835854e-05
-3.732037153409175614e-05,-8.307166474105039702e-06
-3.483092189994594652e-05,-5.654705638365706219e-06
-4.492184428655454046e-05,-1.104059145630406126e-05
-4.237053899888299088e-05,-8.306416089963870154e-06
-3.983977018904031399e-05,-5.605951425969014654e-06
-5.005567368719864528e-05,-1.106318328550796359e-05
-4.748190642230905859e-05,-8.305702296302934362e-06
-4.492240698716493808e-05,-5.571447914479019671e-06
-5.522324517150062416e-05,-1.107688930094078459e-05
-5.263530549329041390e-05,-8.305282657085619788e-06
-5.005603859798076502e-05,-5.547897696477882405e-06
-6.040897382099975210e-05,-1.108323675333364189e-05
-5.781432249532386105e-05,-8.304958174619043231e-06
-5.522349038226980112e-05,-5.533350474889271045e-06
-6.560001154079699991e-05,-1.108427522327995320e-05
-6.300445541552029949e-05,-8.304760708854783160e-06
-6.040912342827107313e-05,-5.526420456795684774e-06
-7.671356321836831488e-05,-1.077798201958359646e-05
-7.597678473542204868e-05,-1.108316874696501697e-05
-6.792501560024305951e-05,-8.304651247087270808e-06
-7.078944758551604334e-05,-1.108348636288358002e-05
-6.560019269165672060e-05,-5.524999531737848423e-06
-7.701874954322669384e-05,-1.004120142827357236e-05
-7.527547563038972859e-05,-8.304644760521713662e-06
-7.078954481723118142e-05,-5.525883140116170716e-06
-7.701886769963807954e-05,-6.568015492860610381e-06
-7.597691577689561935e-05,-5.526043753791419210e-06
-7.671368991430084158e-05,-5.831230220347622429e-06
