Size 192,2
-1.111623478382468708e-04,1.590967573909679182e-05
-1.115979512959456991e-04,1.485816064856161829e-05
-1.115982461256401844e-04,9.901019281117130793e-06
-1.111626888066384399e-04,8.849583683311906479e-06
-1.101107475604760612e-04,1.634521336606360053e-05
-1.081382788805481987e-04,1.237968632109761299e-05
-1.101111689759907281e-04,8.414086873680962574e-06
-1.027058398469399313e-04,1.634426709894523734e-05
-1.027065188553131001e-04,8.415828915544009374e-06
-9.861920494753271215e-05,1.238032676413711427e-05
-9.530541337829086333e-05,1.633871317984792953e-05
-9.530643831126416759e-05,8.422919291190879783e-06
-9.161072114304778238e-05,1.238129016897819627e-05
-8.792331775700273563e-05,1.632534737569419920e-05
-8.792424265596900177e-05,8.438398683493216225e-06
-8.424304972818070646e-05,1.238221585992748482e-05
-8.057635126325850662e-05,1.630208211547907990e-05
-8.057728551571135883e-05,8.463216426714832071e-06
-7.691995404483771917e-05,1.238287789710591155e-05
-7.328323324416386093e-05,1.626883683302052285e-05
-7.328406815458249411e-05,8.497284168962912246e-06
-6.965951865368243926e-05,1.238327173361315481e-05
-6.606202263493208789e-05,1.622497023065959672e-05
-6.606268893740851068e-05,8.541547547927903503e-06
-6.248052348426942604e-05,1.238349635387514926e-05
-5.893320456739425348e-05,1.616861596360645025e-05
-5.893345385874131993e-05,8.597957515689015387e-06
-5.540548680540847266e-05,1.238336532868782157e-05
-5.192133473602438036e-05,1.609786238398984025e-05
-5.192123432025051949e-05,8.668280173024016402e-06
-4.846121444039840380e-05,1.238293587884563998e-05
-4.505519459272062775e-05,1.601094263661658447e-05
-4.505491433107013176e-05,8.754254652948570615e-06
-4.167772410800638550e-05,1.238210241041074624e-05
-3.836462184822972963e-05,1.590663744322542159e-05
-3.836399019407044054e-05,8.857343082922201289e-06
-3.521578303828530918e-05,1.238043356508186380e-05
-3.213838763977383258e-05,1.578706915578569509e-05
-3.213717227936507744e-05,8.979419578033068621e-06
-2.985011661664434390e-05,1.263943212003329020e-05
-2.758365284045457451e-05,1.567649267725774553e-05
-2.758044403167379563e-05,9.092282547527011691e-06
-2.437415023536271171e-05,1.558038264777293725e-05
-2.497133619751437262e-05,1.348291330348136606e-05
-2.436928169053467774e-05,9.164262554674381354e-06
-2.209438755269925821e-05,9.241098652241247800e-06
3.351366301084651044e-06,7.586140534302786286e-07
3.418299739687537870e-06,5.975112047300810782e-07
3.417874348651937161e-06,-2.221748881166212249e-09
3.351285415567304266e-06,-1.609216675313771459e-07
-2.208697617989448174e-05,1.551299162818091192e-05
-2.007078938088859620e-05,1.533702391890244798e-05
-2.160861429201007869e-05,1.159754815066333426e-05
-2.004971850146099573e-05,9.145145795813415171e-06
3.191001408888451639e-06,8.253098386139493502e-07
3.029488894315721489e-06,1.676773219901392692e-07
3.192434346728637642e-06,-2.270734870908726899e-07
-1.941380526830626212e-05,1.341691295082769687e-05
-1.811638502799616738e-05,1.492244934260330610e-05
-1.626504212650786978e-05,1.431767926209545436e-05
-1.880934666849427755e-05,1.082587863944360057e-05
-1.813244148517323333e-05,8.728570297072839638e-06
2.104398772288855086e-06,8.432266112961152034e-07
2.103612274982199413e-06,-2.456762704704797215e-07
1.540695111233466922e-06,2.986035410594830682e-07
-1.454157788148126416e-05,1.350208780903637584e-05
-1.600544757143332848e-05,1.237634100452300946e-05
-1.663970460484095917e-05,9.980503703597436876e-06
-1.637769803709335350e-05,8.019435908394423494e-06
9.304647600370653052e-07,9.427385245534291750e-07
9.304554160726642860e-07,-3.458048168696300255e-07
2.368967468389512591e-07,2.981793900817702823e-07
-1.294604297908813247e-05,1.252911470374988219e-05
-1.151928786031690677e-05,1.141400364362211784e-05
-1.444434144748348813e-05,9.616739847462469818e-06
-1.482960433021109215e-05,7.039916282775089902e-06
-5.578947655018857106e-07,1.157997536875221067e-06
-5.582717742668757413e-07,-5.626124674748690461e-07
-1.188317040920413549e-05,9.728842331328286527e-06
-1.026682721361425563e-05,1.015589054304387941e-05
-1.248355178050418048e-05,7.865652360346859050e-06
-1.352284969790550840e-05,5.860784669576630428e-06
-1.432524683310066482e-06,2.973948681176831261e-07
-2.471085185178562471e-06,1.469008241498483305e-06
-2.469841629177681015e-06,-8.780194000647918437e-07
-9.172729430997914607e-06,8.798595875924939959e-06
-8.282958674980996240e-06,7.387117922102427851e-06
-7.586092385024299575e-06,5.900185706232255047e-06
-1.126934094178469387e-05,6.216520384933941008e-06
-1.248079931774173485e-05,4.538168630051829038e-06
-3.305589464715961861e-06,2.997084042361219840e-07
-4.328052443603070175e-06,1.774802833705868703e-06
-4.329067967658636868e-06,-1.199905793079259508e-06
-9.082974742219850122e-06,5.894093228673693190e-06
-7.061280718493471431e-06,4.380882493830786619e-06
-6.007841508384508601e-06,2.033697219673327960e-06
-6.493377498322633008e-06,2.295820332281254921e-06
-6.747957296671436784e-06,2.834003388713407042e-06
-1.042720351876846486e-05,4.346571905315955219e-06
-1.170617649331995992e-05,3.131881089885151061e-06
-5.247047253754555695e-06,5.156033821631889150e-07
-6.025002719363542447e-06,-1.433443775462868551e-06
-8.099641855674729742e-06,3.308820019981424327e-06
-6.532074028066316664e-06,1.249102896882589860e-06
-7.107902142157069232e-06,2.109542278851972559e-06
-9.829334593813964440e-06,2.697485638551656255e-06
-1.122131994968525884e-05,1.702569668260474376e-06
-6.575316573852573650e-06,-4.355515665686833843e-07
-6.512295320464857040e-06,-1.686614755617371323e-06
-8.418241128862178997e-06,8.897696000793587129e-07
-1.105078059763570835e-05,2.777629042439089271e-07
-1.117786839222065363e-05,-1.119883268909400978e-06
-7.577033947963093453e-06,-1.351515385713101060e-06
-6.797260838060532094e-06,-2.227133674918803530e-06
-7.148947959875707000e-06,-3.713999293053572518e-06
-9.780930340939358875e-06,-1.300225448143698340e-06
-7.673201749896363258e-06,-5.151242523682588385e-06
-1.160003014281686775e-05,-2.531409821008369076e-06
-8.488706600507709798e-06,-3.766874962258727809e-06
-1.046066165108725665e-05,-3.880987625594499484e-06
-8.369022463640696252e-06,-6.522193808399545000e-06
-1.228575487695280658e-05,-3.884731772069014445e-06
-1.170663942595436901e-05,-5.217423462062799864e-06
-1.034681346704681596e-05,-6.049599056095370435e-06
-9.222853717135058517e-06,-7.825812692181538199e-06
-1.024175926485118380e-05,-9.039267498214762292e-06
-1.322306830342218703e-05,-5.134146778745613210e-06
-1.254091430246770880e-05,-6.713182162231493084e-06
-1.173957253357913210e-05,-8.558380526590069368e-06
-1.139821119456633823e-05,-1.014345868049243996e-05
-1.437910123601455535e-05,-6.231593464128592079e-06
-1.402823986460241532e-05,-8.548904218217797855e-06
-1.269152596542323061e-05,-1.111155070778894562e-05
-1.410680425194164530e-05,-1.193634123525927609e-05
-1.561608731025175534e-05,-1.260459666994391157e-05
-1.574005323770053517e-05,-9.047213873147634660e-06
-1.572776146172966580e-05,-7.136752384943372010e-06
-1.540158826990668499e-05,-1.094923682159878091e-05
-1.720895903766411138e-05,-1.309297296046212763e-05
-1.886028318042984556e-05,-1.340079822938257674e-05
-1.710880299281336195e-05,-9.475063742693931853e-06
-1.723589974551913785e-05,-7.803821359104436424e-06
-2.054336658339957775e-05,-1.351708698131207556e-05
-1.866374760557699749e-05,-1.103249794701763788e-05
-1.885546425203838124e-05,-8.207369817934616647e-06
-2.091360763545226713e-05,-1.128834717031212041e-05
-2.241533807676653769e-05,-1.354016472716545521e-05
-2.053575810341488195e-05,-8.336428333059255565e-06
-2.500833978191261290e-05,-1.356299015819947930e-05
-2.295264563992336027e-05,-1.001803726258679596e-05
-2.241309403129141049e-05,-8.315848794159795982e-06
-2.861174087199536931e-05,-1.359604759675427458e-05
-2.681978047743318924e-05,-1.072288524541401786e-05
-2.500785935403956114e-05,-8.290391834703408439e-06
-3.342239093006593335e-05,-1.363127862079304666e-05
-3.100772722729687171e-05,-1.093210050919513009e-05
-2.861116805445584362e-05,-8.263323974257623459e-06
-3.848862873489685002e-05,-1.366280034622048782e-05
-3.594644566340713613e-05,-1.093462236307110525e-05
-3.342179428491478112e-05,-8.235069605022835907e-06
-4.360570222389495898e-05,-1.369172814147200153e-05
-4.103840534791655740e-05,-1.093719365717872167e-05
-3.848789454249188505e-05,-8.209128511276094281e-06
-4.877076092735668311e-05,-1.371796354712503710e-05
-4.618017909866619714e-05,-1.093945389217483021e-05
-4.360490176224420650e-05,-8.185014025891044711e-06
-5.397851457568820241e-05,-1.374094893032751488e-05
-5.136765548888117580e-05,-1.094153235693116389e-05
-4.877000859780417937e-05,-8.163040005878824406e-06
-5.922135653407252325e-05,-1.375987389680558374e-05
-5.659434434240636882e-05,-1.094362376557734216e-05
-5.397773330873551346e-05,-8.144198286107499300e-06
-6.449187279152151315e-05,-1.377530388616788190e-05
-6.185215722381579777e-05,-1.094573581186625855e-05
-5.922067577585827164e-05,-8.129497139906914519e-06
-6.978443521578197326e-05,-1.378779702543982191e-05
-6.713457542645119634e-05,-1.094777542636723795e-05
-6.449125370242709805e-05,-8.118282416912532743e-06
-7.509381815428930627e-05,-1.379689898983693168e-05
-7.243652625720217232e-05,-1.094951598027214310e-05
-6.978393077798668710e-05,-8.109596750157513082e-06
-8.649744525771402228e-05,-1.349056846452397968e-05
-8.574110487118376310e-05,-1.380381100183969623e-05
-7.747589349810395424e-05,-1.095066265201410699e-05
-8.041500575010667102e-05,-1.380226924115520999e-05
-7.509343456404113154e-05,-8.103457638184545045e-06
-8.681073688894303019e-05,-1.273429138076858908e-05
-8.502070858861464613e-05,-1.095147601753470630e-05
-8.041479478914516203e-05,-8.099874027701937115e-06
-8.681071906614216429e-05,-9.168695441876729781e-06
-8.574102314839912283e-05,-8.099086163353825973e-06
-8.649740922130295733e-05,-8.412359451241951253e-06
