Size 192,2
5.755064137959836049e-05,-7.423233497982931118e-06
5.779986091407458105e-05,-6.821646828295512937e-06
5.779994896370062264e-05,-3.985510476314193840e-06
5.755074500003703314e-05,-3.383948987223043940e-06
5.694899523327191082e-05,-7.672407688193360207e-06
5.582032687612344270e-05,-5.403585693316460729e-06
5.694912647657883676e-05,-3.134785508911335862e-06
5.271210982697274489e-05,-7.671372385188480957e-06
5.271231361466016029e-05,-3.135841192776968536e-06
5.037413016123492188e-05,-5.403599154658140710e-06
4.847923941768816355e-05,-7.666195103105465867e-06
4.847945651162926763e-05,-3.141080570358762409e-06
4.636701318668989759e-05,-5.403708915098820661e-06
4.426101314230493426e-05,-7.654965806322581727e-06
4.426099714309673683e-05,-3.152581699903429141e-06
4.215999350846308743e-05,-5.403876930511826442e-06
4.007050927515038580e-05,-7.635716134898805173e-06
4.007021447567577280e-05,-3.172060076564666998e-06
3.798841185152559692e-05,-5.404035800034542540e-06
3.592372182756022942e-05,-7.607630891907847530e-06
3.592311847601271365e-05,-3.200319727983889512e-06
3.386892032507788063e-05,-5.404091484473641854e-06
3.183766772842492080e-05,-7.570095043746830295e-06
3.183702807322564952e-05,-3.238109415136106255e-06
2.981911373780680804e-05,-5.404207403223519004e-06
2.783062117333385933e-05,-7.522053295717064247e-06
2.783022436899701055e-05,-3.286428263083086865e-06
2.585832244242705974e-05,-5.404114730488308910e-06
2.392360437643175191e-05,-7.461534093418249996e-06
2.392359611528017599e-05,-3.346645062785163597e-06
2.200919246058603444e-05,-5.403684061195163298e-06
2.014069477101356514e-05,-7.387031756580215197e-06
2.014137256030774101e-05,-3.420312460842358155e-06
1.829736723038984634e-05,-5.403132781819085306e-06
1.650895773010259646e-05,-7.296300919029431403e-06
1.650943858795734815e-05,-3.509752439627157804e-06
1.482012519430534385e-05,-5.401672512982549446e-06
1.319373574233743150e-05,-7.189730355386983159e-06
1.319338276897998147e-05,-3.618557432638729890e-06
1.199176397849706995e-05,-5.534749448646765072e-06
1.082803345671947629e-05,-7.088587508499661548e-06
1.082502370384293735e-05,-3.721675067078709435e-06
9.203434753061719918e-06,-6.998543430251709593e-06
9.492122458247977446e-06,-5.956349470040322295e-06
9.198353841403083126e-06,-3.788784036431009908e-06
8.071880078200209478e-06,-3.861615593991076545e-06
-8.804321719992407348e-07,-9.999846667898368589e-07
-8.978913883522065774e-07,-9.576601637199688693e-07
-8.976688678783606032e-07,-8.013594875874966150e-07
-8.803594175359342952e-07,-7.602485296222228915e-07
8.065543413818573426e-06,-6.934428348148743187e-06
7.090952458479168736e-06,-6.820209702739223634e-06
7.819129841529694975e-06,-5.017664342457936373e-06
7.067386665865863016e-06,-3.853461464089044769e-06
-8.383840965696009663e-07,-1.017696051705406904e-06
-7.965906914186758193e-07,-8.464600081595080035e-07
-8.391554118075740045e-07,-7.434197030188988440e-07
6.764272886507431055e-06,-5.885877484057735360e-06
6.163897611789315581e-06,-6.585035356637125886e-06
5.311400205009576009e-06,-6.273467325614571641e-06
6.471534564384203365e-06,-4.659492640780664961e-06
6.155772293681974784e-06,-3.704199639066459585e-06
-5.551710692423423475e-07,-1.024972693089243895e-06
-5.558221279282929966e-07,-7.410018956272390907e-07
-4.088400448540154114e-07,-8.844943491446304533e-07
4.547343845137924259e-06,-5.862242605665999807e-06
5.181968985064302655e-06,-5.366089998858609872e-06
5.468278795970044224e-06,-4.281871399215557754e-06
5.343469813158540255e-06,-3.434147759625781589e-06
-2.490841104641380934e-07,-1.054964036084840138e-06
-2.501286890709384132e-07,-7.174059806858073119e-07
-6.791265054376396576e-08,-8.878586807895469786e-07
3.858848530116904816e-06,-5.398957639259622021e-06
3.276087963838710344e-06,-4.893067584498603341e-06
4.492680487265177467e-06,-4.126258587778030686e-06
4.646660657580485893e-06,-3.052010146845944004e-06
1.416728662327226640e-07,-1.116685612653069542e-06
1.407915676917692920e-07,-6.622872813102501890e-07
3.426260399445673739e-06,-4.165083666909777741e-06
2.794487248210285671e-06,-4.336080847176732957e-06
3.664719565930959479e-06,-3.400423386875605068e-06
4.074236499245335726e-06,-2.610656653782468325e-06
3.724854372622888213e-07,-8.910883863540254032e-07
6.489372752436978915e-07,-1.204331214020322645e-06
6.472919850221200226e-07,-5.800249253774487339e-07
2.386938846130963636e-06,-3.762700479924069887e-06
2.092812779752443064e-06,-3.210371772709059211e-06
1.894488751459311227e-06,-2.647421972217985972e-06
3.189052370638153252e-06,-2.754226819877121478e-06
3.627899045436511498e-06,-2.144809978021046412e-06
8.702372017027067919e-07,-8.951025371899264981e-07
1.143256472103460199e-06,-1.289205380642948311e-06
1.143292058633736197e-06,-4.946490109227926405e-07
2.395518486627712519e-06,-2.635523835090859285e-06
1.759676355631832532e-06,-2.108859246474999576e-06
1.572552103656143685e-06,-1.359396416686153841e-06
1.683679148069842769e-06,-1.435113515420213717e-06
1.726198957429687334e-06,-1.598371136089404887e-06
2.868772035042559861e-06,-2.080804824120280558e-06
3.290075046054724218e-06,-1.682802625172379358e-06
1.386971577879577370e-06,-9.562539345801724972e-07
1.617754820092380806e-06,-4.300261225198874963e-07
2.111624624768937565e-06,-1.738359990083310428e-06
1.713303653818714080e-06,-1.145427318251012780e-06
1.846844731321609511e-06,-1.381426552277749504e-06
2.660190841902453552e-06,-1.543530671409176527e-06
3.062659016606459398e-06,-1.253113582076126927e-06
1.759237921468497362e-06,-6.920425657463275412e-07
1.769635823788177496e-06,-3.647920591581791453e-07
2.233608723681877696e-06,-1.016566711968913772e-06
2.962120466106693012e-06,-8.549808029222096569e-07
2.917435212458974172e-06,-5.008942183126945293e-07
2.046596705164020553e-06,-4.411832901852897349e-07
1.866048246062433423e-06,-2.395463636395473958e-07
1.997652929667364324e-06,7.727864648614353507e-08
2.586760886840816726e-06,-4.344019473812520118e-07
2.162326645981960233e-06,3.368519197713300410e-07
2.944633749240340588e-06,-1.602133632013835655e-07
2.303042122077870627e-06,1.032293935680821149e-07
2.701668778818568338e-06,1.235127901644519313e-07
2.329847955973768255e-06,5.638451270239663886e-07
3.011644867374706531e-06,1.227490510376940606e-07
2.896826184583740439e-06,3.621713947735768679e-07
2.682874019759143600e-06,4.957186363651373978e-07
2.510387961561225803e-06,7.382312371000390389e-07
2.679370479533132153e-06,8.703651600359537925e-07
3.096470744955816209e-06,3.585479051446472490e-07
3.000155622170193741e-06,5.845880624412365947e-07
2.895468076359080012e-06,8.088021052315818805e-07
2.853481839681091734e-06,9.619223293743644800e-07
3.196818518682337216e-06,5.392612451611223847e-07
3.153314981388720758e-06,7.966534746469068342e-07
3.011380948198389100e-06,1.029691780402615621e-06
3.147130814336051090e-06,1.064738001508779914e-06
3.271754218952899684e-06,1.069279990761966190e-06
3.292827576734097754e-06,8.404041065307306218e-07
3.298009994629850372e-06,6.666678648863136841e-07
3.268622552438596197e-06,9.801334322170956938e-07
3.371248050405197304e-06,1.065257815080932052e-06
3.448601360975739776e-06,1.043919351982821720e-06
3.380742815219259214e-06,8.755662153577911431e-07
3.385769601815344172e-06,7.615239328926950394e-07
3.512149615102688656e-06,1.016634002214570205e-06
3.459285084227727518e-06,9.555146982271415792e-07
3.460732242786430731e-06,8.285765450462567199e-07
3.529780348990349160e-06,9.566707318495231258e-07
3.550279373525584526e-06,9.804569429217923439e-07
3.522684793901560228e-06,8.630531669397305248e-07
3.573150647134169762e-06,9.437524148834973307e-07
3.570896851159072038e-06,9.314283577270204940e-07
3.553022218712591064e-06,8.973908453141376389e-07
3.532101074690686238e-06,8.868126451585905585e-07
3.568834841052116349e-06,9.407537608536495823e-07
3.572944787966144485e-06,9.423242726036884502e-07
3.372788330162554032e-06,8.238908951281388979e-07
3.470335254277396753e-06,9.381574391940952230e-07
3.532549769334330330e-06,9.943835128081245638e-07
3.104471568393218822e-06,7.693299904898702133e-07
3.255257413425462935e-06,9.369816062491373432e-07
3.373362699673507736e-06,1.052029987084150060e-06
2.745475165533649632e-06,7.224017298430234990e-07
2.939412621572694765e-06,9.354678464017881924e-07
3.105042441822651981e-06,1.103338053776948551e-06
2.308477042249649355e-06,6.822564052719534321e-07
2.539192122187241063e-06,9.341017727995303360e-07
2.745783464106999935e-06,1.147376119106526991e-06
1.804728156601404109e-06,6.474567014640046478e-07
2.067193577813808268e-06,9.326952171456405337e-07
2.308770515862503695e-06,1.184636569605486302e-06
1.243110463224466012e-06,6.172028396830231450e-07
1.533127579751619103e-06,9.312357061938064394e-07
1.805051866540643315e-06,1.216493779070898252e-06
6.318991983510656060e-07,5.920417752615703712e-07
9.452701989880569154e-07,9.299365884174611793e-07
1.243417752974352003e-06,1.243870505067548455e-06
-1.883486288886182831e-08,5.731066243061729336e-07
3.123359282329504737e-07,9.286605057225757338e-07
6.322717135204324514e-07,1.266557585192445523e-06
-6.961338358288890933e-07,5.611199192190342054e-07
-3.540137358005940228e-07,9.274915864774898216e-07
-1.847058662522066839e-08,1.283038243985778809e-06
-2.182146404800159011e-06,5.947482634950030376e-07
-2.083509961984703824e-06,5.539149618469008744e-07
-1.004554034540336506e-06,9.267600663917358466e-07
-1.387891098357256456e-06,5.552089137034128275e-07
-6.960378249337355298e-07,1.293132155366713407e-06
-2.223007266018110869e-06,6.933490220516040503e-07
-1.989326264285516741e-06,9.259462542023244802e-07
-1.387734830402802068e-06,1.297492462167680168e-06
-2.223050002021456243e-06,1.158539036888585572e-06
-2.083495564292630022e-06,1.298066992752485035e-06
-2.182175463624530603e-06,1.257202106434353226e-06
