Size 192,2
8.494324666003437386e-05,-1.238012963887458989e-05
8.526138795207376835e-05,-1.161208415936248943e-05
8.526115310975533861e-05,-7.991170480380621345e-06
8.494297608606330850e-05,-7.223079939964639767e-06
8.417517829845064259e-05,-1.269825696488401546e-05
8.273423416404184644e-05,-9.801574246361184441e-06
8.417485001233114897e-05,-6.904932210011757989e-06
7.876681339745443707e-05,-1.269771053021915651e-05
7.876640582338943091e-05,-6.905369993065847370e-06
7.578119883807251094e-05,-9.801590365305964378e-06
7.336006048640841902e-05,-1.269532555122917436e-05
7.335959156638908194e-05,-6.907669041307864060e-06
7.065835868413304069e-05,-9.801421099191056187e-06
6.795991338577779669e-05,-1.268949131145536295e-05
6.795960847336603042e-05,-6.913041075147738379e-06
6.526375221755093133e-05,-9.801223527277184514e-06
6.257351329125503895e-05,-1.267914210510649748e-05
6.257294176412948644e-05,-6.922812214992519823e-06
5.988700212564767802e-05,-9.800871834373115204e-06
5.721011972286296039e-05,-1.266295598247146820e-05
5.720925184657529253e-05,-6.938155114513815621e-06
5.453867694357428751e-05,-9.800260475958962302e-06
5.188212682404910834e-05,-1.263851504995704818e-05
5.188084897443461484e-05,-6.961026659493494280e-06
4.923319258997825440e-05,-9.799234194223881264e-06
4.660626718294150954e-05,-1.260365515785699320e-05
4.660494942165198368e-05,-6.993761284392136039e-06
4.399034882948336234e-05,-9.797962290010323047e-06
4.140388370489864211e-05,-1.255761858928251454e-05
4.140296340344392929e-05,-7.037354857410201742e-06
3.883217054442837559e-05,-9.796720883894750753e-06
3.629557936256068386e-05,-1.250235359283041007e-05
3.629515640807762174e-05,-7.090121119248676326e-06
3.377643861233759490e-05,-9.795559674714205379e-06
3.129538213721650769e-05,-1.244104689622641090e-05
3.129496326806818399e-05,-7.149079401624359851e-06
2.893147721936233227e-05,-9.794020543344867175e-06
2.660540827400026384e-05,-1.237736074245428194e-05
2.660466522979099279e-05,-7.212772314463654767e-06
2.487104582077987865e-05,-9.991964520589154876e-06
2.313481711303997965e-05,-1.232205641964487893e-05
2.313308158202183901e-05,-7.268545652286336057e-06
2.066016601129635951e-05,-1.227540110199905747e-05
2.112963282279490564e-05,-1.064541760464012533e-05
2.065770284201679365e-05,-7.303260747097385113e-06
1.888648358833733479e-05,-7.340046006156825870e-06
-3.049307224399111040e-06,5.388145731083068577e-08
-3.110884764064165648e-06,2.017948979756519208e-07
-3.110638506681936955e-06,7.535845719865263697e-07
-3.049342451773824430e-06,8.998141109088123426e-07
1.888307403834490477e-05,-1.224297593860308332e-05
1.729758739280463746e-05,-1.212338197041212501e-05
1.851635411437146933e-05,-9.181075570709186135e-06
1.728896506340787769e-05,-7.239829512311902970e-06
-2.901972536873205232e-06,-7.177215391197867226e-09
-2.753034732146096602e-06,5.979746838708761779e-07
-2.903007049797330790e-06,9.610032349844461174e-07
1.678670200484053091e-05,-1.061789123336485720e-05
1.574963125670227315e-05,-1.181937304037711210e-05
1.426685440038774067e-05,-1.135540420206042346e-05
1.631110286700157539e-05,-8.564862719784061039e-06
1.577091902010897590e-05,-6.879416124539489880e-06
-1.902043437272851842e-06,-2.147379207180968057e-08
-1.900969754000116536e-06,9.789883199419219690e-07
-1.384081659218324091e-06,4.793743654338834047e-07
1.286900028062585074e-05,-1.072389981594139136e-05
1.406481550397495654e-05,-9.809489590976914851e-06
1.457562006006514718e-05,-7.880418161948693939e-06
1.436764854973293350e-05,-6.277401529655250464e-06
-8.246857450437102668e-07,-1.100210926313700135e-07
-8.246272098954876060e-07,1.069315115141340745e-06
-1.902879648920663454e-07,4.798953315045731391e-07
1.156344173664204748e-05,-9.953514186331519458e-06
1.037679154564020915e-05,-9.055509165650775470e-06
1.279602794522453320e-05,-7.581375843774326701e-06
1.311732085403879772e-05,-5.452343175444056071e-06
5.353036998113595792e-07,-3.040482183870604078e-07
5.355091121251245709e-07,1.264352954953481415e-06
1.067810439888821945e-05,-7.677680335933188602e-06
9.318654973130027460e-06,-8.034299421019456991e-06
1.118030659521413990e-05,-6.131502768485628931e-06
1.205177092189671253e-05,-4.449006397876045843e-06
1.332174042502912255e-06,4.802147806812177892e-07
2.276892360510478368e-06,-5.849519528243988443e-07
2.275588475351108799e-06,1.547995738646062988e-06
8.386941138329216352e-06,-6.916446778674780786e-06
7.608830276722813900e-06,-5.729592354627819297e-06
6.982471621715557267e-06,-4.469148540644580655e-06
1.015876938644978525e-05,-4.744972186541603877e-06
1.119572146959138408e-05,-3.308340662184475791e-06
3.035341766119223349e-06,4.776778434151870532e-07
3.963480872307262372e-06,-8.615829193051525301e-07
3.963796928999760543e-06,1.836945628237140708e-06
8.286759564987321373e-06,-4.469271495219702738e-06
6.503021978100005933e-06,-3.161278155792103046e-06
5.497311607476604412e-06,-1.096752132216894673e-06
5.947470725727888255e-06,-1.331758115280833032e-06
6.191949892169432100e-06,-1.809709528186462927e-06
9.444657080035489540e-06,-3.140813145934157696e-06
1.056187714393470958e-05,-2.078247262688346816e-06
4.797839813842328040e-06,2.818999612813052737e-07
5.490338079638072818e-06,2.045004546409928882e-06
7.405094951730989907e-06,-2.233531193186340739e-06
5.972146567273675504e-06,-3.877071182541614970e-07
6.505324081905778707e-06,-1.165080816259195625e-06
8.927541354565802289e-06,-1.696210270886895528e-06
1.017294190288434581e-05,-8.075062269253407501e-07
5.992468568531366768e-06,1.137695469045195671e-06
5.920059867379583919e-06,2.274744360004866191e-06
7.673592589233777501e-06,-8.026862446619739337e-08
1.004639446270005292e-05,4.741639532843615053e-07
1.020304631379142370e-05,1.750019143553449274e-06
6.888960976609311801e-06,1.963160840393359918e-06
6.166785180504995966e-06,2.773802476728718648e-06
6.463271722016401243e-06,4.163470701001569076e-06
8.913656569683039104e-06,1.903816466900043554e-06
6.922321646682423686e-06,5.535319744255631806e-06
1.063239049362364005e-05,3.046508134901084278e-06
7.705802522008831613e-06,4.203909903878451650e-06
9.564816445339953003e-06,4.310867845255632663e-06
7.559989532553094910e-06,6.855664880383129877e-06
1.132006373207050066e-05,4.313591022539355346e-06
1.077205367533885505e-05,5.586008040316712303e-06
9.451929722439262086e-06,6.392462323169056776e-06
8.357874193969322415e-06,8.139058221785446548e-06
9.338514038162930948e-06,9.353443714423573287e-06
1.226758116939329165e-05,5.497267644681591975e-06
1.159723666465446649e-05,7.042551947905533691e-06
1.080351826468369467e-05,8.876726249757651381e-06
1.046376558065028472e-05,1.048077774897638150e-05
1.344230578292592818e-05,6.552234148268298872e-06
1.309166758888993951e-05,8.872048495725851522e-06
1.174672141133839768e-05,1.147856035883888542e-05
1.317838297752750362e-05,1.234670449016378300e-05
1.472226386639141610e-05,1.307142080231597186e-05
1.484227667354893045e-05,9.377228065105112800e-06
1.482682060847086421e-05,7.435667847172035524e-06
1.449138253215254431e-05,1.133809831490994838e-05
1.637684677904701797e-05,1.360798133667918494e-05
1.811640834640674468e-05,1.396408813545856892e-05
1.626132263064676957e-05,9.813123649842095416e-06
1.639739113004148738e-05,8.083302557389066828e-06
1.990292650212793104e-05,1.411639444391487300e-05
1.789179578240173809e-05,1.144691268182900998e-05
1.810219131171361299e-05,8.463755251845630001e-06
2.029306771875851858e-05,1.172470377034732551e-05
2.192203501624399831e-05,1.417611935421865669e-05
1.988634943210474434e-05,8.571275703999694598e-06
2.474992257480967533e-05,1.423661742821394559e-05
2.249291388190624742e-05,1.035082689170830112e-05
2.191834689627684989e-05,8.513492470442218004e-06
2.875661862149625690e-05,1.433003506186067361e-05
2.674749557578889840e-05,1.111374049444418125e-05
2.475109769274892765e-05,8.437624293139328702e-06
3.421679525360350798e-05,1.443132670154351519e-05
3.145824862186453335e-05,1.134393070590730933e-05
2.875681858089252006e-05,8.350586405188516350e-06
4.007029021358440006e-05,1.451680167262520667e-05
3.711752020203471159e-05,1.134497961184828619e-05
3.421652985314764365e-05,8.256555620958664496e-06
4.606531766239420572e-05,1.458715962735548538e-05
4.304593621949341533e-05,1.134642928565168485e-05
4.006986084856438071e-05,8.174594903200377803e-06
5.217508960905153719e-05,1.464193085173993976e-05
4.910319195366216055e-05,1.134769489494203204e-05
4.606490245086265333e-05,8.107126786951867069e-06
5.837071520940040987e-05,1.468164365868068493e-05
5.526073298309752658e-05,1.134862528921388070e-05
5.217480798148430276e-05,8.054413089204225427e-06
6.462499796861532184e-05,1.470802631338019126e-05
6.148994680211158632e-05,1.134944703691611025e-05
5.837048454949807165e-05,8.016383628922466663e-06
7.091499758650066240e-05,1.472365902303756873e-05
6.776557762776353150e-05,1.135026310617123045e-05
6.462486516003643601e-05,7.991635194147323000e-06
7.722339425828712563e-05,1.473186941370252176e-05
7.406707265155685661e-05,1.135109840697520426e-05
7.091486747366774676e-05,7.977725620679946436e-06
8.353962948127134896e-05,1.473554629317470213e-05
8.038067193362377193e-05,1.135181295089152596e-05
7.722324836501245091e-05,7.971082214313482522e-06
9.707562178034448495e-05,1.436575721698394860e-05
9.617810477787542189e-05,1.473750746988671456e-05
8.636980389212224835e-05,1.135234765713889403e-05
8.985849228356234980e-05,1.473707341179422649e-05
8.353949109076007232e-05,7.968651446330138596e-06
9.744738834136071380e-05,1.346826130198119745e-05
9.532355960639927366e-05,1.135277248943566675e-05
8.985841483429391570e-05,7.968077329277213790e-06
9.744741976316738516e-05,9.237276018558185066e-06
9.617810765124425534e-05,7.967981877792425577e-06
9.707564673838559835e-05,8.339747981979593020e-06
