Size 192,2
1.664294127664754880e-05,-8.334039785295429384e-07
1.673282584694150345e-05,-6.163792545023701173e-07
1.673292802590023491e-05,4.066909725662452604e-07
1.664305642304413714e-05,6.237172973140816346e-07
1.642593792032938068e-05,-9.233032531873342110e-07
1.601905516851409868e-05,-1.048495059967939114e-07
1.642606745203579671e-05,7.136189331194815156e-07
1.489805621194179074e-05,-9.236334056027181352e-07
1.489824949682570287e-05,7.141267308590666908e-07
1.405396526046479685e-05,-1.045694083826972404e-07
1.336780274423254437e-05,-9.250174527698109940e-07
1.336811357260112876e-05,7.161514506473037259e-07
1.260149369518482097e-05,-1.041138967216651178e-07
1.183340379066776059e-05,-9.262101821293942405e-07
1.183400016403130535e-05,7.184591423275065600e-07
1.106480323384128128e-05,-1.033944293652351147e-07
1.029566129472115871e-05,-9.248315341865858565e-07
1.029643282890204549e-05,7.189387650807574159e-07
9.526878777286628105e-06,-1.025424121102566822e-07
8.761463675490678923e-06,-9.176675317412100257e-07
8.761859259178420332e-06,7.137981220159927392e-07
7.998634534478853215e-06,-1.015803388439446475e-07
7.245997207850316351e-06,-9.003929467015800498e-07
7.245960403546515181e-06,6.983989007209703973e-07
6.499669771471955254e-06,-1.006755544168950362e-07
5.771567699531108898e-06,-8.709202236468580788e-07
5.771289535374767993e-06,6.703277979424524763e-07
5.053998895743184307e-06,-9.985438738024254265e-08
4.362493520721555551e-06,-8.287645897342116408e-07
4.362289733235464636e-06,6.297057974236194334e-07
3.685527236308032664e-06,-9.904328484165126395e-08
3.042338527910122682e-06,-7.739243513964545567e-07
3.042224467464849767e-06,5.767291658828066875e-07
2.417468991519420932e-06,-9.813509042423358679e-08
1.834354326925414498e-06,-7.057798183264324548e-07
1.833911299213553883e-06,5.103484484884676967e-07
1.294759291130831760e-06,-9.655650870761699957e-08
8.025352390581397851e-07,-6.262126287543928457e-07
8.015860462289605992e-07,4.302949965565514036e-07
4.462549677160405534e-07,-1.325275161478944922e-07
1.294709533387636242e-07,-5.521169335781630790e-07
1.269818624986313496e-07,3.559675866832904228e-07
-2.904593346204666036e-07,-4.880971533732064014e-07
-2.288752206574142925e-07,-2.362040719828428564e-07
-2.939011851001563142e-07,3.089592283674023281e-07
-5.608027830182778355e-07,2.589649904334593500e-07
4.476732134016594167e-07,-2.213489899917732942e-07
4.568911514196176372e-07,-2.434192040839615747e-07
4.568503222017537931e-07,-3.261281294812897440e-07
4.476501361071233357e-07,-3.481068267153327564e-07
-5.652926650076244420e-07,-4.433184531045732336e-07
-7.740297243779871371e-07,-3.908306721932016662e-07
-6.321911849244740514e-07,-6.786558871824815350e-09
-7.910742071789718844e-07,2.251833340383560666e-07
4.256690967243605295e-07,-2.122892693252249960e-07
4.032231713136616425e-07,-3.030437130910274162e-07
4.256700965325919802e-07,-3.573909032349298746e-07
-8.525480690545107829e-07,-1.836706738648123101e-07
-9.566508767567769095e-07,-3.078331153943677353e-07
-1.100413095954864737e-06,-2.234656555625246288e-07
-9.151476721412150678e-07,5.726988402372943484e-08
-9.718178436559437836e-07,2.103112481863591691e-07
2.757818853857735397e-07,-2.109979609532071061e-07
2.753624131853556014e-07,-3.608147026875393130e-07
1.979773046742816803e-07,-2.864392539631225245e-07
-1.202317253234673148e-06,-1.202017709106399528e-07
-1.131437491019098928e-06,-5.653296275225233134e-08
-1.088066941517939308e-06,1.107632956856034580e-07
-1.112589841628670439e-06,2.041397993985871416e-07
1.144336356183562632e-07,-1.990507389808569028e-07
1.141363342965799749e-07,-3.748444149970646219e-07
1.965830750621127952e-08,-2.874963698230768016e-07
-1.275964044083203786e-06,-2.745332808672360700e-08
-1.306608287500495680e-06,5.164284483818751901e-08
-1.220155731068229789e-06,1.262734314021830061e-07
-1.215151532755274686e-06,2.063316436952411752e-07
-8.800514611956410013e-08,-1.721402566110024855e-07
-8.838158616933327870e-08,-4.041247072400472545e-07
-1.296938171980709676e-06,1.314589543161091536e-07
-1.301209710419913827e-06,1.258785237499932019e-07
-1.290998067961864445e-06,1.763433079629599491e-07
-1.284397931836697821e-06,1.890792079176747060e-07
-2.060298768524545399e-07,-2.887694418106303777e-07
-3.444754228323790537e-07,-1.335535411957540343e-07
-3.449415127034715525e-07,-4.454294518714953176e-07
-1.282229600781271420e-06,1.760842766998273021e-07
-1.226850974982626925e-06,1.813563374140324883e-07
-1.148828583291213679e-06,1.665506946930137919e-07
-1.294863622846400265e-06,1.832974060913495062e-07
-1.328556760873023868e-06,1.385286265161465169e-07
-4.559465615283425402e-07,-2.899923099835959694e-07
-5.910404029886141400e-07,-9.530158212702702417e-08
-5.907876467741265936e-07,-4.861628272235848730e-07
-1.235049394565696523e-06,1.767546764817854180e-07
-1.074185240396080921e-06,1.121234128334507242e-07
-8.330159218088442062e-07,-6.171192830991894668e-08
-9.170701280473079879e-07,-3.345176050510878538e-08
-9.783626118575628662e-07,1.572089742724828494e-08
-1.287211390112177824e-06,1.277221487292382372e-07
-1.368011139797258255e-06,4.905359698395489738e-08
-7.136714772476239627e-07,-2.638637745459324415e-07
-7.901124406547245813e-07,-5.123061085372378231e-07
-1.129001048871016369e-06,6.338104825365995647e-08
-9.009138896029237800e-07,-1.596778026948458282e-07
-9.987814288653822676e-07,-5.350161168546049604e-08
-1.261501809539934175e-06,1.772707828785730359e-08
-1.410018037357116445e-06,-8.507996805166167226e-08
-8.685412147855726903e-07,-3.764231291643941131e-07
-8.299250886342128919e-07,-5.472389059066749925e-07
-1.130234129813455528e-06,-1.701963978328299070e-07
-1.446885661793389548e-06,-2.513129396905130234e-07
-1.549126204386615374e-06,-4.541281529924900745e-07
-9.773713922169655207e-07,-4.883362265459201050e-07
-8.445158270599847005e-07,-6.380775166302327956e-07
-8.477938080313121011e-07,-9.198343461080833505e-07
-1.319620173029237936e-06,-4.577504271975779985e-07
-8.873205660091032970e-07,-1.245891912319223314e-06
-1.698626635111970430e-06,-6.770094792974695153e-07
-1.080614939463838163e-06,-9.129799034230910833e-07
-1.480956737544166116e-06,-9.377601734450061162e-07
-9.964472502856252100e-07,-1.580022936535594701e-06
-1.918235780843211023e-06,-9.391204001311168122e-07
-1.797568902713464543e-06,-1.242694559520211889e-06
-1.450912520619030997e-06,-1.451971710620494733e-06
-1.159145749393671147e-06,-1.947169895943701775e-06
-1.406719079682430603e-06,-2.324496507579948713e-06
-2.228589371973650206e-06,-1.209206897302114133e-06
-2.041061323328244135e-06,-1.636716101495547519e-06
-1.810323765699778783e-06,-2.184860389685711525e-06
-1.708973837929848555e-06,-2.703967766232216234e-06
-2.618639127383336577e-06,-1.476122894005946782e-06
-2.513675857655649399e-06,-2.193337064258797380e-06
-2.090566521754533923e-06,-3.052229010837423111e-06
-2.554214523723463859e-06,-3.377918917609353594e-06
-3.075302525649281846e-06,-3.674063085092662790e-06
-3.105572517368115973e-06,-2.360241803470223557e-06
-3.094958163176918476e-06,-1.721057362518218403e-06
-2.982659795309087192e-06,-3.040124597232492003e-06
-3.666182799231767814e-06,-3.900596577613895756e-06
-4.314257545068927282e-06,-4.069360741792219062e-06
-3.609493522031390116e-06,-2.506754628031164489e-06
-3.661607624415232002e-06,-1.898230871871492037e-06
-4.995372554988944665e-06,-4.159278438655036052e-06
-4.210470455323255558e-06,-3.108117798047604860e-06
-4.297040066072598318e-06,-1.990362129900671504e-06
-5.140692155139528553e-06,-3.221954035138939285e-06
-5.798858646887869033e-06,-4.219486385282052716e-06
-4.978652643952221444e-06,-2.000488862707338781e-06
-6.954931385778455389e-06,-4.280132711127867749e-06
-6.016875670849405472e-06,-2.673639055744980318e-06
-5.795326449127544458e-06,-1.941764395013962385e-06
-8.665154452589760251e-06,-4.373876121513458507e-06
-7.792138065655726130e-06,-2.981035051955991148e-06
-6.956297129577194364e-06,-1.864775816210028876e-06
-1.109706523963987984e-05,-4.477210912148616881e-06
-9.851964794618392341e-06,-3.078045166052081672e-06
-8.665566512537963494e-06,-1.775932545497961156e-06
-1.380306636121886091e-05,-4.568465430302354053e-06
-1.242212263934781852e-05,-3.078045051244080225e-06
-1.109709018639212268e-05,-1.677798182456336484e-06
-1.666760455412516997e-05,-4.649400409271679899e-06
-1.520997851089216735e-05,-3.078431730085192185e-06
-1.380296730843376072e-05,-1.588009819603017600e-06
-1.967325360903777844e-05,-4.720004228089291041e-06
-1.814828096742522202e-05,-3.078805236194953529e-06
-1.666749605273277302e-05,-1.507847025680753816e-06
-2.279987303312924190e-05,-4.779263035572407905e-06
-2.121794357551570919e-05,-3.079223551035199385e-06
-1.967306313341297318e-05,-1.438025835182479536e-06
-2.602622168162608708e-05,-4.826806071092025679e-06
-2.439814110439667003e-05,-3.079441713308337905e-06
-2.279982355618587642e-05,-1.379380081471373342e-06
-2.932993644864276782e-05,-4.862309745076133971e-06
-2.766698015559918654e-05,-3.079569359560411018e-06
-2.602621314662161036e-05,-1.332191065250237056e-06
-3.268772398397531005e-05,-4.885773833123156190e-06
-3.100161249398577026e-05,-3.079820003853239122e-06
-2.932982875614076722e-05,-1.297064062223576160e-06
-3.607771666662149462e-05,-4.899024589483292609e-06
-3.437887886856295634e-05,-3.080097572189249646e-06
-3.268761882749617753e-05,-1.274168402928502860e-06
-4.337549882473299518e-05,-4.705130617178783728e-06
-4.289151922513223606e-05,-4.905583348383510511e-06
-3.760158384467051420e-05,-3.080273657890422651e-06
-3.948276763338645433e-05,-4.904616741840378734e-06
-3.607766540007978291e-05,-1.261394268266354452e-06
-4.357597259819894766e-05,-4.221181174698538781e-06
-4.243050090056361322e-05,-3.080388968702057732e-06
-3.948274372296421464e-05,-1.256055360839052615e-06
-4.357597265352940982e-05,-1.939599586221749001e-06
-4.289151220549722716e-05,-1.255186686359356958e-06
-4.337549695847451822e-05,-1.455643118103367465e-06
