Size 192,2
7.481233018630257658e-05,-1.110333731213993566e-05
7.508444313019977203e-05,-1.044632127513410695e-05
7.508431184376274158e-05,-7.349265373505969786e-06
7.481218091965482846e-05,-6.692234529524370420e-06
7.415536859054847464e-05,-1.137549434339388228e-05
7.292322415532560083e-05,-8.897779399987586294e-06
7.415519389374852050e-05,-6.420071566301588766e-06
6.952972205209001185e-05,-1.137624432376390723e-05
6.952947091766744172e-05,-6.419328223282507606e-06
6.697480728634268657e-05,-8.897855489082222942e-06
6.490092380566153066e-05,-1.137824911461527863e-05
6.490032432653633585e-05,-6.417293635151373520e-06
6.258417233933968068e-05,-8.897953750386704763e-06
6.026721813275756140e-05,-1.137968059658241053e-05
6.026628968884158145e-05,-6.416036660636788847e-06
5.794877152574501951e-05,-8.898160303886931891e-06
5.563286997094930950e-05,-1.137827775740613585e-05
5.563164349229402639e-05,-6.418184446123060683e-06
5.331650104875172626e-05,-8.898360499608899135e-06
5.100539248610269730e-05,-1.137281069118558122e-05
5.100438472932144129e-05,-6.424541428996499534e-06
4.869531284724037609e-05,-8.898646382204090607e-06
4.639206254972170812e-05,-1.136387757734623406e-05
4.639152320555172911e-05,-6.434265089655184487e-06
4.409120903725969210e-05,-8.898995439012360670e-06
4.179863775630006319e-05,-1.135124395373288968e-05
4.179848467150634072e-05,-6.447416059698318747e-06
3.951006152731234469e-05,-8.899361437012889785e-06
3.723347978095793085e-05,-1.133206269854025910e-05
3.723358853654508128e-05,-6.467092825151692595e-06
3.496375721856977213e-05,-8.899659030220162002e-06
3.271193366789074196e-05,-1.130354047291569654e-05
3.271216874094217981e-05,-6.496207189481940870e-06
3.047054400236163231e-05,-8.900165581183155111e-06
2.825323130735806553e-05,-1.126505464119890201e-05
2.825339758891173665e-05,-6.536118507704470833e-06
2.613810917641163083e-05,-8.900605521930800247e-06
2.405160499312177967e-05,-1.121772384387762478e-05
2.405137714350153542e-05,-6.586847684303761209e-06
2.249541287232011060e-05,-9.079702353457959408e-06
2.093530055442451704e-05,-1.117265773226181891e-05
2.093418186100485560e-05,-6.634976038818328383e-06
1.871124981231549813e-05,-1.113315989131755251e-05
1.913368592172106850e-05,-9.668194504109470114e-06
1.870968365478828781e-05,-6.666049288279851496e-06
1.711765849560753473e-05,-6.698907708806647204e-06
-2.794653459683060446e-06,2.340135643727281137e-08
-2.850111269651798781e-06,1.566310311637016122e-07
-2.849857677958458140e-06,6.534686672109191676e-07
-2.794655353682056171e-06,7.851219591247753029e-07
1.711396284416080948e-05,-1.110538277281529990e-05
1.568871723937203698e-05,-1.099899091780090188e-05
1.678504368388435277e-05,-8.353496610445423210e-06
1.568188720974650054e-05,-6.608698609748819762e-06
-2.661970939885387682e-06,-3.160107068403830658e-08
-2.528030558433038261e-06,5.133807390432974019e-07
-2.662909178429077241e-06,8.402342525408168446e-07
1.522980848102303593e-05,-9.646046648311439904e-06
1.429693129385892125e-05,-1.072690592560652128e-05
1.296331226931134176e-05,-1.031083766586090498e-05
1.480268429039557385e-05,-7.800148185308231752e-06
1.431727892857532926e-05,-6.284279291470348572e-06
-1.761983844346941598e-06,-4.485863053936717430e-08
-1.760896895519740487e-06,8.572266778919919969e-07
-1.294945406326652588e-06,4.069270455816351638e-07
1.170506329927623176e-05,-9.744286643484127575e-06
1.278199351327910948e-05,-8.920850856659183096e-06
1.324211985106848847e-05,-7.185041917246287682e-06
1.305573649441998332e-05,-5.741791147999891045e-06
-7.893925671350091613e-07,-1.269461538711344788e-07
-7.892305310373437777e-07,9.417229165590254740e-07
-2.139983110407049605e-07,4.078609675940591605e-07
1.052944934198487706e-05,-9.052679827210770110e-06
9.459709450868073681e-06,-8.245778040499575652e-06
1.164064558057121503e-05,-6.916704580526302526e-06
1.193155918337926926e-05,-4.997866678547161763e-06
4.459356718447481301e-07,-3.065699155156748041e-07
4.463019946046854918e-07,1.123398791829744445e-06
9.731662439512234861e-06,-7.005271183591878510e-06
8.503513156505630239e-06,-7.327586125364474370e-06
1.018591180403925935e-05,-5.610887528654317286e-06
1.097397457684291592e-05,-4.091681476777071701e-06
1.172927709557528583e-06,4.087687574537008279e-07
2.037169840764995714e-06,-5.669005205968197399e-07
2.036148936480126157e-06,1.387378156926109198e-06
7.660654562492969267e-06,-6.321784752231007841e-06
6.953566165882180354e-06,-5.250757357338049139e-06
6.380274375784169164e-06,-4.111241662661806595e-06
9.264361660479375778e-06,-4.360097836382215324e-06
1.020550360699036501e-05,-3.058569823960413116e-06
2.731956481281122883e-06,4.069173962052312364e-07
3.584569511013400057e-06,-8.238212085937515827e-07
3.584823648714217956e-06,1.656261317432380351e-06
7.567217647108982973e-06,-4.112020560976054505e-06
5.939400767958253637e-06,-2.926003271683708613e-06
4.999089161865719433e-06,-1.042664588039005934e-06
5.416942509289202149e-06,-1.258761887128030981e-06
5.646202252504101869e-06,-1.695908747190327672e-06
8.620093271878263586e-06,-2.907725429673045121e-06
9.639092625479532030e-06,-1.940201933308858064e-06
4.351575124566107642e-06,2.273109405129591134e-07
4.984972509364346813e-06,1.849501862899482514e-06
6.760167434122577009e-06,-2.083700429863849752e-06
5.436213398764267918e-06,-3.909552449409174513e-07
5.931365098832260586e-06,-1.106183910363738148e-06
8.151620681229849135e-06,-1.593361260928054547e-06
9.296273948209933923e-06,-7.791603887831833669e-07
5.448641009110136960e-06,1.013395724213464223e-06
5.376249082581228332e-06,2.062224249651703451e-06
7.003701344846419026e-06,-1.139502451017002152e-07
9.190315112832342530e-06,3.971254593707442579e-07
9.352653484761279834e-06,1.575730340932587674e-06
6.271903703939862278e-06,1.772471866470702331e-06
5.599420992005538789e-06,2.526912474322214762e-06
5.864038866684352912e-06,3.826762818064141518e-06
8.152709903200878016e-06,1.713080598254676638e-06
6.281098478107182358e-06,5.122547753880988363e-06
9.770419076461827601e-06,2.777695250698113569e-06
7.023159115602122658e-06,3.860801820645283874e-06
8.770712176539382810e-06,3.960981512194831682e-06
6.873152925907394126e-06,6.374639615013029217e-06
1.043588624978240591e-05,3.963166788186407209e-06
9.920767942730764885e-06,5.164995578741053396e-06
8.663512518235869057e-06,5.931888328456433786e-06
7.620783423607847421e-06,7.603711086179285026e-06
8.552446873304231942e-06,8.774995120042321928e-06
1.135584997962587339e-05,5.077205136597269465e-06
1.071470294344660603e-05,6.553332087959816693e-06
9.952995680353647094e-06,8.316978508972753514e-06
9.626414200219299914e-06,9.870359482617273311e-06
1.249820321590062764e-05,6.077314991432565421e-06
1.216143514852294391e-05,8.314487809376190950e-06
1.086130190720533087e-05,1.084307750231918607e-05
1.224994856089662269e-05,1.169532609243220519e-05
1.375251224221806035e-05,1.241196567747685142e-05
1.386628627030397140e-05,8.804102794092813516e-06
1.384910048120244897e-05,6.920981488525312969e-06
1.352404474425841463e-05,1.071488969386133117e-05
1.537183332501789316e-05,1.294333551250769068e-05
1.707906846729174245e-05,1.329814523605054752e-05
1.525476162947381210e-05,9.227334751344790800e-06
1.538816462715420321e-05,7.539423545211151276e-06
1.883607519477724121e-05,1.345150053407934360e-05
1.685516238749828495e-05,1.082659246366233413e-05
1.706294279719881797e-05,7.901068569061566013e-06
1.921986459213907337e-05,1.109952058802887527e-05
2.082593166930788922e-05,1.351228590153682893e-05
1.881860095830137009e-05,8.000663539777214022e-06
2.361447445982290904e-05,1.357100217293639408e-05
2.138888593703030982e-05,9.746920846748887487e-06
2.082318537273818312e-05,7.938722461796011030e-06
2.756142213546983183e-05,1.365564619594878461e-05
2.558463231293960869e-05,1.049562438649047537e-05
2.361656502231430146e-05,7.861416981246584316e-06
3.291978522587427308e-05,1.373894717252773317e-05
3.021739514945045871e-05,1.071937415652289131e-05
2.756251678542455088e-05,7.779022388750302504e-06
3.863256293882052345e-05,1.380306305406307944e-05
3.575675215736519443e-05,1.071776369403933019e-05
3.292024585540153801e-05,7.697140827635239496e-06
4.444982853606582653e-05,1.385353972854719400e-05
4.152552914521097821e-05,1.071684707826929923e-05
3.863284196788640130e-05,7.631496143162176947e-06
5.035166949730383412e-05,1.389411893163759034e-05
4.738812383899068529e-05,1.071595330899855275e-05
4.445018251162389974e-05,7.579245573544034265e-06
5.632243947040855778e-05,1.392740581102238354e-05
5.332662645028720381e-05,1.071520979015581305e-05
5.035192265035553068e-05,7.537057538073304067e-06
6.235051053730142432e-05,1.395513119886711981e-05
5.932773374775628951e-05,1.071453872734689478e-05
5.632262368545855097e-05,7.502298881121280516e-06
6.842678315544781210e-05,1.397788210705177577e-05
6.538137115533761395e-05,1.071394024129754213e-05
6.235069008209525167e-05,7.473292189845493490e-06
7.454187904025047831e-05,1.399519958086676884e-05
7.147880816986205532e-05,1.071344158601063076e-05
6.842696405971534384e-05,7.449427227464121508e-06
8.068402886567420298e-05,1.400639235502182355e-05
7.760949342694851939e-05,1.071312950122535496e-05
7.454197492828093139e-05,7.431389506882135219e-06
9.387924342296277659e-05,1.365052058812563504e-05
9.300412215877246994e-05,1.401297928228040638e-05
8.344070837916958672e-05,1.071290598005368373e-05
8.684159827001934487e-05,1.401188769902427512e-05
8.068409569901234242e-05,7.419644755601956572e-06
9.424173413229675023e-05,1.277544319074274866e-05
9.217070758771587124e-05,1.071273702548219626e-05
8.684164629047133957e-05,7.413760315341735654e-06
9.424172770867201589e-05,8.650029431618194199e-06
9.300413295707452824e-05,7.412518125034085631e-06
9.387924147663824601e-05,7.774968699296958902e-06
