Size 192,2
-1.352368853846893965e-04,1.815538107400369350e-05
-1.357725556063110002e-04,1.686216049963294120e-05
-1.357728210469610918e-04,1.076595944110253722e-05
-1.352371870885334603e-04,9.472768219538799542e-06
-1.339436745571705937e-04,1.869105603789153198e-05
-1.315184241422367236e-04,1.381411625978261378e-05
-1.339440282596550229e-04,8.937105742641618378e-06
-1.248383072251346552e-04,1.869127394641295590e-05
-1.248387148399142041e-04,8.936779015108865264e-06
-1.198111714480132659e-04,1.381376543228269445e-05
-1.157311933842716296e-04,1.869122903548390172e-05
-1.157317864802099986e-04,8.935983500868502208e-06
-1.111774420475422029e-04,1.381349627323192217e-05
-1.066234056015135561e-04,1.868900671219541888e-05
-1.066237965206689602e-04,8.937261343023347642e-06
-1.020705712887210451e-04,1.381276752085340607e-05
-9.752133149847731297e-05,1.867994536015872792e-05
-9.752180141892017608e-05,8.944674226067118454e-06
-9.297609110646010285e-05,1.381187396935422385e-05
-8.844172668293499287e-05,1.865888935649895420e-05
-8.844222874353137743e-05,8.963968727897805603e-06
-8.391592254666582220e-05,1.381098512416577983e-05
-7.941244621375809990e-05,1.861969274143364660e-05
-7.941290548580487126e-05,9.001294229683019243e-06
-7.492380012700355343e-05,1.381010139161816951e-05
-7.047333939329671147e-05,1.855634810202021434e-05
-7.047341038846730997e-05,9.062708162642849120e-06
-6.604554208803599467e-05,1.380915097271517902e-05
-6.167545932293085423e-05,1.846383974424804461e-05
-6.167505026906791512e-05,9.153035535843761830e-06
-5.733715885461470761e-05,1.380793296466049015e-05
-5.307661772151934002e-05,1.834040305566289852e-05
-5.307595609780981264e-05,9.274002463580183472e-06
-4.885708573315024415e-05,1.380641736356561816e-05
-4.473291616207088130e-05,1.818665439555083117e-05
-4.473190332393730775e-05,9.425404940889302565e-06
-4.082080630290685287e-05,1.380377826452767422e-05
-3.701558959166751126e-05,1.800735539831915433e-05
-3.701382108529253017e-05,9.608305908304901177e-06
-3.419142689080734951e-05,1.412122414877727167e-05
-3.141368809796079111e-05,1.783992392157025554e-05
-3.140851304885048203e-05,9.778604405494757508e-06
-2.749611989640260938e-05,1.769376567869109600e-05
-2.821566379345430883e-05,1.514685408709918817e-05
-2.748840553998438101e-05,9.887496374578368037e-06
-2.472871083255352205e-05,1.000390067020537939e-05
3.514213588226890387e-06,6.618228605283906716e-07
3.583975815292688795e-06,4.939773104474480294e-07
3.583561301839242782e-06,-1.309345416194117190e-07
3.514164856006016636e-06,-2.963291773581973025e-07
-2.471814500921919416e-05,1.759087130355130429e-05
-2.228828542401924562e-05,1.735889940415708300e-05
-2.413125879998025581e-05,1.285550722623333190e-05
-2.225357529406729953e-05,9.913589765842285620e-06
3.347119790503816153e-06,7.312785529277494788e-07
3.178846763942568811e-06,4.597459983126689236e-08
3.348613299697753630e-06,-3.653100485893822492e-07
-2.149028400113193701e-05,1.504043088415163143e-05
-1.994467623788085149e-05,1.683555322179052213e-05
-1.774168726961769304e-05,1.609311660571304770e-05
-2.076110695170261432e-05,1.193490483052713721e-05
-1.995253640635032193e-05,9.446054991032673412e-06
2.214825050343563318e-06,7.499091769324861292e-07
2.214059866374471577e-06,-3.848134265658504637e-07
1.627445389690262482e-06,1.825286437940031607e-07
-1.571117233025431383e-05,1.509791500156686113e-05
-1.742585424770275702e-05,1.377398702809016890e-05
-1.817615841191669860e-05,1.093614902127746687e-05
-1.786090807738708043e-05,8.640340408580811479e-06
9.912841632555081040e-07,8.545871327693902581e-07
9.914482455434672846e-07,-4.891737040262807010e-07
2.680761923184762416e-07,1.828597495825161254e-07
-1.384410465212514624e-05,1.392886472145108992e-05
-1.219751024748954619e-05,1.260618602734874033e-05
-1.558739648405059962e-05,1.051053608222621181e-05
-1.602852586116737502e-05,7.522039000855278132e-06
-5.615727212309801565e-07,1.081267902681402384e-06
-5.615395890338698588e-07,-7.152794392339915941e-07
-1.261808642941441188e-05,1.063377591307411699e-05
-1.077420410557945701e-05,1.112362331648332291e-05
-1.330509584388292359e-05,8.481748492116772571e-06
-1.449239384213952564e-05,6.189927852222809096e-06
-1.474559372936312167e-06,1.833652964131671500e-07
-2.559985134396186658e-06,1.408868524715762039e-06
-2.557920496261906740e-06,-1.044676481382281694e-06
-9.540489529668254778e-06,9.543477155744864269e-06
-8.564814543672908024e-06,7.932452556856162397e-06
-7.824935830969175087e-06,6.249490506988264807e-06
-1.191876847280354978e-05,6.598440524182201279e-06
-1.327464145481946939e-05,4.718341019604087838e-06
-3.431619627988783530e-06,1.876403102854873372e-07
-4.501309674859244350e-06,1.731689589193613423e-06
-4.502349092018786199e-06,-1.382307696888664883e-06
-9.469976799767321405e-06,6.235514235898322406e-06
-7.278718805022762109e-06,4.557179154488573418e-06
-6.245546863198463228e-06,2.004696683254889561e-06
-6.740286181879614311e-06,2.283970997197948847e-06
-6.987982693330771929e-06,2.862752725043882521e-06
-1.096440011006809063e-05,4.507468254467791601e-06
-1.236467397930372666e-05,3.179152221774672398e-06
-5.461715847622664232e-06,4.160093663454635594e-07
-6.293214021918663226e-06,-1.629728872027895078e-06
-8.423067968427170294e-06,3.370365853956133824e-06
-6.795055182296232634e-06,1.179703914845653679e-06
-7.383558198180678166e-06,2.086063313516419504e-06
-1.030102016206284075e-05,2.706400484424382667e-06
-1.178339574488560803e-05,1.645433869937228288e-06
-6.865517425063644951e-06,-5.879353633222368203e-07
-6.819055908599655495e-06,-1.893599938697304153e-06
-8.784516203979463093e-06,7.791492334445838332e-07
-1.156401780599458000e-05,1.394720842981040675e-07
-1.164042991471824779e-05,-1.310810727500183186e-06
-7.929609926297664392e-06,-1.552100677078905727e-06
-7.132078657261668649e-06,-2.446606337236021935e-06
-7.526936623824520782e-06,-3.947871045146120627e-06
-1.020594681350665050e-05,-1.512954993385637013e-06
-8.093200248481186628e-06,-5.366864945046188304e-06
-1.202236690606392928e-05,-2.763463946227896085e-06
-8.894081437570271287e-06,-4.011403046068383166e-06
-1.087114148729769081e-05,-4.123228795566605034e-06
-8.808865304144602060e-06,-6.705989514209015241e-06
-1.266005315656226390e-05,-4.125404130119465396e-06
-1.208096032723455593e-05,-5.440187762880336052e-06
-1.075930620767508591e-05,-6.250830338942668134e-06
-9.669937124907234055e-06,-7.951583652820136066e-06
-1.066576862626276394e-05,-9.090655477915480210e-06
-1.352818152135299560e-05,-5.365238073214384294e-06
-1.287255207667581245e-05,-6.884303988131631413e-06
-1.210802990905054407e-05,-8.632720101968559644e-06
-1.178418157511635983e-05,-1.010829228642348050e-05
-1.459682719984201580e-05,-6.436327390450176139e-06
-1.426357817750261669e-05,-8.615913777829480161e-06
-1.301027759693973416e-05,-1.099218927463693090e-05
-1.432749854973129370e-05,-1.173027988259755107e-05
-1.571879997031425246e-05,-1.231244576681252594e-05
-1.584047609331531542e-05,-9.076609664979669794e-06
-1.583330409968168728e-05,-7.305177426721964315e-06
-1.553081847495545943e-05,-1.081824125390016697e-05
-1.716580925413809257e-05,-1.273299732189736515e-05
-1.864881612446611515e-05,-1.298553137980730458e-05
-1.708559611207272183e-05,-9.470661638847663758e-06
-1.719919305589595197e-05,-7.946199814717799228e-06
-2.014989112093419429e-05,-1.306814494484254183e-05
-1.848567424067970968e-05,-1.087366726737320920e-05
-1.865291235172904737e-05,-8.340478177794415210e-06
-2.048242878809349000e-05,-1.109608810278225164e-05
-2.179765668525727017e-05,-1.306443387496231378e-05
-2.015035429608009928e-05,-8.475144074302194219e-06
-2.406054657726508335e-05,-1.306074642377719985e-05
-2.227667576844762374e-05,-9.977831182625286740e-06
-2.179738693310183265e-05,-8.479673390254342531e-06
-2.716005835299613861e-05,-1.305460694302575976e-05
-2.562843991542075109e-05,-1.059496197831201488e-05
-2.405988441844974553e-05,-8.486018595751367724e-06
-3.123744681594874828e-05,-1.304837973634731279e-05
-2.920072798524286974e-05,-1.077486886557669729e-05
-2.715963430891595804e-05,-8.494022082181869584e-06
-3.547342328984066917e-05,-1.304298639971305245e-05
-3.335744391434299414e-05,-1.077647596604515483e-05
-3.123705204531093129e-05,-8.503053218084344447e-06
-3.969680549608091495e-05,-1.303817629577398233e-05
-3.758693394298086304e-05,-1.077804946197353788e-05
-3.547305828123562915e-05,-8.511722891910182952e-06
-4.390903958380323137e-05,-1.303449360639722392e-05
-4.180428640885071198e-05,-1.077943159808515152e-05
-3.969631787138599277e-05,-8.519490144507921775e-06
-4.811382933573454552e-05,-1.303288061216838904e-05
-4.601203039238263380e-05,-1.078056655389949634e-05
-4.390853016977381234e-05,-8.525527691347402641e-06
-5.231620658906646317e-05,-1.303330627212221001e-05
-5.021488370202313551e-05,-1.078148920973740418e-05
-4.811343740278219166e-05,-8.529125906208099856e-06
-5.652014890359173505e-05,-1.303478105276315000e-05
-5.441772409411048134e-05,-1.078213050244884823e-05
-5.231603907664141663e-05,-8.530235422675950120e-06
-6.072659388101604781e-05,-1.303622178174473840e-05
-5.862293133734901356e-05,-1.078261948008315602e-05
-5.652001889344187245e-05,-8.529971171247932680e-06
-6.493445264047968907e-05,-1.303647172240935424e-05
-6.283047680627827745e-05,-1.078285456447580261e-05
-6.072655360458895687e-05,-8.529318309790795088e-06
-7.394468466431402198e-05,-1.278840615732668920e-05
-7.334733466954231052e-05,-1.303584411828111069e-05
-6.681914282638052238e-05,-1.078297080644589436e-05
-6.914154214448274343e-05,-1.303600590844958565e-05
-6.493439128636034000e-05,-8.529385019202925374e-06
-7.419211351521851658e-05,-1.219104378609714965e-05
-7.277867496278726757e-05,-1.078306169050523809e-05
-6.914151487480944824e-05,-8.530033014528986659e-06
-7.419209839213745223e-05,-9.375088794989472590e-06
-7.334731537372866570e-05,-8.530284171987625758e-06
-7.394466777772284332e-05,-8.777723948524013427e-06
