Size 192,2
-1.394442862863083958e-04,1.936169651471082275e-05
-1.400027415038322860e-04,1.801346647309923099e-05
-1.400024455444661407e-04,1.165770689165246261e-05
-1.394439495896084697e-04,1.030943641863403518e-05
-1.380960460177204914e-04,1.992014692413216471e-05
-1.355669796834763205e-04,1.483549554651149379e-05
-1.380956491244505601e-04,9.750965281256098775e-06
-1.286026535109237746e-04,1.991954644421364284e-05
-1.286021239039035621e-04,9.751125282861442385e-06
-1.233613910345413630e-04,1.483523259496575492e-05
-1.191103509912748795e-04,1.991655749648366683e-05
-1.191098308771099129e-04,9.753478494717521610e-06
-1.143656131764371226e-04,1.483468686437096171e-05
-1.096256373691994194e-04,1.990803326944551741e-05
-1.096249324404211054e-04,9.760324383308574528e-06
-1.048878182086318838e-04,1.483386210457687109e-05
-1.001604786053956206e-04,1.989020790766134018e-05
-1.001590224445342422e-04,9.776088917589998909e-06
-9.543821503385910342e-05,1.483258002133613775e-05
-9.073596346342090602e-05,1.985740186101190135e-05
-9.073441517939423028e-05,9.806244368426182329e-06
-8.604423610277240188e-05,1.483093642935340551e-05
-8.138554649882513735e-05,1.980373981833333461e-05
-8.138442869344964089e-05,9.856643748150962109e-06
-7.674485803997603453e-05,1.482911025569204420e-05
-7.215317731837357868e-05,1.972457808926344295e-05
-7.215249739084545323e-05,9.931748476987703318e-06
-6.758802148304593710e-05,1.482704984007031394e-05
-6.308937887035765888e-05,1.961782389122264936e-05
-6.308869120951921699e-05,1.003418029682781895e-05
-5.862571602518569855e-05,1.482483595093331352e-05
-5.424673558560797739e-05,1.948210297405579341e-05
-5.424600082328942318e-05,1.016522982027410395e-05
-4.991167395665608479e-05,1.482224191860044721e-05
-4.567909907432947728e-05,1.931555897399623729e-05
-4.567794384971186460e-05,1.032700263352719002e-05
-4.166608771175173826e-05,1.481830191103354665e-05
-3.776814641577965533e-05,1.912206885076042439e-05
-3.776601418447143182e-05,1.052198405959157130e-05
-3.487660395089555023e-05,1.514182217355473150e-05
-3.203802045707771667e-05,1.894224738082944348e-05
-3.203203280293463848e-05,1.070280030374969804e-05
-2.803753731788251200e-05,1.878712295923105877e-05
-2.877059540285223577e-05,1.618773491592194089e-05
-2.802920599539911252e-05,1.081729829259792809e-05
-2.521475329321223115e-05,1.093879709826964833e-05
3.568887941511511788e-06,1.384039966702563570e-06
3.639627806521780471e-06,1.213564848743699036e-06
3.639068114011916670e-06,5.799425200974930948e-07
3.568736642256830092e-06,4.124649667267609295e-07
-2.520373569856970111e-05,1.867898147847957412e-05
-2.272734617170337103e-05,1.844004605655675459e-05
-2.460452042244787654e-05,1.384796586979659635e-05
-2.269146965742282262e-05,1.084859090916401919e-05
3.399254552179114113e-06,1.454750603267044385e-06
3.228895718025126855e-06,7.600115066744330943e-07
3.401051884608718834e-06,3.428706721096407932e-07
-2.191345228364853347e-05,1.607543100178971632e-05
-2.033927889597510053e-05,1.790444772012586268e-05
-1.809576540409728586e-05,1.714699442622396081e-05
-2.117089695525581930e-05,1.290925871087898446e-05
-2.034785670656636170e-05,1.037305559056341995e-05
2.251371279289455566e-06,1.475789984105616753e-06
2.251195669583960185e-06,3.247812441138617555e-07
1.656038049272065462e-06,9.013613228232815582e-07
-1.602751334040648939e-05,1.613247563712162181e-05
-1.777412805925991210e-05,1.478352795785249597e-05
-1.853881209898549902e-05,1.189148054739768476e-05
-1.821844025498233592e-05,9.551864164435321572e-06
1.009933114712384260e-06,1.585550122007977382e-06
1.010857541208504744e-06,2.199019835019557452e-07
2.751359884736739719e-07,9.040337045604794964e-07
-1.412597876808726557e-05,1.494159560262852486e-05
-1.244815214901835314e-05,1.359393785928708974e-05
-1.590268609446275185e-05,1.145782962433972004e-05
-1.635311707608656155e-05,8.411292544809314886e-06
-5.695266739211374180e-07,1.820362900418390933e-06
-5.689582153935650882e-07,-9.889111507658401293e-09
-1.287710397138765228e-05,1.158371558822056140e-05
-1.099690798821198977e-05,1.208320131343242026e-05
-1.357805012251768428e-05,9.389462416594552424e-06
-1.478909716941572101e-05,7.051668374014256852e-06
-1.499774392255608589e-06,9.066560731327733038e-07
-2.607509294411747865e-06,2.158507445798511902e-06
-2.604721377020101110e-06,-3.455203669693897587e-07
-9.738664416422832196e-06,1.047255458776467934e-05
-8.742177397744714737e-06,8.828752350358057995e-06
-7.985790217538941900e-06,7.111006665590326178e-06
-1.216479903590922293e-05,7.468019084866708349e-06
-1.354869678939947564e-05,5.548329892322309911e-06
-3.496740460873080624e-06,9.129817295694370483e-07
-4.589506639923415736e-06,2.490841022485650877e-06
-4.589788012228140498e-06,-6.895673663909115557e-07
-9.665909302121432480e-06,7.097109248377111641e-06
-7.427293528191417002e-06,5.382239234546446074e-06
-6.371028142870520626e-06,2.771837805672209690e-06
-6.876523033497597287e-06,3.057979209133638141e-06
-7.129721348889389300e-06,3.650217974068450414e-06
-1.119134602841859394e-05,5.332375041373145501e-06
-1.262144226280838471e-05,3.974977565305371356e-06
-5.570004684280256605e-06,1.147894720544384647e-06
-6.419419711270068762e-06,-9.415411969350263791e-07
-8.596252035946051881e-06,4.169608201566036819e-06
-6.932367981169197907e-06,1.929125314890427304e-06
-7.533894039935284529e-06,2.856078128104248502e-06
-1.051419706210115076e-05,3.491433235070965379e-06
-1.202890999800037374e-05,2.406805586038140748e-06
-7.004264732917586107e-06,1.229785056281694903e-07
-6.956911348182474954e-06,-1.210913825559843025e-06
-8.965206280549775270e-06,1.520712365007173276e-06
-1.180525903611056101e-05,8.671856503296838261e-07
-1.188376729158897047e-05,-6.149346222718348417e-07
-8.091717878098115020e-06,-8.618501082468520025e-07
-7.276874321079805825e-06,-1.775618754484100340e-06
-7.680524645309947908e-06,-3.308969983186999101e-06
-1.041800209770337311e-05,-8.214809213001039060e-07
-8.259061134399714091e-06,-4.758714107092262530e-06
-1.227436316841885352e-05,-2.098657743298481327e-06
-9.077482653723015023e-06,-3.373772158070396280e-06
-1.109803875733672542e-05,-3.487617584087923412e-06
-8.990014024993143963e-06,-6.126851977163536141e-06
-1.292662687323346050e-05,-3.489441966626617162e-06
-1.233489415585057897e-05,-4.832460816619635998e-06
-1.098347996186867676e-05,-5.661273613905240423e-06
-9.869564203773495428e-06,-7.400333274693724541e-06
-1.088706948371193528e-05,-8.565560986497896477e-06
-1.381533407469691948e-05,-4.755062264374279214e-06
-1.314454584066944524e-05,-6.307879353953028271e-06
-1.236190315648896351e-05,-8.096760391638590975e-06
-1.203033651971780606e-05,-9.608198309572305729e-06
-1.491006655037118570e-05,-5.848170559346063575e-06
-1.456848403370081594e-05,-8.078871522295372765e-06
-1.328458637385151317e-05,-1.051440256397152366e-05
-1.463383959591410624e-05,-1.127252428769151322e-05
-1.606056805433344592e-05,-1.187265097645011574e-05
-1.618518130423808021e-05,-8.550000530378505461e-06
-1.617797900366530723e-05,-6.735031963812934688e-06
-1.586690401414088617e-05,-1.033709649698188280e-05
-1.754650678666334231e-05,-1.230683023843191677e-05
-1.907207052794911845e-05,-1.256939108210407148e-05
-1.746343338773771026e-05,-8.953174739165698331e-06
-1.758078911826374235e-05,-7.388361743044748845e-06
-2.061773789867448812e-05,-1.265692137045976113e-05
-1.890259623172352164e-05,-1.039487955149269136e-05
-1.907591174610790587e-05,-7.788476089377306623e-06
-2.096014999446655015e-05,-1.062367135874852820e-05
-2.231789717920683555e-05,-1.265598437149742919e-05
-2.061790657612385625e-05,-7.923234648258106307e-06
-2.465579113142083183e-05,-1.265464474525585640e-05
-2.281172822199854707e-05,-9.468963502624391448e-06
-2.231812127843977372e-05,-7.923503152797130032e-06
-2.786530995318500369e-05,-1.265162392198824348e-05
-2.627828904264370978e-05,-1.010451218981050936e-05
-2.465595393291792462e-05,-7.924544065598832993e-06
-3.209437334602311829e-05,-1.264638642627492090e-05
-2.998140544030362408e-05,-1.028887659922274701e-05
-2.786560997834184900e-05,-7.926805294893945022e-06
-3.649136733510288053e-05,-1.263971788050054389e-05
-3.429493274777503469e-05,-1.028836318257583597e-05
-3.209467039924078122e-05,-7.930881669961233372e-06
-4.087591745106350220e-05,-1.263203251698670120e-05
-3.868597963676806119e-05,-1.028772363328753492e-05
-3.649165613005053298e-05,-7.936440928390763581e-06
-4.524663773348822402e-05,-1.262382960092282203e-05
-4.306367695797291817e-05,-1.028691776896950100e-05
-4.087607388049608768e-05,-7.942685420456055499e-06
-4.960294867258816214e-05,-1.261565368732109707e-05
-4.742715063047970648e-05,-1.028631751694394167e-05
-4.524658347392279608e-05,-7.949446111388997919e-06
-5.394461786882178393e-05,-1.260759691408187826e-05
-5.177618273499815394e-05,-1.028577163465278804e-05
-4.960284159960794636e-05,-7.956484907535513247e-06
-5.827288207532943840e-05,-1.260070805721719896e-05
-5.611081997165436725e-05,-1.028523637372927581e-05
-5.394467934732958148e-05,-7.963393590615662192e-06
-6.259070651726910924e-05,-1.259556390658019416e-05
-6.043329285298674287e-05,-1.028472998256949381e-05
-5.827298728757785714e-05,-7.969245564453919428e-06
-6.690179885863817776e-05,-1.259243843083976348e-05
-6.474707350598583920e-05,-1.028428435985244428e-05
-6.259078599692638055e-05,-7.973418858810743705e-06
-7.612868009161301720e-05,-1.233720416462824993e-05
-7.551690896205843974e-05,-1.259061566227328804e-05
-6.883171517794212828e-05,-1.028391301794872859e-05
-7.120968170285088203e-05,-1.259093565812683512e-05
-6.690175283689789895e-05,-7.975752484386967794e-06
-7.638208058717410175e-05,-1.172541998818621562e-05
-7.493450668629082247e-05,-1.028347253590453112e-05
-7.120971492631179747e-05,-7.976382462565198507e-06
-7.638199495365577255e-05,-8.841565284520638157e-06
-7.551684544928493519e-05,-7.976419777007538213e-06
-7.612859682970783421e-05,-8.229815380895950643e-06
