Size 192,2
8.485739622137904788e-05,-1.258137436340379057e-05
8.517260840823730054e-05,-1.182040934023947309e-05
8.517278905002378248e-05,-8.233349935113537136e-06
8.485760364362826492e-05,-7.472412440914621138e-06
8.409642386474000802e-05,-1.289657942398769877e-05
8.266931537811380594e-05,-1.002691237855620195e-05
8.409667208658949558e-05,-7.157219963693196888e-06
7.873816141729960186e-05,-1.289655006459876550e-05
7.873858346203456383e-05,-7.157337244030473771e-06
7.577978722113315024e-05,-1.002688627565137592e-05
7.337996549134177262e-05,-1.289435499417255730e-05
7.338025823124462064e-05,-7.159369291985383180e-06
7.070235442400928084e-05,-1.002680553359979836e-05
6.802909319748932622e-05,-1.288682830258310804e-05
6.802905541183162615e-05,-7.166807770427986009e-06
6.535895527862545620e-05,-1.002646856774062831e-05
6.269768009350555919e-05,-1.287197997544996979e-05
6.269805925748750917e-05,-7.180943616468967381e-06
6.004249734251781469e-05,-1.002612492820720060e-05
5.740034983489352924e-05,-1.284967299851262653e-05
5.740123259909578801e-05,-7.202527747350744520e-06
5.476708340964217526e-05,-1.002586830366917118e-05
5.215098282885585740e-05,-1.282041129073418633e-05
5.215199841914208305e-05,-7.230893075486266431e-06
4.954573706601832748e-05,-1.002565192973253188e-05
4.696177366797700694e-05,-1.278528849784381962e-05
4.696251595491617010e-05,-7.265322960899354160e-06
4.438995275075007066e-05,-1.002536575296178478e-05
4.184327531219463113e-05,-1.274455799874296078e-05
4.184354716651635922e-05,-7.305397084744030756e-06
3.930977886422981751e-05,-1.002503611373881832e-05
3.680494696416482020e-05,-1.269888277582314362e-05
3.680474657105104201e-05,-7.350670664724616441e-06
3.431458926905948205e-05,-1.002467219360305713e-05
3.185573930309207221e-05,-1.264864374314523256e-05
3.185511482975781630e-05,-7.400526786367352355e-06
2.951050880306038037e-05,-1.002397302504940400e-05
2.719730298197402030e-05,-1.259570747066056177e-05
2.719645548781713987e-05,-7.454711217694300514e-06
2.547116423004347165e-05,-1.022203024383327061e-05
2.373754840301812955e-05,-1.254987571356959260e-05
2.373605452784676397e-05,-7.501194439199242597e-06
2.126168291969692987e-05,-1.251193118926928783e-05
2.173423670209601261e-05,-1.087707565839507397e-05
2.125990933885551782e-05,-7.529661314655325829e-06
1.948260036133380845e-05,-7.559240748759932111e-06
-3.204161614309070515e-06,1.374473134420431724e-07
-3.268235845821554419e-06,2.913541814610193315e-07
-3.267988087393146926e-06,8.654121388916701987e-07
-3.204216858257279183e-06,1.017559241787089763e-06
1.947971949323454036e-05,-1.248587537379826724e-05
1.788377438071311917e-05,-1.237152477792803093e-05
1.911375897293257533e-05,-9.408786381753116542e-06
1.787783809509226981e-05,-7.450431854939491246e-06
-3.050883096432829145e-06,7.392734044632985025e-08
-2.896084580780090313e-06,7.036307888975254361e-07
-3.051987674338778167e-06,1.081274756616184322e-06
1.737138905775765301e-05,-1.085740230663252282e-05
1.632204165701500305e-05,-1.207257017786822991e-05
1.482077816393694394e-05,-1.160926539981544658e-05
1.689269614193984271e-05,-8.785445637334066452e-06
1.634650305099466142e-05,-7.076995840308415191e-06
-2.010716089476019701e-06,5.854728921199713078e-08
-2.009552570724871206e-06,1.100677520123467424e-06
-1.470883196277984778e-06,5.801705186986910740e-07
1.339978504507753388e-05,-1.097681380182384634e-05
1.461808150638225527e-05,-1.004683164203439579e-05
1.513630772913651017e-05,-8.090087891959237777e-06
1.492639944701907194e-05,-6.456467967112367696e-06
-8.868679001558221452e-07,-3.607515797776264006e-08
-8.869816164840782221e-07,1.196556030787952890e-06
-2.234260987455811805e-07,5.801745893143250430e-07
1.206899819704342326e-05,-1.019968315727993564e-05
1.085367557657155525e-05,-9.288963638530089252e-06
1.332747095999329530e-05,-7.784917559544449542e-06
1.365710732421486003e-05,-5.608013943508559215e-06
5.368162055680498446e-07,-2.422295862807328175e-07
5.368009128083968252e-07,1.402391277121057657e-06
1.116198391588584931e-05,-7.884843515594908370e-06
9.764592133000860391e-06,-8.250714522058186505e-06
1.167753265617347688e-05,-6.301663368604538688e-06
1.257279952771548514e-05,-4.573134454214154638e-06
1.372514323331137748e-06,5.797799294274357759e-07
2.364520454056097568e-06,-5.396496407849757758e-07
2.362931710131792297e-06,1.701124782596608303e-06
8.803320086513086263e-06,-7.109120172276986712e-06
7.994084249442844257e-06,-5.889332509593524209e-06
7.337031218989268169e-06,-4.590522849101901993e-06
1.062795195483257042e-05,-4.876743278833179629e-06
1.170027760722533554e-05,-3.391714434911369459e-06
3.160986084130357755e-06,5.763917897919365968e-07
4.137368533347632984e-06,-8.330533989774589245e-07
4.137188379799898370e-06,2.005851406994026883e-06
8.692841349066598793e-06,-4.592293522605319457e-06
6.831553381539007014e-06,-3.236497782006379909e-06
5.755387660868255050e-06,-1.082753973807203172e-06
6.232960182128802432e-06,-1.329826766399469061e-06
6.495128012475066312e-06,-1.830029878025950354e-06
9.892884037467734328e-06,-3.217803237250305135e-06
1.105589797928231425e-05,-2.111744929182741292e-06
5.015194534618781854e-06,3.698556828577363314e-07
5.739946727840075077e-06,2.224750862488088035e-06
7.768759834097555157e-06,-2.274134874330783354e-06
6.255220446184505483e-06,-3.372846914118629246e-07
6.820907588729351472e-06,-1.155308298963443657e-06
9.357431042259138854e-06,-1.713980412018504399e-06
1.066457136907103911e-05,-7.826193047879332012e-07
6.270001791479052547e-06,1.268464344877849117e-06
6.188289003093760330e-06,2.467256488869556186e-06
8.045602082049201843e-06,-2.039054036795010249e-08
1.054231873493865336e-05,5.637379717951550273e-07
1.072434678105433985e-05,1.911156641370347117e-06
7.211031117813610914e-06,2.136292629149372601e-06
6.444189106321784576e-06,2.996978149003332329e-06
6.748701986107286541e-06,4.477996161298229389e-06
9.356076391113737569e-06,2.069152205598742789e-06
7.226971331093554668e-06,5.951036317210222345e-06
1.119630168944750651e-05,3.283978846026495983e-06
8.069677741853402257e-06,4.517844769036980879e-06
1.005790447986850155e-05,4.632410162236784797e-06
7.903015916380140874e-06,7.373272084064120550e-06
1.194828135835596554e-05,4.635372509504951734e-06
1.136224798389167531e-05,6.001893592556380923e-06
9.936761445004602879e-06,6.871857855734339787e-06
8.754690397194112009e-06,8.765307659891732254e-06
9.812283777265639668e-06,1.008927620915842279e-05
1.298632346275179114e-05,5.903787715935308739e-06
1.226038759374928763e-05,7.576790443600236542e-06
1.139894753855624199e-05,9.571382285730039452e-06
1.102970167229999087e-05,1.132413278668482598e-05
1.427399602090939787e-05,7.040550147527294613e-06
1.389340988757532999e-05,9.568580453846355630e-06
1.242600238164489719e-05,1.241949501767755889e-05
1.399197482112063366e-05,1.337681711996829199e-05
1.568415521382823450e-05,1.417940332104583614e-05
1.581329765629775817e-05,1.012141870818434728e-05
1.579456516598517650e-05,7.997667163836669598e-06
1.542837280834385641e-05,1.227237583436752063e-05
1.750403934676820111e-05,1.477415902049344491e-05
1.942051119282220363e-05,1.517037416281039001e-05
1.737397904008373620e-05,1.059890058581041166e-05
1.752365372525658342e-05,8.699723842362331675e-06
2.139108326109354484e-05,1.534115069548770225e-05
1.917057856995814543e-05,1.239637285546832697e-05
1.940303474631219858e-05,9.111390068583031086e-06
2.182120343171027930e-05,1.270314739742851848e-05
2.362085729267674624e-05,1.540909455713301555e-05
2.137160068122456443e-05,9.226319308246814626e-06
2.674478726502851791e-05,1.547642508003843845e-05
2.425099481724935012e-05,1.118716218514771043e-05
2.361681569898528796e-05,9.159534431349536824e-06
3.116979166012387513e-05,1.557722222534365668e-05
2.895166749216778490e-05,1.202858737114880204e-05
2.674620549064717388e-05,9.074088743115493372e-06
3.719151368284824154e-05,1.568310210784397172e-05
3.415101442637566090e-05,1.228189468125942477e-05
3.117000536103464958e-05,8.979270744357898857e-06
4.363452325190524036e-05,1.577048466536418753e-05
4.038653693309985878e-05,1.228243608082001253e-05
3.719123326353939465e-05,8.880091618816784332e-06
5.022170781724419417e-05,1.584352619590028533e-05
4.690558403105710324e-05,1.228343134061935787e-05
4.363413102213081030e-05,8.795286463665642548e-06
5.693141960534274846e-05,1.590522793653711153e-05
5.355754207320396017e-05,1.228416412135764423e-05
5.022155927983815241e-05,8.724102627054754262e-06
6.374574213268833134e-05,1.595836372698871222e-05
6.032216356879558912e-05,1.228479486418278431e-05
5.693127245719892000e-05,8.663729714835270788e-06
7.065115274670562241e-05,1.600424114853082940e-05
6.718406191459594010e-05,1.228539942159812687e-05
6.374555183815649019e-05,8.611867815416032417e-06
7.763472282174068990e-05,1.604196342994307050e-05
7.413096487430381038e-05,1.228593338342039944e-05
7.065091237484334241e-05,8.567089782413414854e-06
8.467997736204794937e-05,1.606983356037396891e-05
8.114851918942535530e-05,1.228636048563020811e-05
7.763450546399152676e-05,8.530323188332671481e-06
9.176635781630128937e-05,1.608669697182220704e-05
8.821807259592574573e-05,1.228650120407892880e-05
8.467987529248865606e-05,8.503064895847706534e-06
1.069967470748544160e-04,1.567708828996168519e-05
1.059867278619743306e-04,1.609542260156044636e-05
9.494810153703621132e-05,1.228652952031241831e-05
9.887379604885850460e-05,1.609411591927237576e-05
9.176634371327610452e-05,8.486364200021911385e-06
1.074151152368558928e-04,1.466711719796629789e-05
1.050248060918211981e-04,1.228644325578612758e-05
9.887383718540917273e-05,8.478902054229446272e-06
1.074151277326862181e-04,9.905753151249822289e-06
1.059867533496775872e-04,8.477464117576727690e-06
1.069967636154941099e-04,8.895792671341033053e-06
