Size 192,2
8.353976239335459807e-05,-1.195399983310937054e-05
8.384961515169446510e-05,-1.120587628618872603e-05
8.384974738584067828e-05,-7.679285290442834018e-06
8.353991162521738644e-05,-6.931163671298750906e-06
8.279169660471495217e-05,-1.226389490389886824e-05
8.138892788662040407e-05,-9.442585504910294404e-06
8.279186622649785312e-05,-6.621266720586267088e-06
7.752504781235899879e-05,-1.226479164566733401e-05
7.752520760999907128e-05,-6.620116771696611228e-06
7.461660173656157113e-05,-9.442235852491181726e-06
7.225396707429100954e-05,-1.226872532835438877e-05
7.225414078437599505e-05,-6.615384463059645815e-06
6.961519179862956719e-05,-9.441750574776242621e-06
6.697092597968370867e-05,-1.227566985527959083e-05
6.697098650541892994e-05,-6.607251227253727487e-06
6.432421539442805870e-05,-9.440943330046266583e-06
6.167058187248310934e-05,-1.228378061167769846e-05
6.167085177324015382e-05,-6.597489711795726033e-06
5.901450362231195918e-05,-9.440093814024944538e-06
5.635286383503260383e-05,-1.228879178249154764e-05
5.635340843788069222e-05,-6.590791684754644071e-06
5.369078922296961325e-05,-9.439339701641384682e-06
5.102829763227151018e-05,-1.228544643266594071e-05
5.102918961244247572e-05,-6.592570812564614155e-06
4.836930727934599453e-05,-9.438798334853950076e-06
4.571842423347657989e-05,-1.226916246820220540e-05
4.571928383619178069e-05,-6.607479205836569237e-06
4.307572293749607799e-05,-9.438286835132826319e-06
4.045174448304130540e-05,-1.223730336305794060e-05
4.045195028651950081e-05,-6.638124330447823755e-06
3.784014001239908499e-05,-9.437677050203574887e-06
3.525812072550964037e-05,-1.218976718976159024e-05
3.525765063264337494e-05,-6.684500435810061763e-06
3.269234082699309110e-05,-9.436789923347521509e-06
3.016591939875057935e-05,-1.212699282396789524e-05
3.016498538754463674e-05,-6.745829380525354526e-06
2.775981236312284584e-05,-9.435137740932534770e-06
2.539927447567171567e-05,-1.205131773080717822e-05
2.539819888347186560e-05,-6.822169390068218141e-06
2.364117808598983247e-05,-9.634453050543000194e-06
2.189128136097349167e-05,-1.197981549832056147e-05
2.188893505536177071e-05,-6.894131752789442088e-06
1.940638472321236385e-05,-1.191692932135867626e-05
1.987245199039851080e-05,-1.028815794156099567e-05
1.940281496376670303e-05,-6.940396779503916774e-06
1.763428578021387620e-05,-6.990315826733609554e-06
-2.725980445047930982e-06,-1.397957642870489647e-07
-2.779895072375921026e-06,-1.020946018125739931e-08
-2.779567232679930465e-06,4.728459237269319170e-07
-2.725893993924796228e-06,6.007928605991768862e-07
1.762989506049128996e-05,-1.187248600090543616e-05
1.605632101902813253e-05,-1.174227629065824833e-05
1.726005839389896314e-05,-8.824067352274442147e-06
1.604241733143206325e-05,-6.905393785774923969e-06
-2.596944398633978305e-06,-1.933287142124898268e-07
-2.466742161617230767e-06,3.365154861521165646e-07
-2.597841265089254413e-06,6.543065732013070646e-07
1.554570905185624188e-05,-1.024556830084181141e-05
1.452690909439362378e-05,-1.142682970541455919e-05
1.307183757438074477e-05,-1.095860965779305088e-05
1.507339690683959003e-05,-8.217893093413025077e-06
1.454171501085556687e-05,-6.567801254083304557e-06
-1.722067034301078128e-06,-2.063858925949836672e-07
-1.721013892818023247e-06,6.707791651908696801e-07
-1.267947683911618608e-06,2.330025008328149944e-07
1.171154058581391964e-05,-1.032495227852057473e-05
1.286972876467672463e-05,-9.436261840426742224e-06
1.336870242382049075e-05,-7.550512755897985116e-06
1.316291079227963774e-05,-5.998536553760303730e-06
-7.763676585714066106e-07,-2.860597649581351879e-07
-7.760530998371289973e-07,7.533924847616292715e-07
-2.167730019077312838e-07,2.344296956820337556e-07
1.044822175428479969e-05,-9.562810985073901598e-06
9.312618920570762582e-06,-8.684397590905098077e-06
1.163591466302181384e-05,-7.261426216593021178e-06
1.194204142251890836e-05,-5.215286927719963155e-06
4.250911064360902992e-07,-4.604072951515626354e-07
4.256341599018347937e-07,9.309545822381121380e-07
9.601544259113468566e-06,-7.350838260552341158e-06
8.311239024966351343e-06,-7.690802731139422443e-06
1.007956393484191333e-05,-5.869446188281251700e-06
1.090794665886724130e-05,-4.269990902962055804e-06
1.132585629735131668e-06,2.358988016765167774e-07
1.973462736344146273e-06,-7.134586609405137207e-07
1.972636540705348432e-06,1.188886224641295382e-06
7.434358283376967671e-06,-6.613628867457293906e-06
6.715733789340699935e-06,-5.486823573283127953e-06
6.148610974717269284e-06,-4.297165578265280116e-06
9.109737505780607982e-06,-4.552605400657291999e-06
1.008127123247679334e-05,-3.206146642127614508e-06
2.649542524577332036e-06,2.344738005214579154e-07
3.479484611472375528e-06,-9.640210709277236247e-07
3.480185316258891636e-06,1.452619976252101476e-06
7.355612779180142960e-06,-4.293725104794447953e-06
5.719538578850858160e-06,-3.076305299427419115e-06
4.847772703546061987e-06,-1.177679009665987225e-06
5.245864797399501530e-06,-1.391467754578075274e-06
5.457017360271014005e-06,-1.828057618038683691e-06
8.435695815232176957e-06,-3.051349991254234488e-06
9.467421307194197211e-06,-2.071300434920073510e-06
4.225699893260618038e-06,5.908567367136679306e-08
4.854513879380764934e-06,1.644097644842649964e-06
6.556038637477221612e-06,-2.213646190606211233e-06
5.274164876228283326e-06,-5.400067051703327022e-07
5.746977704719771968e-06,-1.240800744900217503e-06
7.954478363350459246e-06,-1.720293589982970092e-06
9.085524230417454784e-06,-9.131535884763995859e-07
5.303301858050732481e-06,8.314600596889822747e-07
5.246582572270178708e-06,1.851184421685364513e-06
6.809979759561205038e-06,-2.533083094736374150e-07
8.954388541616936469e-06,2.446961569369545932e-07
9.071728354545685778e-06,1.386027052125841174e-06
6.115807500669369116e-06,1.575960694091582858e-06
5.474437339942246729e-06,2.295644848355419410e-06
5.752026433162618264e-06,3.523582134413614462e-06
7.923705923869781326e-06,1.529666795176977879e-06
6.172391427844457866e-06,4.722107259614046622e-06
9.433156806763445161e-06,2.541906921130264538e-06
6.855029990806068909e-06,3.563516788656860258e-06
8.490455765529369980e-06,3.657063080961817354e-06
6.741065837867984503e-06,5.869871146232816806e-06
1.001823343466068656e-05,3.659118236075346034e-06
9.536809754439035306e-06,4.770237534832661842e-06
8.392523344729498324e-06,5.470027570851794112e-06
7.445442310685208427e-06,6.974020809270750745e-06
8.298073522857983913e-06,8.010648522563690739e-06
1.082274693400032182e-05,4.695914313536764721e-06
1.024469862619417492e-05,6.029443076299180731e-06
9.562712218043048758e-06,7.601319307326118923e-06
9.271519838672560515e-06,8.965275023642651605e-06
1.181908285691084133e-05,5.612763286110932394e-06
1.151847011960843271e-05,7.594457479611003304e-06
1.037139256799719935e-05,9.806922935719542575e-06
1.158889310171526636e-05,1.053331937444736531e-05
1.289630584644882742e-05,1.113331717733827080e-05
1.300077871830020307e-05,8.022939081235933910e-06
1.298917561241475744e-05,6.374691012836101286e-06
1.270466334530451682e-05,9.678529517320217404e-06
1.428913141373877074e-05,1.157548944246563687e-05
1.574626747524674936e-05,1.186371760622329582e-05
1.419608590531986794e-05,8.392051885312163336e-06
1.430968832802644478e-05,6.933836512174259978e-06
1.723865485567774075e-05,1.198184699846981086e-05
1.556368104873190553e-05,9.762096395214061998e-06
1.573768197305748203e-05,7.265581720524113620e-06
1.756562502488816756e-05,9.991703587357757889e-06
1.891576758527962660e-05,1.202067013134072337e-05
1.722774412945016299e-05,7.363713236015183548e-06
2.125558574464066290e-05,1.205963586031032892e-05
1.939280797783724092e-05,8.851249193648511396e-06
1.891347478217768766e-05,7.325764516028833688e-06
2.454752638209978409e-05,1.211905168041605728e-05
2.290184323590235105e-05,9.483238697936671247e-06
2.125627588062842883e-05,7.276574582550987567e-06
2.900111302856395821e-05,1.218372609349616693e-05
2.675611685336780159e-05,9.672253236456786131e-06
2.454756077997031897e-05,7.220952035050826795e-06
3.374714338414558785e-05,1.223979476383763666e-05
3.135704911221777648e-05,9.673022267482281881e-06
2.900070429618615024e-05,7.160799428443989420e-06
3.858749505785952883e-05,1.228816193878141514e-05
3.615231939598664390e-05,9.674292110307658704e-06
3.374666212068223485e-05,7.107483595097407120e-06
4.350826616810779502e-05,1.232844151402270050e-05
4.103549627670079441e-05,9.675596988633572846e-06
3.858708174157123646e-05,7.061784998563774847e-06
4.849407709964800270e-05,1.236041264209348043e-05
4.599140388899488799e-05,9.676713889652430428e-06
4.350800400645387788e-05,7.023915958679004766e-06
5.353092780451613515e-05,1.238563413264192412e-05
5.100478408587950452e-05,9.677575167501853168e-06
4.849384550368298149e-05,6.993931011419006885e-06
5.860709285493361805e-05,1.240482556695124087e-05
5.606309981934887399e-05,9.678318867513244458e-06
5.353055525981636104e-05,6.970375953581907944e-06
6.371306948930332724e-05,1.241849968065634242e-05
6.115577481065531185e-05,9.678678922936009268e-06
5.860688330393864684e-05,6.952274427772150154e-06
6.883930573075295245e-05,1.242688531464940265e-05
6.627364516768024648e-05,9.678830654213350663e-06
6.371296661664092582e-05,6.939062659478087785e-06
7.984555814523229468e-05,1.212902575931069358e-05
7.911570203812132520e-05,1.243133057407385200e-05
7.113924738723608745e-05,9.678869063087857535e-06
7.397605591546533026e-05,1.243068983654105947e-05
6.883931613003729138e-05,6.930868801553180921e-06
8.014787618085913881e-05,1.139918974791828729e-05
7.842067753331022925e-05,9.678888724737736004e-06
7.397604783009834603e-05,6.927073432682495425e-06
8.014785789028767526e-05,7.958598146481905174e-06
7.911568406883699375e-05,6.926460645342135192e-06
7.984553918136292011e-05,7.228764694498816194e-06
