Size 192,2
1.446712316770911546e-05,-4.303325583043861377e-07
1.455528092448481630e-05,-2.175613542130253837e-07
1.455557017053498095e-05,7.853668517716611593e-07
1.446744716092524007e-05,9.981359142652435672e-07
1.425432091677753655e-05,-5.184627854924307461e-07
1.385542436349942070e-05,2.838647814477557846e-07
1.425468425835527139e-05,1.086267808821724226e-06
1.275603646473687595e-05,-5.182635905276669396e-07
1.275647071992269580e-05,1.086230033748998274e-06
1.192906888258278603e-05,2.841447942076361260e-07
1.125813461353955314e-05,-5.168828704152963251e-07
1.125827724033815406e-05,1.085588315323209453e-06
1.050960540738323747e-05,2.843142306195223076e-07
9.762990875163316838e-06,-5.130918249210083544e-07
9.762454241986900583e-06,1.081973687142828311e-06
9.017663977326369581e-06,2.847129346733977198e-07
8.277310784030277702e-06,-5.040134061787126147e-07
8.277044191948358009e-06,1.073216585518890131e-06
7.540982752774128394e-06,2.849438855859581958e-07
6.814132339126616397e-06,-4.865616992467844318e-07
6.814630534441832669e-06,1.056123144114871253e-06
6.095077384756479628e-06,2.850384626274018530e-07
5.391776911104310819e-06,-4.585707619592116785e-07
5.392663884457323163e-06,1.028598915033478945e-06
4.699932023661397530e-06,2.850632337340296079e-07
4.031848327146429717e-06,-4.186182976892818377e-07
4.032767884026694799e-06,9.889052541470554760e-07
3.378942961592382915e-06,2.850269348599342126e-07
2.758402281159920925e-06,-3.660060237892942641e-07
2.759170356859329560e-06,9.362011952759426077e-07
2.156749040058966249e-06,2.848609507416580545e-07
1.595367240453197109e-06,-3.012852533305092969e-07
1.595749092671313865e-06,8.710829296549452765e-07
1.055992810354593929e-06,2.847496640183233914e-07
5.637749374364489071e-07,-2.251953759393372869e-07
5.634583938164765893e-07,7.944010466195382699e-07
1.142372264535951480e-07,2.851498869467973273e-07
-2.837091920946091577e-07,-1.399037554764925789e-07
-2.846865704059619693e-07,7.055458834309700023e-07
-5.682606032277795983e-07,2.564064374022230151e-07
-8.093230911893673837e-07,-6.280077524959273563e-08
-8.116350800097252887e-07,6.259902506057552047e-07
-1.119008799279823949e-06,2.215435307373530274e-09
-1.079318880857888594e-06,1.808092845879796324e-07
-1.121859329516243886e-06,5.766298302585010233e-07
-1.307426374726840591e-06,5.253300646957144025e-07
5.509804471142592468e-07,-3.046646308918378567e-07
5.612851322387204491e-07,-3.293038795163507616e-07
5.612742418481192418e-07,-4.215465656249700183e-07
5.510017755455404410e-07,-4.460811924841828966e-07
-1.312757594723603589e-06,4.694326255672644979e-08
-1.447658981191373215e-06,9.490091052248985319e-08
-1.362815076745456282e-06,3.434381560005582391e-07
-1.464007319056885311e-06,4.845955711924291692e-07
5.264227510107749986e-07,-2.945635576340117289e-07
5.015404650731940451e-07,-3.958663905828995841e-07
5.264721267991933318e-07,-4.564808268387403894e-07
-1.502644213481912193e-06,2.325793922573987280e-07
-1.557868286832141144e-06,1.646838478529063482e-07
-1.631319237765221169e-06,2.274082208725897556e-07
-1.542551417296589762e-06,3.777619902822237364e-07
-1.573227946912179283e-06,4.509731755852689529e-07
3.594221593029759776e-07,-2.927822906398071314e-07
3.589100564916508183e-07,-4.608321007300037243e-07
2.723936710612170247e-07,-3.774613508420456371e-07
-1.667050142875363103e-06,3.008874841674070838e-07
-1.652751849283187265e-06,3.215599146343913952e-07
-1.633101515524591402e-06,3.979957227803045220e-07
-1.647386472903401452e-06,4.153066978814048697e-07
1.780767787602242751e-07,-2.774754838423000381e-07
1.776742163101523064e-07,-4.787781566156733466e-07
6.961698774496637686e-08,-3.787941174137165386e-07
-1.678718728404824870e-06,3.566791076744047522e-07
-1.653376057444887952e-06,3.926321043366854834e-07
-1.680849859934502001e-06,3.984038143762554089e-07
-1.690480183124113153e-06,3.780437706266670885e-07
-5.562337182253771096e-08,-2.422319835238649559e-07
-5.600539181087822581e-08,-5.166869071026624113e-07
-1.657790956123978357e-06,4.071015097300191113e-07
-1.598940332014837088e-06,4.179533050191194709e-07
-1.675117534275779669e-06,3.793357454581096475e-07
-1.708873299060686607e-06,3.135855761853213163e-07
-1.955994391949977918e-07,-3.800704818603959367e-07
-3.633530104888613013e-07,-1.898055743561933311e-07
-3.637494889549060940e-07,-5.719451772152486055e-07
-1.537128760852719717e-06,4.147996839350695782e-07
-1.447229271215720312e-06,3.647107660975499927e-07
-1.342452315660153961e-06,2.917014516989687499e-07
-1.631484708850497921e-06,3.212062136654227070e-07
-1.712340181860719372e-06,2.107731275782904778e-07
-4.992363691739332655e-07,-3.811487426104981342e-07
-6.677538552861231654e-07,-1.367826393763396522e-07
-6.675052201014192232e-07,-6.281962034256258679e-07
-1.486671734767423763e-06,3.016904466094987833e-07
-1.247835270886620491e-06,1.777976023000391610e-07
-9.680083173779938327e-07,-8.945570239322099834e-08
-1.069860902924700961e-06,-4.995994478448435583e-08
-1.140562764940793100e-06,2.073411228686204912e-08
-1.591013378997228540e-06,1.922050772401594444e-07
-1.721390862916553217e-06,6.638984961435852461e-08
-8.207995050864822183e-07,-3.474238854250029447e-07
-9.249834542163781109e-07,-6.662321446265261300e-07
-1.343075415331945619e-06,8.709274415617082171e-08
-1.054808129022736478e-06,-2.154988814007931552e-07
-1.174816410082344289e-06,-7.629407031073489426e-08
-1.542180974817425806e-06,1.833307631535390050e-08
-1.744589793581751251e-06,-1.223691426209510005e-07
-1.023409928886242348e-06,-4.945206677088684216e-07
-9.816733197214238351e-07,-7.117266191273023804e-07
-1.356450536138039039e-06,-2.384035321781543138e-07
-1.775409361011999226e-06,-3.422216984867725982e-07
-1.885314645853781736e-06,-5.977700193207971070e-07
-1.169894687189860646e-06,-6.405340552195600699e-07
-1.006199543958321569e-06,-8.247217865816067652e-07
-1.020619064853485574e-06,-1.167396365232713071e-06
-1.599808004309885669e-06,-6.073943018415295352e-07
-1.078274501370156417e-06,-1.555327203366223651e-06
-2.055716496377777736e-06,-8.750821817154376391e-07
-1.307472600742880402e-06,-1.161721816071337935e-06
-1.790866296528773875e-06,-1.190697751532481633e-06
-1.213977172397510161e-06,-1.949574870459581486e-06
-2.309089780668274090e-06,-1.191591857802907564e-06
-2.163856493512062107e-06,-1.552139633322584470e-06
-1.754845364599678295e-06,-1.799243443112999706e-06
-1.411175936051054159e-06,-2.378060820127069246e-06
-1.703566139827121503e-06,-2.815412614029945568e-06
-2.667385179264100419e-06,-1.513107315356710908e-06
-2.447299065171475627e-06,-2.013669041672594684e-06
-2.177021419489097954e-06,-2.652101347737746957e-06
-2.058663534287238555e-06,-3.253621250562703755e-06
-3.118168230687834601e-06,-1.826838629503443212e-06
-2.995232074980074527e-06,-2.659925001150074009e-06
-2.503195521706875861e-06,-3.654968069050348328e-06
-3.040703181347530798e-06,-4.029167303806812412e-06
-3.643933665699155394e-06,-4.368857433513222205e-06
-3.679829919184702007e-06,-2.852111645498689349e-06
-3.668296946192721838e-06,-2.112217507171573253e-06
-3.537473985227108149e-06,-3.637753419898119874e-06
-4.326282862172985586e-06,-4.628435950928397011e-06
-5.073787025360823616e-06,-4.821260332735693432e-06
-4.261597838947059051e-06,-3.020788224687036896e-06
-4.321967388695173647e-06,-2.317980924214501695e-06
-5.859083991678660159e-06,-4.923213268558121861e-06
-4.954867742192579577e-06,-3.713755516171244562e-06
-5.054842146056607709e-06,-2.424765678729397295e-06
-6.027048218509343207e-06,-3.843662002266797754e-06
-6.784401821106219140e-06,-4.990500358926301402e-06
-5.840792005558529032e-06,-2.436478655310177597e-06
-8.114793092393528687e-06,-5.057633536517644037e-06
-7.036477329524941595e-06,-3.211590119965858682e-06
-6.781249072541916115e-06,-2.369174492164544535e-06
-1.007912952081583347e-05,-5.160610277990408617e-06
-9.077862821506759976e-06,-3.563907493818813892e-06
-8.117218013522079756e-06,-2.281603985715049384e-06
-1.286396077799125419e-05,-5.271841774310159106e-06
-1.144021615939406517e-05,-3.673821380827845462e-06
-1.008049067350410470e-05,-2.181761236472678696e-06
-1.594995249293501490e-05,-5.367692541449743390e-06
-1.437749615704820244e-05,-3.672630607161009909e-06
-1.286439405433965413e-05,-2.073517681238318867e-06
-1.920170345688944742e-05,-5.450552637980298325e-06
-1.754969551335929190e-05,-3.672229906771356937e-06
-1.595002052786533838e-05,-1.977094674246188477e-06
-2.259736157488317711e-05,-5.520621871582723472e-06
-2.087745112488944194e-05,-3.671888599181514700e-06
-1.920184183447065770e-05,-1.893499446579073714e-06
-2.611187857749949737e-05,-5.576921373370809263e-06
-2.433701170649275379e-05,-3.671502065024973596e-06
-2.259760683313790202e-05,-1.822672422006801515e-06
-2.971874040205973655e-05,-5.619822919207760864e-06
-2.790204422056016465e-05,-3.671183111487950625e-06
-2.611212922727335921e-05,-1.765700412815499288e-06
-3.339391973292210944e-05,-5.651225691494337230e-06
-3.154669118033646144e-05,-3.670925710959696123e-06
-2.971899010988967088e-05,-1.722291631934064563e-06
-3.711832363589938328e-05,-5.673289921358990065e-06
-3.524931656563527180e-05,-3.670679308075612271e-06
-3.339418416019352299e-05,-1.690415226519589610e-06
-4.087573761683535904e-05,-5.687238755405625894e-06
-3.899280191163086450e-05,-3.670463089431722199e-06
-3.711845176820660402e-05,-1.667915736891126372e-06
-4.897234976641623352e-05,-5.473175534275700692e-06
-4.843526345314581389e-05,-5.695606837212913874e-06
-4.256553231263720302e-05,-3.670284278592363354e-06
-4.465233845779771642e-05,-5.694192064791229205e-06
-4.087589605656234129e-05,-1.653519251102500286e-06
-4.919482505730831160e-05,-4.936149100383858256e-06
-4.792359885050378088e-05,-3.670194928764820194e-06
-4.465241525882549342e-05,-1.646313773262971865e-06
-4.919489216355765450e-05,-2.404202682800017096e-06
-4.843534393087237463e-05,-1.644750398474193788e-06
-4.897242343522245726e-05,-1.867179010278406366e-06
