Size 192,2
7.937389611541960778e-05,-1.055638996037378829e-05
7.969143211588116966e-05,-9.789879042770540854e-06
7.969171482798514104e-05,-6.176497247978694833e-06
7.937421365404485755e-05,-5.410013843922184469e-06
7.860733123856362460e-05,-1.087388314967861056e-05
7.716967722703881743e-05,-7.983262444072158741e-06
7.860769533305074182e-05,-5.092535939141526478e-06
7.320975206298492306e-05,-1.087352993625976332e-05
7.321030428173984513e-05,-5.093449259276201645e-06
7.023073400127303426e-05,-7.983746381749404677e-06
6.781482555685424025e-05,-1.087057596553111899e-05
6.781542020348946319e-05,-5.097465013761792567e-06
6.511992480333013195e-05,-7.984525792427050214e-06
6.242973568384128794e-05,-1.086334653162809880e-05
6.243021966476837328e-05,-5.106759140774186817e-06
5.974278756433842289e-05,-7.985469779272090477e-06
5.706460265113755172e-05,-1.085013003032960718e-05
5.706563963158146175e-05,-5.122224328328776693e-06
5.439219809432148796e-05,-7.986724498668401159e-06
5.173261805284696418e-05,-1.082991646803073828e-05
5.173385617871944137e-05,-5.144826507908342013e-06
4.908111886465164181e-05,-7.988047242220937174e-06
4.644658586385913725e-05,-1.080247178266770066e-05
4.644777430738978284e-05,-5.174802682154588784e-06
4.382256429843779259e-05,-7.989359129623813062e-06
4.122079223035393197e-05,-1.076604300843542245e-05
4.122165229573807808e-05,-5.213717037874518764e-06
3.863262670009755018e-05,-7.990575908374189987e-06
3.607465652289925084e-05,-1.071709760847683387e-05
3.607517993425621820e-05,-5.264896540620331280e-06
3.353452818845563415e-05,-7.991744293433765276e-06
3.103477541823403872e-05,-1.065274578071324932e-05
3.103462984755099460e-05,-5.331505047739574854e-06
2.855723505437884844e-05,-7.992835027042412689e-06
2.613131093372780519e-05,-1.057082466027200913e-05
2.613046309803569028e-05,-5.416122642945599932e-06
2.382812756412462757e-05,-7.993060195758623347e-06
2.158490087011870551e-05,-1.047183897938594240e-05
2.158377220548993720e-05,-5.520946046768325274e-06
1.991909842791156322e-05,-8.181676505575603522e-06
1.827918525723870705e-05,-1.037621418039568048e-05
1.827660048967755016e-05,-5.621100451848802720e-06
1.596682767340954474e-05,-1.029032564269601208e-05
1.639138530702307281e-05,-8.788121679915820655e-06
1.596264540185584051e-05,-5.686668061296441401e-06
1.433427307386866804e-05,-5.757494932760829740e-06
-1.995992354973724973e-06,-3.810949338884629507e-07
-2.035440611771488263e-06,-2.861745451111875240e-07
-2.035193374013491447e-06,6.719763160397005562e-08
-1.995948396335063821e-06,1.607163709789811062e-07
1.432733869898270265e-05,-1.022888251989903508e-05
1.289502216852744164e-05,-1.009088623719014722e-05
1.398091161496210008e-05,-7.438158365077608388e-06
1.287404517840202565e-05,-5.707532777414806206e-06
-1.901505271078541007e-06,-4.203746651031698104e-07
-1.806401630773417697e-06,-3.283270161567069625e-08
-1.902340172575395637e-06,1.997234047037913685e-07
1.242414529798209793e-05,-8.724886129041444551e-06
1.151535926184230166e-05,-9.780234203233988255e-06
1.022058640534325984e-05,-9.341351968027991346e-06
1.199418616205400075e-05,-6.898046470586251062e-06
1.151835880052624226e-05,-5.437505463100716502e-06
-1.261490403975207384e-06,-4.310006092169524218e-07
-1.261006254627231184e-06,2.110115676261884836e-07
-9.292100459084648041e-07,-1.098844877288698654e-07
9.030455668602837473e-06,-8.753539928979085511e-06
1.003393581405669391e-05,-7.977986660460525877e-06
1.047415533916584175e-05,-6.313207316073489248e-06
1.028823707065222133e-05,-4.970982194515036609e-06
-5.687979706238381834e-07,-4.912789505269125600e-07
-5.688475574904476345e-07,2.715196427498806079e-07
-1.578821439776081316e-07,-1.098688466334091335e-07
7.938056976828161966e-06,-8.065611748952277810e-06
6.978451072723699597e-06,-7.290004425784560814e-06
8.956285635790504297e-06,-6.065155673247612721e-06
9.212792778615271151e-06,-4.322401709829473595e-06
3.144804177652357943e-07,-6.219487223464478610e-07
3.145499054329580790e-07,4.022610134781570591e-07
7.223573186319327716e-06,-6.136887184495752872e-06
6.152249667226473746e-06,-6.422085803221145220e-06
7.623061269501215567e-06,-4.883190781590938903e-06
8.313229030228160967e-06,-3.551817183631023236e-06
8.355468476175092383e-07,-1.099614724940362341e-07
1.455545353977625481e-06,-8.097335630281320217e-07
1.454454943330874298e-06,5.915369598897159914e-07
5.437497924071163174e-06,-5.500220988748964940e-06
4.876155788557097940e-06,-4.565100322922566931e-06
4.453353510457898095e-06,-3.590016775516830185e-06
6.817466637341964509e-06,-3.790163871537829141e-06
7.601683840939193764e-06,-2.703553058090115849e-06
1.953672789047958479e-06,-1.121556543675669208e-07
2.565007433328560027e-06,-9.938958002010580242e-07
2.565727321503083105e-06,7.848604869890462970e-07
5.400774301248570161e-06,-3.580860868601516871e-06
4.142380340876412049e-06,-2.613553129494579966e-06
3.560225694251346917e-06,-1.148792227485720228e-06
3.841335838183269715e-06,-1.308128986428258722e-06
3.980706502437517860e-06,-1.639406018536309652e-06
6.263989625144188334e-06,-2.582818793752651829e-06
7.069979228854517014e-06,-1.819155997700209980e-06
3.113927169529385572e-06,-2.423516311654333532e-07
3.590874121415400879e-06,9.263690468496773674e-07
4.801638038320895922e-06,-1.929624865797954173e-06
3.874201777923267703e-06,-6.773303923839099378e-07
4.208452670260427975e-06,-1.194632142021162363e-06
5.881076102385456986e-06,-1.547999426041793532e-06
6.729516118780078305e-06,-9.409960521087737949e-07
3.917310241806527776e-06,3.319122067900021335e-07
3.893090343937279499e-06,1.076767609922576145e-06
5.011278299064830143e-06,-4.456136921117490867e-07
6.599626094607726117e-06,-8.056411371758727346e-08
6.636427245773327681e-06,7.454974283484274124e-07
4.526473346163492891e-06,8.829058625042943337e-07
4.073582080172043039e-06,1.390776153130970655e-06
4.302367419209025880e-06,2.240771985243337869e-06
5.821445991670850453e-06,8.624240795125398375e-07
4.627976285988990419e-06,3.039834808157650779e-06
6.846895830876882336e-06,1.571779346107400568e-06
5.078167451875558179e-06,2.278157906775125396e-06
6.195335638790771007e-06,2.341374719539707397e-06
5.035369040782202345e-06,3.792037965880428323e-06
7.200415151396578421e-06,2.342741571168790962e-06
6.873568652201422668e-06,3.083138870081509493e-06
6.133056713081835012e-06,3.537689017635574027e-06
5.523136605757317987e-06,4.486988959595851106e-06
6.082583807349531773e-06,5.119058203638214696e-06
7.680490654561677465e-06,3.042501449044739594e-06
7.314539917094222966e-06,3.891636065696426253e-06
6.888885391229973962e-06,4.864114734605748013e-06
6.708822235141306607e-06,5.679917415725466562e-06
8.270303070646506109e-06,3.644506582498926074e-06
8.085263187668532492e-06,4.853970165285498077e-06
7.391095114968305314e-06,6.165426647889310135e-06
8.119156972332140570e-06,6.567621047693291626e-06
8.885139051660020094e-06,6.881057753151954770e-06
8.953557094060648114e-06,5.108561912835069877e-06
8.950205759252454477e-06,4.130649834383152845e-06
8.783741035297264684e-06,6.065169786232669209e-06
9.677142780373613345e-06,7.106342164350673441e-06
1.048498277675458415e-05,7.238641303695269248e-06
9.635646331246159791e-06,5.325896233531743891e-06
9.697272884638280611e-06,4.489898602892791998e-06
1.130014253799000539e-05,7.278876067304725603e-06
1.039914881734455738e-05,6.091505078267475253e-06
1.048899423063759929e-05,4.712518235186732183e-06
1.148107632394586205e-05,6.211395415555312614e-06
1.218979059440399420e-05,7.271666119395487943e-06
1.130178177642769479e-05,4.790564047250303371e-06
1.340685417916989049e-05,7.264858565460618251e-06
1.244946886937354537e-05,5.607741559088581214e-06
1.218964891787755031e-05,4.798628513802614204e-06
1.506451522982025952e-05,7.255256748492788556e-06
1.424705046035050034e-05,5.940797680286984921e-06
1.340609966379152053e-05,4.808737029333585055e-06
1.723528270626164987e-05,7.247315686129676922e-06
1.615207383699390282e-05,6.037442783748467826e-06
1.506391159708624185e-05,4.819195168993001079e-06
1.948619834370791235e-05,7.243382176207837857e-06
1.836202006389272800e-05,6.038369180626159870e-06
1.723494303166844184e-05,4.828452434213454476e-06
2.173158279775815524e-05,7.242764955225893060e-06
2.060919577897754856e-05,6.039244911668881265e-06
1.948590831480991972e-05,4.834224959232002994e-06
2.397683994360349602e-05,7.245011557815794775e-06
2.285364293947273506e-05,6.040267035967447535e-06
2.173125616291518924e-05,4.836761245745296591e-06
2.622690034344235074e-05,7.249682099583883304e-06
2.510049391417992103e-05,6.041311879794914663e-06
2.397648389178129474e-05,4.836597889017552068e-06
2.848628096134547190e-05,7.256213326511152552e-06
2.735457729108499436e-05,6.042273057893328948e-06
2.622658937575134095e-05,4.833825680215476049e-06
3.075770620356127710e-05,7.263370471391841595e-06
2.961973968376359977e-05,6.043141431346430385e-06
2.848594691314673544e-05,4.829161164524896589e-06
3.304142384200296886e-05,7.269945166568779441e-06
3.189751795273516855e-05,6.043828533992054843e-06
3.075744940938098318e-05,4.823623786244544724e-06
3.533519451473363164e-05,7.274910191369049526e-06
3.418683309400249640e-05,6.044447684214504172e-06
3.304122154397400024e-05,4.818413224863276505e-06
4.026520114019010364e-05,7.143119725284870451e-06
3.993821836498853575e-05,7.278539490890723497e-06
3.636479178295345797e-05,6.044958678411312385e-06
3.763539262569949795e-05,7.277752676065358626e-06
3.533504244117222613e-05,4.814602765858416439e-06
4.040064431578739573e-05,6.816168628924406205e-06
3.962673246825831799e-05,6.045422758224651281e-06
3.763527535847892606e-05,4.812640136673800519e-06
4.040061959290753803e-05,5.274703471043268211e-06
3.993816200373035270e-05,4.812289285671136876e-06
4.026516677800719797e-05,4.947724377163882974e-06
