Size 192,2
-1.033410199060476206e-04,1.459154091711662464e-05
-1.037416269267668292e-04,1.362460880468275189e-05
-1.037419648613918687e-04,9.066017663892783222e-06
-1.033413972333396992e-04,8.099086780834181761e-06
-1.023739350546314108e-04,1.499202747754314403e-05
-1.005599355810225229e-04,1.134535672514784989e-05
-1.023743562349207863e-04,7.698597060025717825e-06
-9.556436162952001198e-05,1.499001478153331290e-05
-9.556475799239338867e-05,7.700322573615467087e-06
-9.180728050360829364e-05,1.134493133107415588e-05
-8.876222270213292732e-05,1.498221033485363801e-05
-8.876275354684687096e-05,7.707255150444738915e-06
-8.536687290445486344e-05,1.134469869096518314e-05
-8.197972787329312787e-05,1.496824996203536180e-05
-8.198006027615773361e-05,7.720497570703244340e-06
-7.859774620887322277e-05,1.134412555521147448e-05
-7.522780007700789024e-05,1.494817644270607245e-05
-7.522842323632865261e-05,7.739567938423474899e-06
-7.186491100762808779e-05,1.134368385524744194e-05
-6.851788679099868719e-05,1.492174241988026251e-05
-6.851843780016196475e-05,7.765090565736919474e-06
-6.518000365120001159e-05,1.134336164278181996e-05
-6.186281937600213198e-05,1.488800450480188338e-05
-6.186304253379687891e-05,7.798407507205309746e-06
-5.855700583653352894e-05,1.134322997842030134e-05
-5.527759478406103939e-05,1.484561659275943942e-05
-5.527753744270746375e-05,7.840567960278838774e-06
-5.201215382527629065e-05,1.134324019395008518e-05
-4.877977110884701081e-05,1.479309877984756467e-05
-4.877947113059684435e-05,7.893279158746075388e-06
-4.556427865070847738e-05,1.134331582533018065e-05
-4.238976273094269216e-05,1.472816902006186616e-05
-4.238943685627792856e-05,7.958612569657851191e-06
-3.923619524692714829e-05,1.134347806315002525e-05
-3.613283044818556565e-05,1.464763986687363204e-05
-3.613232845276682139e-05,8.040099209516484580e-06
-3.317861986208079901e-05,1.134304700023943408e-05
-3.028253001134009292e-05,1.455045558514293935e-05
-3.028189520866776107e-05,8.141942253927848984e-06
-2.812705934303021878e-05,1.158847450304749529e-05
-2.598613082225664114e-05,1.445590183298266561e-05
-2.598353326872881203e-05,8.240680501375023025e-06
-2.295185254531259975e-05,1.437017020804741733e-05
-2.351770034020235037e-05,1.238689359567644273e-05
-2.294744398833432368e-05,8.305969905804213064e-06
-2.079423242560779028e-05,8.376847604268467399e-06
3.139077911262707018e-06,4.033193111803614549e-07
3.201617070092280280e-06,2.529019560199167055e-07
3.201299643875723046e-06,-3.072849818723753250e-07
3.139093666575878051e-06,-4.555998702315788954e-07
-2.078753546262801619e-05,1.430857141197904245e-05
-1.887863031801088103e-05,1.414327047474130461e-05
-2.033504607978987356e-05,1.060534536412097297e-05
-1.885853757124179145e-05,8.285480882760589441e-06
2.989330153479795374e-06,4.655256193144352563e-07
2.838489655705839193e-06,-1.488725224300358734e-07
2.990663428108346010e-06,-5.175209695969021715e-07
-1.825681642176668807e-05,1.232677124014191883e-05
-1.702857703977431108e-05,1.375144162324201009e-05
-1.527583263874067224e-05,1.317874421221597180e-05
-1.768389915310944767e-05,9.875704918935666901e-06
-1.704248149511416584e-05,7.892071400312708276e-06
1.974271335641570476e-06,4.821764487181378523e-07
1.973576534483210957e-06,-5.352667635977843028e-07
1.447522110655678740e-06,-2.647388122363806363e-08
-1.364574849071627985e-05,1.240608088031862647e-05
-1.502962810034144314e-05,1.134186900855335478e-05
-1.562936878465045362e-05,9.076370768971532270e-06
-1.538066990280159159e-05,7.223598742965512164e-06
8.769700276481649001e-07,5.763730974136568282e-07
8.772451790807524474e-07,-6.286801915351906143e-07
2.283735959263110926e-07,-2.585201318706404307e-08
-1.213729496915845921e-05,1.148484281830911856e-05
-1.079018286754411390e-05,1.043007745410378276e-05
-1.355232129355212391e-05,8.732736071319820509e-06
-1.391509122888916513e-05,6.300523558922698588e-06
-5.156960962307767918e-07,7.797240829529890737e-07
-5.156068582120578552e-07,-8.309486159694298612e-07
-1.113339913340474297e-05,8.838006115071635451e-06
-9.609769940471686917e-06,9.240743402503741498e-06
-1.169912450449414493e-05,7.080206459736544509e-06
-1.267857261199743964e-05,5.190800287813799830e-06
-1.334401243800006783e-06,-2.519551326096245652e-08
-2.307077766062648600e-06,1.072365734861724413e-06
-2.305395788705510210e-06,-1.124775993310491640e-06
-8.579407676474044392e-06,7.959238382132831349e-06
-7.743935421941606866e-06,6.629556175881138698e-06
-7.091539498799932533e-06,5.230046620982698858e-06
-1.055409796520942341e-05,5.526533626804869500e-06
-1.169342168291257659e-05,3.948646360216698360e-06
-3.088145182749998886e-06,-2.164350620346033460e-08
-4.045550140763634762e-06,1.359665512726771339e-06
-4.046115434203059185e-06,-1.424609836701721252e-06
-8.496980295406403351e-06,5.223602668473928691e-06
-6.600802427404898679e-06,3.802943032948970264e-06
-5.617780243312822222e-06,1.602575305800330313e-06
-6.071901259394185267e-06,1.848098102289910191e-06
-6.309507648422750870e-06,2.352114012297750615e-06
-9.760569042142448412e-06,3.769253636405344666e-06
-1.096099579728140008e-05,2.630068337652717072e-06
-4.905771175023619350e-06,1.814397020578695488e-07
-5.634032559461254992e-06,-1.641866689684145630e-06
-7.575683900835956923e-06,2.796482914284341225e-06
-6.108477190564942699e-06,8.682211279477293757e-07
-6.647264495579960422e-06,1.673682672978841644e-06
-9.198523569752256260e-06,2.223315001049448993e-06
-1.050245760887653107e-05,1.292344788102399661e-06
-6.149273611934978501e-06,-7.081053090745326883e-07
-6.089992377973007830e-06,-1.877970039181296295e-06
-7.875303222776626561e-06,5.316602162218936480e-07
-1.034072926999876379e-05,-3.972895433306604364e-08
-1.045885276770098097e-05,-1.345404546691553105e-06
-7.086476913158973093e-06,-1.563841765900823725e-06
-6.356276645552604623e-06,-2.382740442732974060e-06
-6.683595408336168866e-06,-3.772919993362845105e-06
-9.150826055117623105e-06,-1.514203745238226930e-06
-7.171449604874290054e-06,-5.120741465446110985e-06
-1.085540005052028347e-05,-2.663358036479939473e-06
-7.937713842784096982e-06,-3.821233813076608717e-06
-9.787134568792269618e-06,-3.926050559463851650e-06
-7.820175743973039150e-06,-6.407262740593803542e-06
-1.150210797809504503e-05,-3.927873980376378420e-06
-1.095855471021312940e-05,-5.177391758410722609e-06
-9.677585207627273335e-06,-5.961120621173764291e-06
-8.618365920681511251e-06,-7.636621329613367523e-06
-9.574952162809867386e-06,-8.784817906239763362e-06
-1.239023356854191154e-05,-5.096131535137008370e-06
-1.174570422153647764e-05,-6.583979817126086714e-06
-1.098687531053876315e-05,-8.329524996226351849e-06
-1.066340474408692390e-05,-9.836107532595599208e-06
-1.348911562631197397e-05,-6.124021745371948835e-06
-1.315551008143955008e-05,-8.319756979754823519e-06
-1.188573859438082644e-05,-1.076030384026387583e-05
-1.323100378283148438e-05,-1.155306730039405746e-05
-1.467096038760307581e-05,-1.220228504862255653e-05
-1.478801520209561604e-05,-8.792267603345405618e-06
-1.477616708896037116e-05,-6.974052026514415074e-06
-1.446306764573908782e-05,-1.061119960037094746e-05
-1.619798924458274185e-05,-1.267888823354221866e-05
-1.778907729826064229e-05,-1.298494437044870616e-05
-1.609916904428343999e-05,-9.198747950580479508e-06
-1.622281350757654388e-05,-7.598539862216260364e-06
-1.941505811492418509e-05,-1.310588560346182326e-05
-1.759438751339095861e-05,-1.069605620886949576e-05
-1.778246779433685003e-05,-7.971845621098287859e-06
-1.977215800858587354e-05,-1.094401555575774757e-05
-2.123424816333269446e-05,-1.313887877023535527e-05
-1.940580364784773681e-05,-8.085804967894232655e-06
-2.376474079024230439e-05,-1.317137019089533445e-05
-2.175423347110202172e-05,-9.707176849230887819e-06
-2.123261804560310856e-05,-8.052900864351686568e-06
-2.730649012917876829e-05,-1.321997542312167877e-05
-2.554030196946676843e-05,-1.039084507461322171e-05
-2.376576021470040503e-05,-8.010760201407496084e-06
-3.206866755462646382e-05,-1.327027247725803994e-05
-2.967347976871018126e-05,-1.059344429428151398e-05
-2.730690132255088201e-05,-7.964102645107183414e-06
-3.711143757738487352e-05,-1.331131669296492460e-05
-3.457751974126927353e-05,-1.059296221093351075e-05
-3.206875791337044268e-05,-7.915549366704487883e-06
-4.222297484055806578e-05,-1.334536497566197727e-05
-3.965655657107843783e-05,-1.059271240746332283e-05
-3.711148827642735836e-05,-7.874303034798813832e-06
-4.739299357712387854e-05,-1.337421372676599881e-05
-4.479897631407225812e-05,-1.059240326314060587e-05
-4.222308224117370199e-05,-7.839626015236103135e-06
-5.261289351661255014e-05,-1.339830422162648173e-05
-4.999545203918797390e-05,-1.059195979349606456e-05
-4.739332585535817739e-05,-7.810063477328024894e-06
-5.787529278868445531e-05,-1.341818126259703003e-05
-5.523784856578655290e-05,-1.059117380564335379e-05
-5.261346217753444288e-05,-7.784825709457744619e-06
-6.317278782480646097e-05,-1.343355908898434233e-05
-6.051910106622755871e-05,-1.059008071406396768e-05
-5.787593369320891416e-05,-7.763186766653986637e-06
-6.849730006861729772e-05,-1.344457692894696181e-05
-6.583135791796299529e-05,-1.058883124234213417e-05
-6.317326155580403331e-05,-7.745464519002567716e-06
-7.384013725795170635e-05,-1.345133313118514730e-05
-7.116656585122972602e-05,-1.058783000583981028e-05
-6.849760776466620857e-05,-7.732053938727165542e-06
-8.530935923165098309e-05,-1.313996527585564802e-05
-8.454875505963959953e-05,-1.345500131355321832e-05
-7.623700897753504639e-05,-1.058716303616221295e-05
-7.919284100080417708e-05,-1.345456931990889440e-05
-7.384049185653351367e-05,-7.723468830445347528e-06
-8.562441853168851927e-05,-1.237939321829144220e-05
-8.382456687803866693e-05,-1.058670874485537639e-05
-7.919308269232377181e-05,-7.719406622484845719e-06
-8.562457529771032750e-05,-8.793913329434761849e-06
-8.454896674546901456e-05,-7.718353505764150648e-06
-8.530953767905182774e-05,-8.033370928429253878e-06
