Size 192,2
7.463675408241933224e-05,-1.269945833376234285e-05
7.489613708744664194e-05,-1.207337310374371255e-05
7.489626995433682085e-05,-9.121658348292876410e-06
7.463689716615399855e-05,-8.495551675985847840e-06
7.401058157456903870e-05,-1.295877204941607027e-05
7.283603110360563121e-05,-1.059752204748901394e-05
7.401072624107268220e-05,-8.236226155564162194e-06
6.960175830473839197e-05,-1.295750247543607099e-05
6.960187148413480239e-05,-8.237203655899962248e-06
6.716930415948055429e-05,-1.059711137830406632e-05
6.519757849711024734e-05,-1.295328776422593864e-05
6.519766213802944343e-05,-8.240244604128084001e-06
6.299839630504224517e-05,-1.059652161269467559e-05
6.080271989818140287e-05,-1.294767181179976349e-05
6.080244074106767735e-05,-8.244282836155218775e-06
5.860792567726995356e-05,-1.059571265018937537e-05
5.641671466362740674e-05,-1.294260765830833610e-05
5.641615007336882185e-05,-8.247741908481036590e-06
5.422529750776780089e-05,-1.059483747008477821e-05
5.203744215461050181e-05,-1.293783495002832136e-05
5.203696132802307351e-05,-8.250984014198534463e-06
4.984949630588571506e-05,-1.059393851660396908e-05
4.766563305112788118e-05,-1.293185839824757066e-05
4.766557833042713900e-05,-8.255595282494402788e-06
4.548322433163762144e-05,-1.059331687260885583e-05
4.330592219482670723e-05,-1.292364751843490401e-05
4.330611441383413514e-05,-8.262826827840330288e-06
4.113150254341804929e-05,-1.059289084774790826e-05
3.896289486527193443e-05,-1.291386403715401094e-05
3.896308461220793917e-05,-8.271848088273396927e-06
3.679765426327205922e-05,-1.059247200177704874e-05
3.463844722052069659e-05,-1.290323180896736303e-05
3.463895460247968085e-05,-8.281603269408039847e-06
3.248296870146477161e-05,-1.059217365290389144e-05
3.033369636712193447e-05,-1.289200307969929116e-05
3.033435155937503377e-05,-8.291960571970519118e-06
2.827493900889342172e-05,-1.059195011472797618e-05
2.622233745322323964e-05,-1.288057997053764310e-05
2.622260671541148288e-05,-8.303250384681058738e-06
2.468540659187343569e-05,-1.077012795971741902e-05
2.312207613373284254e-05,-1.287047652311805048e-05
2.312179733114725415e-05,-8.313394912276895986e-06
2.087509767379779722e-05,-1.286196901570674883e-05
2.131224269004913333e-05,-1.136738217907290714e-05
2.087459763219898825e-05,-8.319614328598131707e-06
1.924603176339286846e-05,-8.326104581735356092e-06
-3.285928095951507806e-06,-5.505859517881065975e-07
-3.351118373579661949e-06,-3.937504729275098192e-07
-3.350715343199386286e-06,1.901606359805925241e-07
-3.285866849471231196e-06,3.447097984869765818e-07
1.924559959592174753e-05,-1.285607174674183509e-05
1.776985749750353418e-05,-1.276669247352770852e-05
1.891530979080881071e-05,-1.002586413457366887e-05
1.777108640721631561e-05,-8.203951331189263043e-06
-3.129799804660632135e-06,-6.154721767640691905e-07
-2.972602070818891357e-06,2.493693829599566373e-08
-3.131174973135816584e-06,4.091918082456105114e-07
1.730106741806498904e-05,-1.137055685323538887e-05
1.631620752094076383e-05,-1.250946288074008854e-05
1.490477947079210568e-05,-1.209129897044699796e-05
1.685823790420047668e-05,-9.441238375624276302e-06
1.634659381025486597e-05,-7.830048071542124793e-06
-2.071978159869867150e-06,-6.330308282731787503e-07
-2.071291120180298110e-06,4.275940029252554253e-07
-1.523117169847038238e-06,-1.028072447177977030e-07
1.355387044236403621e-05,-1.151520615669370493e-05
1.471931520025417163e-05,-1.062982650309559398e-05
1.520914772111062546e-05,-8.781199526095748674e-06
1.501369991251093750e-05,-7.217077908641983865e-06
-9.281742074014005428e-07,-7.320483770180320437e-07
-9.284424188555777138e-07,5.258187194913865152e-07
-2.511049776551374413e-07,-1.033672115088824785e-07
1.227908695266508856e-05,-1.079213983335080499e-05
1.109852532308979500e-05,-9.931530723966325967e-06
1.349055005450163783e-05,-8.487561937933958169e-06
1.381182147159708889e-05,-6.383719523641958814e-06
5.264064799363652235e-07,-9.461098007357285915e-07
5.263492360616383026e-07,7.389816118173745496e-07
1.139703736970928234e-05,-8.586877065930165870e-06
1.002676589232953628e-05,-8.943443181206150498e-06
1.190041357979297937e-05,-7.051259240849143006e-06
1.277630820402641015e-05,-5.358844789038288426e-06
1.382945675904147651e-06,-1.040047141401236070e-07
2.402325880338707435e-06,-1.256034524819193731e-06
2.400671752491465634e-06,1.049565650851596540e-06
9.074782008223730075e-06,-7.842922138655570845e-06
8.257121442504048727e-06,-6.646533074365285639e-06
7.580431289831519309e-06,-5.364460302259806437e-06
1.087092065798535538e-05,-5.653650270504654599e-06
1.193722214047397347e-05,-4.176441965819028366e-06
3.221566278661503998e-06,-1.076276243859144066e-07
4.228329753686696031e-06,-1.562075190589306700e-06
4.227898003595477141e-06,1.366634902502282223e-06
8.946559792331221933e-06,-5.370533315247372071e-06
7.054376990179146968e-06,-4.011487224174108335e-06
5.905812849117689914e-06,-1.823738624422947620e-06
6.406473557201014568e-06,-2.078615536626144457e-06
6.687196976877203567e-06,-2.590332271159074760e-06
1.014527967409268896e-05,-4.000298706394075109e-06
1.131924862341303006e-05,-2.882231740173398292e-06
5.134014116400180988e-06,-3.205130540097343310e-07
5.874076196252235248e-06,1.593753099155823257e-06
7.996831020331412343e-06,-3.046042937986910635e-06
6.422012911870098101e-06,-1.055140611189707749e-06
7.015231404890742570e-06,-1.900149289846387925e-06
9.608580645813477513e-06,-2.478343317495929278e-06
1.095003776441532690e-05,-1.523224071276212416e-06
6.423903752540305034e-06,6.040648420364544044e-07
6.328815180107559507e-06,1.845949636250166137e-06
8.268498075724381322e-06,-7.406246682055797300e-07
1.084324717880077440e-05,-1.362779611784383846e-07
1.106083079300834353e-05,1.264720427876985116e-06
7.389572855155640446e-06,1.498988622931236898e-06
6.585394693998694832e-06,2.401721346471819323e-06
6.884758967466315825e-06,3.965353935894108129e-06
9.628419904954501308e-06,1.421350214309260928e-06
7.368701711650918800e-06,5.538563776652084606e-06
1.158185147768602392e-05,2.698390118118057138e-06
8.271829462830567985e-06,4.001600012057811252e-06
1.037924894043060334e-05,4.123188638678557505e-06
8.073487328338463840e-06,7.065004549212459155e-06
1.240540844915921202e-05,4.126087229124421858e-06
1.178264353429315748e-05,5.585631855914037040e-06
1.024707937540202888e-05,6.522091083785738827e-06
8.971620026211558560e-06,8.576156436349035268e-06
1.010525231076814502e-05,1.002527452487173231e-05
1.354628626525761475e-05,5.475267714895413244e-06
1.275905289314092644e-05,7.285629666283388429e-06
1.182103059101277124e-05,9.461271901034559769e-06
1.141787336888546150e-05,1.139020199157949668e-05
1.496496766297860139e-05,6.693952203789176502e-06
1.454827136056556261e-05,9.461108537610000817e-06
1.293826434547132980e-05,1.260649149802211412e-05
1.466007424509862185e-05,1.368013370045334004e-05
1.653145924317780968e-05,1.459351614315311044e-05
1.667045893781772932e-05,1.006997534904493042e-05
1.664860442318422267e-05,7.728004143854031824e-06
1.624165274398878652e-05,1.245903008100325241e-05
1.855890805696109005e-05,1.527492575374662036e-05
2.070953045489426798e-05,1.574028383856728244e-05
1.840709041884551516e-05,1.059713288899989743e-05
1.857669442514047443e-05,8.483664742968618580e-06
2.292905814318824194e-05,1.595180833720233283e-05
2.041780212774082029e-05,1.261145793120104268e-05
2.068409549157920001e-05,8.918495291987026528e-06
2.341144480306456933e-05,1.296157094572173610e-05
2.546189811689382522e-05,1.605266533996133264e-05
2.290152912562763417e-05,9.029536312024542903e-06
2.903207058918613059e-05,1.615460346007292926e-05
2.617162861204687003e-05,1.123616089407904925e-05
2.545616239697919366e-05,8.930770794998287455e-06
3.414383659777316197e-05,1.631165442133852410e-05
3.156956629607438031e-05,1.219547181653136304e-05
2.903464041684123150e-05,8.801054554313290806e-06
4.118057895019371659e-05,1.647940728108471492e-05
3.761490039992949067e-05,1.248768888758224867e-05
3.414465308560885764e-05,8.652797403771537305e-06
4.878227387495324193e-05,1.661668872484657454e-05
4.493951462194186017e-05,1.248853651968173951e-05
4.118043901327817961e-05,8.494992456183541595e-06
5.660670683648198406e-05,1.672433795291783869e-05
5.266102324225630763e-05,1.249040387320044087e-05
4.878169098381772309e-05,8.362195990203323716e-06
6.460110575762725176e-05,1.680340888628018258e-05
6.057943665806825512e-05,1.249220758762633524e-05
5.660598344827964443e-05,8.258396408038753544e-06
7.271353364190648164e-05,1.685589004165694311e-05
6.864127158694565008e-05,1.249361075444660062e-05
6.460051336195040035e-05,8.182572463461372040e-06
8.089800424566535321e-05,1.688637216686627484e-05
7.679670115184113752e-05,1.249454942157895464e-05
7.271301387745444944e-05,8.132374095154890986e-06
8.911880247653152388e-05,1.690068425640466437e-05
8.500440945608442301e-05,1.249504060911525920e-05
8.089766620809832603e-05,8.103311156683488047e-06
9.735247622406496934e-05,1.690533727220384976e-05
9.323458302480887360e-05,1.249527928686868487e-05
8.911857187821590771e-05,8.089649780136225096e-06
1.055883552461373497e-04,1.690626753717502803e-05
1.014703381183156835e-04,1.249533161382090605e-05
9.735241818564824539e-05,8.085230938293915668e-06
1.232290497349026472e-04,1.642214930352193459e-05
1.220593514304232463e-04,1.690664651927330188e-05
1.092772462786369332e-04,1.249542656598166582e-05
1.138237425860837946e-04,1.690646350393461541e-05
1.055881863410590849e-04,8.084502382538692430e-06
1.237135523918538157e-04,1.525245904315876940e-05
1.209456822741899459e-04,1.249542821384789141e-05
1.138236460357985852e-04,8.084336604094172327e-06
1.237134326366205522e-04,9.738464001656013658e-06
1.220592188884721854e-04,8.084282898229904485e-06
1.232289213155009883e-04,8.568779470941588380e-06
