Size 192,2
5.137695939099374989e-05,-6.469506868971856369e-06
5.161197760708248283e-05,-5.902326933761404254e-06
5.161206557938973068e-05,-3.228041108430656844e-06
5.137704959003742538e-05,-2.660817894310876242e-06
5.080962840289424912e-05,-6.704409131860820007e-06
4.974508444428704494e-05,-4.565177637002154023e-06
5.080970405058876497e-05,-2.425892298291675528e-06
4.681420847353273072e-05,-6.702023234620970608e-06
4.681415899256666685e-05,-2.427642762205063883e-06
4.461024993385130622e-05,-4.564335155286545543e-06
4.282637223210404668e-05,-6.691996936299209675e-06
4.282634814259959406e-05,-2.435649048518800126e-06
4.083934246682112320e-05,-4.563098186392557811e-06
3.886346090385554478e-05,-6.671803894052013068e-06
3.886316522037381731e-05,-2.452656908452395004e-06
3.689496781730772327e-05,-4.561284583171958210e-06
3.494462464575512681e-05,-6.640447992335250144e-06
3.494385019211498629e-05,-2.479871495164542298e-06
3.300469801304621879e-05,-4.559141319163596540e-06
3.109018060423721541e-05,-6.597707125682932877e-06
3.108892265185479080e-05,-2.518111729824291978e-06
2.918924809857329283e-05,-4.556718469797761789e-06
2.732240384054884165e-05,-6.541819970035284859e-06
2.732126098675093640e-05,-2.569338965384748948e-06
2.547324857361769139e-05,-4.554530009176542935e-06
2.366741936381449991e-05,-6.472057903631008751e-06
2.366643236223063646e-05,-2.634866404753665419e-06
2.188378259482954403e-05,-4.552345371303230980e-06
2.015218040490003647e-05,-6.388703201847804162e-06
2.015135603695352115e-05,-2.713817581832388486e-06
1.844682000505779197e-05,-4.549985854586839874e-06
1.680046657158161717e-05,-6.293412526751791374e-06
1.680016757991538673e-05,-2.804482800805261381e-06
1.518393868331805096e-05,-4.547572431432652499e-06
1.363197577361445992e-05,-6.187129194091052908e-06
1.363157799096835523e-05,-2.906108050184509387e-06
1.217255827171236156e-05,-4.544519021459941148e-06
1.078056153151538658e-05,-6.072532307692402291e-06
1.077939524540748985e-05,-3.019799358025037740e-06
9.754613692754300489e-06,-4.655996116970183777e-06
8.771119132526376895e-06,-5.970289046356792837e-06
8.767585496000003000e-06,-3.121186149445362636e-06
7.403391896047191128e-06,-5.883244591126320911e-06
7.643211625859364973e-06,-5.008844539459446875e-06
7.398321496482094742e-06,-3.184509792279075875e-06
6.455803701572607683e-06,-3.251826423886595491e-06
-6.582610221783900830e-07,-1.012185103787030705e-06
-6.719822069390560040e-07,-9.788264069291063336e-07
-6.718178949986701356e-07,-8.559653844879130455e-07
-6.582413110414050229e-07,-8.237023985373186993e-07
6.450141896363984267e-06,-5.822743294493582924e-06
5.638701005346056210e-06,-5.721786473693896547e-06
6.242138744080379045e-06,-4.219323374387686843e-06
5.616885034516438619e-06,-3.250746378165143425e-06
-6.251411451731314391e-07,-1.026204416730990858e-06
-5.923074979301137644e-07,-8.916874671283130334e-07
-6.259075689132471440e-07,-8.105886867666237447e-07
5.365072693435842960e-06,-4.941375254378878734e-06
4.869185671765153780e-06,-5.519811351778598042e-06
4.165627325740156338e-06,-5.257158281870989585e-06
5.121688306726666344e-06,-3.921776938428771750e-06
4.860876401799963924e-06,-3.132750553085670168e-06
-4.019904441763718317e-07,-1.032757570124128778e-06
-4.027759781087330694e-07,-8.096431426160936012e-07
-2.867616271240436149e-07,-9.228650017365126996e-07
3.538347199951113683e-06,-4.912166050492789836e-06
4.057540352807996119e-06,-4.504961316981910163e-06
4.293460468923698551e-06,-3.610391491186563593e-06
4.190274577660420505e-06,-2.915530838739312092e-06
-1.611971336776440563e-07,-1.056194171893211780e-06
-1.622536149133192783e-07,-7.931087069815592531e-07
-1.993761240589928185e-08,-9.264705431655143885e-07
2.975584438870965465e-06,-4.526970982285423004e-06
2.503005290029516483e-06,-4.109111525407523174e-06
3.492488541290569421e-06,-3.482560009231621163e-06
3.617236754214797802e-06,-2.606528834269333329e-06
1.421936479609908534e-07,-1.102098466042421683e-06
1.410928180916616238e-07,-7.546594453508461365e-07
2.625178491003898348e-06,-3.512518097030575495e-06
2.116293207167705740e-06,-3.650686282238585512e-06
2.817832261145229698e-06,-2.890476658976860578e-06
3.148208741753665813e-06,-2.252018759060100551e-06
3.181055725538021175e-07,-9.303024320169297997e-07
5.268782925965837428e-07,-1.165893150336188288e-06
5.250845545105753041e-07,-6.979595671789993454e-07
1.790939490025798901e-06,-3.181696364067491064e-06
1.561571881484959999e-06,-2.735018059267077153e-06
1.413238359980311885e-06,-2.282649920619372722e-06
2.434596570234616693e-06,-2.367677615030004885e-06
2.783116002336995346e-06,-1.881912569254309675e-06
6.927807394198319540e-07,-9.348476750215173567e-07
8.954862528056220788e-07,-1.226767555257062420e-06
8.951174978756272547e-07,-6.393412043151760160e-07
1.804421834108325816e-06,-2.271801878344376316e-06
1.316073730346547632e-06,-1.854881095309892455e-06
1.205806225041254938e-06,-1.275964332586516254e-06
1.281485499184113358e-06,-1.332178944355806978e-06
1.305200066929518540e-06,-1.456457874457074037e-06
2.177663766750068833e-06,-1.830776269930606834e-06
2.504925492253211689e-06,-1.520522744892734412e-06
1.075349128695368751e-06,-9.815839648230734675e-07
1.251307646580984964e-06,-5.947169410219986520e-07
1.592020447955512157e-06,-1.562388593718301814e-06
1.308983597774786315e-06,-1.117814910712407647e-06
1.399806454042320347e-06,-1.291578598435862957e-06
2.013428708889421886e-06,-1.411793445578666884e-06
2.313928849852231958e-06,-1.192633521613726795e-06
1.353172789158928678e-06,-7.856473968425446532e-07
1.369685989762148904e-06,-5.488956681298467698e-07
1.690923280429681116e-06,-1.013962676874216644e-06
2.225489376744055887e-06,-8.962941723469630460e-07
2.168542802772758019e-06,-6.436950858308793260e-07
1.568376481475330127e-06,-6.008923464516735588e-07
1.446717246788259173e-06,-4.650812906576182224e-07
1.556025282721931716e-06,-2.627343182469372795e-07
1.943223770263939619e-06,-5.894057040679314754e-07
1.685040052097771090e-06,-1.176076366436037903e-07
2.159639570288713942e-06,-4.076505233432031046e-07
1.759741514694026920e-06,-2.395283444924165188e-07
2.004911268467368499e-06,-2.275843600847583160e-07
1.801686459325061124e-06,-1.253254087811763597e-09
2.167846807180346746e-06,-2.281734912443982763e-07
2.098727090295708234e-06,-9.472080409194206014e-08
1.996755349002307540e-06,-2.957761953202339880e-08
1.917429111442848613e-06,6.315146440852745453e-08
2.004624782132505330e-06,8.955873349275921912e-08
2.170131322111282443e-06,-8.988538710344379427e-08
2.131593640810358393e-06,4.369056580443731395e-09
2.095987552911986905e-06,6.937517547878499992e-08
2.083701494197375800e-06,8.047293077561734247e-08
2.166827830112375965e-06,3.063606845802808810e-09
2.154442499673586196e-06,5.771144977956834856e-08
2.131114071447731584e-06,5.817287882719063964e-08
2.140461955432211944e-06,1.276641534038394847e-08
2.126460133992589210e-06,-5.275160567916247650e-08
2.137278114056206432e-06,5.705815894471177214e-08
2.143830429268774005e-06,5.611752180963340141e-08
2.145418820651360195e-06,1.879457560515363723e-08
2.074285032284418528e-06,-1.095266299375225783e-07
1.988891281485865886e-06,-1.681151997133509525e-07
2.095656597706149455e-06,5.361450961399759318e-08
2.087520130244553119e-06,9.741989291291280100e-08
1.883325983367269201e-06,-2.132454709827993707e-07
2.022825358390687817e-06,-1.816995455407022606e-08
2.003358312457665168e-06,1.349839976084321059e-07
1.864179099280358980e-06,-4.376882991127426338e-08
1.725933662803219314e-06,-2.589235969426508040e-07
1.896385959630462672e-06,1.634401899083400112e-07
1.470908514959829933e-06,-3.045381309285725661e-07
1.691767003728442083e-06,6.436605999665306980e-08
1.728726845537493583e-06,2.080290086713025872e-07
1.030007878296037249e-06,-3.732747944033196409e-07
1.267837977058310988e-06,3.290632378290443280e-10
1.469963791939209140e-06,2.656175517973400942e-07
3.240566790483050464e-07,-4.453450245014250847e-07
6.972332424017096748e-07,-2.426688973154991042e-08
1.029920235816201483e-06,3.298954428640139385e-07
-5.246180091513074269e-07,-5.044488937684779489e-07
-8.252823400252035782e-08,-2.489518197817468141e-08
3.243402539639326219e-07,3.970951658757871875e-07
-1.469605868395522017e-06,-5.543180685543281486e-07
-9.818880954323906108e-07,-2.598917907881142235e-08
-5.242351675063231350e-07,4.536642498199291189e-07
-2.498368943961583752e-06,-5.981714627298330995e-07
-1.970563105712306135e-06,-2.721756293724057833e-08
-1.469266453446332389e-06,5.012038130616739802e-07
-3.601673793951558380e-06,-6.370029589139087756e-07
-3.038003491939465448e-06,-2.855339760729101344e-08
-2.497997732463439975e-06,5.423646704128856216e-07
-4.770502927504909172e-06,-6.704946842365200421e-07
-4.175644672403178089e-06,-3.006841268617828761e-08
-3.601125403414461751e-06,5.784004112688919324e-07
-5.993161718014669662e-06,-6.969146254170178848e-07
-5.373704960322117414e-06,-3.163430269181289001e-08
-4.769909749155330977e-06,6.088220730972293476e-07
-7.255297468133669784e-06,-7.156897776134061826e-07
-6.618620604182940724e-06,-3.310704347789183679e-08
-5.992686149250694511e-06,6.322074487465156285e-07
-8.542649609416098184e-06,-7.271812326924435047e-07
-7.895724592342393493e-06,-3.433347980050602728e-08
-7.254988904882627367e-06,6.481428102694262066e-07
-1.133219111713765171e-05,-6.573137094473729535e-07
-1.114709643812456420e-05,-7.339541796826767882e-07
-9.123685711192904064e-06,-3.526385445282998480e-08
-9.842870456921292967e-06,-7.327106564642338753e-07
-8.542331216486797550e-06,6.574206158417700941e-07
-1.140886295354848509e-05,-4.722615669123546834e-07
-1.097057974745085526e-05,-3.591504123886389744e-08
-9.842709231628932908e-06,6.614742027324264804e-07
-1.140883041140024703e-05,4.004042654153281251e-07
-1.114702276311525731e-05,6.621522129319754894e-07
-1.133214593833987777e-05,5.854923027723278935e-07
