Size 192,2
1.289299367355619601e-05,-2.002351572002931758e-07
1.296979371054000484e-05,-1.485063960294724886e-08
1.296985682833780245e-05,8.591090856996682570e-07
1.289307219859591437e-05,1.044460814922866177e-06
1.270758897247007228e-05,-2.770185269927236481e-07
1.235985915741797602e-05,4.221252152206986055e-07
1.270769909599881035e-05,1.121230459232474770e-06
1.140228453225791844e-05,-2.766097603140574925e-07
1.140243539590514115e-05,1.120968641531336573e-06
1.068216125403686397e-05,4.222703023396151262e-07
1.009829901389147768e-05,-2.752534178761949024e-07
1.009820759368773575e-05,1.120130042383220581e-06
9.446924873099181674e-06,4.223281112676448624e-07
8.797122155297191698e-06,-2.731367584046926105e-07
8.796137328799260538e-06,1.118385404651783331e-06
8.146895628663524639e-06,4.225317995475763867e-07
7.499657471692506981e-06,-2.698232010465649296e-07
7.498308321771127643e-06,1.115293034233837922e-06
6.851935077365154705e-06,4.227824234167213961e-07
6.209197130209916951e-06,-2.632669699657969895e-07
6.207892952455662378e-06,1.109053662494666967e-06
5.567296510436330688e-06,4.230601049315773021e-07
4.934044912033412882e-06,-2.502495811987966968e-07
4.933255385345670863e-06,1.096423613819033635e-06
4.304749314157529920e-06,4.232619061726518622e-07
3.689802204168796481e-06,-2.274093001545129954e-07
3.689280110870610573e-06,1.074071066179828997e-06
3.082970247443101279e-06,4.235999169967756348e-07
2.498475983078277812e-06,-1.914787028335390452e-07
2.498345777282857132e-06,1.038824789290802652e-06
1.926936361601239871e-06,4.239563771486469558e-07
1.386210223468037887e-06,-1.418390218329408871e-07
1.386434723066230818e-06,9.898623634331796304e-07
8.629600086613098782e-07,4.243164211257460291e-07
3.783725628827794801e-07,-7.879297977153630455e-08
3.783727793560975100e-07,9.274038985703032183e-07
-6.758325247779951113e-08,4.251441173288407020e-07
-4.694533402688072864e-07,-4.522877053368369502e-09
-4.700741022850216407e-07,8.510514905284768715e-07
-7.588213671127179007e-07,3.960159969687879539e-07
-1.009641012681926266e-06,6.595197006818839318e-08
-1.011844465502621341e-06,7.783252449209191164e-07
-1.334694944690101654e-06,1.290861231440579818e-07
-1.291718997628193134e-06,3.168144304607673071e-07
-1.338190905278800572e-06,7.306971188865038086e-07
-1.535806325304322364e-06,6.790266292307142125e-07
6.179795263019804872e-07,-2.326193358564730741e-07
6.305446035525161521e-07,-2.627295397393327537e-07
6.305010475177203288e-07,-3.753780066117728118e-07
6.179751027440199229e-07,-4.052940251443892471e-07
-1.540577918427282025e-06,1.741908394889088460e-07
-1.685444532019877493e-06,2.238052472445041672e-07
-1.593815935218721256e-06,4.873918442397934832e-07
-1.703012164744602645e-06,6.370531236291498183e-07
5.879712608406364272e-07,-2.202408919548347990e-07
5.574936346395815006e-07,-3.438598282882940905e-07
5.880537928076613927e-07,-4.179086382973437666e-07
-1.744069579736708846e-06,3.698988996986298897e-07
-1.803540444035577221e-06,2.974434861912437752e-07
-1.882719885900199108e-06,3.645454599776382382e-07
-1.787435897941390633e-06,5.237876141830278661e-07
-1.821034990409732803e-06,6.011892855477374014e-07
3.838606571047221228e-07,-2.179781271363476667e-07
3.833744691183063453e-07,-4.225154485677455968e-07
2.776996404658176394e-07,-3.208499024358327889e-07
-1.920356156533765492e-06,4.435555519547933695e-07
-1.905958688051586114e-06,4.649235927896334058e-07
-1.885333986574075324e-06,5.451785726616077705e-07
-1.901161185450985986e-06,5.614761452210769900e-07
1.631527487857330845e-07,-2.004771778194471580e-07
1.627995667406737623e-07,-4.423931501885245179e-07
3.263374081870431689e-08,-3.220124041244539106e-07
-1.931874196789243358e-06,5.035527416530003798e-07
-1.902266874264027888e-06,5.414204038251030720e-07
-1.935815997248999804e-06,5.453442107174813328e-07
-1.947069834355040223e-06,5.188558140856451269e-07
-1.162121926026750232e-07,-1.618977516605568257e-07
-1.164965191298862983e-07,-4.832086984374032469e-07
-1.907617002184664838e-06,5.549153888453313582e-07
-1.840728411731936257e-06,5.673636268415118184e-07
-1.927387331936136851e-06,5.214323801571664692e-07
-1.965820806926116783e-06,4.457448612116230002e-07
-2.796495191545667260e-07,-3.230182298100104321e-07
-4.725518103470701959e-07,-1.059482737670401098e-07
-4.727326014895055122e-07,-5.410601356897787550e-07
-1.771275834183065093e-06,5.615785633860832342e-07
-1.671044739329887938e-06,5.035669081541345415e-07
-1.555644822629455535e-06,4.204876949994302430e-07
-1.877584738473729583e-06,4.542309441174533420e-07
-1.967765371279416146e-06,3.299717496222043843e-07
-6.276947412709291232e-07,-3.234571638629135361e-07
-8.170041947881757417e-07,-5.022920265411120533e-08
-8.163973246862494299e-07,-5.984174215888461309e-07
-1.715607475412280417e-06,4.314861883796063885e-07
-1.452011736663934111e-06,2.924400063004536098e-07
-1.148963980154489199e-06,-1.666946624129954348e-09
-1.259856411978530747e-06,4.077289652139900261e-08
-1.336184173541529221e-06,1.182223470571736250e-07
-1.831424009819493903e-06,3.086068172806967163e-07
-1.975352207589834915e-06,1.688140388171608192e-07
-9.881662398045851112e-07,-2.851238715631173116e-07
-1.104768127574552077e-06,-6.362820701021936999e-07
-1.557763446974898183e-06,1.911262106128803581e-07
-1.244682307239878040e-06,-1.410440251273628785e-07
-1.374410913846054002e-06,1.121498280348549027e-08
-1.776844698292256453e-06,1.148328661000736707e-07
-1.997745454196640266e-06,-4.019399627244200766e-08
-1.212803163896087160e-06,-4.471380053404371346e-07
-1.169449761755725297e-06,-6.844982949766170507e-07
-1.573477255265037906e-06,-1.684139040092217645e-07
-2.028679499200380057e-06,-2.818804451202764085e-07
-2.142431227529758021e-06,-5.597877310355464655e-07
-1.373851190948118560e-06,-6.069253073953208300e-07
-1.198115703587395658e-06,-8.046222402589328771e-07
-1.217960243988883983e-06,-1.168921487272004575e-06
-1.836211138831080830e-06,-5.719242584846490544e-07
-1.283601168816929695e-06,-1.578293704312966415e-06
-2.319917976981611237e-06,-8.585652922495905524e-07
-1.524858603673314615e-06,-1.163937640991658682e-06
-2.038154439100177136e-06,-1.194728266431746896e-06
-1.430317534701136141e-06,-1.993198347605166785e-06
-2.584101922548484269e-06,-1.195891930292416536e-06
-2.430360336490743110e-06,-1.576656258763235782e-06
-2.001130798557674537e-06,-1.835980822733885833e-06
-1.641024342084467437e-06,-2.440934141477832746e-06
-1.949501908793154736e-06,-2.895923731448049819e-06
-2.956576486309116873e-06,-1.536821714760677558e-06
-2.726805281197415724e-06,-2.060894285241035460e-06
-2.445466420643802086e-06,-2.725806931506568966e-06
-2.322473344855952705e-06,-3.349034981672637951e-06
-3.424227647136909527e-06,-1.868023864002858850e-06
-3.297088242487940179e-06,-2.733983883642273404e-06
-2.786613663016036282e-06,-3.762989632295488175e-06
-3.344358886964476448e-06,-4.146762375647461227e-06
-3.967578428978642410e-06,-4.491850070773651592e-06
-4.005071040204695646e-06,-2.933574223735758172e-06
-3.992821976214905186e-06,-2.167942254806365830e-06
-3.859090235071488178e-06,-3.742595239144123665e-06
-4.669421915369660118e-06,-4.754427595026058970e-06
-5.434159048969709673e-06,-4.946766682792129819e-06
-4.604192147838756055e-06,-3.108467485852873316e-06
-4.665207464247651048e-06,-2.385637360564123597e-06
-6.235567040593873368e-06,-5.046203697544125739e-06
-5.315209483680513196e-06,-3.818032048366852419e-06
-5.415780763638368586e-06,-2.501759042450792836e-06
-6.407421862040841125e-06,-3.949884413084511200e-06
-7.174304639293480465e-06,-5.108665407014764929e-06
-6.217912949955402839e-06,-2.518703110702488654e-06
-8.518393211155807140e-06,-5.170480757173744517e-06
-7.431328601406563314e-06,-3.310359339281061297e-06
-7.170990058927825250e-06,-2.456572257544225830e-06
-1.048821713246890104e-05,-5.262978895821717293e-06
-9.487242869376129171e-06,-3.667569951735494159e-06
-8.520139189176055509e-06,-2.377022736533715207e-06
-1.325555351587760218e-05,-5.359079746291258288e-06
-1.184494047434267051e-05,-3.778716829621571288e-06
-1.048897923113647862e-05,-2.288823121086003407e-06
-1.629218501075845881e-05,-5.437028683840220012e-06
-1.475013254695529025e-05,-3.778160360863331006e-06
-1.325574058445642861e-05,-2.196744936374017166e-06
-1.945753502049838744e-05,-5.500503172506204855e-06
-1.785520067204604520e-05,-3.778131760720827045e-06
-1.629219579906798134e-05,-2.119204809470829986e-06
-2.272908619070427135e-05,-5.553139223424678511e-06
-2.107704773894114521e-05,-3.778143842680046214e-06
-1.945752561034276627e-05,-2.055759469999635368e-06
-2.608962115522019619e-05,-5.597761179678466510e-06
-2.439552957827091414e-05,-3.778189615608815742e-06
-2.272910440936272238e-05,-2.003184977670718562e-06
-2.952661590500157201e-05,-5.636352327559235199e-06
-2.779606357913059708e-05,-3.778503692128527679e-06
-2.608949434145066510e-05,-1.958881768529703419e-06
-3.302950400499175192e-05,-5.668654390387984683e-06
-3.126789830413446465e-05,-3.778990774956175619e-06
-2.952646998668561503e-05,-1.921118151517555768e-06
-3.658514997297173418e-05,-5.693125285527800518e-06
-3.479966747138517314e-05,-3.779548754800690523e-06
-3.302929641106744889e-05,-1.889898884843652310e-06
-4.017728352514402792e-05,-5.708820064674668753e-06
-3.837648637884616773e-05,-3.779939391453327658e-06
-3.658503618614275570e-05,-1.866387914102326691e-06
-4.792280179231425707e-05,-5.505434507596696353e-06
-4.740897921256401805e-05,-5.718226511081259128e-06
-4.179343064363102327e-05,-3.780228657211957622e-06
-4.378993410381954625e-05,-5.716569872284545063e-06
-4.017718783375894139e-05,-1.851374908221203081e-06
-4.813563922167214123e-05,-4.991672629727981326e-06
-4.691940755727499291e-05,-3.780495062375805369e-06
-4.378986384101259393e-05,-1.844155060281365172e-06
-4.813563571814989407e-05,-2.569326451778666836e-06
-4.740895503391072332e-05,-1.842742945007948754e-06
-4.792279249205873829e-05,-2.055545073040994252e-06
