Size 192,2
1.795910036174421973e-05,-9.066392978811588080e-07
1.805916758461556168e-05,-6.651247909754657218e-07
1.805930900323570617e-05,4.735886141393844025e-07
1.795925773965990161e-05,7.151158491450374953e-07
1.771753803397332089e-05,-1.006667791621400504e-06
1.726443799713846608e-05,-9.576841480436030810e-08
1.771770887658433098e-05,8.151532671237869130e-07
1.601663722802228548e-05,-1.005921691639680543e-06
1.601685150498717049e-05,8.148012993299665195e-07
1.507820974518740858e-05,-9.525338446684732020e-08
1.431753374259559072e-05,-1.003060600320123386e-06
1.431780194511718374e-05,8.130890847150790804e-07
1.346948968688084864e-05,-9.457774645938230371e-08
1.262424190872844935e-05,-9.968691033075066103e-07
1.262426984905230491e-05,8.087169241634116777e-07
1.178094329279344886e-05,-9.334054336989468074e-08
1.094405592411939073e-05,-9.849333498744486952e-07
1.094391958348936984e-05,7.996706109268042363e-07
1.011088729342195328e-05,-9.180422048825768666e-08
9.289099885915828153e-06,-9.652692191576420823e-07
9.288799718602231046e-06,7.835873068876641771e-07
8.473486410668890797e-06,-8.981396086189023593e-08
7.675102712125056893e-06,-9.361981550845961547e-07
7.674544684822996537e-06,7.591408339933746818e-07
6.885601856492371509e-06,-8.741407126763887696e-08
6.119686649074175729e-06,-8.970190344054571600e-07
6.118738834361117689e-06,7.252196013756053389e-07
5.365490148810821407e-06,-8.476349694286796420e-08
4.642052565963780954e-06,-8.471617721618481366e-07
4.640726402909071489e-06,6.805404713920669269e-07
3.933150144845307836e-06,-8.217744885913100548e-08
3.262372907040552939e-06,-7.863763467799760599e-07
3.260844136426492726e-06,6.245573177922866508e-07
2.609213079715045787e-06,-7.953078000024722305e-08
2.001255214860769457e-06,-7.135178228201176150e-07
1.999794611962366581e-06,5.565319396222708626e-07
1.437473828968330113e-06,-7.647145318641142351e-08
9.236331156970010617e-07,-6.299040575274757871e-07
9.222519870280093127e-07,4.745289852384928983e-07
5.510617287979214285e-07,-1.134377930480367902e-07
2.194885168889664305e-07,-5.527595153804702812e-07
2.166673379625131266e-07,3.983717742046307882e-07
-2.207528638130811114e-07,-4.863693143843967664e-07
-1.559377516065412616e-07,-2.218276847219070546e-07
-2.245800723235500817e-07,3.501493166616573539e-07
-5.049735804161061176e-07,2.987016770683661366e-07
4.485578435109882940e-07,-2.068332334536114299e-07
4.570371729939711740e-07,-2.271077777757686603e-07
4.569965540948259962e-07,-3.030676074299858746e-07
4.485289901396824522e-07,-3.232553218754677555e-07
-5.093055554668653650e-07,-4.400077079113456453e-07
-7.293810200172595980e-07,-3.854473023258876752e-07
-5.795658032590149095e-07,1.929154715880236841e-08
-7.473614064123155298e-07,2.643124305575752030e-07
4.283373302448252238e-07,-1.985178455834463507e-07
4.077924570614698623e-07,-2.818912691808065834e-07
4.283225618621717412e-07,-3.317941121113265153e-07
-8.119750924281411472e-07,-1.672231880100366340e-07
-9.225138225652141942e-07,-2.988144521587838599e-07
-1.075521540827007937e-06,-2.100746009685158535e-07
-8.783357672883314574e-07,8.732104992192333610e-08
-9.387017558313871056e-07,2.498854060561425954e-07
2.909960865543017900e-07,-1.973398892336760745e-07
2.905294884356276059e-07,-3.353184099121231544e-07
2.195853262661436368e-07,-2.670140662639594339e-07
-1.184518294649732849e-06,-1.011665475701095208e-07
-1.108363337948530723e-06,-3.320745546540692176e-08
-1.062345604061139495e-06,1.444496488476273990e-07
-1.088663113582023839e-06,2.444960104585616455e-07
1.422131784119915198e-07,-1.851700807838973965e-07
1.417325914286066268e-07,-3.504712173591948646e-07
5.283214500170024933e-08,-2.687603525464396805e-07
-1.263888078580898623e-06,-2.757314200275325784e-09
-1.297699789632422177e-06,8.141800106909426276e-08
-1.203864885303023304e-06,1.612890716853300715e-07
-1.198603946125403406e-06,2.477204340517909131e-07
-5.003406207188565118e-08,-1.572485471208060412e-07
-5.075872825363786588e-08,-3.825502330409758467e-07
-1.287332745373280464e-06,1.668135804979629529e-07
-1.293215993768762503e-06,1.606356298384975955e-07
-1.280898009104916431e-06,2.154934255305103825e-07
-1.273372089636840908e-06,2.302822705127398244e-07
-1.651924916741690825e-07,-2.710285751453914895e-07
-3.025667825396098188e-07,-1.157467436150843350e-07
-3.033078765919320399e-07,-4.288431452226246576e-07
-1.274275498628566077e-06,2.147520927886556805e-07
-1.216541175805332550e-06,2.211808903125502591e-07
-1.134513466623183354e-06,2.062952471362755356e-07
-1.286449511184423645e-06,2.239417610543779678e-07
-1.321521799535485923e-06,1.773963229814445417e-07
-4.141764269530671514e-07,-2.731477804881713202e-07
-5.518922396231091696e-07,-7.370714523430196188e-08
-5.519278353993075584e-07,-4.753792595298519553e-07
-1.224875676272656708e-06,2.171511423199077698e-07
-1.055985671313933639e-06,1.492069009751931897e-07
-8.023016905974403100e-07,-3.577418436210923095e-08
-8.904132486292097099e-07,-5.170262148016097622e-09
-9.549435462564751694e-07,4.726570341308429258e-08
-1.279444441439592884e-06,1.659584853321950146e-07
-1.364481363866055687e-06,8.315675356069032155e-08
-6.774752669260515213e-07,-2.469263129828278571e-07
-7.566290381451312314e-07,-5.064030489855254551e-07
-1.113626336262589157e-06,9.790241873322090838e-08
-8.730225751808513696e-07,-1.376123377034643897e-07
-9.763187186810919982e-07,-2.568692378153487616e-08
-1.252909203033838895e-06,5.019670840988800698e-08
-1.410037180339036828e-06,-5.828249649287795489e-08
-8.383917559394677921e-07,-3.648542901609956969e-07
-7.973729843161172726e-07,-5.445433994135378159e-07
-1.114705276643029479e-06,-1.478685183807486525e-07
-1.449999582719317590e-06,-2.337310467268514642e-07
-1.559941636557600237e-06,-4.483831478291600520e-07
-9.530920945759153221e-07,-4.832208125366522185e-07
-8.123239829458759775e-07,-6.422426058325123001e-07
-8.150164144028321045e-07,-9.434519536538726272e-07
-1.316092015468907201e-06,-4.516130111166094598e-07
-8.567961042243793964e-07,-1.291305212077497886e-06
-1.720162645303182717e-06,-6.855875300416640950e-07
-1.062744993174531198e-06,-9.362305680713545407e-07
-1.488770851755487399e-06,-9.633192372804282148e-07
-9.732679848090640322e-07,-1.647832254518505742e-06
-1.954639262328005258e-06,-9.652157802366190258e-07
-1.826307319769992722e-06,-1.288879304853887721e-06
-1.457367871854616472e-06,-1.511615313132623784e-06
-1.146833159316766265e-06,-2.038761229627505021e-06
-1.410718357189672373e-06,-2.440198925624411690e-06
-2.285020361621931184e-06,-1.253577790508036660e-06
-2.085602769989828065e-06,-1.708750961118543257e-06
-1.840347322707781060e-06,-2.291771695928466425e-06
-1.732621952608591002e-06,-2.843241468357314303e-06
-2.699481643101483607e-06,-1.538407584138561614e-06
-2.588033452393943426e-06,-2.300960081962515309e-06
-2.138564473080935619e-06,-3.212926413100353257e-06
-2.631045149384362452e-06,-3.558222841743136982e-06
-3.184116053285856503e-06,-3.871755375607240825e-06
-3.216264012511343544e-06,-2.478449105954344396e-06
-3.205018830314122307e-06,-1.799577114765922857e-06
-3.086009795693956552e-06,-3.199738166711388881e-06
-3.810644376675057757e-06,-4.111533909333015678e-06
-4.497329692487327534e-06,-4.290012314128205208e-06
-3.750604838663165078e-06,-2.634187122021213299e-06
-3.805728990936593302e-06,-1.988680292741201042e-06
-5.218828684816607720e-06,-4.385015589109151267e-06
-4.387552761632598285e-06,-3.271809508251519587e-06
-4.478996800384272647e-06,-2.087456170091952159e-06
-5.372664766653747353e-06,-3.392659516646936063e-06
-6.069320904456018906e-06,-4.448574003652591339e-06
-5.200961551134739034e-06,-2.099010975400742130e-06
-7.292562895245103424e-06,-4.512904829675472425e-06
-6.299935492053904353e-06,-2.812696495687284093e-06
-6.065205943142805553e-06,-2.037853063813256761e-06
-9.101206299224529246e-06,-4.612379897356831591e-06
-8.177933314473326688e-06,-3.139154924292095411e-06
-7.293576293034287271e-06,-1.957732615639147085e-06
-1.167151996500273960e-05,-4.722416147746048948e-06
-1.035559874649863126e-05,-3.243279626872208389e-06
-9.101169632179269603e-06,-1.865787768141198999e-06
-1.452951072109899507e-05,-4.819640556319339609e-06
-1.307114767983367772e-05,-3.245320977406214816e-06
-1.167103349838452067e-05,-1.765028699124250696e-06
-1.755157580181134703e-05,-4.905529575700446386e-06
-1.601403318699288038e-05,-3.248057746405963951e-06
-1.452871243775628314e-05,-1.673760322530079601e-06
-2.071837685863205285e-05,-4.980200542671638511e-06
-1.911188551396162316e-05,-3.250846162141923570e-06
-1.755057693046001608e-05,-1.593483590259633226e-06
-2.400910908644656122e-05,-5.043644907892370211e-06
-2.234411343890685625e-05,-3.253459892235108443e-06
-2.071728780164030603e-05,-1.524163866175034229e-06
-2.740351092614823364e-05,-5.096125282182579882e-06
-2.569007243402753244e-05,-3.255863429648052875e-06
-2.400805127891648480e-05,-1.465654701859230332e-06
-3.088174394503464274e-05,-5.137416108308354428e-06
-2.912987351374804733e-05,-3.257938273647587602e-06
-2.740264660672793830e-05,-1.417668731589417793e-06
-3.442320106715481383e-05,-5.167132637267840881e-06
-3.264337230202802535e-05,-3.259606901013568235e-06
-3.088109764605282179e-05,-1.380165694654174345e-06
-3.800656053045754117e-05,-5.185772986060151641e-06
-3.620937942113822383e-05,-3.260856830794773006e-06
-3.442275731791491863e-05,-1.353400712433405025e-06
-4.573869660533290085e-05,-4.984505818812318169e-06
-4.522574005110442414e-05,-5.196925989282264728e-06
-3.961936611314880493e-05,-3.261811880963653026e-06
-4.161249842032550025e-05,-5.194775844383343235e-06
-3.800606992237601673e-05,-1.337079354028262887e-06
-4.595117372207841062e-05,-4.471626061020571126e-06
-4.473682986048133780e-05,-3.262426446470566927e-06
-4.161225915009268906e-05,-1.329427268000070254e-06
-4.595105039067271462e-05,-2.053313810381918485e-06
-4.522556161902383730e-05,-1.327957431548672248e-06
-4.573855295170332067e-05,-1.540398624113579694e-06
