Size 192,2
7.555841991341992372e-05,-1.042118592980357545e-05
7.586540512778885287e-05,-9.680129678060648567e-06
7.586520938562672269e-05,-6.186498339173680703e-06
7.555820356080988843e-05,-5.445450215956943234e-06
7.481730026665680644e-05,-1.072812803522172187e-05
7.342680699754200414e-05,-7.933285674782266525e-06
7.481706487954552817e-05,-5.138513598947194171e-06
6.959836185520456642e-05,-1.072707907178592054e-05
6.959813920638678109e-05,-5.139730582479049939e-06
6.671847084271306523e-05,-7.933540220888925647e-06
6.438430627953635899e-05,-1.072218231289384488e-05
6.438405655507171402e-05,-5.145255449648432691e-06
6.178083662547432403e-05,-7.933725929314544296e-06
5.918347854435706694e-05,-1.071193981457086007e-05
5.918345708134408655e-05,-5.156141716318942405e-06
5.659060873267272016e-05,-7.934246777454449217e-06
5.400806834328818402e-05,-1.069507515700226992e-05
5.400795339137416862e-05,-5.174080914365627860e-06
5.143235720980067060e-05,-7.934816803209986138e-06
4.887232484096614012e-05,-1.066945568905084883e-05
4.887227130334562272e-05,-5.200825353136291197e-06
4.632185178098732899e-05,-7.935325526379775397e-06
4.379314378719877381e-05,-1.063398461694869834e-05
4.379301929885972335e-05,-5.236850325650394996e-06
4.127709520236377193e-05,-7.935555667290435845e-06
3.879034741069766216e-05,-1.058704415474651671e-05
3.879017426353280953e-05,-5.283912388948350765e-06
3.631977693713217233e-05,-7.935588103578444336e-06
3.388716750914186142e-05,-1.052688338992402374e-05
3.388653408493994343e-05,-5.343871581560416398e-06
3.147409863057064718e-05,-7.935385599736781694e-06
2.910785502125626793e-05,-1.045331207850933734e-05
2.910709601861663249e-05,-5.417317744867002373e-06
2.676501547234324377e-05,-7.935073569747280205e-06
2.447690868777142856e-05,-1.036583682346686951e-05
2.447600778268562278e-05,-5.504746381420093193e-06
2.230638747071783678e-05,-7.934178745944165252e-06
2.019655102407021151e-05,-1.026456822497891585e-05
2.019545225976497976e-05,-5.609705023104844847e-06
1.863065604704670423e-05,-8.110561616707543138e-06
1.709259428850021454e-05,-1.016869131415405092e-05
1.708970929046567464e-05,-5.708795085582896037e-06
1.492596424753713611e-05,-1.008369260690132541e-05
1.532234141113774387e-05,-8.677820552782156328e-06
1.492158304677807018e-05,-5.773233936483615492e-06
1.339866511467816636e-05,-5.842586340942301892e-06
-1.874603516629064119e-06,-8.394133447701168277e-07
-1.912251051102491292e-06,-7.486569209717264997e-07
-1.911948530046470695e-06,-4.114296899273752488e-07
-1.874525805400449352e-06,-3.223264270504759218e-07
1.339202830484626980e-05,-1.002334866164506773e-05
1.205451613126525315e-05,-9.891977296978812770e-06
1.306716268693030854e-05,-7.414029654344612680e-06
1.203410690203648717e-05,-5.798868442980054553e-06
-1.784289036368105321e-06,-8.770812865624393226e-07
-1.693575531601564113e-06,-5.073989031668363160e-07
-1.785299780141813354e-06,-2.853617109903662394e-07
1.161410450707134119e-05,-8.615359910869976713e-06
1.076734084888262037e-05,-9.599235313836215508e-06
9.561427899474314029e-06,-9.188446036867550315e-06
1.121312508967222664e-05,-6.910421758830575401e-06
1.077025633271190453e-05,-5.549800857735480227e-06
-1.173150056857174404e-06,-8.885019662600098722e-07
-1.173281046448175420e-06,-2.765618452537975991e-07
-8.566064722904963608e-07,-5.834611693681713046e-07
8.453818772815853847e-06,-8.639121220134905570e-06
9.387272395608278733e-06,-7.917094547128791988e-06
9.797709787531619317e-06,-6.366175827073964410e-06
9.625093376494999359e-06,-5.117138889011667489e-06
-5.134086272403399725e-07,-9.464608667899908742e-07
-5.140763937605355307e-07,-2.225928558932723602e-07
-1.241088580646986041e-07,-5.855848190466760061e-07
7.438091174118706108e-06,-7.997998349550649512e-06
6.546389126505442622e-06,-7.275974655335061195e-06
8.385569287023380539e-06,-6.135840738755504209e-06
8.624838568272864177e-06,-4.514408543294643479e-06
3.227207074416673749e-07,-1.069615143584199764e-06
3.221294332198533782e-07,-1.036954905825723805e-07
6.774584264634944362e-06,-6.202957777364361587e-06
5.778517269966739552e-06,-6.468323199243604510e-06
7.146551839307327059e-06,-5.036575513800660211e-06
7.788897429243006945e-06,-3.798008756888300704e-06
8.134543819244528490e-07,-5.878010780299839096e-07
1.396421648946745509e-06,-1.245504404526247452e-06
1.394739657014353748e-06,6.938060755669506173e-08
5.114266527514449395e-06,-5.611084236326707744e-06
4.592185325472900900e-06,-4.741229422128039008e-06
4.198529223470159544e-06,-3.833958884744838829e-06
6.398082191828638014e-06,-4.020060299792166321e-06
7.127967042575680719e-06,-3.008668590651979340e-06
1.863804071361522236e-06,-5.916967577426145103e-07
2.436493146936326107e-06,-1.417216634077647245e-06
2.436524677784398601e-06,2.463282114834111047e-07
5.080398585614707843e-06,-3.825499199216186740e-06
3.908950836548566629e-06,-2.924877494483158219e-06
3.366314275349679416e-06,-1.560762324431560819e-06
3.628404276766921536e-06,-1.709003438672518797e-06
3.758263794090502330e-06,-2.017563435759536973e-06
5.883796122896398464e-06,-2.896318679556648675e-06
6.634139797672340856e-06,-2.185004754164330670e-06
2.949943263163975244e-06,-7.147899434118180637e-07
3.395098191451046960e-06,3.752773804444704091e-07
4.522811801959791727e-06,-2.287946223923856513e-06
3.659242711462318288e-06,-1.120787099369921342e-06
3.970483171142646678e-06,-1.603038182216122107e-06
5.527737859010146436e-06,-1.932318059621720576e-06
6.317778578301057427e-06,-1.366597784250068455e-06
3.699812338406567555e-06,-1.797626332948049586e-07
3.677592042404901959e-06,5.144008164917456087e-07
4.718347195983825794e-06,-9.048086762265225788e-07
6.196941990857125319e-06,-5.647322945817026411e-07
6.230574152399510236e-06,2.045212205688083125e-07
4.267506882812225386e-06,3.332180292152240961e-07
3.846145663240012348e-06,8.054913812087058761e-07
4.060140141009683407e-06,1.594373179566813636e-06
5.472593141172297853e-06,3.137008908703137627e-07
4.363694614250252055e-06,2.335920469550148722e-06
6.425447259456231365e-06,9.726299929941983232e-07
4.781522452742934720e-06,1.629219678567505533e-06
5.819921324001162787e-06,1.687475998511850266e-06
4.742561849166264218e-06,3.033694085460868824e-06
6.753312216786198669e-06,1.688417062936975839e-06
6.449713464792835525e-06,2.375494075161895694e-06
5.762057139662710021e-06,2.797546026596032724e-06
5.195862823960618388e-06,3.678348832824261000e-06
5.715266414629912647e-06,4.264568304237200578e-06
7.198910482051099302e-06,2.337435272050422918e-06
6.859083776328638321e-06,3.125317262461409449e-06
6.463802772985117265e-06,4.027799956696209468e-06
6.296669099021819598e-06,4.785073230890655802e-06
7.746836415795461931e-06,2.895449596086670708e-06
7.574963780917217895e-06,4.017951032844611003e-06
6.930162734119734748e-06,5.235712741742850502e-06
7.606626283176557973e-06,5.609243912249167086e-06
8.318519377885055774e-06,5.900406345818344698e-06
8.382046201056439236e-06,4.253902761298315056e-06
8.378862875777176076e-06,3.345992032771847046e-06
8.224138321803851366e-06,5.142394905240100525e-06
9.055236939512390122e-06,6.109409811241056704e-06
9.806436093138221581e-06,6.231484679933875402e-06
9.016465935328012426e-06,4.455427078216265208e-06
9.073699047248759685e-06,3.678828960434705627e-06
1.056485229364432516e-05,6.267566867615675338e-06
9.726918829427961283e-06,5.166314350844486502e-06
9.810359931235308018e-06,3.885285981322898870e-06
1.073366371246374282e-05,5.277014038739158152e-06
1.139162567911505333e-05,6.258109247412860416e-06
1.056682859938862832e-05,3.957980245534865166e-06
1.252076661312178423e-05,6.247287136592592951e-06
1.163420467046053576e-05,4.717196656016814518e-06
1.139216997315533418e-05,3.966791234139559732e-06
1.404788596552801876e-05,6.226968736427708374e-06
1.329822166755283208e-05,5.024827152236232376e-06
1.252038220525117592e-05,3.980390375525951940e-06
1.601877436860324843e-05,6.199576477298766324e-06
1.504134295484896678e-05,5.112741418494744622e-06
1.404759510826399266e-05,3.999750238183794637e-06
1.802106458270070778e-05,6.171272597994499810e-06
1.702883829766837657e-05,5.112566710806368295e-06
1.601874655761991446e-05,4.025895097112996068e-06
1.997194572471398398e-05,6.145794489844135574e-06
1.900473672180340485e-05,5.112204063722329335e-06
1.802120470078080009e-05,4.053326884879255264e-06
2.187925375573837128e-05,6.125584641284760549e-06
2.093206125918803206e-05,5.111824060310682739e-06
1.997214455467957137e-05,4.078127112103503253e-06
2.375516063444026754e-05,6.111660349554026804e-06
2.282154690968004693e-05,5.111288586666798290e-06
2.187953293611018157e-05,4.097514106782706169e-06
2.561311413381659138e-05,6.104340745211736256e-06
2.468624922995304148e-05,5.110595969892308472e-06
2.375546769971757292e-05,4.110276787870461906e-06
2.746467046372440875e-05,6.101991698387729689e-06
2.653944144780969453e-05,5.109943982413578734e-06
2.561345339134673090e-05,4.116215937224362273e-06
2.931706962622222820e-05,6.102494990709670728e-06
2.839055112642214902e-05,5.109361005198454366e-06
2.746504435911725574e-05,4.117255705448085611e-06
3.117399887272313591e-05,6.104670856115108732e-06
3.024480789933693155e-05,5.108901871358931084e-06
2.931740742181588289e-05,4.115640468818612322e-06
3.516470814377730455e-05,5.997521311116567487e-06
3.489992532023856911e-05,6.107181026876549657e-06
3.200728478089868545e-05,5.108793836477034756e-06
3.303550219796958182e-05,6.106732220822199532e-06
3.117413737756017739e-05,4.112950031199609190e-06
3.527438949322586777e-05,5.732766575774712393e-06
3.464777990119438851e-05,5.108694108931663517e-06
3.303557419450331661e-05,4.110824205648430952e-06
3.527448014736141293e-05,4.484556792037330628e-06
3.490002678437348073e-05,4.110143773367143160e-06
3.516480545297316873e-05,4.219801162567434578e-06
