Size 192,2
3.089576304919425259e-05,-3.334145459371451290e-06
3.104650452263058307e-05,-2.970370272855123511e-06
3.104661604379711142e-05,-1.255163474928756301e-06
3.089588578372467722e-05,-8.913698700138644722e-07
3.053188183001727461e-05,-3.484804060378818102e-06
2.984912901945698500e-05,-2.112757043098693785e-06
3.053201073414591778e-05,-7.406990026015529935e-07
2.796924826549311704e-05,-3.483079700097048590e-06
2.796935139177171456e-05,-7.419400383076002437e-07
2.655581398670447184e-05,-2.112187989737600764e-06
2.541213541991451270e-05,-3.475827756915544918e-06
2.541199699308068112e-05,-7.479154707199678093e-07
2.413844244162343330e-05,-2.111398784074363620e-06
2.287307672876372628e-05,-3.461051018366231397e-06
2.287296662455448498e-05,-7.612764431495214447e-07
2.161356229476857214e-05,-2.110459133721392806e-06
2.036741757562501452e-05,-3.437575719586489461e-06
2.036794106842935650e-05,-7.828689165091621523e-07
1.913094856230893563e-05,-2.109520275525803588e-06
1.791240468618178605e-05,-3.405883918998315758e-06
1.791344553561871944e-05,-8.125013627868726641e-07
1.670635554751503970e-05,-2.108849253579793077e-06
1.552230767426871370e-05,-3.368081782786381338e-06
1.552315889145912314e-05,-8.488836013410477063e-07
1.435185805496704170e-05,-2.108562844784501080e-06
1.320712219427019756e-05,-3.325691690252721927e-06
1.320753320105985370e-05,-8.909691118893282616e-07
1.207625259869064451e-05,-2.108549249938411332e-06
1.097433390159951738e-05,-3.278812336170510399e-06
1.097424277694476621e-05,-9.380781068068328214e-07
9.887105286165797882e-06,-2.108625854849863306e-06
8.833464447620716431e-06,-3.224761013464669517e-06
8.833091043422119701e-06,-9.924984220145270584e-07
7.796867743639275493e-06,-2.108618200311782637e-06
6.800725682254154509e-06,-3.159331522135673684e-06
6.800081521513193235e-06,-1.058491228305337013e-06
5.863875277680256272e-06,-2.108181980620522630e-06
4.974355273088186328e-06,-3.080305179192560461e-06
4.973386802349884621e-06,-1.140928497135937870e-06
4.319880172402790844e-06,-2.179465052863754984e-06
3.700866494886469755e-06,-3.002839423012934867e-06
3.698600053240588829e-06,-1.221059024813180915e-06
2.849828158382094112e-06,-2.932230986530718680e-06
2.993295053135195297e-06,-2.397735238424987412e-06
2.845958725954141993e-06,-1.274100074725118924e-06
2.270203766800010114e-06,-1.332067807108340095e-06
2.772551853269949843e-08,-7.250360071382580185e-07
2.892271168967795665e-08,-7.276601957768469088e-07
2.902433367595363248e-08,-7.385408684361122968e-07
2.778894977110114375e-08,-7.416451120640486915e-07
2.264972417125265709e-06,-2.881246493368146386e-06
1.781233912033302979e-06,-2.806687372261336019e-06
2.133663963235891726e-06,-1.915893089489715454e-06
1.761452701948430247e-06,-1.351720341775155746e-06
2.504456581527646502e-08,-7.241172866811102077e-07
2.182275792826247870e-08,-7.362103654837886382e-07
2.473836831038157942e-08,-7.432225962632918811e-07
1.613519155917717017e-06,-2.339532389559686625e-06
1.332305581640568621e-06,-2.668430436480902552e-06
9.358404275585240043e-07,-2.501753307534520191e-06
1.467812932604350657e-06,-1.747637798749705795e-06
1.318085925306195006e-06,-1.310520959148916965e-06
5.125336579340164302e-09,-7.259198446142113249e-07
4.441997685871800070e-09,-7.455630678298928869e-07
-5.514247634808748780e-09,-7.367814230139539522e-07
6.003020775170035123e-07,-2.286893696561009905e-06
8.689972299534124167e-07,-2.071190354033940736e-06
9.980562375013848343e-07,-1.579902541631608869e-06
9.367757424744080799e-07,-1.222764985752168754e-06
-1.598689013294413800e-08,-7.268803572329534157e-07
-1.652075797849128422e-08,-7.485931608803461012e-07
-2.791159847246690102e-08,-7.386753851450695153e-07
3.108170895359300824e-07,-2.061056214860419282e-06
8.944313202780077739e-08,-1.830746491562698051e-06
5.673364556837833889e-07,-1.515406093565384438e-06
6.224676900505704870e-07,-1.091463706113596546e-06
-4.020381972016159204e-08,-7.268687374777099270e-07
-4.070253440176972420e-08,-7.523221778158039660e-07
1.473217728396889539e-07,-1.524528078526390077e-06
-7.024841909568289909e-08,-1.586608281011325521e-06
2.319892512807753392e-07,-1.231931603262063933e-06
3.751615829198781517e-07,-9.552384739999735228e-07
-5.336897279752541731e-08,-7.404719628463353983e-07
-6.693233149730055052e-08,-7.264839538893750362e-07
-6.771582781749464864e-08,-7.558928021636832680e-07
-1.945965916274472565e-07,-1.354469783777712921e-06
-2.525447409630320438e-07,-1.163714563285773846e-06
-2.605492372195992460e-07,-9.847560294352223958e-07
6.699775255306636696e-08,-1.008073107085530946e-06
1.895089886948481946e-07,-8.365117637615203725e-07
-7.818464198136385242e-08,-7.423979815544711146e-07
-8.999593600005054415e-08,-7.258973511033602883e-07
-8.961108185299572522e-08,-7.574784239848665168e-07
-1.565655155015982088e-07,-9.729313005955485162e-07
-2.496578215186108083e-07,-8.445335822748737086e-07
-1.301243263220416609e-07,-7.243827973748562972e-07
-1.564428409666661291e-07,-7.284904738491894425e-07
-1.884503722089057701e-07,-7.460125400791824367e-07
-3.631598815270071933e-08,-8.231996801578224776e-07
4.442470377458492594e-08,-7.491845512710973754e-07
-1.019087354388203020e-07,-7.426370203730015738e-07
-8.312247774260817578e-08,-7.548614166837458258e-07
-1.725952484120519002e-07,-7.568393292694219575e-07
-1.345168165784801260e-07,-7.270841953619125551e-07
-1.634223253175298947e-07,-7.257653029378498325e-07
-8.784437917263463270e-08,-7.261891122125149825e-07
-6.482254444291645078e-08,-7.069616276731927737e-07
-9.520781620003610371e-08,-7.394349354083165262e-07
-6.320777739857569867e-08,-7.591679392600855190e-07
-1.329517728157852451e-07,-6.921579096477742802e-07
-1.268637535521158688e-07,-6.998129910252379438e-07
-2.185047909216708860e-07,-7.347348138991523712e-07
-8.167822510244917179e-08,-7.403015922919082890e-07
-4.259810004729737427e-08,-7.852394768345168318e-07
-2.614268348086000637e-09,-8.898676165321506673e-07
-1.573551958937222118e-07,-7.154223293493756412e-07
2.128850067610258756e-08,-1.045271544098169720e-06
-3.205718162653375055e-07,-7.886102012619804151e-07
-7.479310409064775227e-08,-8.765452520396598091e-07
-2.397259096533567723e-07,-8.886275743226933193e-07
-5.224052823742991566e-09,-1.217165742534627925e-06
-4.604260501364505152e-07,-8.902198722739399303e-07
-4.091782945449351732e-07,-1.035623100707989763e-06
-2.244791321580668137e-07,-1.145587331638467160e-06
-6.665521771807341518e-08,-1.429516479896140097e-06
-1.937011667607839119e-07,-1.662670549336989283e-06
-6.601481663500691446e-07,-1.012568843633792408e-06
-5.541897464442976790e-07,-1.252365880117231021e-06
-4.194100232789359423e-07,-1.580503226570035175e-06
-3.589188463319468485e-07,-1.909937290388411701e-06
-9.125678385064781271e-07,-1.149986151678558362e-06
-8.500980814837967868e-07,-1.590598341750525063e-06
-5.870237914930163333e-07,-2.141903456821967150e-06
-8.815912739437982628e-07,-2.367559112074178395e-06
-1.221373273559749863e-06,-2.581256807286547307e-06
-1.236615371914358840e-06,-1.698221290456762772e-06
-1.227180208436092869e-06,-1.288145630970187230e-06
-1.155006517530599208e-06,-2.148511775266800866e-06
-1.619701883935091001e-06,-2.747051561541743502e-06
-2.066369696792845288e-06,-2.876277573832436619e-06
-1.575351329776527974e-06,-1.793681834006966039e-06
-1.611593912974659104e-06,-1.387188070269853430e-06
-2.541436674382355097e-06,-2.950043273836501660e-06
-1.987599745929189702e-06,-2.205610055194331648e-06
-2.049983137197748723e-06,-1.433114330997835712e-06
-2.641597145051435609e-06,-2.287896264386415735e-06
-3.113359595308534491e-06,-3.004803219084808264e-06
-2.526012003893920944e-06,-1.429678823817170582e-06
-3.946284673967947332e-06,-3.059785845833458947e-06
-3.265637961494126914e-06,-1.897489044073347659e-06
-3.110130636588116834e-06,-1.376405603799366128e-06
-5.200350406143237606e-06,-3.143760045921970891e-06
-4.555936929374947917e-06,-2.117878284164529458e-06
-3.947560888448470605e-06,-1.307106058630605763e-06
-7.009509963558597274e-06,-3.234067071833849478e-06
-6.079594391698663983e-06,-2.189023392800002997e-06
-5.200773704007925415e-06,-1.228321620207911255e-06
-9.040730149318425621e-06,-3.310582723970393363e-06
-8.001805888637191926e-06,-2.189477737338736508e-06
-7.009369323788619825e-06,-1.143470817801546491e-06
-1.120087516642570574e-05,-3.375558191810551643e-06
-1.010053614780786026e-05,-2.190215560286086564e-06
-9.040463585144633871e-06,-1.069135817790397648e-06
-1.347068257495887363e-05,-3.429580647544643403e-06
-1.231893922622062128e-05,-2.190912853898344928e-06
-1.120063426105557346e-05,-1.005585121717858388e-06
-1.582937903315886704e-05,-3.472181101316387482e-06
-1.463680379704083408e-05,-2.191521389922338923e-06
-1.347048236752932372e-05,-9.528958525484396496e-07
-1.825668744630601906e-05,-3.504565793381207793e-06
-1.703306832854441932e-05,-2.191893043709368913e-06
-1.582934852401320149e-05,-9.111762418155480510e-07
-2.073434526208064253e-05,-3.528144022982901232e-06
-1.948834016033537192e-05,-2.192280441784215554e-06
-1.825658624060483732e-05,-8.795683331646581446e-07
-2.324753371019012361e-05,-3.544619493338640595e-06
-2.198589773665516654e-05,-2.192667173863129136e-06
-2.073419058567621656e-05,-8.568407021134046293e-07
-2.578471493900925203e-05,-3.555511481741602463e-06
-2.451286677628387054e-05,-2.193101929937985572e-06
-2.324732521191809757e-05,-8.411914061649642676e-07
-3.125636809033831379e-05,-3.412568760477668050e-06
-3.089331615309036480e-05,-3.562909133431483881e-06
-2.692600144416754899e-05,-2.193531544767625214e-06
-2.833613808811304136e-05,-3.561488218790540030e-06
-2.578454741239800282e-05,-8.311736732330297556e-07
-3.140675514903945435e-05,-3.049579302763340246e-06
-3.054735538496950364e-05,-2.193819486415447031e-06
-2.833609820641882487e-05,-8.259120840285661906e-07
-3.140677215702377648e-05,-1.338053356854164904e-06
-3.089332039292108032e-05,-8.246999733641742199e-07
-3.125638235308629244e-05,-9.750482833699049042e-07
