Size 192,2
6.583601237315463628e-05,-9.334211895182358552e-06
6.610187154838121769e-05,-8.692536271349923883e-06
6.610187638350512322e-05,-5.667236601925286750e-06
6.583601857681796530e-05,-5.025574900404497840e-06
6.519421025328917094e-05,-9.599976472112738159e-06
6.399005038757794210e-05,-7.179926864228914576e-06
6.519422248399372500e-05,-4.759820333103076821e-06
6.067474244359774631e-05,-9.598258657663791266e-06
6.067480122646642856e-05,-4.761970075959004216e-06
5.818169815266466494e-05,-7.180284276708428523e-06
5.616290209274783367e-05,-9.590759258658995817e-06
5.616276069989258491e-05,-4.769937695589537372e-06
5.391254575420674787e-05,-7.180634207499012109e-06
5.167170063288591689e-05,-9.576531153401661705e-06
5.167115209517179143e-05,-4.784917939995916441e-06
4.943569558605031026e-05,-7.181110618702889041e-06
4.721423461444468529e-05,-9.555529708540337578e-06
4.721325340771551668e-05,-4.807112424743015887e-06
4.499937888619801735e-05,-7.181699922849138382e-06
4.280327630387368475e-05,-9.528003436266551372e-06
4.280228470517142680e-05,-4.836057093683098460e-06
4.061588808109069146e-05,-7.182467978893776398e-06
3.845133246539286418e-05,-9.494000038986781100e-06
3.845046805545713732e-05,-4.871868524789850238e-06
3.629751341867284607e-05,-7.183257709707562318e-06
3.417036839257798516e-05,-9.453490099244396929e-06
3.417018113443843504e-05,-4.914273777789165947e-06
3.205638392983118398e-05,-7.184119626520629017e-06
2.997251700042113590e-05,-9.406268946527875858e-06
2.997304905235350037e-05,-4.963287695505268202e-06
2.790444056776485583e-05,-7.185092453090389933e-06
2.587063246445792309e-05,-9.351074235407040789e-06
2.587144053342337304e-05,-5.020203127486872667e-06
2.385558954998241848e-05,-7.185951980949499559e-06
2.188075521143107799e-05,-9.285104497248031525e-06
2.188094163745570982e-05,-5.087612589763266506e-06
2.000585837749382218e-05,-7.186019563923305959e-06
1.817732214803132316e-05,-9.207188164918791426e-06
1.817677893309354960e-05,-5.169777680114857207e-06
1.681924608114718174e-05,-7.339863223616100339e-06
1.548030059597148875e-05,-9.132207983024742093e-06
1.547823317128181934e-05,-5.248035701214541797e-06
1.359059031764725459e-05,-9.065294855455905237e-06
1.393861972659870875e-05,-7.835826303485833347e-06
1.358736026388727049e-05,-5.299188489709330038e-06
1.225498391303639443e-05,-5.354066653896498150e-06
-1.784285781040935190e-06,-7.572866505676387038e-07
-1.820613264684220539e-06,-6.697166814786912155e-07
-1.820348506901893946e-06,-3.441098699134680477e-07
-1.784221220848003121e-06,-2.580342662969780149e-07
1.224949709373718604e-05,-9.017828312709233051e-06
1.107523758597618317e-05,-8.907574302966539360e-06
1.196698333970638288e-05,-6.730976262309549975e-06
1.105974719962572523e-05,-5.309081068644419338e-06
-1.697141355259425447e-06,-7.936227364666501514e-07
-1.609468022626800195e-06,-4.367139849831717854e-07
-1.698047545937243309e-06,-2.222796704687014693e-07
1.069017584742441846e-05,-7.787788325640028367e-06
9.941973835693080383e-06,-8.656711215103247577e-06
8.875651110879741437e-06,-8.299506095209234599e-06
1.033825293860607488e-05,-6.286230374735733152e-06
9.947303305266278419e-06,-5.081102644240645660e-06
-1.106992738111551136e-06,-8.039954442267895146e-07
-1.106759284586375540e-06,-2.131175340582632076e-07
-8.010327073627254413e-07,-5.087375411259554024e-07
7.890878822667574363e-06,-7.820262081468743262e-06
8.723471081111733828e-06,-7.177733272963668010e-06
9.087371708992149900e-06,-5.802723746237729854e-06
8.935418716540420312e-06,-4.688280301271948481e-06
-4.702742146262924306e-07,-8.571148934193813032e-07
-4.704129401401686126e-07,-1.606794476707075405e-07
-9.551605417170933170e-08,-5.089603106285024030e-07
6.984314237474657849e-06,-7.256019290140355006e-06
6.182404625228997508e-06,-6.615964733435601650e-06
7.832345767065016618e-06,-5.596753694866450633e-06
8.048068031530383913e-06,-4.142935716885327449e-06
3.323843851500859141e-07,-9.703477886310994467e-07
3.325088066066885801e-07,-4.745763718184071609e-08
6.387364389365445088e-06,-5.658263793834142747e-06
5.486322471188337966e-06,-5.897480174718910897e-06
6.723080706111408708e-06,-4.610161723259368781e-06
7.303283312534084394e-06,-3.491084238012254997e-06
8.012354845589381125e-07,-5.089702054401232295e-07
1.355738849615555568e-06,-1.133005847437055371e-06
1.354864586088522152e-06,1.165416633058467301e-07
4.881714915679982160e-06,-5.129777433207277624e-06
4.399719628723987899e-06,-4.342919422362187796e-06
4.030532740705568665e-06,-3.518946462425009871e-06
6.045947390390374787e-06,-3.690688739029084148e-06
6.712179345931093147e-06,-2.767483399080205336e-06
1.800407196335952754e-06,-5.107094264672733825e-07
2.342622167417584564e-06,-1.291680318891393570e-06
2.343194167023455595e-06,2.830968363919091723e-07
4.843040458211535529e-06,-3.513021019341859306e-06
3.756183341498480747e-06,-2.686810957262704820e-06
3.225764725892898023e-06,-1.424574448278388329e-06
3.476809598933186985e-06,-1.562691884858516256e-06
3.604241560727180889e-06,-1.849695317654140363e-06
5.578819958429360613e-06,-2.663636522783485072e-06
6.271313853193516277e-06,-2.006465233337993422e-06
2.829350868629614028e-06,-6.254361204450931836e-07
3.246030972610490145e-06,4.038120747108353104e-07
4.320878300359190307e-06,-2.102116700869631548e-06
3.502520078666700603e-06,-1.009402687499895266e-06
3.799791718965264187e-06,-1.463016862350078909e-06
5.252195474420994619e-06,-1.772287951961077227e-06
5.991235335949594533e-06,-1.242946170712822456e-06
3.534840998938430642e-06,-1.214347425771185324e-07
3.509357880869638469e-06,5.353294961043458181e-07
4.498304753236818947e-06,-8.108080507373856037e-07
5.887167523446802438e-06,-4.891607404463395697e-07
5.931995564425401673e-06,2.404110054309731292e-07
4.067088630159881742e-06,3.620274267912452397e-07
3.665185066041070836e-06,8.129475719187145533e-07
3.861397411188353895e-06,1.569940986653619344e-06
5.210665804791653064e-06,3.404391072790397443e-07
4.144285431551308815e-06,2.288349286953201358e-06
6.129081221805688280e-06,9.714866271211875641e-07
4.549920633105125300e-06,1.601175018852113479e-06
5.548606388560679483e-06,1.658126360265603238e-06
4.504786029916913676e-06,2.967637835925375340e-06
6.455520225722416038e-06,1.659624253632393055e-06
6.163093988589246219e-06,2.325498799311178302e-06
5.492568565547311124e-06,2.736523483399757336e-06
4.939745356414278839e-06,3.601188958006598281e-06
5.445005406827334226e-06,4.181877350102806862e-06
6.899443519945120593e-06,2.287277281619513295e-06
6.566490666753564092e-06,3.059053881212318082e-06
6.177884158793971512e-06,3.948970933999410918e-06
6.013140103133913758e-06,4.701540765985766112e-06
7.445414919493210682e-06,2.830731735260499779e-06
7.276127592275615018e-06,3.941083220090325010e-06
6.637517649947623558e-06,5.153333374895200752e-06
7.309652422363517817e-06,5.531275802486118965e-06
8.020051784401126103e-06,5.829714892621404208e-06
8.081548929239356662e-06,4.176428715563896542e-06
8.077387027687985151e-06,3.272601072478394349e-06
7.923598547913230858e-06,5.065882472583166948e-06
8.760057015641708585e-06,6.045259584601753688e-06
9.518587339409707016e-06,6.174612673487466457e-06
8.718365988155478939e-06,4.377790747329695118e-06
8.776245458766163617e-06,3.598927255988453828e-06
1.028674649140550548e-05,6.216788774016025510e-06
9.434934771391693554e-06,5.095000208960876123e-06
9.520370373876225448e-06,3.799945914384747072e-06
1.045701917164660905e-05,5.208795736770742165e-06
1.112955799930451589e-05,6.214114189472192120e-06
1.028696297288446320e-05,3.868864765175570775e-06
1.228564285656628237e-05,6.210829356646107496e-06
1.137493565466785423e-05,4.637563892943696520e-06
1.112954523562249107e-05,3.871883957063816600e-06
1.386486146370784138e-05,6.204702407296003303e-06
1.308554930210823029e-05,4.952848747012081387e-06
1.228529228218844587e-05,3.877041043419196836e-06
1.593559601611157912e-05,6.198974672456260108e-06
1.490203499727066642e-05,5.044545870357948815e-06
1.386457306133185205e-05,3.884065179093684180e-06
1.808494812215414996e-05,6.196925518874320475e-06
1.701099816371906285e-05,5.045307642724961293e-06
1.593533118518471720e-05,3.890990070123969491e-06
2.023300755491788065e-05,6.198809477908826773e-06
1.915843215208891981e-05,5.046022274371407602e-06
1.808470806693965693e-05,3.894334605193670894e-06
2.238668005607271605e-05,6.203496651266432318e-06
2.130838552178189048e-05,5.046796641168112004e-06
2.023275269760723061e-05,3.893951979146153718e-06
2.455010317798133658e-05,6.210174735088227586e-06
2.346642809927753954e-05,5.047527573680554047e-06
2.238649420845040388e-05,3.890793783921134016e-06
2.672574738968570921e-05,6.218194098613322587e-06
2.563551803795519198e-05,5.048381245265571367e-06
2.454984180415701917e-05,3.885812444272953784e-06
2.891591957991349493e-05,6.227159362992378757e-06
2.781804732549616980e-05,5.049347836814741906e-06
2.672538699684273321e-05,3.879578289723934075e-06
3.112210919513708142e-05,6.235990244382121830e-06
3.001622265191709779e-05,5.050285313287019800e-06
2.891558684142095397e-05,3.872494178709038189e-06
3.334253167953083293e-05,6.242572216589547814e-06
3.223029302802308513e-05,5.050962620678784187e-06
3.112195364552516701e-05,3.865249201893728106e-06
3.811974808489498667e-05,6.115088692949452962e-06
3.780292487718707201e-05,6.246304863127374465e-06
3.434019336788238181e-05,5.051333010049234130e-06
3.557165831200052245e-05,6.245668514747526168e-06
3.334242895560820310e-05,3.859775611577975920e-06
3.825098232645742218e-05,5.798289833525205213e-06
3.750113571769849878e-05,5.051492651225925247e-06
3.557160723731091272e-05,3.857179461205037060e-06
3.825097052669868805e-05,4.304700711120785401e-06
3.780289922680933547e-05,3.856669774448347779e-06
3.811973189926675022e-05,3.987891243871223434e-06
