Size 192,2
7.327945327242088667e-05,-1.223693290249856594e-05
7.353108456700038645e-05,-1.162933708153627088e-05
7.353087293673469290e-05,-8.765208257082721390e-06
7.327922170807487355e-05,-8.157629521781272996e-06
7.267192518788383356e-05,-1.248861944882898054e-05
7.153244592667749304e-05,-1.019725118301195187e-05
7.267167986275709752e-05,-7.905952742579731455e-06
6.839445495912206197e-05,-1.248947621316649918e-05
6.839420205163518470e-05,-7.905248978403223823e-06
6.603202989881303356e-05,-1.019743468174513986e-05
6.411371278291420851e-05,-1.249281198192343723e-05
6.411351212272046595e-05,-7.902263790872859689e-06
6.197094963709883376e-05,-1.019749459592511262e-05
5.982471813105262511e-05,-1.249841463073090428e-05
5.982465954884722714e-05,-7.896683768349019625e-06
5.767605410589661042e-05,-1.019770364354189651e-05
5.552323842667476257e-05,-1.250566650418091863e-05
5.552287760821654147e-05,-7.889918988231018390e-06
5.336708107071542724e-05,-1.019812533370513473e-05
5.120701103085205320e-05,-1.251351042153758823e-05
5.120658335206692581e-05,-7.883217513435613450e-06
4.904375279092425320e-05,-1.019876371503812269e-05
4.687750929426204207e-05,-1.251992310108952294e-05
4.687720049694272986e-05,-7.878412502713478364e-06
4.470924438460949495e-05,-1.019957516752301654e-05
4.253962424678105095e-05,-1.252322624085041357e-05
4.253950306458760029e-05,-7.877210930428022045e-06
4.036965743102217805e-05,-1.020066059965714375e-05
3.820080778482417205e-05,-1.252224356065096661e-05
3.820110910248966575e-05,-7.880878397086840882e-06
3.603389879439821341e-05,-1.020198623488706260e-05
3.387134832033764212e-05,-1.251560875818961751e-05
3.387250564196854589e-05,-7.890430483545050051e-06
3.171330016968998644e-05,-1.020355285957323993e-05
2.956288718294198173e-05,-1.250282304095886385e-05
2.956438659968379826e-05,-7.906005904556605271e-06
2.750531087009950069e-05,-1.020499322150803723e-05
2.545776054420650794e-05,-1.248541691570269386e-05
2.545882112811279649e-05,-7.926776890506162206e-06
2.392671744516185068e-05,-1.038342505216829465e-05
2.237422855883691901e-05,-1.246800258736943094e-05
2.237442113855532988e-05,-7.947115682190147496e-06
2.014813678280370559e-05,-1.245223447974241273e-05
2.057863518347585976e-05,-1.097554822259046328e-05
2.014756660467217274e-05,-7.960528301380014044e-06
1.853916049521449992e-05,-7.975055011532217541e-06
-3.134664523783052296e-06,-5.976214747995668890e-07
-3.197752696186941485e-06,-4.458210669283559520e-07
-3.197384188424369336e-06,1.194636768799333542e-07
-3.134621783136775866e-06,2.690795494361627581e-07
1.853767133829734370e-05,-1.244082002372024214e-05
1.708505324888632843e-05,-1.234750270729867284e-05
1.820971977853587441e-05,-9.651165560125800940e-06
1.708394630097298151e-05,-7.863703342255719497e-06
-2.983536873708765121e-06,-6.604401049394487515e-07
-2.831201591912061408e-06,-4.058985885130345831e-08
-2.984868548288455634e-06,3.314643135771785800e-07
1.662186080087993270e-05,-1.097261950690476927e-05
1.565793897604634326e-05,-1.208767236413866398e-05
1.427761355913991381e-05,-1.167272611165290530e-05
1.618594770485487451e-05,-9.080203113090788879e-06
1.568478075806959310e-05,-7.507817051345276518e-06
-1.959119157529441274e-06,-6.769917894282860173e-07
-1.958482480724594700e-06,3.486072235284129620e-07
-1.428355398158481713e-06,-1.642421056171614465e-07
1.296253925514510921e-05,-1.110278992632317093e-05
1.409429367050777339e-05,-1.024141472107335246e-05
1.457222118297316206e-05,-8.438299854221709877e-06
1.438022093727143426e-05,-6.921220522310792079e-06
-8.544831609960860104e-07,-7.696298427660550617e-07
-8.546224354648192867e-07,4.407879307808466136e-07
-2.034129767376262960e-07,-1.644826115946444686e-07
1.172529726047603252e-05,-1.039335926699955788e-05
1.058607833314133616e-05,-9.554389921207108579e-06
1.289875029006519184e-05,-8.154574006756260419e-06
1.320829527865868273e-05,-6.121760625182189359e-06
5.419627744502671716e-07,-9.704260880949733958e-07
5.420525544262817319e-07,6.415664629806714769e-07
1.087446257756528005e-05,-8.250115176070201242e-06
9.557059581356589189e-06,-8.593859473201266729e-06
1.135929414903575207e-05,-6.768460310977017664e-06
1.220217046774436107e-05,-5.141655075205909500e-06
1.361088086783981680e-06,-1.645330454018138876e-07
2.332825228091621820e-06,-1.260518869612793808e-06
2.331529780656946117e-06,9.338740405145610024e-07
8.645215459899797280e-06,-7.529791905016632402e-06
7.867939359438095426e-06,-6.380967026275538131e-06
7.228472023371618938e-06,-5.152611375785383227e-06
1.036954806428605093e-05,-5.426580739968189541e-06
1.138935279006426419e-05,-4.014995259842052765e-06
3.113184906441278110e-06,-1.670533302778129495e-07
4.068679165125800721e-06,-1.545861242774502051e-06
4.068782113959804086e-06,1.231603862150801958e-06
8.528843501925937156e-06,-5.156807359279865218e-06
6.732708399923661063e-06,-3.862325724547936286e-06
5.656406698085196385e-06,-1.788624210516170506e-06
6.128164913578728622e-06,-2.028359800189530188e-06
6.390997699866228095e-06,-2.512140411025577221e-06
9.673553427503862366e-06,-3.848376875388791875e-06
1.079052218318113711e-05,-2.785663435978430089e-06
4.928228485424251257e-06,-3.678418305444240324e-07
5.631290494086396740e-06,1.444620378971725008e-06
7.630084922151519956e-06,-2.942704717801173595e-06
6.145121018371981770e-06,-1.060563279698470725e-06
6.703256999339855266e-06,-1.858503026605032925e-06
9.161483309848284640e-06,-2.402706238410346658e-06
1.043098075466520294e-05,-1.498588231160036833e-06
6.150977114468968949e-06,5.084430583065119951e-07
6.064341820896266086e-06,1.682050288818142390e-06
7.890963382821160186e-06,-7.585350037267599268e-07
1.032415377827943195e-05,-1.872655578987283857e-07
1.052015045279670810e-05,1.134323265127563897e-06
7.065702430038028061e-06,1.355213830290990910e-06
6.309489203022366131e-06,2.204229742393780220e-06
6.597886321376570312e-06,3.670702709766812833e-06
9.173132424383040353e-06,1.284548180226057225e-06
7.059187387818445785e-06,5.139516828744867368e-06
1.100086080028276849e-05,2.484974917531883638e-06
7.901063996089295789e-06,3.706835449302184483e-06
9.873660794424398964e-06,3.821166372264399990e-06
7.723603662319489808e-06,6.562099896791884191e-06
1.176205229330741204e-05,3.824474240064126451e-06
1.117960539963971345e-05,5.187353753667963340e-06
9.751687361991704853e-06,6.058394223527760178e-06
8.566357067700289631e-06,7.963480564451578124e-06
9.622995379797017653e-06,9.302583700402978722e-06
1.281408879739266983e-05,5.087069390842959666e-06
1.208417162518297621e-05,6.767935945672738429e-06
1.121604287759873313e-05,8.780693218263459666e-06
1.084329738802376379e-05,1.055803773508419312e-05
1.412031239030780202e-05,6.224014881807220833e-06
1.373566785019417182e-05,8.779968489192048782e-06
1.225065060332967871e-05,1.167446337638151625e-05
1.383715998581356441e-05,1.265535991690016548e-05
1.555699239634112413e-05,1.348451526818190894e-05
1.568613799256002113e-05,9.341201500276849717e-06
1.566656038453093585e-05,7.185461372388386757e-06
1.529351945285341961e-05,1.153297550947855026e-05
1.741380354878542717e-05,1.410153258389457239e-05
1.937716580412094254e-05,1.451898588839940894e-05
1.727729544981313094e-05,9.826499126130228210e-06
1.743145800061095385e-05,7.889240378575219581e-06
2.140000161758919223e-05,1.470529528306475100e-05
1.911497190758910443e-05,1.166771953244967478e-05
1.935580574522081918e-05,8.297587584027986643e-06
2.184017673799283307e-05,1.198585154644284585e-05
2.370069633905656602e-05,1.478943338523960327e-05
2.137668495016698203e-05,8.406274526872821302e-06
2.693654966143030119e-05,1.487479480718708478e-05
2.434713420629832923e-05,1.041946177017470304e-05
2.369550317049508973e-05,8.325154472210619349e-06
3.155387667082667266e-05,1.500696573417149543e-05
2.923155397681680034e-05,1.129114937461259280e-05
2.693826841853868634e-05,8.218422814274120103e-06
3.789224197003250057e-05,1.515098079193317425e-05
3.468265120291445233e-05,1.155638170701530402e-05
3.155430717815867892e-05,8.095499651780226123e-06
4.472996072739328827e-05,1.527348968038547136e-05
4.127390003627506485e-05,1.155825833230345378e-05
3.789180561273701599e-05,7.962194038597453366e-06
5.177040493463435419e-05,1.537619003593058154e-05
4.821841678367483141e-05,1.156083565764064107e-05
4.472914038347102709e-05,7.845615813596386982e-06
5.898060594631745617e-05,1.546099144278557049e-05
5.534922554004597116e-05,1.156328696454786900e-05
5.176949413297455367e-05,7.747977701857168204e-06
6.632842963621011882e-05,1.552825153654708546e-05
6.263364859523645994e-05,1.156551081927345699e-05
5.897973193600252188e-05,7.667858172395218148e-06
7.378166250793555974e-05,1.557783198224622944e-05
7.003972931795264013e-05,1.156736316816261910e-05
6.632770226658470493e-05,7.604661619466163749e-06
8.130805268530716823e-05,1.561053211674036769e-05
7.753493044109048690e-05,1.156872648443857229e-05
7.378114373178086213e-05,7.558302231313438888e-06
8.887783247507593045e-05,1.562909876599427996e-05
8.508755726747913104e-05,1.156970747653488772e-05
8.130759926327157331e-05,7.527946960597254416e-06
9.646888308061792006e-05,1.563766837654157493e-05
9.267106423472827549e-05,1.157034787519483973e-05
8.887763449651761918e-05,7.511003149074871835e-06
1.127446177093586153e-04,1.519391919828917524e-05
1.116654743358751932e-04,1.564090964839934627e-05
9.987179529116997558e-05,1.157079758741752294e-05
1.040670468489228852e-04,1.564039430225409218e-05
9.646860919701012390e-05,7.503535599511614139e-06
1.131916106738432745e-04,1.411477882563136788e-05
1.106379479429375024e-04,1.157111959700637889e-05
1.040668963842867868e-04,7.501498151378960689e-06
1.131915021055425084e-04,9.027526811556211303e-06
1.116653380489280927e-04,7.501375586236362887e-06
1.127444969423405254e-04,7.948374673905854223e-06
