Size 192,2
7.368865299819112675e-05,-1.237368593568379712e-05
7.394174495722015406e-05,-1.176268289357868925e-05
7.394176545056687906e-05,-8.882422178343386791e-06
7.368867359224363174e-05,-8.271416765393742264e-06
7.307764021240692432e-05,-1.262677079825740412e-05
7.193166793844588559e-05,-1.032256340546201771e-05
7.307765878836941563e-05,-8.018331338748488205e-06
6.877562069551258403e-05,-1.262676952949162964e-05
6.877556708606563781e-05,-8.018404146826663254e-06
6.640091790802637658e-05,-1.032265523976101105e-05
6.447426020648125975e-05,-1.262698314602723299e-05
6.447416249700710822e-05,-8.018421981340156755e-06
6.232333642773630223e-05,-1.032277557191589427e-05
6.017207639057303850e-05,-1.262817803764920365e-05
6.017215453726911613e-05,-8.017402607455997990e-06
5.801997638481958149e-05,-1.032283330776924429e-05
5.586662046683947070e-05,-1.263083995249857749e-05
5.586700200228901953e-05,-8.014899645032676413e-06
5.371189303899690632e-05,-1.032288460314371019e-05
5.155504140345577461e-05,-1.263473702497389304e-05
5.155546582680038849e-05,-8.010974991816707956e-06
4.939625587889275352e-05,-1.032293843376463851e-05
4.723436227789576093e-05,-1.264002297856616892e-05
4.723455741341021089e-05,-8.005897750502867757e-06
4.507023463848040546e-05,-1.032301510297420566e-05
4.290276550972685294e-05,-1.264536388924325501e-05
4.290281679583050596e-05,-8.000843438667749039e-06
4.073358208023868896e-05,-1.032321118747230614e-05
3.856230322551276095e-05,-1.264862272454054780e-05
3.856206939390400174e-05,-7.997885799264587635e-06
3.639015304250440544e-05,-1.032345133508641144e-05
3.421849158564949610e-05,-1.264820774158320961e-05
3.421791465076951948e-05,-7.998925960101136497e-06
3.204695325411752583e-05,-1.032393860658057165e-05
2.987949220068468261e-05,-1.264285896861338561e-05
2.987890486132367085e-05,-8.006084647655827320e-06
2.780148981897065215e-05,-1.032479120109320621e-05
2.573131632462985873e-05,-1.263099535395800045e-05
2.573106949545619839e-05,-8.021094141148301897e-06
2.418133590967321984e-05,-1.050506923101372055e-05
2.260896012937916707e-05,-1.261541471420769943e-05
2.260880415603890898e-05,-8.039506097191390747e-06
2.035414773461058138e-05,-1.259920824806979537e-05
2.078997347495462828e-05,-1.110440386204307900e-05
2.035379032728314703e-05,-8.053257416374942675e-06
1.872564085833607186e-05,-8.068504427992277060e-06
-3.164651494237940421e-06,-5.907277316194051488e-07
-3.227542271013623401e-06,-4.394043770324335528e-07
-3.227128652548741560e-06,1.239741336447694749e-07
-3.164559822519669852e-06,2.730650690717431637e-07
1.872356720350578911e-05,-1.258699823053557266e-05
1.725420243464104899e-05,-1.249186764698928741e-05
1.839185524925529046e-05,-9.764288303319621396e-06
1.725322074047482433e-05,-7.956824754359188135e-06
-3.014010423482198572e-06,-6.533440978783690750e-07
-2.862327700946968651e-06,-3.549273461076715561e-08
-3.015321023119661068e-06,3.352415531377743541e-07
1.678550713774195301e-05,-1.110102151211358902e-05
1.581133541245659295e-05,-1.222811036116920380e-05
1.441664656994219457e-05,-1.180809293352738236e-05
1.634495420241333671e-05,-9.187265597598525909e-06
1.583876022988332780e-05,-7.598369497461752977e-06
-1.993586378110343607e-06,-6.702407721511192999e-07
-1.992946810986498389e-06,3.527852794979883499e-07
-1.464243336426052668e-06,-1.588586761510438640e-07
1.308827094340865852e-05,-1.123161088024324736e-05
1.423127862406574583e-05,-1.036134756903378336e-05
1.471453064589476875e-05,-8.539113946572876007e-06
1.452097484089396172e-05,-7.006744544678013438e-06
-8.904397026906571150e-07,-7.658002210559848504e-07
-8.907814959746046952e-07,4.472908415618914920e-07
-2.374591606944831410e-07,-1.596695477349388545e-07
1.183896248060367267e-05,-1.051507190145788817e-05
1.068866633614128987e-05,-9.668018534526606433e-06
1.302435534067120708e-05,-8.253246810374611543e-06
1.333771895672062932e-05,-6.199631617424009160e-06
5.124553833409779882e-07,-9.723926638228136937e-07
5.122880335806654922e-07,6.523360213574752162e-07
1.098012455963714407e-05,-8.350690074644648544e-06
9.648915648990639835e-06,-8.698251984259730479e-06
1.147041620409798247e-05,-6.853587155437467111e-06
1.232262563300826503e-05,-5.209428258203947173e-06
1.338536934788557514e-06,-1.605516577966566889e-07
2.321019729746360312e-06,-1.270004147484913047e-06
2.319431313480026021e-06,9.503367378074545856e-07
8.727345951320436584e-06,-7.624104312195299496e-06
7.940576441899828753e-06,-6.463172922913233696e-06
7.291999962305209995e-06,-5.221161062958779122e-06
1.047107097861533976e-05,-5.497952257590352797e-06
1.150317084013151407e-05,-4.070106811523247444e-06
3.110366713696188833e-06,-1.640936498030518574e-07
4.079321726071199356e-06,-1.562917905450235856e-06
4.078808537041066454e-06,1.253666731922425738e-06
8.609100913609223901e-06,-5.225633366318415470e-06
6.788631206579309988e-06,-3.915579819723816757e-06
5.691481704048891769e-06,-1.812343014351871213e-06
6.171519968019527206e-06,-2.056450312402599301e-06
6.439660672404490423e-06,-2.547578216385123156e-06
9.768338975133910576e-06,-3.901836751759600166e-06
1.090035167873428281e-05,-2.825396158258027327e-06
4.950751039069004440e-06,-3.688804255706133384e-07
5.663060853284070517e-06,1.470469495090616570e-06
7.697651207289335167e-06,-2.984625873948959304e-06
6.187558401872301670e-06,-1.073681350773764481e-06
6.755949568704801084e-06,-1.884524571685832838e-06
9.250561936189244088e-06,-2.437698342380446640e-06
1.054002353782916905e-05,-1.520506793528005679e-06
6.191259664011031465e-06,5.197019403268492865e-07
6.101126834753443062e-06,1.711942342848806569e-06
7.961622783028934105e-06,-7.695815533057522209e-07
1.043489518334276864e-05,-1.895962632948469282e-07
1.064053085703623315e-05,1.153729599560401627e-06
7.119471821601538592e-06,1.378893093845958993e-06
6.348484022447777329e-06,2.244052694106257278e-06
6.637629759665672015e-06,3.740920511554325483e-06
9.267124910594425394e-06,1.304786310450458349e-06
7.103143609399370025e-06,5.246144713571877194e-06
1.113775865330589764e-05,2.527654828971994443e-06
7.967100735423342982e-06,3.776020258662121780e-06
9.985771432267136286e-06,3.891966563408120070e-06
7.779104386745989763e-06,6.706056187069037039e-06
1.192489307787632519e-05,3.894469921298490377e-06
1.132878054497450760e-05,5.291008534551096230e-06
9.859657643238658732e-06,6.186851592380974833e-06
8.639779442494650749e-06,8.150500168680950870e-06
9.725036816888622893e-06,9.535037894866128252e-06
1.301551617051008509e-05,5.185501441629623503e-06
1.226287591878991840e-05,6.916516590999091470e-06
1.136631740827909605e-05,8.995821388429069192e-06
1.098113458397211554e-05,1.083825466546039654e-05
1.437163685058189832e-05,6.351208274090067990e-06
1.397385113079446663e-05,8.995357431053783781e-06
1.243533121399456217e-05,1.199911507561538613e-05
1.408120407299808636e-05,1.302290360473060087e-05
1.586878460641809278e-05,1.389194285063156485e-05
1.600171647228208492e-05,9.576808583597257171e-06
1.598046646519485267e-05,7.340120979025038515e-06
1.559261815744701922e-05,1.185678553022540007e-05
1.780450039722090028e-05,1.453920268997710626e-05
1.985513195048188798e-05,1.497864421169107683e-05
1.766027108336702399e-05,1.008013622180117485e-05
1.782150674158330687e-05,8.063534706973684140e-06
2.197052152272108413e-05,1.517568555671704297e-05
1.957905315835409873e-05,1.199974832765197750e-05
1.983193884788986297e-05,8.481555166914978147e-06
2.243099374953851319e-05,1.233174803407852291e-05
2.437962808353105474e-05,1.526493482478951969e-05
2.194559128943520770e-05,8.590357276981817463e-06
2.776925013925762243e-05,1.535327303465896563e-05
2.505676245427068116e-05,1.069214004548788164e-05
2.437498888603187566e-05,8.501223322915141728e-06
3.260373250996261837e-05,1.548559011830727598e-05
3.017387769653100119e-05,1.160165446804445719e-05
2.777191829444060928e-05,8.386700078921121399e-06
3.922481625356213984e-05,1.562251342778544225e-05
3.587571441253706761e-05,1.187623306773144651e-05
3.260479283526918569e-05,8.259447052271590175e-06
4.634289395138650573e-05,1.573290683352579345e-05
4.275014038293373458e-05,1.187481119239196042e-05
3.922520170145780716e-05,8.126987239980273188e-06
5.364375039783988227e-05,1.582208136197205939e-05
4.996555185932725858e-05,1.187403619133691650e-05
4.634310665504633300e-05,8.015761998397740395e-06
6.109511274717113402e-05,1.589488942326884097e-05
5.734673889869284461e-05,1.187296597578952153e-05
5.364419590029913265e-05,7.924733275073879291e-06
6.867058372493750466e-05,1.595452659493384705e-05
6.486417981391628734e-05,1.187179844461115487e-05
6.109565535006614926e-05,7.849827729128311835e-06
7.634792444652848883e-05,1.600261818817960848e-05
7.249414464548713060e-05,1.187072762583979024e-05
6.867108825227294182e-05,7.788051870048345385e-06
8.410622016526724031e-05,1.603939238382300105e-05
8.021546526919887718e-05,1.186978936734986899e-05
7.634844336254288145e-05,7.737964105658900988e-06
9.192383012507583716e-05,1.606471961601970084e-05
8.800707464805587038e-05,1.186901726416177582e-05
8.410663242313726673e-05,7.699427608367013145e-06
9.977871483224659695e-05,1.607955330904216879e-05
9.584681995135682902e-05,1.186852242792645255e-05
9.192405871950137103e-05,7.672746636190757338e-06
1.166511370925082627e-04,1.562392577275790849e-05
1.155322062780844076e-04,1.608736784783821900e-05
1.033041149866665496e-04,1.186806824935877801e-05
1.076528087852952930e-04,1.608618820454679049e-05
9.977897568108016471e-05,7.656872632227429350e-06
1.171146214922038958e-04,1.450505142301209300e-05
1.144666905505229711e-04,1.186770634957745111e-05
1.076529926619449444e-04,7.649634253639706438e-06
1.171147620662396654e-04,9.230270521890155034e-06
1.155323821489356422e-04,7.647979341585034436e-06
1.166512932693100732e-04,8.111410629262916781e-06
