Size 192,2
-1.311721630479611837e-04,1.848014765150460850e-05
-1.316915714386971391e-04,1.722625452610029731e-05
-1.316918157867719261e-04,1.131525197418984757e-05
-1.311724328659179251e-04,1.006135211033793232e-05
-1.299182285498411062e-04,1.899952234450775105e-05
-1.275664441918294143e-04,1.427079711109928838e-05
-1.299185223739171785e-04,9.541973478139633390e-06
-1.210891038018167300e-04,1.899899106093677428e-05
-1.210894379567169590e-04,9.542376163722042579e-06
-1.162152072130340555e-04,1.427043978511253298e-05
-1.122616177772107907e-04,1.899542032698295347e-05
-1.122621473992526785e-04,9.545042519822673826e-06
-1.078500927232289353e-04,1.427003768448151077e-05
-1.034429270322682545e-04,1.898674471627774109e-05
-1.034432836731272572e-04,9.552625123309646022e-06
-9.903881750695221167e-05,1.426927952758481682e-05
-9.464414066493084517e-05,1.896991587768251305e-05
-9.464454516641713372e-05,9.567897720694471832e-06
-9.025535981166448113e-05,1.426851626023896320e-05
-8.588375151552413178e-05,1.894061074516117246e-05
-8.588421426141621936e-05,9.595678512966021028e-06
-8.152258761218044065e-05,1.426779472519912075e-05
-7.718894262356396877e-05,1.889455938923491048e-05
-7.718964056658701961e-05,9.640403410051399165e-06
-7.287223837843799068e-05,1.426744706433135973e-05
-6.859670202267380366e-05,1.882745375647494081e-05
-6.859696499373721282e-05,9.706505265378003789e-06
-6.434499891426286294e-05,1.426713847041734346e-05
-6.014997498220580631e-05,1.873700756609544881e-05
-6.014966442818960111e-05,9.796509763824855170e-06
-5.598545524538972552e-05,1.426681308974245389e-05
-5.189331717345749387e-05,1.862227277149146207e-05
-5.189294109210116322e-05,9.911119498543988346e-06
-4.783911232526086884e-05,1.426645395488960075e-05
-4.387239185665288915e-05,1.848162247993547771e-05
-4.387178588381145794e-05,1.005182000020313774e-05
-4.010779416934331205e-05,1.426501944200021495e-05
-3.644156542265089858e-05,1.831710515561321172e-05
-3.644023899255948356e-05,1.022178087875991942e-05
-3.371962519768585155e-05,1.457226381358576239e-05
-3.103859276835485136e-05,1.816244064326773028e-05
-3.103389859235581764e-05,1.038059640971098440e-05
-2.725448201730181901e-05,1.802744008105035229e-05
-2.795139942234143091e-05,1.556447586565734990e-05
-2.724758703368300808e-05,1.048227667161834016e-05
-2.457911898357615838e-05,1.059056193532942675e-05
3.585612610023403337e-06,1.267036380366799511e-06
3.657074155658709625e-06,1.094871185251954894e-06
3.656538470838526678e-06,4.546588812153382614e-07
3.585473142668659243e-06,2.853845685001918337e-07
-2.456878682448127374e-05,1.793267580532419473e-05
-2.221592720040075730e-05,1.771252153529547570e-05
-2.400296548041449019e-05,1.334979115671966139e-05
-2.218509430159594609e-05,1.049794155629954926e-05
3.414277816688141918e-06,1.338417717449444119e-06
3.242019894622098268e-06,6.364735790158770440e-07
3.416008539068158777e-06,2.149920735401195293e-07
-2.144467471239304575e-05,1.546819873732511788e-05
-1.994383972447518469e-05,1.721124650577549010e-05
-1.780442049949191024e-05,1.649609634327959911e-05
-2.073948610506292281e-05,1.245660106064146008e-05
-1.995550032436027159e-05,1.003720850811344499e-05
2.254218562155669564e-06,1.358936110641601347e-06
2.253838500229747763e-06,1.963837325107140164e-07
1.652486975000455632e-06,7.783087467325950802e-07
-1.582663711981727910e-05,1.553631352123877778e-05
-1.749971265985236142e-05,1.424567508875210860e-05
-1.823029655222141860e-05,1.148503742282051463e-05
-1.792590101745034577e-05,9.244441526576250944e-06
1.000636590648842018e-06,1.466985186092722304e-06
1.001114142185372405e-06,9.108964944715954647e-08
2.602829125536087970e-07,7.796248166571718247e-07
-1.400473668067278472e-05,1.440478890205207591e-05
-1.239067040709039676e-05,1.311960417423721648e-05
-1.571009328069214442e-05,1.107043618747080717e-05
-1.614484483418345272e-05,8.144588923835008963e-06
-5.887336524220549889e-07,1.698719806651962733e-06
-5.886089758668427338e-07,-1.386957858496912287e-07
-1.280320036987384286e-05,1.119434451557012637e-05
-1.098750202953294370e-05,1.167608114809422195e-05
-1.347965021698228094e-05,9.084268245037913515e-06
-1.464900522720985608e-05,6.828777009845172528e-06
-1.522355942455360973e-06,7.805761050826233241e-07
-2.631662093473280259e-06,2.032719169279363334e-06
-2.629581005404802775e-06,-4.738180128243708771e-07
-9.767816115693360850e-06,1.013184212476028073e-05
-8.792615193628208604e-06,8.545821876763142524e-06
-8.043041296979324027e-06,6.883457566192455894e-06
-1.211568261261691011e-05,7.230863133106182860e-06
-1.346140873341228292e-05,5.366128134578718271e-06
-3.522307254905808548e-06,7.849516330371526573e-07
-4.614635599946285625e-06,2.361306010694686599e-06
-4.615412352664248124e-06,-8.171459047701534307e-07
-9.687090887962756757e-06,6.872268936312094596e-06
-7.485013042511662955e-06,5.201489821062223369e-06
-6.400992123912183027e-06,2.639074409257907648e-06
-6.911682899667996595e-06,2.921885852021504322e-06
-7.172518264972466366e-06,3.505615775473752403e-06
-1.117433641818874061e-05,5.156077882819603146e-06
-1.257647284666818847e-05,3.825687877629552608e-06
-5.595566652591996405e-06,1.017553410562289042e-06
-6.436593820772594369e-06,-1.067616337033385619e-06
-8.627697953182176548e-06,4.018767818050574119e-06
-6.961399154416035546e-06,1.798875213600155478e-06
-7.568036180916486854e-06,2.721234105465259353e-06
-1.051459578354345776e-05,3.351720580823092129e-06
-1.201643822741119862e-05,2.277820253451464024e-06
-7.022407249936884747e-06,-3.041139278921384816e-09
-6.966460541048450321e-06,-1.337197816086886312e-06
-8.985098741351915238e-06,1.401010753183074474e-06
-1.181131242176508161e-05,7.476883368222176274e-07
-1.191520630112172600e-05,-7.378192687822214439e-07
-8.101715864146475529e-06,-9.844141641598886678e-07
-7.279533691305804158e-06,-1.907028982902013019e-06
-7.671067457792295270e-06,-3.463460081982860499e-06
-1.043878248094916297e-05,-9.379639181029356137e-07
-8.241580688933925226e-06,-4.949726199281442872e-06
-1.233244962114232290e-05,-2.231254523905772585e-06
-9.082237635337259179e-06,-3.524703167380121762e-06
-1.113934420085012170e-05,-3.642432344091844701e-06
-8.978260783365868910e-06,-6.359238446031176689e-06
-1.301969201326435112e-05,-3.645607519196614286e-06
-1.241695182711213756e-05,-5.023250107963748373e-06
-1.102279634367593877e-05,-5.877268711238239175e-06
-9.872290553140733937e-06,-7.683348218080930593e-06
-1.092097391712624546e-05,-8.904093938553260578e-06
-1.395669281897512606e-05,-4.941644979571704934e-06
-1.326203972591056067e-05,-6.551442530834424417e-06
-1.244932415421887048e-05,-8.416663725240528394e-06
-1.210414784045208073e-05,-1.000316035979820667e-05
-1.511034283824728592e-05,-6.070062541395623764e-06
-1.475592980928340925e-05,-8.402960183959350297e-06
-1.341285457586588029e-05,-1.096158722476071397e-05
-1.482969474848651167e-05,-1.176857645649401969e-05
-1.633179720408541955e-05,-1.241171711177872993e-05
-1.645940695430718321e-05,-8.900179166076883439e-06
-1.644923116077918259e-05,-6.992578357576143261e-06
-1.612451867065739129e-05,-1.078514354865502612e-05
-1.790345730514779138e-05,-1.287834415964092675e-05
-1.952103094558614582e-05,-1.316381980970093865e-05
-1.781131952643430591e-05,-9.326047171709731721e-06
-1.793516792901135432e-05,-7.673515705731041099e-06
-2.116261275653073533e-05,-1.326301295803280273e-05
-1.933745721141829011e-05,-1.085446910486775535e-05
-1.952169704922205519e-05,-8.090354264715501201e-06
-2.152519376503545458e-05,-1.110039591150873534e-05
-2.297332857101252201e-05,-1.326901194653607387e-05
-2.115993953812075694e-05,-8.229854365536324451e-06
-2.546768954019102698e-05,-1.327494874076798184e-05
-2.349705591578172517e-05,-9.872120946034345767e-06
-2.297207624442330773e-05,-8.225924716242617941e-06
-2.890305464660169441e-05,-1.328330421146211711e-05
-2.720107687401477234e-05,-1.055217907184030618e-05
-2.546675529239577856e-05,-8.221782062344378333e-06
-3.344715842326861720e-05,-1.329191228841587566e-05
-3.117299238613374445e-05,-1.075239708442858403e-05
-2.890201945113841868e-05,-8.218105015473684769e-06
-3.819052545736107237e-05,-1.329783441280328017e-05
-3.581733609229914594e-05,-1.075530434793773743e-05
-3.344610819451377092e-05,-8.215661022476747647e-06
-4.293703009376715149e-05,-1.330069933485807561e-05
-4.056324719210391478e-05,-1.075804825837612550e-05
-3.818955681949500901e-05,-8.215401738068953878e-06
-4.768125916975367122e-05,-1.330016974197255262e-05
-4.530968103817334115e-05,-1.076037683295828411e-05
-4.293633172984805558e-05,-8.217665784603432708e-06
-5.241784024455422181e-05,-1.329663635225781188e-05
-5.005106531948439206e-05,-1.076228862779135302e-05
-4.768078699234858575e-05,-8.222490699060764323e-06
-5.714213691922496373e-05,-1.329022772170214829e-05
-5.478236923070892633e-05,-1.076373056319974389e-05
-5.241765539012824564e-05,-8.229547210926621526e-06
-6.185000815035511859e-05,-1.328168919586362814e-05
-5.949901885805404864e-05,-1.076463828451712102e-05
-5.714205041955139672e-05,-8.238345614104141900e-06
-6.653952010106495263e-05,-1.327268488611444306e-05
-6.419774684711615585e-05,-1.076509740102584791e-05
-6.184995605920078478e-05,-8.248197378889026815e-06
-7.121192600399934344e-05,-1.326535614584558508e-05
-6.887811259544216608e-05,-1.076548843602010737e-05
-6.653927260863691181e-05,-8.257900496817315069e-06
-8.119108518802381957e-05,-1.298617863899902716e-05
-8.052961218378607326e-05,-1.326019815551968424e-05
-7.330103724771919974e-05,-1.076559560251561334e-05
-7.587288291877405683e-05,-1.326127136126515791e-05
-7.121199357483792988e-05,-8.265607479211244753e-06
-8.146507686352596762e-05,-1.232466777695949767e-05
-7.990018409243264050e-05,-1.076564473748302972e-05
-7.587300352572040249e-05,-8.270053827308728402e-06
-8.146522481846040452e-05,-9.206538009050944786e-06
-8.052977415217797816e-05,-8.270997675190700386e-06
-8.119124332630446106e-05,-8.545018616232115096e-06
