Size 192,2
-7.113744675802293057e-05,9.891193517974776041e-06
-7.141165534625395974e-05,9.229234685624030361e-06
-7.141186406802672165e-05,6.108753557927455175e-06
-7.113768263404489215e-05,5.446801878825768528e-06
-7.047546908325912551e-05,1.016538657223629181e-05
-6.923393808324235796e-05,7.669011361711141540e-06
-7.047573876102714366e-05,5.172609238719021793e-06
-6.581402683980459324e-05,1.016506880833884348e-05
-6.581437909120584518e-05,5.172592653230324947e-06
-6.324082908790455617e-05,7.668480375248609251e-06
-6.115350860252659229e-05,1.016212337160217165e-05
-6.115395335518724977e-05,5.174193040434591961e-06
-5.882492932067173811e-05,7.667848759058720599e-06
-5.649995692940428313e-05,1.015469752891487000e-05
-5.649977774861186021e-05,5.179770569532208813e-06
-5.417740270401137263e-05,7.666561249498703287e-06
-5.186322881305921299e-05,1.014040712435396188e-05
-5.186265753621963813e-05,5.190903171852690594e-06
-4.955324183044723983e-05,7.664707181791975137e-06
-4.725674441954752600e-05,1.011807025248005575e-05
-4.725606622650483995e-05,5.209238513097484470e-06
-4.496657936302434172e-05,7.662311332134647237e-06
-4.269453727226105193e-05,1.008768744390376327e-05
-4.269417142580341781e-05,5.234289758650448799e-06
-4.043152647050357845e-05,7.659581980682223805e-06
-3.819140591020554737e-05,1.004941129492292749e-05
-3.819100595215207494e-05,5.266443901145504164e-06
-3.596234819477414629e-05,7.656605564125602232e-06
-3.376162864506072133e-05,1.000323706963867714e-05
-3.376049869648120035e-05,5.306265100240351899e-06
-3.157353496232760074e-05,7.653338430666218435e-06
-2.941923991702124800e-05,9.949356657776048819e-06
-2.941752070469209169e-05,5.353761229411385436e-06
-2.727940510525494872e-05,7.649868772841692433e-06
-2.517746072936290119e-05,9.888242385434510489e-06
-2.517550812075600020e-05,5.408594927666057687e-06
-2.317586634840748363e-05,7.646088555663218788e-06
-2.121425480821255178e-05,9.820765939185719027e-06
-2.121221206311543639e-05,5.471773829090479742e-06
-1.975264030830953431e-05,7.809799661764268194e-06
-1.829813671954368259e-05,9.760133297976997371e-06
-1.829519672662922939e-05,5.528800554005719597e-06
-1.623050846604721603e-05,9.708660441068837384e-06
-1.661884911159094776e-05,8.352164220752499480e-06
-1.622697175539746339e-05,5.564509022349802321e-06
-1.475383035102851682e-05,5.602826503331290743e-06
2.273773297598580985e-06,-1.329674515786769453e-07
2.319613887776661736e-06,-2.430373233662953893e-07
2.319421509846726924e-06,-6.538213230663910205e-07
2.273777552414179242e-06,-7.627085633392174852e-07
-1.475117348449214929e-05,9.672659234413189322e-06
-1.343854927314627970e-05,9.565277428208035097e-06
-1.444320737120666990e-05,7.131134347346251376e-06
-1.342711293681828557e-05,5.528489805208342850e-06
2.164118931501891921e-06,-8.755540565865471790e-08
2.053181671992953211e-06,-5.380805129171668675e-07
2.164813747195252960e-06,-8.083043666300529778e-07
-1.301300732015388984e-05,8.316853849201471581e-06
-1.216167496145742667e-05,9.303654801032915076e-06
-1.094503927283544593e-05,8.913335333968423798e-06
-1.261860040684129490e-05,6.623400819886173158e-06
-1.217380826804397641e-05,5.242569877225877743e-06
1.419708932416476507e-06,-7.733929738482684807e-08
1.418821803911661638e-06,-8.219167950839722636e-07
1.034076924195819742e-06,-4.502696448292972952e-07
-9.806318951980672147e-06,8.384687164121477207e-06
-1.077629994020612192e-05,7.641106677974268273e-06
-1.119314726594823842e-05,6.063510832372172683e-06
-1.102060112658860155e-05,4.762830160979553460e-06
6.179911665670869548e-07,-1.231103935358678616e-08
6.178016798208083729e-07,-8.890916236559561717e-07
1.465494265976003867e-07,-4.511113119660599346e-07
-8.747729503161594502e-06,7.747048139158407796e-06
-7.795143521143383964e-06,7.010956261720380270e-06
-9.742126735846564928e-06,5.819906150931967095e-06
-9.997783539257137095e-06,4.104357535393267920e-06
-3.923824471296276520e-07,1.312216362197209406e-07
-3.926312679562325203e-07,-1.034146269724196862e-06
-8.036978046641463628e-06,5.893442265470301155e-06
-6.955493509025430263e-06,6.177961043060021818e-06
-8.436731157770602932e-06,4.651420582929909579e-06
-9.129984269656172966e-06,3.310050063404179652e-06
-9.841958067275437746e-07,-4.515441961966563867e-07
-1.686061424850269965e-06,3.403282498916353516e-07
-1.684935505407935195e-06,-1.245310017990217072e-06
-6.220305021471871761e-06,5.273661128306263004e-06
-5.618575739919927820e-06,4.327873629681889948e-06
-5.145913453385381917e-06,3.330219886665389096e-06
-7.622790446925872614e-06,3.545663655061779378e-06
-8.435116518410940494e-06,2.417764493548911455e-06
-2.249530246703529942e-06,-4.493761137194328861e-07
-2.940000601314481071e-06,5.471513179211162873e-07
-2.940320804925203619e-06,-1.461531391785083659e-06
-6.154482206426020454e-06,3.327250113024360752e-06
-4.789464440568363574e-06,2.307107687524064728e-06
-4.074498367575306705e-06,7.227854948895569545e-07
-4.402727792855680540e-06,9.001127898944468708e-07
-4.575417515538434668e-06,1.263831015728151699e-06
-7.056671913178225681e-06,2.286866063956831606e-06
-7.917223616775855385e-06,1.467838613456639424e-06
-3.560362457993519155e-06,-3.029277859634887398e-07
-4.085100979023066742e-06,-1.618348351646077964e-06
-5.488413086477291287e-06,1.585132387108599931e-06
-4.428369166349481546e-06,1.930572490964969144e-07
-4.817774410678007506e-06,7.745475338288728868e-07
-6.653439270502364281e-06,1.173538898172170390e-06
-7.592065165962042517e-06,5.016900096556138449e-07
-4.456714905246500353e-06,-9.445261726960718621e-07
-4.413790851504065015e-06,-1.788962081681923705e-06
-5.701079529606353723e-06,-4.851182865632847799e-08
-7.476984460599308533e-06,-4.612806679462217191e-07
-7.562320146927122053e-06,-1.405187840885460977e-06
-5.132188337410184290e-06,-1.562512978551177610e-06
-4.605750590744791552e-06,-2.153508670864790263e-06
-4.842135235699637991e-06,-3.156814684489166510e-06
-6.619530232615085975e-06,-1.527168406397380978e-06
-5.194793223352092422e-06,-4.127379996093169743e-06
-7.846652997472645491e-06,-2.357535674281960649e-06
-5.746018297809802786e-06,-3.192180160663608954e-06
-7.077065442428017790e-06,-3.268494198408133980e-06
-5.663121476672918990e-06,-5.053301017592384512e-06
-8.309525322198453863e-06,-3.270393788657943404e-06
-7.918050520984784777e-06,-4.170148370780451094e-06
-6.998651653002368588e-06,-4.733216064955361358e-06
-6.238268482099144222e-06,-5.935240696790537303e-06
-6.925259567377602178e-06,-6.757146332534298221e-06
-8.943712227348272855e-06,-4.112679737511397946e-06
-8.481422119408651996e-06,-5.180568058300711906e-06
-7.937758135123863229e-06,-6.431058055988505371e-06
-7.705984394936726462e-06,-7.508023647366577927e-06
-9.727600046102380239e-06,-4.852090068777164232e-06
-9.488267309243583977e-06,-6.423741763342988195e-06
-8.580432415661507742e-06,-8.167567468681455469e-06
-9.540663307218586137e-06,-8.732393282834357534e-06
-1.056800421109137495e-05,-9.194769542167855128e-06
-1.065246697371687577e-05,-6.761410236295392194e-06
-1.064484024521921584e-05,-5.462072019199242489e-06
-1.042025423633363061e-05,-8.059933174769596311e-06
-1.165607404302769041e-05,-9.534510353139847376e-06
-1.279025492249028207e-05,-9.753401288615329718e-06
-1.158659638519402906e-05,-7.051759071669699242e-06
-1.167506049063675519e-05,-5.909735959656269305e-06
-1.394897244570984800e-05,-9.840724248705852401e-06
-1.265137726305370095e-05,-8.120223920148025084e-06
-1.278571249309106000e-05,-6.176874552283159842e-06
-1.420318212932806570e-05,-8.297767389150246452e-06
-1.524653894415943815e-05,-9.866439591540779116e-06
-1.394205417481914597e-05,-6.258168260594015864e-06
-1.705338713365339601e-05,-9.892998396666336769e-06
-1.561644743998830018e-05,-7.415008642860296590e-06
-1.524472110096562498e-05,-6.234009507815779781e-06
-1.958948362199087185e-05,-9.934815790427183326e-06
-1.832257865518891195e-05,-7.904339118762452143e-06
-1.705359844683720837e-05,-6.201330364741550088e-06
-2.301433257955771503e-05,-9.981926760810923689e-06
-2.128851399531036433e-05,-8.050597688513748911e-06
-1.958905131455032788e-05,-6.162722795334684831e-06
-2.666164622011676284e-05,-1.002443482923404212e-05
-2.482489370743087999e-05,-8.051293435025687445e-06
-2.301381798916307981e-05,-6.119440884748382289e-06
-3.038339074030638304e-05,-1.006382913986048895e-05
-2.851017662155904260e-05,-8.052009973472426502e-06
-2.666121915192112919e-05,-6.078664450612409407e-06
-3.417517852269902156e-05,-1.009929847416684621e-05
-3.226809972771525222e-05,-8.052618583538694274e-06
-3.038325909541798246e-05,-6.040671359477924370e-06
-3.802745530061964842e-05,-1.012795800473489253e-05
-3.609229721024159227e-05,-8.053224347785439832e-06
-3.417511094945471247e-05,-6.006530505782974405e-06
-4.192489459432324848e-05,-1.014793956013117682e-05
-3.997004767379847402e-05,-8.053660153258324138e-06
-3.802740286413119496e-05,-5.978962766985453046e-06
-4.584994761475816110e-05,-1.015985976318258956e-05
-4.388392408247194642e-05,-8.053970748562779353e-06
-4.192475693604479547e-05,-5.959818049305503426e-06
-4.979024520168891872e-05,-1.016679915998916150e-05
-4.781803547228556547e-05,-8.054205037887626431e-06
-4.584972618123348036e-05,-5.948344912210057974e-06
-5.373955756844375531e-05,-1.017097244817845429e-05
-5.176364060022413095e-05,-8.054430250728800443e-06
-4.978999934898243956e-05,-5.941872969585574534e-06
-6.221230165133778570e-05,-9.940582656668501204e-06
-6.165045034386077555e-05,-1.017330376691410776e-05
-5.551038784170188528e-05,-8.054476736769880974e-06
-5.769401902078407995e-05,-1.017303826492934226e-05
-5.373952330520162979e-05,-5.937863807684993043e-06
-6.244503127917264119e-05,-9.378744703308545031e-06
-6.111549704429125086e-05,-8.054487015817079890e-06
-5.769408259845631380e-05,-5.935969590322800461e-06
-6.244508965910349494e-05,-6.730195281676264846e-06
-6.165052052068553537e-05,-5.935639515527973270e-06
-6.221236581522367366e-05,-6.168358969501103651e-06
