Size 192,2
-1.293366061490151733e-04,1.778333099538606358e-05
-1.298520284348435804e-04,1.653908212915895806e-05
-1.298523732249665737e-04,1.067362781665921765e-05
-1.293369894579654274e-04,9.429377458700862223e-06
-1.280923070791994229e-04,1.829871303975530881e-05
-1.257586116731029401e-04,1.360640821634263586e-05
-1.280927310186087979e-04,8.913992837213044744e-06
-1.193305592700448644e-04,1.829821144674512621e-05
-1.193310570587836688e-04,8.914397244047873772e-06
-1.144938417278526505e-04,1.360614569242613232e-05
-1.105708254437373086e-04,1.829380889185506392e-05
-1.105714729371507410e-04,8.918157980869791926e-06
-1.061937323925206042e-04,1.360596993941288637e-05
-1.018231275302668279e-04,1.828232717262228224e-05
-1.018231533544696708e-04,8.928764392709232934e-06
-9.745661602666740432e-05,1.360522398914314886e-05
-9.310356221769403723e-05,1.826017843396368135e-05
-9.310349229931872144e-05,8.949185199533031906e-06
-8.875809061271373629e-05,1.360421209569052207e-05
-8.443417285187949581e-05,1.822479431350656424e-05
-8.443415796383545115e-05,8.982611736556438378e-06
-8.012220088300508471e-05,1.360309284603051259e-05
-7.584095467766959235e-05,1.817429564424801090e-05
-7.584137105453188897e-05,9.031112717679271393e-06
-7.157724391729391078e-05,1.360215880789213591e-05
-6.735472381658318716e-05,1.810653225299826294e-05
-6.735511988793631082e-05,9.096740408736561764e-06
-6.315570286880900009e-05,1.360129174150426679e-05
-5.901055494943264535e-05,1.801850808961953383e-05
-5.901022244063294927e-05,9.182651519268491847e-06
-5.489479145248453662e-05,1.360032107693319213e-05
-5.084808515613706368e-05,1.790743589003155137e-05
-5.084697199632899270e-05,9.291777585444404333e-06
-4.683760810732668636e-05,1.359915547649404130e-05
-4.291205032266085206e-05,1.777052721964502417e-05
-4.291042240794409326e-05,9.427191299804879525e-06
-3.918503293329679441e-05,1.359688710653872971e-05
-3.555461802583948812e-05,1.760898492246171557e-05
-3.555253904014388195e-05,9.592594867033953717e-06
-3.285824044418096657e-05,1.390039455466966962e-05
-3.020197871614928377e-05,1.745595367850717551e-05
-3.019709076729172256e-05,9.748938010588453673e-06
-2.645303897984572076e-05,1.732052540556444683e-05
-2.714286910085595127e-05,1.488228393092107776e-05
-2.644572873212549762e-05,9.850103660976712924e-06
-2.380259019322147716e-05,9.959162048132732446e-06
3.378708332408158167e-06,1.004324347971484509e-06
3.446766625888569463e-06,8.404157806653398229e-07
3.446286173727927481e-06,2.306342337256627317e-07
3.378603171526422824e-06,6.935968079121838380e-08
-2.379260891759051909e-05,1.722436114918014802e-05
-2.146397593616314933e-05,1.700381951485666795e-05
-2.323116578575622879e-05,1.268961634886241171e-05
-2.143124874344521936e-05,9.870870035714022993e-06
3.215570242711577574e-06,1.072239960094849676e-06
3.051386795711487112e-06,4.036288796556717719e-07
3.217162706238325755e-06,2.240672547062665788e-09
-2.069970102256689956e-05,1.478309285592173192e-05
-1.921774313404333486e-05,1.650380499102144038e-05
-1.710543557942952294e-05,1.579286007736675250e-05
-2.000063111466451131e-05,1.180743767786797330e-05
-1.922512624894989270e-05,9.421858440712093362e-06
2.110430137513971651e-06,1.091392787726622164e-06
2.110085914939056160e-06,-1.552256107498693524e-08
1.537292756925327870e-06,5.385828494531729574e-07
-1.515854194284768908e-05,1.483943575475360316e-05
-1.680268645658462899e-05,1.357016045239659884e-05
-1.752188474043606190e-05,1.085012173884501909e-05
-1.721937047797426258e-05,8.649365200920616087e-06
9.166975715410007106e-07,1.193692456973938658e-06
9.172486066838355430e-07,-1.148292807339007638e-07
2.125802780244709582e-07,5.402342041554381865e-07
-1.336815939139934548e-05,1.371902711525800672e-05
-1.178910251117455044e-05,1.245126254001941121e-05
-1.503945999120070614e-05,1.044226579813132037e-05
-1.546201129435246908e-05,7.577469069417786515e-06
-5.939446502577025909e-07,1.412319999993267289e-06
-5.935611200520601427e-07,-3.304125118045003608e-07
-1.219218531283122477e-05,1.056055898726418845e-05
-1.042444401978872087e-05,1.103022602988402981e-05
-1.285062493990383602e-05,8.497643464075534033e-06
-1.398871491244243272e-05,6.300799314415285576e-06
-1.479155477034470557e-06,5.418254824563600150e-07
-2.529192483587461195e-06,1.725909368280837967e-06
-2.527035778797631113e-06,-6.438049005015775160e-07
-9.241570118089107846e-06,9.515734296404770902e-06
-8.305906770199582306e-06,7.971475952944101913e-06
-7.596332812472612651e-06,6.358280964838187963e-06
-1.152130929471362882e-05,6.692596067659273180e-06
-1.282091248622432409e-05,4.890580261192701368e-06
-3.371513057745147236e-06,5.466045269416422834e-07
-4.402354274997674709e-06,2.033298398887216178e-06
-4.403168869861857805e-06,-9.641326606266691790e-07
-9.173501087886199487e-06,6.344847981982786172e-06
-7.072365528700170706e-06,4.736398422524437565e-06
-6.080288942799602444e-06,2.291958983096834296e-06
-6.555405939900673427e-06,2.558702818415091474e-06
-6.793194861731727538e-06,3.112834753352133452e-06
-1.060601624308368889e-05,4.688574906080289106e-06
-1.194818929559306710e-05,3.415364693992049311e-06
-5.327487680695372138e-06,7.665987185616608808e-07
-6.126598558765911740e-06,-1.198144088811021619e-06
-8.169242468372674975e-06,3.599041303044283499e-06
-6.608255365947206964e-06,1.499249838125153277e-06
-7.172494950201773454e-06,2.368206984339619521e-06
-9.969782157016148893e-06,2.962132608199791461e-06
-1.139040944449460815e-05,1.944945482544711461e-06
-6.676387624475598135e-06,-1.972541970942841644e-07
-6.632381379460256231e-06,-1.450007643045084148e-06
-8.515873595192379922e-06,1.114143769737909808e-06
-1.117935562634264159e-05,5.006642199539754521e-07
-1.125036820837606206e-05,-8.896650491228525851e-07
-7.697049601750737154e-06,-1.121906761468547784e-06
-6.933237673145553857e-06,-1.978431954868505294e-06
-7.313298092920453122e-06,-3.413557334524297134e-06
-9.877129063687722910e-06,-1.084165201112532994e-06
-7.856950174116847564e-06,-4.768812361805794545e-06
-1.161325756501197404e-05,-2.280751371342447938e-06
-8.621601262468588250e-06,-3.474809055516375515e-06
-1.051204018414910954e-05,-3.581393511650450994e-06
-8.542312678965731035e-06,-6.047100512346474846e-06
-1.222005356524484855e-05,-3.583302612900140441e-06
-1.166647098555957550e-05,-4.839254362231221174e-06
-1.040528334810342302e-05,-5.613026885686036858e-06
-9.365947897303901845e-06,-7.234503158599652486e-06
-1.031657814973171521e-05,-8.319137947952072031e-06
-1.304602690250079772e-05,-4.768044816890762576e-06
-1.242079599472488764e-05,-6.216782585217264970e-06
-1.169213852118656040e-05,-7.882639985463483955e-06
-1.138353598817495978e-05,-9.287132748421106013e-06
-1.406262352719542675e-05,-5.790289473447598147e-06
-1.374496785302225396e-05,-7.866069258046067615e-06
-1.255169070552723321e-05,-1.012744923033375880e-05
-1.380508796722786144e-05,-1.082834690783134945e-05
-1.512831910613553641e-05,-1.138057210168104949e-05
-1.524473365403651583e-05,-8.304230490778111045e-06
-1.523832755369371635e-05,-6.618569512456550741e-06
-1.495008782449627756e-05,-9.960624711897534257e-06
-1.650322889009832973e-05,-1.177945023912911329e-05
-1.791215449034055138e-05,-1.201882010669221132e-05
-1.642796830693007786e-05,-8.678928052488772463e-06
-1.653608561117183033e-05,-7.229494748999175302e-06
-1.933765886471294193e-05,-1.209702935464698996e-05
-1.775762814642715222e-05,-1.001215948575104541e-05
-1.791668770370014800e-05,-7.605151848256636871e-06
-1.965340302877315233e-05,-1.022325334791085379e-05
-2.090230560642035871e-05,-1.209388622776491444e-05
-1.933846684585134129e-05,-7.733343368836431394e-06
-2.305115257836301649e-05,-1.209157426390910851e-05
-2.135672602035257488e-05,-9.160493212697447932e-06
-2.090191768972890387e-05,-7.737392221179433208e-06
-2.599934021997478471e-05,-1.209016080624075070e-05
-2.454096198132565135e-05,-9.746597566178119015e-06
-2.305061020618335381e-05,-7.741635575766591610e-06
-2.989063787528695361e-05,-1.209291667883688255e-05
-2.794386658463647764e-05,-9.917534375852226307e-06
-2.599857837299626945e-05,-7.744258382770710756e-06
-3.395465041471680274e-05,-1.209940227521291066e-05
-3.192039354582391230e-05,-9.918333242090184937e-06
-2.989003132164286722e-05,-7.742959406600012458e-06
-3.803279421672996419e-05,-1.210765984023635537e-05
-3.599105490903792997e-05,-9.919010791884202548e-06
-3.395429607074487976e-05,-7.737865827417426181e-06
-4.212592776592171242e-05,-1.211561624162978555e-05
-4.007694558528851681e-05,-9.919483253863633717e-06
-3.803271071904487974e-05,-7.730768265944301266e-06
-4.623253846026133772e-05,-1.212243439940575941e-05
-4.417719034582237022e-05,-9.919853625014698039e-06
-4.212597155793301653e-05,-7.723772655634184657e-06
-5.035031768132046284e-05,-1.212837404046486741e-05
-4.828959229838655017e-05,-9.920293335743908997e-06
-4.623241569637363883e-05,-7.717840301595339233e-06
-5.447713508182749892e-05,-1.213272962069358465e-05
-5.241231166702382588e-05,-9.920891331167307810e-06
-5.035002792079373293e-05,-7.712857600592151226e-06
-5.860866141210527974e-05,-1.213395184066257542e-05
-5.654248881403818486e-05,-9.921374312624189152e-06
-5.447684815031916063e-05,-7.709578593423960753e-06
-6.273939527199628324e-05,-1.213273716650193334e-05
-6.067451186265138097e-05,-9.921580919921675965e-06
-5.860849775527397461e-05,-7.708950363009269769e-06
-7.157328963498565998e-05,-1.188724310827718007e-05
-7.098776238451683475e-05,-1.212980320471014191e-05
-6.458838575251147555e-05,-9.921632155353803836e-06
-6.686546402948832747e-05,-1.213062239909747146e-05
-6.273938459258016445e-05,-7.710434109447633904e-06
-7.181582146578145448e-05,-1.130167851989144907e-05
-7.043053029691965919e-05,-9.921616195878451511e-06
-6.686549729119676492e-05,-7.712642696739264463e-06
-7.181588210681615579e-05,-8.541518568747062621e-06
-7.098782365975273728e-05,-7.713384863926983076e-06
-7.157335297470877487e-05,-7.955946901929049575e-06
