Size 192,2
5.988970478448815080e-05,-7.292031260468418664e-06
6.013631340859681946e-05,-6.696645270910961563e-06
6.013623233390947090e-05,-3.889802262623846075e-06
5.988960625131326573e-05,-3.294380043161236838e-06
5.929432998658117651e-05,-7.538651369674308119e-06
5.817745393022189074e-05,-5.293202707078209268e-06
5.929419678098623892e-05,-3.047743339318347422e-06
5.510174705139927033e-05,-7.538687058581602240e-06
5.510154668039606073e-05,-3.047606711963592454e-06
5.278678310250940552e-05,-5.293111016186071460e-06
5.090857003265671191e-05,-7.538178830631183287e-06
5.090893145928593083e-05,-3.048613164280851372e-06
4.881274039821399739e-05,-5.293112208252860944e-06
4.671787079159021595e-05,-7.535146279859396161e-06
4.671905917386568174e-05,-3.051653849670776110e-06
4.462486810995101524e-05,-5.293122491718519986e-06
4.253538376573659475e-05,-7.527443017265727579e-06
4.253684729250928017e-05,-3.058744124779634545e-06
4.044921326810433331e-05,-5.292977817180233657e-06
3.837122950672417464e-05,-7.512386664099783201e-06
3.837238707134026225e-05,-3.072743357688037107e-06
3.629898724339322030e-05,-5.292472658078314406e-06
3.424180294078408546e-05,-7.486429055860041742e-06
3.424240895540033459e-05,-3.097134564684714309e-06
3.219423710418475984e-05,-5.291574643340892542e-06
3.017068347152237676e-05,-7.446659351084508298e-06
3.017071223996822373e-05,-3.134688153617500085e-06
2.816113191882892888e-05,-5.290284317902727644e-06
2.618521391981658785e-05,-7.391934322381579977e-06
2.618465356611986248e-05,-3.186751447065406911e-06
2.422731073573983646e-05,-5.288729373439701162e-06
2.231285163512391527e-05,-7.322212196153403329e-06
2.231206484198765063e-05,-3.253614894243397982e-06
2.042077272227156993e-05,-5.287066389025961247e-06
1.858132710315401180e-05,-7.236805636959555782e-06
1.858053768378674435e-05,-3.336321177286295642e-06
1.684079510840296430e-05,-5.284848981161299962e-06
1.515905676730115645e-05,-7.137766270575781993e-06
1.515812632686284596e-05,-3.436034903737275148e-06
1.391415260595974215e-05,-5.423125865050167987e-06
1.270122186400156039e-05,-7.045560968283650804e-06
1.269824829315989482e-05,-3.528898235461989403e-06
1.099956999470711994e-05,-6.965605398228140864e-06
1.130684513423346465e-05,-5.866313409864718039e-06
1.099520840391864480e-05,-3.588046993415671568e-06
9.806368482611193196e-06,-3.651170371735031547e-06
-1.290625194084876824e-06,-1.052466941716509665e-07
-1.317561416401178205e-06,-4.050464950805920433e-08
-1.317418627207743720e-06,2.010496405906254148e-07
-1.290592697773674660e-06,2.650460459183953747e-07
9.800742990739412665e-06,-6.909591619012399792e-06
8.762620387300771359e-06,-6.799580088913261459e-06
9.544463580116536777e-06,-4.876367550993901515e-06
8.743037561276553892e-06,-3.626395639123547885e-06
-1.226124825344529119e-06,-1.320002298693703188e-07
-1.160766270432055207e-06,1.328044155337873512e-07
-1.226540004659494438e-06,2.917841891082554013e-07
8.418352813988637777e-06,-5.806283413954387249e-06
7.767581769996437073e-06,-6.563259124563249667e-06
6.841513985399359801e-06,-6.239236743329464795e-06
8.106835485064852983e-06,-4.487993501759387156e-06
7.765694798000164335e-06,-3.444942212389285397e-06
-7.879665598573920999e-07,-1.378837297689173606e-07
-7.874538063930238327e-07,2.993191168019823673e-07
-5.612938130569437287e-07,8.120837856213253173e-08
5.997912447243646210e-06,-5.808245320601927662e-06
6.705322104663936314e-06,-5.259069209137857766e-06
7.018935659664121807e-06,-4.072084879572527610e-06
6.885200409010063446e-06,-3.125682090273101665e-06
-3.177498068236380900e-07,-1.736686794461188779e-07
-3.174342071488201604e-07,3.371803607026349407e-07
-4.307379515368598545e-08,8.238635546495983500e-08
5.228868501950747908e-06,-5.311539426287763737e-06
4.561850859045629707e-06,-4.758075247163033425e-06
5.942877780384792419e-06,-3.897364718877728860e-06
6.120567320783153467e-06,-2.678874335010034860e-06
2.685759653570857056e-07,-2.519353562269731257e-07
2.689861434851244753e-07,4.180710241050630481e-07
4.732850836950382819e-06,-3.945026081178693863e-06
3.995488399208636141e-06,-4.142349349847400030e-06
5.008891962434119504e-06,-3.071663615654641697e-06
5.484792446808311160e-06,-2.152916591175422965e-06
6.086274161101661785e-07,8.359938133910712452e-08
1.008575154828211498e-06,-3.652067274369506923e-07
1.008219300278052607e-06,5.347424235522794418e-07
3.509139494827632828e-06,-3.495355886764672425e-06
3.137509108246618336e-06,-2.850636898697075596e-06
2.867567650082900008e-06,-2.183830051753846208e-06
4.453956602808300628e-06,-2.317750765514968167e-06
4.983915503966750740e-06,-1.581942247955651676e-06
1.329015703699793212e-06,8.316848739062369652e-08
1.717799052741083570e-06,-4.761069914563215138e-07
1.718900370035574998e-06,6.534220792819619238e-07
3.495924745464089074e-06,-2.174917016034613602e-06
2.673871609038234393e-06,-1.526240286901759235e-06
2.340839720643738878e-06,-5.682004422106182705e-07
2.511014528392624280e-06,-6.685968004760043299e-07
2.589506365145190395e-06,-8.823026744364730781e-07
4.074985365857355855e-06,-1.501159971493486984e-06
4.607056447841177823e-06,-9.964866837559199254e-07
2.066536724293830914e-06,1.112879439456704852e-09
2.376303090385145884e-06,7.406851473964932328e-07
3.112430601891974386e-06,-1.068634126901110858e-06
2.539150975067066705e-06,-2.688130814148235754e-07
2.740858276803470188e-06,-5.950116343302943340e-07
3.818280222934547518e-06,-8.177213792902254290e-07
4.359812289660435149e-06,-4.276222506042986853e-07
2.579751839672511711e-06,3.673987670764950111e-07
2.575786677080259576e-06,8.334022452111439551e-07
3.256696045440711281e-06,-1.096031578160817869e-07
4.258330177207348632e-06,1.198217278847222224e-07
4.249552479532635524e-06,6.316310537810170061e-07
2.969542030116072636e-06,7.165837198441618953e-07
2.697703253839356570e-06,1.021644439778394523e-06
2.858337697429189127e-06,1.519699514131738789e-06
3.758081747146932294e-06,7.126135571960896217e-07
3.074440858261053366e-06,1.964785752166974548e-06
4.344064418317960010e-06,1.135607996910497287e-06
3.321239544641003135e-06,1.548850810935291427e-06
3.963538220714735277e-06,1.585107024997051947e-06
3.323090928701901599e-06,2.373763025396018035e-06
4.512508089915526158e-06,1.586089675626212168e-06
4.325811970473932888e-06,1.998227575584719931e-06
3.931191124806750747e-06,2.241828496573773661e-06
3.608536043029747623e-06,2.728589187209265279e-06
3.912574365853260863e-06,3.034388422358095297e-06
4.735337496430381536e-06,1.982643140625679183e-06
4.546646352710031530e-06,2.424210195625659874e-06
4.332286623274773547e-06,2.906589222855418063e-06
4.243025656931300625e-06,3.287658820953905636e-06
5.004990238183796722e-06,2.310537664928775847e-06
4.913676772514016102e-06,2.896528166701016777e-06
4.582498978609200559e-06,3.499014273418618802e-06
4.922146313139162887e-06,3.659190695632811398e-06
5.266151382545343218e-06,3.767068459262104119e-06
5.303143621102533171e-06,3.013841197230153775e-06
5.304898763169568037e-06,2.563781402003806568e-06
5.230008954328837654e-06,3.432024382776885554e-06
5.601022700899490548e-06,3.839189260105896931e-06
5.924279975874947834e-06,3.867337204368517858e-06
5.593487370458950009e-06,3.112329788301547431e-06
5.616983302258027791e-06,2.752528105060568467e-06
6.239547513411827441e-06,3.860697161847295017e-06
5.903796543043332484e-06,3.424423930912425979e-06
5.933793262315530955e-06,2.876708711130352301e-06
6.311776585845965206e-06,3.465718834445510577e-06
6.559619409627643206e-06,3.831870412421496650e-06
6.247267777258570141e-06,2.929319498079252909e-06
6.974611249720405480e-06,3.803456557931768797e-06
6.659467702362444852e-06,3.249869636140535021e-06
6.560734092624830086e-06,2.958918210512063968e-06
7.486566358771573925e-06,3.761238763549876202e-06
7.245483266957762588e-06,3.367674803676141230e-06
6.973409930675293877e-06,2.996992564135153829e-06
8.085479809312237360e-06,3.719970911511508797e-06
7.797737369656588846e-06,3.399094152076465640e-06
7.485915469114183299e-06,3.038717039365980802e-06
8.647101652452643644e-06,3.691620293368549299e-06
8.374981923412937068e-06,3.400042672429088523e-06
8.085152003780501646e-06,3.079683142072682595e-06
9.167494833459159724e-06,3.675049139198440784e-06
8.912404277796474983e-06,3.400557562444426437e-06
8.646959304601280885e-06,3.109008036896542593e-06
9.666775409252977803e-06,3.668117283470560462e-06
9.419161138143024707e-06,3.401099744209744687e-06
9.167346963538839676e-06,3.126591571616903282e-06
1.016006720490345590e-05,3.667926418760031201e-06
9.913365897654038278e-06,3.401907065109710349e-06
9.666489767093960041e-06,3.134849111951910020e-06
1.065643772546113882e-05,3.671352805673170032e-06
1.040716379598712809e-05,3.402848103946816348e-06
1.015976854543287306e-05,3.136817153443783903e-06
1.115998594176215476e-05,3.676489773581264434e-06
1.090666871736077932e-05,3.403851884496330478e-06
1.065611609863951589e-05,3.135339364374811165e-06
1.167214213419615777e-05,3.681988621564234671e-06
1.141442892610266170e-05,3.404914509502393676e-06
1.115964111416883623e-05,3.132267203772609874e-06
1.219258479427075372e-05,3.686817535010086237e-06
1.193094047407989601e-05,3.405962198817824253e-06
1.167178819243855654e-05,3.128905673323754155e-06
1.332448313755918171e-05,3.659834536799281054e-06
1.324930770828002056e-05,3.690951599178645790e-06
1.242774938370837845e-05,3.406749697708047224e-06
1.271951300660862017e-05,3.690032611966616275e-06
1.219232119461716742e-05,3.125976014505900417e-06
1.335562440339245682e-05,3.584690086236879111e-06
1.317754497106707084e-05,3.407424101470708757e-06
1.271934306394030775e-05,3.124134962239151557e-06
1.335561108680428516e-05,3.230187878359837252e-06
1.324924293417051983e-05,3.123852724337435789e-06
1.332445524837150309e-05,3.154995179371552964e-06
