Size 192,2
7.733934870143727180e-05,-1.273657010611914104e-05
7.759729089475301070e-05,-1.211373566104963299e-05
7.759754611149305913e-05,-9.177987371304807430e-06
7.733963857459904136e-05,-8.555178827686628850e-06
7.671660649343886021e-05,-1.299457841668347482e-05
7.554911239599031950e-05,-1.064591179488976259e-05
7.671694540062782099e-05,-8.297180701311361822e-06
7.233232261605164210e-05,-1.299592105603436973e-05
7.233266571410963599e-05,-8.295696298223785212e-06
6.991021969391990277e-05,-1.064554060999866223e-05
6.794195918785755103e-05,-1.300069697831917445e-05
6.794231338053611494e-05,-8.290060973295292873e-06
6.574326381510680163e-05,-1.064505177015865447e-05
6.353869828486867597e-05,-1.300881028789585043e-05
6.353894352176332381e-05,-8.280786548052018300e-06
6.133124323998669146e-05,-1.064425815861193465e-05
5.911614029297647627e-05,-1.301882098302645979e-05
5.911649765698430789e-05,-8.268868765671940041e-06
5.689775171330785982e-05,-1.064332391058254938e-05
5.467065811232450719e-05,-1.303028754863602575e-05
5.467083489019547427e-05,-8.255201467255485987e-06
5.243986892052360433e-05,-1.064233267093118131e-05
5.020102802981019215e-05,-1.304115888716312183e-05
5.020090010606385536e-05,-8.242363751302384374e-06
4.795851451395435417e-05,-1.064147985675994724e-05
4.571060493574386656e-05,-1.304885357051006084e-05
4.571045046365249836e-05,-8.233186632434233987e-06
4.346010044814270382e-05,-1.064073676401727396e-05
4.120800034336881602e-05,-1.305152739384325693e-05
4.120791088702617332e-05,-8.229285922419506298e-06
3.895539025876871691e-05,-1.064011071104996180e-05
3.670534549252617111e-05,-1.304810152269369867e-05
3.670526946589362441e-05,-8.231595823934257733e-06
3.445690187540621465e-05,-1.063956562067653111e-05
3.221385712878049293e-05,-1.303967854411638905e-05
3.221383848698905396e-05,-8.239234770165610564e-06
3.006437704485357611e-05,-1.063915658051289133e-05
2.792126790356658537e-05,-1.302909199999616813e-05
2.792143054832187113e-05,-8.249708373233941778e-06
2.631669098816714658e-05,-1.082544434106721159e-05
2.468366040186685640e-05,-1.302037865372060084e-05
2.468377900620705908e-05,-8.258534926901381609e-06
2.233535936591219301e-05,-1.301404850839535901e-05
2.279311711373123938e-05,-1.145041451080829559e-05
2.233550096396493069e-05,-8.263632272138405320e-06
2.063235564687260006e-05,-8.268412015207158390e-06
-3.598181795192933191e-06,6.093364500077636282e-08
-3.669568069684918980e-06,2.324197950608198345e-07
-3.669255773330292174e-06,8.719446198993712565e-07
-3.598199351075156381e-06,1.041416471252590758e-06
2.063148759495292165e-05,-1.301031240657410123e-05
1.908638146043415944e-05,-1.291939696265745185e-05
2.028720371491204617e-05,-1.004763632864137230e-05
1.908954007283925679e-05,-8.137816913041049844e-06
-3.427399640804799424e-06,-9.856222466962621897e-09
-3.255009189609255497e-06,6.916557492995810206e-07
-3.428611247167566323e-06,1.112373071887809719e-06
1.859643860745622838e-05,-1.145779543010578039e-05
1.756250380608134865e-05,-1.265361943701459137e-05
1.608057705519583500e-05,-1.221844762125763824e-05
1.813341606205980892e-05,-9.434642724053183323e-06
1.759720176534667301e-05,-7.741552892970169015e-06
-2.268985173064314051e-06,-2.692618458512836956e-08
-2.267576037261866910e-06,1.134349125436061341e-06
-1.667763711109113634e-06,5.546849644260907609e-07
1.465820402553319559e-05,-1.161808177002206132e-05
1.588719721448079492e-05,-1.068503862206355532e-05
1.640288299064967981e-05,-8.740965443935082808e-06
1.619903179019120218e-05,-7.091646446195401319e-06
-1.016975378222572949e-06,-1.325971464205957780e-07
-1.016724876452793711e-06,1.243283687280997285e-06
-2.763537960242686739e-07,5.560195555257236503e-07
1.331396301721088317e-05,-1.086171591499705226e-05
1.206453073953381719e-05,-9.958205240471348593e-06
1.459457608753075864e-05,-8.432250622581476641e-06
1.493661945560171126e-05,-6.207938813161178905e-06
5.731866632380418589e-07,-3.638859677315724497e-07
5.736397145039767305e-07,1.477376380565407948e-06
1.238088263197765274e-05,-8.540099671016644997e-06
1.092471755373451841e-05,-8.918821724201495248e-06
1.291624799972506470e-05,-6.914362091555124269e-06
1.384760287992644329e-05,-5.117421903858381344e-06
1.509298052628125987e-06,5.571978982141234024e-07
2.622139485822215555e-06,-6.996146687550645401e-07
2.620989812025218579e-06,1.817633493622564792e-06
9.910090473054193860e-06,-7.757631319823487823e-06
9.031834524969701056e-06,-6.487548417364997419e-06
8.297968708980029396e-06,-5.122499219937072023e-06
1.182367057186885765e-05,-5.431233411544051752e-06
1.296458571512536203e-05,-3.853105037701486389e-06
3.516842231433246689e-06,5.550260125087260825e-07
4.615420709232597308e-06,-1.031979637002082603e-06
4.615205742186755682e-06,2.164486634795914714e-06
9.766650125201451797e-06,-5.130593622675280502e-06
7.724251334095191005e-06,-3.675403191591221193e-06
6.450632745490897313e-06,-1.316922071730245061e-06
7.001366348968921736e-06,-1.593539840009601717e-06
7.313400070027347918e-06,-2.146967556989207417e-06
1.105236219806854332e-05,-3.665260053986651207e-06
1.231724164532035863e-05,-2.461756340677519526e-06
5.604202746768022632e-06,3.240308509115262841e-07
6.406285976934859174e-06,2.412479149598547200e-06
8.736793832710172336e-06,-2.640454948247172273e-06
7.013866822025015442e-06,-4.791490048294081894e-07
7.666079614603056247e-06,-1.399605236727784314e-06
1.047796762235583850e-05,-2.027531957094651541e-06
1.193629193323678957e-05,-9.912545253256859040e-07
7.007867774311478211e-06,1.331043716967057112e-06
6.897031298869416663e-06,2.688581058740712608e-06
9.026755784620462889e-06,-1.433604452486979864e-07
1.183350460639873086e-05,5.168785790586614658e-07
1.209231677136024162e-05,2.050422710822285076e-06
8.057619471116997013e-06,2.306346720007054847e-06
7.171941809185194690e-06,3.300608519055061682e-06
7.488899242188586798e-06,5.029651008442527751e-06
1.051627745151962174e-05,2.216278934685312641e-06
8.010798762341918384e-06,6.781870599862005096e-06
1.268563149066669013e-05,3.624911747919389211e-06
9.018370999349843519e-06,5.065846943093661076e-06
1.135569479106649275e-05,5.201266878442655174e-06
8.785727477413278437e-06,8.487196590890641110e-06
1.361871158323590030e-05,5.204908750158587124e-06
1.292794055895123948e-05,6.830763222649414751e-06
1.120878344709577903e-05,7.877987678860922790e-06
9.780158635101387257e-06,1.018608092837885162e-05
1.104812392849573421e-05,1.182265274844338746e-05
1.491264844944897156e-05,6.705017051267394205e-06
1.402912260434675529e-05,8.736781183199787937e-06
1.297430815546630822e-05,1.118795317117505877e-05
1.252049959993815479e-05,1.336983856592809348e-05
1.652212573265898350e-05,8.067597345217576992e-06
1.605394902473477112e-05,1.119071919657546744e-05
1.423516241949454933e-05,1.475090861791045529e-05
1.618496196138392829e-05,1.597382469406504987e-05
1.830701016327881777e-05,1.701641238587652639e-05
1.846172853114443356e-05,1.188074481878144229e-05
1.843462406870555995e-05,9.229633311715792744e-06
1.797586480079765042e-05,1.459049937664670771e-05
2.061205751122152888e-05,1.779417966943436238e-05
2.305842784657008765e-05,1.832543541282361931e-05
2.043623397457023348e-05,1.247850472455826991e-05
2.062845377802586646e-05,1.007976317144088992e-05
2.558493343008496330e-05,1.856688096079783942e-05
2.272508319571526049e-05,1.476751838092519697e-05
2.302785085545998328e-05,1.056909271875601947e-05
2.613424194807079473e-05,1.516577820840918326e-05
2.846807552780498716e-05,1.868040913773561711e-05
2.555308927676028474e-05,1.069364608703992954e-05
3.252994804830755581e-05,1.879316877056697412e-05
2.927685356472589084e-05,1.320336440100444482e-05
2.846212892930096775e-05,1.058089543382773293e-05
3.833668335402039702e-05,1.896362728811869377e-05
3.541507461885291813e-05,1.429306825543687264e-05
3.253325630681552880e-05,1.043570334827834917e-05
4.631347938673752943e-05,1.914371004800986646e-05
4.227441602268642234e-05,1.462323304184386412e-05
3.833831540764422771e-05,1.027258752031576134e-05
5.491612055719856318e-05,1.929159024276813950e-05
5.056954080407426221e-05,1.462237447920593343e-05
4.631385030432681564e-05,1.010000859409538725e-05
6.376307324803413606e-05,1.941004172728241173e-05
5.930271071911219309e-05,1.462258618643266110e-05
5.491609010645348153e-05,9.953360566996269737e-06
7.280422719139132673e-05,1.950234467672829448e-05
6.825502991703846756e-05,1.462273813164131588e-05
6.376306495106967510e-05,9.835464929985750945e-06
8.199378624731702139e-05,1.957255697854549094e-05
7.737730937270986527e-05,1.462300655869901550e-05
7.280409708963756139e-05,9.743438845558848569e-06
9.129400563947216263e-05,1.962407677666884464e-05
8.662797434051443463e-05,1.462330651807111134e-05
8.199360606675205453e-05,9.673713043380185027e-06
1.006738921931276353e-04,1.966022139304071542e-05
9.597283709757338261e-05,1.462362442317611448e-05
9.129389553023127795e-05,9.622703165107978642e-06
1.101059738481135905e-04,1.968281849643778390e-05
1.053832413086464628e-04,1.462415837330183275e-05
1.006737712599027075e-04,9.587468661440788146e-06
1.195662701591154427e-04,1.969453181295810677e-05
1.148329079340760676e-04,1.462479983390315043e-05
1.101058313484627309e-04,9.566189268223004741e-06
1.398577791442537669e-04,1.914231770580602368e-05
1.385123108071902108e-04,1.969961615912866525e-05
1.238081517801139673e-04,1.462527637703026167e-05
1.290383676226902038e-04,1.969886780640924554e-05
1.195661166479449112e-04,9.555692019830393623e-06
1.404150906134116205e-04,1.779686685114588443e-05
1.372311905395627802e-04,1.462549692179888181e-05
1.290383042760661150e-04,9.551950790370850280e-06
1.404150542657546942e-04,1.145414545451985724e-05
1.385122626707864936e-04,9.551385757595816150e-06
1.398577379798887459e-04,1.010868827818703369e-05
