Size 192,2
8.309225019599872180e-05,-1.383369779445772183e-05
8.337897387274348913e-05,-1.314140504540226491e-05
8.337869180559310427e-05,-9.877909300192296989e-06
8.309192224284373267e-05,-9.185558489015814386e-06
8.240000665158739974e-05,-1.412046097169989712e-05
8.110160990716419648e-05,-1.150960052687237140e-05
8.239960350445326136e-05,-8.898769059497461527e-06
7.752640686862257704e-05,-1.412103103530486073e-05
7.752577514495779718e-05,-8.897984751974032444e-06
7.483482070515983312e-05,-1.150952850934667836e-05
7.264972912807252277e-05,-1.412451066275738294e-05
7.264913989623988510e-05,-8.894268672660044054e-06
7.020812660818371079e-05,-1.150925243552093501e-05
6.776240398612835608e-05,-1.413158481215793766e-05
6.776203188346260529e-05,-8.886359394832149769e-06
6.531293551828602155e-05,-1.150902815272148307e-05
6.285752374429866101e-05,-1.414121811189550395e-05
6.285669652711721553e-05,-8.876049126635654103e-06
6.039747740445832998e-05,-1.150860813275235211e-05
5.793219329548152959e-05,-1.415012747712199635e-05
5.793115174322460541e-05,-8.866657154403150798e-06
5.546297844460308836e-05,-1.150814818851546516e-05
5.299171406961396638e-05,-1.415415594850833901e-05
5.299073533501535060e-05,-8.861972426866554254e-06
5.051874446788705622e-05,-1.150763582022927622e-05
4.804890086062419400e-05,-1.415015896308147606e-05
4.804819946475867972e-05,-8.864974732910857797e-06
4.558023466931405835e-05,-1.150706722258522037e-05
4.312039912037870831e-05,-1.413736809162665099e-05
4.312006729669352076e-05,-8.876663003391721199e-06
4.066508614441672519e-05,-1.150651726132359338e-05
3.822329128592775441e-05,-1.411659734928835891e-05
3.822360782396329705e-05,-8.896268059514187248e-06
3.578903591286811023e-05,-1.150603136645545988e-05
3.337074281903799037e-05,-1.409031797843180914e-05
3.337137396613607600e-05,-8.921378142456369865e-06
3.105889018076045730e-05,-1.150551006017618610e-05
2.876322218350953845e-05,-1.406204206594265515e-05
2.876360175142049456e-05,-8.949563736376000886e-06
2.704727509541273139e-05,-1.170381629617444167e-05
2.530981301805453951e-05,-1.403830452507533609e-05
2.530910781877967927e-05,-8.973133005595698667e-06
2.281772599660691938e-05,-1.401986720557825982e-05
2.329977705762974039e-05,-1.236534046373732433e-05
2.281686852270407663e-05,-8.986697218874565478e-06
2.101593058836896864e-05,-9.000050417305177974e-06
-3.573251817357558201e-06,-5.796497929324333689e-07
-3.644752276715685157e-06,-4.076352442584220449e-07
-3.644323905435669056e-06,2.330066196397068211e-07
-3.573183932557903009e-06,4.026004379635601852e-07
2.101489946209088422e-05,-1.400784808873384638e-05
1.938664047791968656e-05,-1.390463560388688956e-05
2.064809874638067020e-05,-1.087945678536062176e-05
1.938614983218221131e-05,-8.870930401408206047e-06
-3.402005191042963715e-06,-6.508119078290229867e-07
-3.229396844192695270e-06,5.176000498507770794e-08
-3.403447271279921466e-06,4.733850171050685167e-07
1.886801723163556181e-05,-1.236247788265100224e-05
1.778474044151404546e-05,-1.361583304846480908e-05
1.623266765394849808e-05,-1.315182466189578605e-05
1.837947309878286469e-05,-1.023599669433462544e-05
1.781655231384087580e-05,-8.464935953229116826e-06
-2.241065482970763667e-06,-6.694677084849717540e-07
-2.240085977107513688e-06,4.938582615300057152e-07
-1.638702122510508396e-06,-8.748040695258888641e-08
1.475022265865384809e-05,-1.251397453920972369e-05
1.602758712540693439e-05,-1.154264615732215952e-05
1.656570210061403795e-05,-9.511307835139677045e-06
1.635038486003611739e-05,-7.797072772143850945e-06
-9.867256342142805288e-07,-7.756696912091614464e-07
-9.867086283070807557e-07,6.010150371075625574e-07
-2.455221540320403671e-07,-8.711443580258560614e-08
1.335339230626745548e-05,-1.171690826319796813e-05
1.206316727339946513e-05,-1.077105320435151376e-05
1.467962943745323545e-05,-9.189576911481346657e-06
1.503043285523549928e-05,-6.888044246594896378e-06
6.038016341098888053e-07,-1.005688082665556276e-06
6.039907269946719385e-07,8.318762379041955116e-07
1.238961340580302213e-05,-9.297293183575205098e-06
1.089493921656978512e-05,-9.686624365775813476e-06
1.293913915426530074e-05,-7.618627149686210517e-06
1.389488820860561939e-05,-5.772012371599967888e-06
1.537967331983984946e-06,-8.700678521459404401e-08
2.646868299214456362e-06,-1.337991762695479395e-06
2.645321770017067596e-06,1.166450085524883087e-06
9.858591215536675778e-06,-8.481853744856147843e-06
8.972125989816183346e-06,-7.176904990084491059e-06
8.241395515632785621e-06,-5.780414295110490829e-06
1.181619722005957195e-05,-6.094021917969536996e-06
1.297592678804678238e-05,-4.487391497149254386e-06
3.537479385204601320e-06,-9.019596740056053927e-08
4.628659402021212403e-06,-1.664978141598500937e-06
4.628454483662455978e-06,1.506585554783492571e-06
9.723143108827256650e-06,-5.786040491383699767e-06
7.674483214950415279e-06,-4.310484401854421741e-06
6.442200794918868161e-06,-1.943419127857843130e-06
6.981425319006670200e-06,-2.217631888357742465e-06
7.282354395873970070e-06,-2.770340336482515883e-06
1.102567930404988733e-05,-4.296465421691811722e-06
1.229862535285111981e-05,-3.084276586766543891e-06
5.610001187071842621e-06,-3.200867512566767872e-07
6.412297302961845887e-06,1.749567796282738342e-06
8.697050314405514583e-06,-3.262452484886540793e-06
7.000228850074785129e-06,-1.112083046284320824e-06
7.638319921458496334e-06,-2.023951010023562312e-06
1.044293703314361568e-05,-2.646806603355862821e-06
1.189236602882036397e-05,-1.614070798863337997e-06
7.005996393655110813e-06,6.801069672344948537e-07
6.906345438659138303e-06,2.020735469782740820e-06
8.993830163635481827e-06,-7.685113982793528223e-07
1.177260404697660380e-05,-1.158352146723775726e-07
1.199950290430051416e-05,1.394461924116383702e-06
8.050357006096948992e-06,1.646965685990450026e-06
7.185798521062000183e-06,2.617571015688674349e-06
7.514183678359868159e-06,4.294753497812826501e-06
1.045939686065881483e-05,1.565398984315173967e-06
8.040365964226844651e-06,5.976411424235277810e-06
1.255191999024618413e-05,2.937889959540531920e-06
9.004486423729532874e-06,4.335555003493247592e-06
1.126246558789414741e-05,4.466302575314908679e-06
8.800068439343377205e-06,7.605830413927280196e-06
1.342613148303622341e-05,4.470044200854780558e-06
1.275968631337314152e-05,6.030450711432944522e-06
1.112308372105066103e-05,7.028414133723641250e-06
9.764643200929473473e-06,9.212485530458878531e-06
1.097584806863776022e-05,1.074888563672686237e-05
1.463463333303452097e-05,5.915116307405122611e-06
1.379795801395854136e-05,7.841848648719972398e-06
1.280256850719406143e-05,1.015031944365971029e-05
1.237519243858851129e-05,1.218997295998726097e-05
1.613522449231807656e-05,7.217550190928379544e-06
1.569459191950989653e-05,1.014985263656466153e-05
1.399043506162575654e-05,1.347169007497699439e-05
1.581233692900272387e-05,1.459804867205093060e-05
1.778713157524366872e-05,1.554941856791431008e-05
1.793490041734388028e-05,1.079409293173586114e-05
1.791170578191703564e-05,8.319975618535308125e-06
1.748450566912844765e-05,1.330970653078966467e-05
1.991977635184855478e-05,1.625674734375325288e-05
2.217339098809402244e-05,1.673385417068903121e-05
1.976274764325446377e-05,1.135118364703305157e-05
1.993929625616917007e-05,9.127620824791476706e-06
2.449485196311528310e-05,1.694537157557582773e-05
2.187333793216941191e-05,1.346365013545447935e-05
2.214918553356916758e-05,9.597228336768543139e-06
2.500042777078794658e-05,1.382767306895559282e-05
2.713273250079693350e-05,1.703837927565599535e-05
2.446883178533430171e-05,9.723128682458408081e-06
3.083971438964267111e-05,1.713181454420380741e-05
2.787510670995152021e-05,1.203237929977948605e-05
2.712740881430505689e-05,9.632215432437507706e-06
3.612024157938240016e-05,1.727498165455987304e-05
3.346672943530684896e-05,1.302992170621817126e-05
3.084201768583003485e-05,9.513954764031112903e-06
4.335335405486909839e-05,1.742859774678579454e-05
3.969354711011962683e-05,1.333202575129100953e-05
3.612105960083703758e-05,9.379202662823334281e-06
5.113813104581720710e-05,1.755610394625313416e-05
4.720683217084341917e-05,1.333276982281914403e-05
4.335317041137939426e-05,9.234614228144012550e-06
5.913244722484777417e-05,1.765965998074442059e-05
5.510321610450528008e-05,1.333438534663156192e-05
5.113757697108776382e-05,9.110905456463076911e-06
6.729597934201683707e-05,1.774225000507928499e-05
6.318876990086892047e-05,1.333575997908168707e-05
5.913200581656221364e-05,9.010344916978086554e-06
7.559282862855198166e-05,1.780671146247246776e-05
7.142453998929766050e-05,1.333674193418608594e-05
6.729570559631036864e-05,8.930279886542296706e-06
8.399286533900042506e-05,1.785603042411688636e-05
7.977761686681367084e-05,1.333760182128561754e-05
7.559254117990144679e-05,8.867673642093479110e-06
9.246930790045712275e-05,1.789118894818221632e-05
8.822032148316383965e-05,1.333856683515342874e-05
8.399259355845441286e-05,8.820241252090292854e-06
1.009962057100579491e-04,1.791318883689115111e-05
9.672618519971451381e-05,1.333944837056217370e-05
9.246907509796278607e-05,8.786869039127364659e-06
1.095507081182258330e-04,1.792458059064379881e-05
1.052702987628378200e-04,1.334019166293562012e-05
1.009959567465534331e-04,8.766451152156484774e-06
1.279004991368829945e-04,1.742589012830321585e-05
1.266837976434023847e-04,1.792984885879919066e-05
1.133865616247634750e-04,1.334078967635187067e-05
1.181162617514128812e-04,1.792898413974333319e-05
1.095504733912155027e-04,8.756402391304347855e-06
1.284044760007826123e-04,1.620921300739954377e-05
1.255252556769655495e-04,1.334134541879910853e-05
1.181161291261139681e-04,8.753132123055420362e-06
1.284044854837170153e-04,1.047349383609284058e-05
1.266837632414022558e-04,8.752791217275556000e-06
1.279004970949799438e-04,9.256772643321803921e-06
