Size 192,2
-1.047052630159295191e-04,1.521302678194194926e-05
-1.051102620030838216e-04,1.423533523952178620e-05
-1.051104175200827178e-04,9.626366292731644166e-06
-1.047054439879200320e-04,8.648692227184641914e-06
-1.037275302832515729e-04,1.561799307492807990e-05
-1.018936780604847895e-04,1.193083587303416696e-05
-1.037277496758326473e-04,8.243728034932177755e-06
-9.684298886840315632e-05,1.561711536191205636e-05
-9.684319353206948758e-05,8.243863686569670050e-06
-9.304293551762184654e-05,1.192992308942207156e-05
-8.996104410445178163e-05,1.561249919139235344e-05
-8.996103929696142476e-05,8.246218594041398981e-06
-8.652238927571735596e-05,1.192863276394823980e-05
-8.308860238558913832e-05,1.560275234298176122e-05
-8.308803455399615392e-05,8.252604132647164235e-06
-7.965751506338831567e-05,1.192658437754560680e-05
-7.623534068692030261e-05,1.558653543520830624e-05
-7.623478606846367312e-05,8.264562752917844075e-06
-7.281794866928957240e-05,1.192427110791475305e-05
-6.941486908760882810e-05,1.556100718862288854e-05
-6.941453746308455942e-05,8.285234475030331942e-06
-6.601972894391472998e-05,1.192185114965029078e-05
-6.264571932144558238e-05,1.552425633140342215e-05
-6.264571137843026410e-05,8.316987019826071188e-06
-5.928411249674052369e-05,1.191954366010743719e-05
-5.595196086084715291e-05,1.547435609585364499e-05
-5.595186697494937850e-05,8.362250231565359715e-06
-5.263699762307728978e-05,1.191752634683460644e-05
-4.936115649402240241e-05,1.540958943476845140e-05
-4.936045024704190180e-05,8.423006063991521675e-06
-4.610655379181361049e-05,1.191553659113396499e-05
-4.290129245426122190e-05,1.532986703456757393e-05
-4.290006412669674979e-05,8.499055716930194168e-06
-3.972123379477167040e-05,1.191337438990609009e-05
-3.660014504599077727e-05,1.523491566224927744e-05
-3.659857882216636932e-05,8.590309143494404204e-06
-3.363169102990096161e-05,1.191049962116313424e-05
-3.072794084438329649e-05,1.512704688323292484e-05
-3.072597630000200518e-05,8.697547705655926106e-06
-2.856706359430052339e-05,1.215426075422617005e-05
-2.642318413027463725e-05,1.502826915429496767e-05
-2.641942143634643826e-05,8.795732435984160322e-06
-2.338234386531148020e-05,1.494368845500892086e-05
-2.395041977024823718e-05,1.295285442580247844e-05
-2.337742043094558162e-05,8.857277230042235263e-06
-2.121748100518028689e-05,8.922673909094851004e-06
3.220492107118925730e-06,6.856496128335907700e-07
3.284466837091743346e-06,5.316640199362229273e-07
3.284044902427125957e-06,-4.141431634700869675e-08
3.220415812574053164e-06,-1.930312373717496473e-07
-2.121182153872908522e-05,1.488475719723552920e-05
-1.929272490080407405e-05,1.472198050267917434e-05
-2.075891078133989699e-05,1.116221995102754603e-05
-1.927416380239662638e-05,8.823072794951095660e-06
3.067227572341401821e-06,7.493921138695275525e-07
2.913030904498184734e-06,1.208879504003650987e-07
3.068654503073902535e-06,-2.562243561451521977e-07
-1.866885583507181916e-05,1.289508634879001030e-05
-1.742916405089182718e-05,1.433294054611839650e-05
-1.565893161848451665e-05,1.375938587692863773e-05
-1.809284768393935454e-05,1.042356494991739708e-05
-1.744563429098396680e-05,8.416123482189114541e-06
2.029256051988283443e-06,7.671907259169267832e-07
2.028804250864255159e-06,-2.737569305506010801e-07
1.490536882815752150e-06,2.472528445284722604e-07
-1.400674504069357936e-05,1.298434304244751249e-05
-1.541200023148316844e-05,1.190529783810137053e-05
-1.601845483404539788e-05,9.611996660487274124e-06
-1.576749919641054360e-05,7.728223921782162746e-06
9.060801529069073703e-07,8.657553671915295219e-07
9.067444947131451773e-07,-3.694052038460495817e-07
2.412426883094319004e-07,2.491758230894107867e-07
-1.247408112933498139e-05,1.205478647871689104e-05
-1.109938269783953353e-05,1.098571952175580464e-05
-1.391327499866291212e-05,9.260667168460945620e-06
-1.428292450857338333e-05,6.780986358423174085e-06
-5.227680484936901110e-07,1.077557443281850383e-06
-5.221575122980767037e-07,-5.769385468111361108e-07
-1.144906727952764032e-05,9.367163076688387241e-06
-9.890959340426141571e-06,9.777946172274814971e-06
-1.202635717823027866e-05,7.573348946036698839e-06
-1.302666382973861200e-05,5.640206068935751393e-06
-1.363763003741799604e-06,2.517193560276617932e-07
-2.364487576730279845e-06,1.382218846633274490e-06
-2.361933985222414048e-06,-8.783681232709138701e-07
-8.834401650173449814e-06,8.471151447625552516e-06
-7.973252682457182273e-06,7.109058466075524998e-06
-7.298809760247495554e-06,5.673745338768443877e-06
-1.085474200120839024e-05,5.981300903124502208e-06
-1.202299311476541807e-05,4.360549039416753466e-06
-3.167636732537404512e-06,2.575522190659884485e-07
-4.154304541144672842e-06,1.681714003224104170e-06
-4.153778920077758176e-06,-1.186571234764152302e-06
-8.744806523370061659e-06,5.668442460593638896e-06
-6.791064893635167665e-06,4.205467181086463504e-06
-5.774435260081115834e-06,1.935234110365935576e-06
-6.242866078027786026e-06,2.189509683298776510e-06
-6.488511235259694370e-06,2.710246132047523165e-06
-1.004142979029539001e-05,4.174032869948236324e-06
-1.127591296922899095e-05,3.000507636921292822e-06
-5.039935650032455928e-06,4.690540319696694404e-07
-5.790005562657968521e-06,-1.409510478356726139e-06
-7.794021011137698256e-06,3.169586674967681197e-06
-6.280040332853906823e-06,1.178612704305808281e-06
-6.836178283009447778e-06,2.010275244850348689e-06
-9.463725289561290046e-06,2.580015353565919621e-06
-1.080767318263452615e-05,1.619396665668432643e-06
-6.321323885783444568e-06,-4.466386847194983978e-07
-6.259949303111323635e-06,-1.652772388342360423e-06
-8.101107441990604635e-06,8.335690616494543075e-07
-1.064277423769049916e-05,2.443675684990779828e-07
-1.076649366433151351e-05,-1.103044927881421732e-06
-7.287526776939620253e-06,-1.328583040552799078e-06
-6.534339693011453735e-06,-2.173223162350767523e-06
-6.871711450893887872e-06,-3.607353583036205410e-06
-9.417050571699664847e-06,-1.276826032759110489e-06
-7.374725963824340235e-06,-4.998706596441834294e-06
-1.117698772267110338e-05,-2.462371707628776582e-06
-8.165758846574149241e-06,-3.656985589103123315e-06
-1.007483129423260530e-05,-3.765158998954831540e-06
-8.044334229951228770e-06,-6.327105742321586886e-06
-1.184602087728373061e-05,-3.767035015325785981e-06
-1.128523904379793069e-05,-5.056878808739037960e-06
-9.962283707749684908e-06,-5.866227891831020113e-06
-8.868495706328951357e-06,-7.596994098179935041e-06
-9.856735774795213556e-06,-8.783320808389182341e-06
-1.276486255472649155e-05,-4.972722895788362775e-06
-1.209916832869353238e-05,-6.509452785688085769e-06
-1.131541099427939040e-05,-8.312885783749864136e-06
-1.098132334899506444e-05,-9.869793481846790166e-06
-1.390156469729801432e-05,-6.033855499579083800e-06
-1.355702530461014691e-05,-8.302692730125621582e-06
-1.224467937402997711e-05,-1.082501461887281578e-05
-1.363530505882925717e-05,-1.164447067245783526e-05
-1.512386990634916143e-05,-1.231557706258002391e-05
-1.524508067474535420e-05,-8.790628946504503759e-06
-1.523279955010330111e-05,-6.911649853743270065e-06
-1.490892985087625576e-05,-1.067080749268956872e-05
-1.670270540400044712e-05,-1.280814950206086739e-05
-1.834800937702686275e-05,-1.312432863733386172e-05
-1.660084618876026352e-05,-9.210359495931534724e-06
-1.672883772552349535e-05,-7.556335025909840729e-06
-2.002929317264465648e-05,-1.324903218306741712e-05
-1.814683858075743150e-05,-1.075778279634702051e-05
-1.834157174081382105e-05,-7.941437890759912976e-06
-2.039867981135421961e-05,-1.101356697183387814e-05
-2.191038554635697460e-05,-1.328273737117446427e-05
-2.002004582723517962e-05,-8.058619150531689808e-06
-2.452681208634109039e-05,-1.331591376747028659e-05
-2.244800497590248141e-05,-9.734259356262473138e-06
-2.190882634410138566e-05,-8.024016459810529481e-06
-2.818988340642168797e-05,-1.336573728428562028e-05
-2.636298784673344922e-05,-1.044021806914589445e-05
-2.452799318597317203e-05,-7.979569783916091528e-06
-3.311638498328953672e-05,-1.341615944265535746e-05
-3.063858562788619180e-05,-1.064882285255070514e-05
-2.819034392758495831e-05,-7.929927994912230549e-06
-3.833001367247137239e-05,-1.345237075276998253e-05
-3.571184258036933082e-05,-1.064735077310148975e-05
-3.311675498885311217e-05,-7.879356685201772354e-06
-4.359959618798566508e-05,-1.347528815907201337e-05
-4.095766045908608383e-05,-1.064617213805914341e-05
-3.833038641746416896e-05,-7.840940202870691958e-06
-4.890125024811739924e-05,-1.348675028127156866e-05
-4.624694900949428392e-05,-1.064503834748973838e-05
-4.359999264327929454e-05,-7.815797037528588302e-06
-5.421630022690543355e-05,-1.348989869532545741e-05
-5.155781833874693973e-05,-1.064379761407415824e-05
-4.890158423062757867e-05,-7.802106684025717948e-06
-5.953358070302770425e-05,-1.348837977872908659e-05
-5.687540140021579363e-05,-1.064248579767779344e-05
-5.421670372837958981e-05,-7.796421592989785090e-06
-6.484653248848667637e-05,-1.348423966103887985e-05
-6.219131904329609653e-05,-1.064118900016289352e-05
-5.953402664509164680e-05,-7.795380484537737042e-06
-7.015213662577032372e-05,-1.347917846769032208e-05
-6.750077619132399751e-05,-1.063999743332710050e-05
-6.484688090699145793e-05,-7.796932111644897811e-06
-7.545076599666342848e-05,-1.347495490960509362e-05
-7.280262889242473457e-05,-1.063892466289381013e-05
-7.015242188548531589e-05,-7.799675072767827151e-06
-8.678537432481333680e-05,-1.315990124942555843e-05
-8.603395249539833088e-05,-1.347117963717815773e-05
-7.782241194264190526e-05,-1.063812743333333260e-05
-8.074360359513682649e-05,-1.347219473668722569e-05
-7.545097586981132820e-05,-7.801898474021512914e-06
-8.709662144074853190e-05,-1.240844062610920992e-05
-8.531879644202501373e-05,-1.063742613196709990e-05
-8.074381431771541367e-05,-7.803386696094422709e-06
-8.709667110685736331e-05,-8.866358490540813934e-06
-8.603406172830761550e-05,-7.803696978261119268e-06
-8.678544234235887147e-05,-8.114948231601349510e-06
