Size 192,2
-4.555728946410689717e-05,7.874679458358196669e-06
-4.571815439030819418e-05,7.486385812279106467e-06
-4.571827445541782952e-05,5.655822583114754744e-06
-4.555741840141082577e-05,5.267504011933284840e-06
-4.516894977744074184e-05,8.035506916087219482e-06
-4.444057457728495605e-05,6.571096981349987686e-06
-4.516907788724647813e-05,5.106661933757822206e-06
-4.243459115345723414e-05,8.034926190786322140e-06
-4.243464345097427265e-05,5.106950445582984084e-06
-4.092541811942769037e-05,6.570828514557547301e-06
-3.970186282653163576e-05,8.032700645024486757e-06
-3.970165735439884475e-05,5.108370683176352827e-06
-3.833663690867420467e-05,6.570499152142195147e-06
-3.697408453165247253e-05,8.028356835028056576e-06
-3.697334329146545153e-05,5.111912220534180474e-06
-3.561272329639192066e-05,6.569941374646560506e-06
-3.425573116204717026e-05,8.021162737148103072e-06
-3.425479465104195735e-05,5.117931915674872225e-06
-3.290107209931997229e-05,6.569094502815068559e-06
-3.155266576094613388e-05,8.010661431118544566e-06
-3.155156689591497293e-05,5.126467592028192783e-06
-3.020744634795707303e-05,6.567858482002171154e-06
-2.887042193889555557e-05,7.997474539497740435e-06
-2.886936949111657425e-05,5.136988028980758581e-06
-2.753681087125465165e-05,6.566354651206170641e-06
-2.621224627558387229e-05,7.983097394188073005e-06
-2.621144653348184191e-05,5.147943640324829718e-06
-2.489086235663681400e-05,6.564565976048079324e-06
-2.357735232072778302e-05,7.969801056431961321e-06
-2.357683099814871373e-05,5.157282637854240521e-06
-2.226643088943034747e-05,6.562600560251854217e-06
-2.096182258685135130e-05,7.958391632696566054e-06
-2.096123398338242127e-05,5.164350978530981131e-06
-1.965920758409028370e-05,6.560314991180507339e-06
-1.836193950036189572e-05,7.948531783883452817e-06
-1.836109812283323565e-05,5.169518718784963795e-06
-1.711811853354090746e-05,6.557765497073789078e-06
-1.587864871099411491e-05,7.940229307436474725e-06
-1.587771885964621790e-05,5.172910304699720531e-06
-1.494947772965573455e-05,6.663422486390107859e-06
-1.400382050559476178e-05,7.934411187204835257e-06
-1.400283169244757155e-05,5.174512623543569752e-06
-1.264225304698789134e-05,7.930610192987646824e-06
-1.290785966890428002e-05,7.023551603831710824e-06
-1.264119448147727678e-05,5.174491529101955075e-06
-1.165222090753396590e-05,5.174638076880069801e-06
1.974967670539950867e-06,4.379343541491598777e-07
2.014237863633096505e-06,3.434040612647555319e-07
2.014009664392365585e-06,-8.309432841396554002e-09
1.974966558753003148e-06,-1.013597168552721338e-07
-1.165321397573570323e-05,7.928155393862946194e-06
-1.075515263667081249e-05,7.874851788531468921e-06
-1.145267435564082520e-05,6.207541626405759572e-06
-1.075565338797603754e-05,5.096451014471563363e-06
1.880884399776153350e-06,4.770728074729531160e-07
1.786284959340009316e-06,9.134721818085000522e-08
1.881831988880445772e-06,-1.401268971817691858e-07
-1.047022346337932785e-05,7.025286273831547455e-06
-9.869405438437171848e-06,7.719678978943403852e-06
-9.007546172955183740e-06,7.465145438902371068e-06
-1.019999962733633411e-05,5.849262285161283899e-06
-9.887109191201916297e-06,4.864535722368148003e-06
1.243718829696615417e-06,4.883245089790561765e-07
1.243553698773729878e-06,-1.505873947265998410e-07
9.131444687766334361e-07,1.694041772358811855e-07
-8.181782630307694933e-06,7.114009235042664763e-06
-8.894424485040791105e-06,6.573286110983306186e-06
-9.192737856136264928e-06,5.444275771831987103e-06
-9.072452339194433840e-06,4.486991906502677266e-06
5.544222686231631245e-07,5.491532874615692463e-07
5.549308739372301477e-07,-2.088045641732424337e-07
1.464190086828825794e-07,1.709897751412838538e-07
-7.401636055176768602e-06,6.671455006148703451e-06
-6.678895435018411295e-06,6.144067405467104361e-06
-8.141519465604031569e-06,5.262781081626048950e-06
-8.336327829951268150e-06,3.975607365369607941e-06
-3.224101225396023447e-07,6.791780734913165596e-07
-3.219068727908970405e-07,-3.353914592175989387e-07
-6.860970779788645298e-06,5.321306136665144911e-06
-6.024433208326851007e-06,5.538545914462571364e-06
-7.167271793222118755e-06,4.382307453522626306e-06
-7.700786670486967032e-06,3.348273026448226935e-06
-8.381846845026836697e-07,1.729404969572317332e-07
-1.451549542960493359e-06,8.655780616490750541e-07
-1.449967243258645280e-06,-5.188676464210628020e-07
-5.443648317184422472e-06,4.863516788440898032e-06
-4.947088487596482177e-06,4.131720527504112718e-06
-4.539635578136511864e-06,3.349252896458377042e-06
-6.537394307931497454e-06,3.526767028197562904e-06
-7.184799215899400361e-06,2.627399638831543883e-06
-1.943564879118121376e-06,1.766783091776137545e-07
-2.547257623729761937e-06,1.048360029454050262e-06
-2.546512378597742999e-06,-7.054463181890240229e-07
-5.367079117920107526e-06,3.352519070229029683e-06
-4.224554581720219047e-06,2.525740052520314380e-06
-3.548507932302896406e-06,1.204010731897158343e-06
-3.845384144644609580e-06,1.356863468523521335e-06
-4.010167873129690044e-06,1.665109055827010014e-06
-6.093510744219044613e-06,2.519043671936222617e-06
-6.802650534828486766e-06,1.842283143303436923e-06
-3.089458725612724058e-06,3.055098933913656669e-07
-3.534754814993063343e-06,-8.388737936643740392e-07
-4.795529903568231021e-06,1.939449108280881061e-06
-3.857122979673334777e-06,7.438734714007871861e-07
-4.208857156336079449e-06,1.249662520798517511e-06
-5.766934605194927547e-06,1.596973413594672112e-06
-6.570726558181794900e-06,1.023040910529829220e-06
-3.862691623059863298e-06,-2.477361030509106692e-07
-3.809671961767397411e-06,-9.882482754119665585e-07
-4.960924870731512072e-06,5.520133318272514895e-07
-6.499457351522810089e-06,1.917752210256465059e-07
-6.617785125779028609e-06,-6.419685188578721049e-07
-4.441466070445644902e-06,-7.824248007231255621e-07
-3.965675953800293149e-06,-1.316213489273901135e-06
-4.149750705776363157e-06,-2.236220516014128260e-06
-5.769666101627906119e-06,-7.382878617034860605e-07
-4.441792413666752873e-06,-3.156000182350828304e-06
-6.915716611817678099e-06,-1.491643136261519333e-06
-4.969123596681364352e-06,-2.259436700130443982e-06
-6.207344507258874060e-06,-2.330108571973972060e-06
-4.859207598847712931e-06,-4.045787271263104070e-06
-7.389900302024001316e-06,-2.331367874613369977e-06
-7.024251561107555153e-06,-3.184619520093133017e-06
-6.129956223872923234e-06,-3.730320354474317726e-06
-5.387754202396527459e-06,-4.921794226017472654e-06
-6.048771761165399232e-06,-5.758343449758855920e-06
-8.046520017048291082e-06,-3.121250393983431956e-06
-7.589308814844368513e-06,-4.172535669408370650e-06
-7.045473265249052709e-06,-5.431513329379123446e-06
-6.812074819867115035e-06,-6.543461064838092844e-06
-8.863001060708297131e-06,-3.831279408021334969e-06
-8.621560568862825737e-06,-5.429879455245574335e-06
-7.691905795447248590e-06,-7.241842931846301792e-06
-8.684374959248309116e-06,-7.856195744001347707e-06
-9.761117868587498281e-06,-8.376841976953128702e-06
-9.842376135100306834e-06,-5.780136493929160486e-06
-9.830597488951387138e-06,-4.431140896566676827e-06
-9.595827934582377075e-06,-7.153169537857491584e-06
-1.092441526265155008e-05,-8.764736462969946365e-06
-1.215641412874220562e-05,-9.028434614103844779e-06
-1.083902393951168289e-05,-6.083139092997519544e-06
-1.093633027232681954e-05,-4.869349039174507235e-06
-1.342639566698719578e-05,-9.147165834409607139e-06
-1.199094551302295382e-05,-7.237465097278781914e-06
-1.214321005961175452e-05,-5.121986815110217166e-06
-1.370269049542849792e-05,-7.436824567242003627e-06
-1.487359960419746967e-05,-9.202743773592172028e-06
-1.341175936026849677e-05,-5.187215718644092875e-06
-1.691209571803996997e-05,-9.259406026546376344e-06
-1.527959164512961751e-05,-6.449858671843234397e-06
-1.487071151129537026e-05,-5.132164542864132939e-06
-1.983056283249550939e-05,-9.348715423555562662e-06
-1.836073370458711040e-05,-6.997002344833930320e-06
-1.691393449797309268e-05,-5.058596585046633340e-06
-2.385320551715243645e-05,-9.446910061610772690e-06
-2.181380970585997751e-05,-7.162751987353036404e-06
-1.983141147608620265e-05,-4.971992698585005404e-06
-2.820847078577573861e-05,-9.529917656802310144e-06
-2.600520681575929082e-05,-7.161719048593863306e-06
-2.385356471019050182e-05,-4.876586817854668911e-06
-3.270435423520620162e-05,-9.598395641409333798e-06
-3.043496615879689478e-05,-7.161139724457810751e-06
-2.820864795316993111e-05,-4.792891840631098345e-06
-3.731605613320095185e-05,-9.654266698261688444e-06
-3.499277673023689804e-05,-7.160535703966300174e-06
-3.270455530994393332e-05,-4.723274123563158745e-06
-4.202215230240038545e-05,-9.699949478107041452e-06
-3.965482754374175423e-05,-7.159994733850876263e-06
-3.731623807505397421e-05,-4.666242978294121335e-06
-4.680560659837964356e-05,-9.737034408634004579e-06
-4.440222407486222082e-05,-7.159633758573283633e-06
-4.202227031225872015e-05,-4.619644139358681096e-06
-5.165069600342586106e-05,-9.765691626943383218e-06
-4.921914673032585797e-05,-7.159482392378624037e-06
-4.680564914068258950e-05,-4.582052475786498265e-06
-5.654124356938595986e-05,-9.785810281985541360e-06
-5.408969644842189238e-05,-7.159463586682511686e-06
-5.165069815292864548e-05,-4.553239330687886500e-06
-6.146084168126054754e-05,-9.797760363992559905e-06
-5.899747696698719168e-05,-7.159497385425427337e-06
-5.654122741935898574e-05,-4.533148986703577209e-06
-7.203498561463952715e-05,-9.513598575669284223e-06
-7.133371599152923839e-05,-9.804048769499226662e-06
-6.366974374991250416e-05,-7.159502334501788263e-06
-6.639521341092015155e-05,-9.803049688527753014e-06
-6.146083775068555228e-05,-4.521247835884536176e-06
-7.232546452189907822e-05,-8.812368546876920230e-06
-7.066582882384565768e-05,-7.159430539511938603e-06
-6.639523827119395746e-05,-4.515901451227819365e-06
-7.232546877083785770e-05,-5.506485310040934558e-06
-7.133372765811136747e-05,-4.514815413653673392e-06
-7.203499204343170458e-05,-4.805261984880262606e-06
