Size 192,2
8.035114476303139904e-07,1.183675679695523070e-06
8.317717513166318627e-07,1.251806559604375791e-06
8.318559818972655132e-07,1.573113040291364192e-06
8.036020193876759034e-07,1.641256407330500408e-06
7.353132616613892741e-07,1.155467710956085647e-06
6.073032850326223590e-07,1.412453649839253718e-06
7.354046819252656720e-07,1.669470474690009879e-06
2.549385485268408403e-07,1.156294421198680931e-06
2.550639963159055423e-07,1.668603011474697185e-06
-9.129065866225328571e-09,1.412354738418262910e-06
-2.216149484515344834e-07,1.159469657823295503e-06
-2.216380206941232597e-07,1.665239705135205612e-06
-4.575866161524355596e-07,1.412070754043280419e-06
-6.896194886020909235e-07,1.164760631138241357e-06
-6.900725171736116939e-07,1.659359110632332176e-06
-9.204250996400675405e-07,1.411798374915676081e-06
-1.145595666175994007e-06,1.172207400744404243e-06
-1.146196385696526253e-06,1.651126029167190153e-06
-1.369111461141095481e-06,1.411340487607310080e-06
-1.585173417446548682e-06,1.182164808362934470e-06
-1.586191622100043325e-06,1.640250899682687875e-06
-1.798941170535718795e-06,1.410852625364620265e-06
-2.002457408412693901e-06,1.195875654728502806e-06
-2.003550278944480296e-06,1.625129282750133686e-06
-2.202557211318145779e-06,1.410179031323486459e-06
-2.389496544965570880e-06,1.214320969638488041e-06
-2.389989360755348761e-06,1.604857354860006073e-06
-2.570716252681963474e-06,1.409274237558519797e-06
-2.735645363055736915e-06,1.238529920221822035e-06
-2.735260302775563358e-06,1.578468600659420896e-06
-2.891913219064474020e-06,1.407911818937964041e-06
-3.028448566524632173e-06,1.269500837168263357e-06
-3.027604387801693773e-06,1.544628072578728673e-06
-3.153421110947266889e-06,1.406168126111283377e-06
-3.254186667725810387e-06,1.308589292542498099e-06
-3.253680535077797525e-06,1.501569261538733427e-06
-3.337888350621013783e-06,1.404555102256197442e-06
-3.392674957799288069e-06,1.356877771732145447e-06
-3.392396945702262892e-06,1.446904818759508371e-06
-3.424927940694315602e-06,1.402137606369639810e-06
-3.426620075064626942e-06,1.405609358872164625e-06
-3.427389235491941507e-06,1.393017519420375638e-06
-3.401673908311304706e-06,1.451024735731858492e-06
-3.421692274063258035e-06,1.412508649636052455e-06
-3.403452285636320932e-06,1.356437821749558856e-06
-3.356344480490966497e-06,1.316700403849125871e-06
8.252443093688275370e-07,-2.911379855173292847e-07
8.415188596156411461e-07,-3.301482005529351243e-07
8.414844644710497213e-07,-4.759956559168970605e-07
8.252723725303732857e-07,-5.147202142062809790e-07
-3.360824258557624429e-06,1.483946516484268070e-06
-3.291492163149573107e-06,1.510401143206806260e-06
-3.360809300817771702e-06,1.377682543662083990e-06
-3.304331290671878038e-06,1.268415985200097630e-06
7.863834656095681612e-07,-2.750965211827541887e-07
7.470208718874459592e-07,-4.351695876937408775e-07
7.865502826662050477e-07,-5.310440647190184700e-07
-3.278969817336139477e-06,1.451224673440112395e-06
-3.204100038832989866e-06,1.534842501231720492e-06
-3.091826664836380172e-06,1.534214966320135824e-06
-3.257586042020750115e-06,1.332635187361574448e-06
-3.220230052045699394e-06,1.194057965728808975e-06
5.222293372180368310e-07,-2.719150932959976253e-07
5.216463532955254754e-07,-5.370206139183435136e-07
3.846443356790360695e-07,-4.051783962685017522e-07
-2.955646323575813979e-06,1.523136894140652443e-06
-3.086658397594761748e-06,1.431742149739167425e-06
-3.130208428350659978e-06,1.267094775721495368e-06
-3.117650091109083160e-06,1.088158207563230672e-06
2.359882230747296640e-07,-2.487737179459028752e-07
2.355791002239880295e-07,-5.629609754209063909e-07
6.666568301319853131e-08,-4.065974427328319814e-07
-2.808802901920250416e-06,1.479128308691735320e-06
-2.642839966046220314e-06,1.401706225599994187e-06
-2.958406535802658172e-06,1.230105421129900928e-06
-3.004760692636915562e-06,9.539318513432494186e-07
-1.271634849173246322e-07,-1.971593101027392053e-07
-1.275244530550273099e-07,-6.173624383217909072e-07
-2.682826824865242319e-06,1.247784580904024194e-06
-2.467478517988362072e-06,1.299860516099717337e-06
-2.757731934404912546e-06,1.036099231210305347e-06
-2.891420124255009552e-06,7.746852589999028738e-07
-3.406922888124914236e-07,-4.078107950392783162e-07
-5.942540618769823166e-07,-1.211939445987542780e-07
-5.943128842188370091e-07,-6.959062972712106886e-07
-2.301082124381402668e-06,1.160342342816028787e-06
-2.129519238186073884e-06,9.717708453433593838e-07
-1.965537254346350397e-06,7.552384859410887978e-07
-2.595485694557106229e-06,8.157203244223847437e-07
-2.789184270704630427e-06,5.463844842182395340e-07
-7.984617916060267185e-07,-4.081963578382804325e-07
-1.049473737069340225e-06,-4.482512471201598069e-08
-1.049344339182245559e-06,-7.759531454695184458e-07
-2.245445105541615059e-06,7.638464362009447921e-07
-1.828729926340680556e-06,4.981610528912721147e-07
-1.480527932020744418e-06,2.224917171196621284e-08
-1.617654212566882639e-06,8.357668023579705679e-08
-1.704228326862395343e-06,2.009251528997918268e-07
-2.473147168769030197e-06,5.088649473813505553e-07
-2.717411192565069617e-06,2.736361193792925236e-07
-1.276202270035536137e-06,-3.564766268215344659e-07
-1.446788222533764068e-06,-8.319824311866274509e-07
-2.018529060331515343e-06,3.080896253179695154e-07
-1.609261974230145323e-06,-1.674383245758008257e-07
-1.771170756316255090e-06,4.162318212919765751e-08
-2.368398808033290482e-06,1.856239046253938768e-07
-2.685829861023138381e-06,-3.939064824344724031e-08
-1.587807693152454837e-06,-5.814337425603189195e-07
-1.546648388394205664e-06,-8.968771324692746696e-07
-2.062210525174079975e-06,-2.250560876702857833e-07
-2.692536112808095875e-06,-3.773118321650779964e-07
-2.795420757832905464e-06,-7.409393453976987728e-07
-1.817160068926726184e-06,-8.017678247541987252e-07
-1.597879867875721853e-06,-1.048422557951721533e-06
-1.648238942693722493e-06,-1.491213955103226552e-06
-2.409336102561899894e-06,-7.690542203197714841e-07
-1.752936014072743579e-06,-1.964515625418928337e-06
-2.979087665352970517e-06,-1.122988026989525130e-06
-2.028972027208697308e-06,-1.492515206568881092e-06
-2.638089898517682590e-06,-1.528617738534903886e-06
-1.939614870343332073e-06,-2.435415216781567613e-06
-3.258651507114263250e-06,-1.529746009776499321e-06
-3.076558295074461314e-06,-1.969275654376634815e-06
-2.595607824701846611e-06,-2.261424637863784263e-06
-2.193376633726493256e-06,-2.926190501786828165e-06
-2.541707479007790454e-06,-3.413802608398039384e-06
-3.650539864148658736e-06,-1.928455584448651402e-06
-3.396803336528288157e-06,-2.508024692898881695e-06
-3.089434641894381451e-06,-3.228584646486829104e-06
-2.955837298103606234e-06,-3.890607858927614567e-06
-4.141583224215110371e-06,-2.303351893949912007e-06
-4.002532655421940764e-06,-3.233555035869843856e-06
-3.456903642850211618e-06,-4.322827235998059073e-06
-4.046988839641325306e-06,-4.717971631098970381e-06
-4.701647461393565513e-06,-5.069524374379926490e-06
-4.744825201499056691e-06,-3.443976630955153007e-06
-4.734794498111824568e-06,-2.633571375897110913e-06
-4.591398613850165848e-06,-4.291850228171190249e-06
-5.430323987434210477e-06,-5.336635502033574801e-06
-6.221106093162210629e-06,-5.531209463044273353e-06
-5.366953410176984789e-06,-3.627746216269581736e-06
-5.430734022894120683e-06,-2.872414829658151930e-06
-7.046930196630035899e-06,-5.630984042598212241e-06
-6.100988785458230411e-06,-4.364307929092679957e-06
-6.204716741828407248e-06,-3.000841061575100544e-06
-7.224209341842873287e-06,-4.499655668232686729e-06
-8.012270286080086466e-06,-5.694217646555073715e-06
-7.030244855866921090e-06,-3.021748594474635863e-06
-9.394682045673679192e-06,-5.758867777280463978e-06
-8.276405992401317222e-06,-3.839743494725301891e-06
-8.008768972370216055e-06,-2.959806092772917237e-06
-1.142698166959348584e-05,-5.860346512631535679e-06
-1.039206004126932619e-05,-4.208142180661390967e-06
-9.396320160679629173e-06,-2.876967067298847426e-06
-1.430096597226687528e-05,-5.971679745144561038e-06
-1.283228397288770390e-05,-4.323530702413261415e-06
-1.142743915436733998e-05,-2.780148854404711332e-06
-1.747875040312090212e-05,-6.066193194463658342e-06
-1.586082949576455713e-05,-4.323737996731829664e-06
-1.430083590220566251e-05,-2.674375618084102784e-06
-2.081393213998939092e-05,-6.143630280129684635e-06
-1.912219540414359105e-05,-4.324834863374606694e-06
-1.747831043376753642e-05,-2.582262111783287918e-06
-2.427552859845591432e-05,-6.204378000130086551e-06
-2.252598170894074795e-05,-4.326061097442361881e-06
-2.081350139486632205e-05,-2.507152385567763084e-06
-2.783259784720226940e-05,-6.249780302244210379e-06
-2.604025652529277620e-05,-4.327277172841330555e-06
-2.427520737291531498e-05,-2.448844488041365467e-06
-3.145841624597059616e-05,-6.282202076140080700e-06
-2.963576049062942056e-05,-4.328448649063197664e-06
-2.783236775109299927e-05,-2.405938347385827738e-06
-3.513117633995506845e-05,-6.303838149420441640e-06
-3.328829971665183725e-05,-4.329507608755675653e-06
-3.145808696478938994e-05,-2.375846230028139671e-06
-3.883276280119517791e-05,-6.316457265409920630e-06
-3.697825476534958130e-05,-4.330403204887939822e-06
-3.513074938019414647e-05,-2.356145557926057060e-06
-4.254860492676755903e-05,-6.322428857563193674e-06
-4.068907939209805548e-05,-4.331062819290271243e-06
-3.883240793631668807e-05,-2.344971172180469716e-06
-5.051984384520492275e-05,-6.105922912162818744e-06
-4.999133105481274382e-05,-6.324840256678229774e-06
-4.421497072240052680e-05,-4.331421756390679846e-06
-4.626968325430049574e-05,-6.324565542684853371e-06
-4.254846858358207870e-05,-2.339996153384246290e-06
-5.073876224264262222e-05,-5.577411560377518098e-06
-4.948811509342571384e-05,-4.331664476183025882e-06
-4.626965761894360780e-05,-2.338540104140153388e-06
-5.073880399094205369e-05,-3.085900519420433957e-06
-4.999135754881768432e-05,-2.338441516277373817e-06
-5.051988320284939914e-05,-2.557368546618885790e-06
