Size 192,2
3.999786123743308481e-05,-4.109773285717802393e-06
4.017352272668993932e-05,-3.685782106478195021e-06
4.017344666683070244e-05,-1.686638011652157988e-06
3.999777321421117438e-05,-1.262629148209218042e-06
3.957379382366422776e-05,-4.285377470267423009e-06
3.877802285786518464e-05,-2.686179289090518544e-06
3.957368560296308950e-05,-1.087015696276933088e-06
3.658745821144963227e-05,-4.284050338379271964e-06
3.658728905502279719e-05,-1.088233789367639065e-06
3.493986881303790990e-05,-2.686149702738765705e-06
3.360553178647352049e-05,-4.278763154970165677e-06
3.360549321920245996e-05,-1.093684650721688181e-06
3.211887998824096045e-05,-2.686185294656910919e-06
3.063849224382897733e-05,-4.267786815111609464e-06
3.063879120893518189e-05,-1.105101436422996962e-06
2.916329015959941677e-05,-2.686539141156906952e-06
2.769826457217885717e-05,-4.250820436346844788e-06
2.769868784646488025e-05,-1.122926110872867593e-06
2.624048607513611411e-05,-2.687171258024716426e-06
2.479596668950647407e-05,-4.229283622527319924e-06
2.479653127641527066e-05,-1.145787495033419219e-06
2.336014182748136244e-05,-2.688082416074977129e-06
2.193959043280426286e-05,-4.204498348905050130e-06
2.194005780853971717e-05,-1.172462153639322714e-06
2.052793374372869451e-05,-2.689149317056797238e-06
1.913334977476674500e-05,-4.176873340371418063e-06
1.913359990200165842e-05,-1.202424941711262744e-06
1.774821944476875649e-05,-2.690305857692884241e-06
1.638326048750471373e-05,-4.144445130184018431e-06
1.638366954170453478e-05,-1.237614997372011891e-06
1.502967432473491024e-05,-2.691681447403726959e-06
1.370137757132964815e-05,-4.103468202246676568e-06
1.370233986734771038e-05,-1.281779913071501475e-06
1.238817182508128044e-05,-2.693316335058058787e-06
1.110823331778719881e-05,-4.048841690038110050e-06
1.110908024525636245e-05,-1.339803451584319741e-06
9.897805370713016367e-06,-2.694426267787612824e-06
8.729014888082149907e-06,-3.978517621602928613e-06
8.729174601977235338e-06,-1.416327355217237605e-06
7.864853701792624154e-06,-2.791531952035039368e-06
7.028360664971162183e-06,-3.906114702058493487e-06
7.026770120998597880e-06,-1.493759751767253879e-06
5.863787533696876946e-06,-3.837458726110624717e-06
6.068943106909699745e-06,-3.094323117340395080e-06
5.859973698869218325e-06,-1.546669288375046419e-06
5.055923853953419624e-06,-1.605442354932170582e-06
-4.404813797837910955e-07,6.842927766341210845e-08
-4.489621328170296335e-07,8.878946843955731108e-08
-4.489228763605063571e-07,1.647834803867875581e-07
-4.404727000996462529e-07,1.849397060578678940e-07
5.050589404986106095e-06,-3.786963135625677947e-06
4.359697979369936905e-06,-3.700559515719583267e-06
4.873078485762900309e-06,-2.426462649287785702e-06
4.340268428992736175e-06,-1.608548213490330238e-06
-4.202117162530912276e-07,6.003853027072370905e-08
-3.997725570543597656e-07,1.434531469294960593e-07
-4.203088190143762009e-07,1.934250519945931537e-07
4.126292671357061637e-06,-3.038344565593101334e-06
3.707140233355776482e-06,-3.526527136466276180e-06
3.113276627037395587e-06,-3.301567407660811808e-06
3.918451124653273307e-06,-2.177476979297779025e-06
3.697075110257742238e-06,-1.516314342531599709e-06
-2.828298416048497148e-07,5.814134446731020262e-08
-2.824528076196977310e-07,1.968103490700389794e-07
-2.109922272466102980e-07,1.279351242883802684e-07
2.589387330690909664e-06,-3.006303096000424497e-06
3.020445844728827153e-06,-2.667092661020657658e-06
3.218012162146378102e-06,-1.918547568878343206e-06
3.129495918928850904e-06,-1.344730045161184496e-06
-1.327297712985456705e-07,4.478980949772083605e-08
-1.324948848310924744e-07,2.119903839892885249e-07
-4.220323188705366083e-08,1.289013326440287270e-07
2.122547882197862083e-06,-2.680053669232620170e-06
1.737588999637308760e-06,-2.330677813576634477e-06
2.547987710181603115e-06,-1.814057991078793649e-06
2.648137301126959860e-06,-1.099139580668980897e-06
6.235899515755126930e-08,1.546056242217629011e-08
6.274414624420725783e-08,2.435073517393017523e-07
1.837092059568219823e-06,-1.838023925574309819e-06
1.429090951096748424e-06,-1.949932381193597638e-06
1.992222873245058941e-06,-1.332864501984472362e-06
2.257605527101512271e-06,-8.220813888786358184e-07
1.789606586676300062e-07,1.299854982895904951e-07
3.180955306499714277e-07,-2.670805285128182999e-08
3.180429122858331040e-07,2.883074025432756210e-07
1.172440964309055997e-06,-1.566304167575665737e-06
1.000225510967799909e-06,-1.210685712854950118e-06
8.960101915643024474e-07,-8.544060394810465448e-07
1.684692440977591261e-06,-9.167116775933454707e-07
1.956612343674305589e-06,-5.397987314594661984e-07
4.302348030987021695e-07,1.301254557947467333e-07
5.677472501435969283e-07,-6.759326799320119201e-08
5.687216688013852718e-07,3.336948489484699891e-07
1.192069494482928712e-06,-8.434424061251771032e-07
8.311236032932103418e-07,-5.267105994945109489e-07
7.769332095110296975e-07,-1.008153645853451523e-07
8.254046933845913357e-07,-1.403680257891843438e-07
8.361409925431391980e-07,-2.295973439237663912e-07
1.481044723075790615e-06,-5.029490055294448036e-07
1.727902057982886819e-06,-2.717577516580561784e-07
6.907564893612585414e-07,1.003756380648247901e-07
8.167817477240259987e-07,3.686961691791993350e-07
1.040490279976948347e-06,-3.045316166620721596e-07
8.484328752222841376e-07,9.099401685132500468e-09
9.073106975875952557e-07,-1.112968022426657580e-07
1.354776284797429936e-06,-1.928207927152106818e-07
1.570824254102900904e-06,-3.710565227161642378e-08
8.858443104839071309e-07,2.387377654317872983e-07
9.019991221736809245e-07,4.009265204445503729e-07
1.118400884408069120e-06,8.857295212592276974e-08
1.497256368687273807e-06,1.692492591062501144e-07
1.443102088337169461e-06,3.390611039956475754e-07
1.038935875891157146e-06,3.678999599142848377e-07
9.587188008571368188e-07,4.566625130203490381e-07
1.039730121116883422e-06,5.846640690478984284e-07
1.292863854405579388e-06,3.797559810436239833e-07
1.132149893030253230e-06,6.671136986833593583e-07
1.423426025841653509e-06,4.956520637707152130e-07
1.173296607898558734e-06,6.022392465527717850e-07
1.324765012644818371e-06,6.081343046245099562e-07
1.209155312189269827e-06,7.273820757598858587e-07
1.412726837571951254e-06,6.067448711176934080e-07
1.370380110713921397e-06,6.819634647833366180e-07
1.319595360046681614e-06,7.152300745178743391e-07
1.281659178890401126e-06,7.485335495899325632e-07
1.327437396098470449e-06,7.417695003678711110e-07
1.392898712018149400e-06,6.869514824493264374e-07
1.377201976678475818e-06,7.258087890601940920e-07
1.366181396082695830e-06,7.362221061818267135e-07
1.363903209822771671e-06,7.104935243101188027e-07
1.365044281224666031e-06,7.345361254739393761e-07
1.362563264757348703e-06,7.265138878940361060e-07
1.372700755358238492e-06,6.720477101016181627e-07
1.349865588126414678e-06,6.191519989493086588e-07
1.307246509424188169e-06,5.543756583791802718e-07
1.313082718269729346e-06,7.147040029630956509e-07
1.318505825106436693e-06,7.551531537198803696e-07
1.326321669463610620e-06,6.445910385239093963e-07
1.233788466639458874e-06,5.000776947875225975e-07
1.133607650157695773e-06,4.481020385691082853e-07
1.252363583012850760e-06,7.024427078755341846e-07
1.243529073295759068e-06,7.717969610728710417e-07
1.017411408424526853e-06,4.103172761684629975e-07
1.163927649955812957e-06,6.136751107525919199e-07
1.145102781058017184e-06,7.913190377019064202e-07
9.952383236098029622e-07,5.878845646573129523e-07
8.571741522144581199e-07,3.735283542334438106e-07
1.027968397115598578e-06,8.099246150777423790e-07
6.059677095375708034e-07,3.361074103453850279e-07
8.202145849882609369e-07,6.975761999318062872e-07
8.599256878738902673e-07,8.443587297085177753e-07
1.873143558668304859e-07,2.789720417869842485e-07
4.108538749015944426e-07,6.319906769177437874e-07
6.057159575747918449e-07,8.895790064096233298e-07
-4.677698316770977380e-07,2.175005183254148201e-07
-1.229746838440062496e-07,6.071162799026862424e-07
1.879131827696364714e-07,9.408338303134486297e-07
-1.246741780600918211e-06,1.654689391988191746e-07
-8.415901110601036974e-07,6.052623706837428117e-07
-4.668774366487899936e-07,9.955964881605610378e-07
-2.110309805033359370e-06,1.205112778416044308e-07
-1.664798893788949820e-06,6.033111823920177735e-07
-1.245929342332939358e-06,1.043253603265925327e-06
-3.049370187235858797e-06,8.057816863028666171e-08
-2.567638291796292579e-06,6.016679680647231121e-07
-2.109821118071149770e-06,1.084654265860022172e-06
-4.055714685430904923e-06,4.602227496840362470e-08
-3.541915806567786382e-06,6.002868899725800399e-07
-3.049129183907255125e-06,1.121336901912725741e-06
-5.119796890836860115e-06,1.718491507990280901e-08
-4.578823801579613998e-06,5.992113651806995026e-07
-4.055493865035545365e-06,1.153401854675381502e-06
-6.229661034847563764e-06,-4.826096666305772057e-09
-5.667913156066598232e-06,5.981785520996815523e-07
-5.119399238496318583e-06,1.180066557439246573e-06
-7.372804734075906405e-06,-2.027656703589196016e-08
-6.796465108449908452e-06,5.973912086212520460e-07
-6.229285338988382185e-06,1.200403498199783056e-06
-8.537730474665400091e-06,-2.977645314669215711e-08
-7.952461893105161925e-06,5.968679147411102336e-07
-7.372577663709346377e-06,1.214539652379842426e-06
-1.106223158925283581e-05,3.420888894719503945e-08
-1.089467971762131229e-05,-3.517146407641072315e-08
-9.063587448024235438e-06,5.966265840759031643e-07
-9.714298269541312360e-06,-3.432692513716708563e-08
-8.537652600586840960e-06,1.223267768250394769e-06
-1.113163751124414505e-05,2.017262050335874422e-07
-1.073497208026515527e-05,5.966607808838010272e-07
-9.714354865974518787e-06,1.227525170339366222e-06
-1.113167174181507477e-05,9.916285202727851319e-07
-1.089472919618867541e-05,1.228510599770803353e-06
-1.106227136530241294e-05,1.159136103510782719e-06
