Size 192,2
-4.120527644651472362e-05,6.330455964709600713e-06
-4.133948233165455477e-05,6.006384013680415770e-06
-4.133937421304384463e-05,4.478850822115724313e-06
-4.120515018016782425e-05,4.154755466100701668e-06
-4.088125498928821261e-05,6.464700246017265454e-06
-4.027364713294151818e-05,5.242593655701900588e-06
-4.088109849661240001e-05,4.020500596377682595e-06
-3.860022934444078059e-05,6.465320150004464070e-06
-3.859997556453232932e-05,4.019814799404636148e-06
-3.734020551828077730e-05,5.242654958683678504e-06
-3.631674975815097283e-05,6.468330165166854924e-06
-3.631638302928750952e-05,4.017050076632648696e-06
-3.517263401883300068e-05,5.242896218227618785e-06
-3.402524457986778607e-05,6.474633770756673292e-06
-3.402480315232176696e-05,4.011337334870087638e-06
-3.287534316856599169e-05,5.243239870535829697e-06
-3.171938864060649190e-05,6.484800162740830790e-06
-3.171890380309448908e-05,4.002190660256064821e-06
-3.055991109344992839e-05,5.243635151251983198e-06
-2.939170286263789348e-05,6.498552841561456057e-06
-2.939152695219215459e-05,3.989461148862685030e-06
-2.821924761515924091e-05,5.244068921135764694e-06
-2.703600391757075930e-05,6.515095645500403214e-06
-2.703619656540669244e-05,3.973650724563452394e-06
-2.584760809578863671e-05,5.244443671187948827e-06
-2.464711268285313660e-05,6.533654006446213605e-06
-2.464734455355245061e-05,3.955770434606546315e-06
-2.344081691346761972e-05,5.244815413982826795e-06
-2.222306118085605648e-05,6.551693327899372308e-06
-2.222313178032514415e-05,3.938572623306704041e-06
-2.099970729901793866e-05,5.245410804989832977e-06
-1.976681535206560185e-05,6.566973551111880622e-06
-1.976682567610788888e-05,3.924637192419851258e-06
-1.852981497858639830e-05,5.246263593632529932e-06
-1.728708772586065270e-05,6.576451963349675500e-06
-1.728722062999919016e-05,3.917141238660573923e-06
-1.609312631909648933e-05,5.247255750685797187e-06
-1.489830719134040611e-05,6.578174178422955000e-06
-1.489849730096915276e-05,3.917950672965678768e-06
-1.400281193223981586e-05,5.351890475470599459e-06
-1.309180116853223629e-05,6.573664805007882035e-06
-1.309189974951274949e-05,3.925193368013614996e-06
-1.178464258308855877e-05,6.566122265062059874e-06
-1.203766453539159409e-05,5.699710480087732857e-06
-1.178444964599063190e-05,3.932314007618035170e-06
-1.084013054008977450e-05,3.940836495780381156e-06
1.827488479386616227e-06,-3.712124455332297680e-07
1.863717337748361381e-06,-4.581471074104156770e-07
1.863591912658010267e-06,-7.827630933630450968e-07
1.827513923397963899e-06,-8.688696861850177210e-07
-1.083888660675690399e-05,6.559672621119771894e-06
-9.986613899635593132e-06,6.504843214409317043e-06
-1.064664010416311107e-05,4.923654517883529950e-06
-9.986070591862847612e-06,3.876171965617199128e-06
1.740902038367157561e-06,-3.354007386273849982e-07
1.653373236725208037e-06,-6.916165344275341846e-07
1.741382400254291431e-06,-9.050567197922647918e-07
-9.714818236737139966e-06,5.698599086537958487e-06
-9.149878855657401231e-06,6.352029770462976048e-06
-8.341172131259492448e-06,6.108448104746398491e-06
-9.459155766272425966e-06,4.589501632733536302e-06
-9.165480274533550263e-06,3.668912554146739719e-06
1.153148702394720400e-06,-3.273720614190134987e-07
1.152154193634343947e-06,-9.173587624587447982e-07
8.474340778079326141e-07,-6.232035937600513779e-07
-7.571487514984406948e-06,5.774025256392080790e-06
-8.233580951020539988e-06,5.269857345638354415e-06
-8.513594153770067690e-06,4.214185057923348638e-06
-8.401189531162209730e-06,3.327007610156670546e-06
5.162488512848946562e-07,-2.732616427138304257e-07
5.160717030078102510e-07,-9.741600113572368035e-07
1.385524831035440477e-07,-6.241409504103757972e-07
-6.847853544465696329e-06,5.358629774085829467e-06
-6.182050712872542616e-06,4.867946142724897889e-06
-7.534172445946793630e-06,4.048821865714400402e-06
-7.715343975760967219e-06,2.860575082476343599e-06
-2.951875519809693919e-07,-1.544071217518987624e-07
-2.954039562830297747e-07,-1.094596116270448899e-06
-6.350701158588278142e-06,4.105270485998616990e-06
-5.580779434641998180e-06,4.306396401483851414e-06
-6.634342684923527212e-06,3.239250380802455774e-06
-7.127309967395331221e-06,2.288745044169334299e-06
-7.735630812260062896e-07,-6.246491952347083462e-07
-1.342260346809368345e-06,1.717896403732596558e-08
-1.341556823141266004e-06,-1.268016032053423533e-06
-5.048037430304319700e-06,3.685016945354146839e-06
-4.593709913016941950e-06,3.014104518389587459e-06
-4.219340612037893638e-06,2.296533536615284786e-06
-6.056397925444901659e-06,2.455901321495067559e-06
-6.652970817777108679e-06,1.631059570484898646e-06
-1.799388589907661962e-06,-6.232593945174476720e-07
-2.360200281600751274e-06,1.859298865429907964e-07
-2.360065266455220139e-06,-1.443782007595545798e-06
-4.980103774298832699e-06,2.298924592646600788e-06
-3.928717700033136364e-06,1.542939146980423904e-06
-3.293486693009303606e-06,3.294425199805630819e-07
-3.571482237907606673e-06,4.702065868186007281e-07
-3.726836482859116331e-06,7.534912393934001648e-07
-5.650247355334441286e-06,1.534307523333041437e-06
-6.304397644811263245e-06,9.128319330856921787e-07
-2.864740853357422637e-06,-5.052065433260609543e-07
-3.276576655096083412e-06,-1.568990796555634130e-06
-4.453778818953430935e-06,1.005524732416229959e-06
-3.580544115507074054e-06,-9.777846718227263985e-08
-3.909514614199437588e-06,3.707047211787831683e-07
-5.351297746912320543e-06,6.894412256146086499e-07
-6.096695308582804333e-06,1.597828717501750779e-07
-3.582305575554794288e-06,-1.019005835096230562e-06
-3.529735479219256502e-06,-1.708507025596359263e-06
-4.606667842230455963e-06,-2.733684175107736723e-07
-6.036793195704052452e-06,-6.087183356000648306e-07
-6.157364701317723197e-06,-1.385301971188116435e-06
-4.119000395061536654e-06,-1.515553400156036691e-06
-3.672526088718183322e-06,-2.016307202806583890e-06
-3.839164371976507917e-06,-2.882983813864732772e-06
-5.362291261731689775e-06,-1.472189129674642598e-06
-4.107875743673364807e-06,-3.755986783731724799e-06
-6.447090447004867305e-06,-2.179883365997324742e-06
-4.609211020581019298e-06,-2.902916784754817831e-06
-5.779723635654455122e-06,-2.970002594350799786e-06
-4.499175302546971138e-06,-4.603185996267916364e-06
-6.905593067947928917e-06,-2.971404346146840289e-06
-6.560137304651404645e-06,-3.781393356386652705e-06
-5.706705379347281031e-06,-4.301483951243155353e-06
-4.998135058284428965e-06,-5.442843642213288324e-06
-5.628700862141546776e-06,-6.248548622007520762e-06
-7.541230309825600942e-06,-3.719863731168391414e-06
-7.103937705721926767e-06,-4.725733548137716186e-06
-6.582815482256860137e-06,-5.935002023590091604e-06
-6.358914553863367946e-06,-7.007387813994191975e-06
-8.331620650395220635e-06,-4.396758200398471377e-06
-8.100642844544796327e-06,-5.935091779679466190e-06
-7.205292410726051723e-06,-7.683508081699238601e-06
-8.163880265994371549e-06,-8.279984287476480377e-06
-9.204982991633090835e-06,-8.786051145853138950e-06
-9.282021833279731918e-06,-6.273696606957206879e-06
-9.269229100844837666e-06,-4.971743453962693762e-06
-9.044020217614854549e-06,-7.601068930511883721e-06
-1.033272738523582658e-05,-9.162741824244091657e-06
-1.152685014713471997e-05,-9.417976858903261524e-06
-1.024843136713252420e-05,-6.566826096024780975e-06
-1.034210838520966000e-05,-5.392688887442212267e-06
-1.275853136854924091e-05,-9.531930195239840458e-06
-1.136636635445375624e-05,-7.684289538212342915e-06
-1.151337003959541250e-05,-5.636350752917704311e-06
-1.302680394478837111e-05,-7.877220583454425091e-06
-1.416032427340358837e-05,-9.582604426979313361e-06
-1.274428010077926303e-05,-5.700105707349001626e-06
-1.613150002016688509e-05,-9.632445393011890763e-06
-1.455473031078796066e-05,-6.923391693597646018e-06
-1.415784711033758350e-05,-5.648931489961068584e-06
-1.894002013435224576e-05,-9.706763383940624810e-06
-1.752919281678504116e-05,-7.451781323223286006e-06
-1.613319739832170063e-05,-5.583542857013482140e-06
-2.278204199568293188e-05,-9.782886761444165136e-06
-2.083958799646829275e-05,-7.610625641300271248e-06
-1.894096210016591825e-05,-5.510983319623874912e-06
-2.690727064105150933e-05,-9.843089715147253186e-06
-2.482625481146476050e-05,-7.608901310389535200e-06
-2.278265956461690157e-05,-5.435800276792517330e-06
-3.113300769551257730e-05,-9.891808644248068326e-06
-2.900497448118291019e-05,-7.607452578898907930e-06
-2.690774536414637546e-05,-5.373219334221340411e-06
-3.544356037398281139e-05,-9.933526994249164204e-06
-3.327515274717427293e-05,-7.605898050187217800e-06
-3.113349087359288704e-05,-5.321549162510418699e-06
-3.982999349450067793e-05,-9.970996169636335926e-06
-3.762477806494003653e-05,-7.604427192211140696e-06
-3.544400319654355625e-05,-5.276773478160785235e-06
-4.428564834013095849e-05,-1.000394992441696414e-05
-4.204713331435986924e-05,-7.602999792828191520e-06
-3.983046508564695904e-05,-5.236443138385736215e-06
-4.880081373816384755e-05,-1.003067285744253878e-05
-4.653452963915252798e-05,-7.601573702384992452e-06
-4.428613568733470230e-05,-5.200635416894418891e-06
-5.336147818867831061e-05,-1.004975295434569799e-05
-5.107499068010752809e-05,-7.600439047741280017e-06
-4.880118119650741972e-05,-5.171277319288117764e-06
-5.795146172388274813e-05,-1.006117642742129603e-05
-5.565296881312806464e-05,-7.599741814069870595e-06
-5.336169219063338333e-05,-5.150341809406619852e-06
-6.781908404622751982e-05,-9.795899014508122055e-06
-6.716469756286753143e-05,-1.006693566608278023e-05
-6.001275676641906873e-05,-7.599364053501726811e-06
-6.255611575405909070e-05,-1.006609438478040366e-05
-5.795159291032008528e-05,-5.137859277766616435e-06
-6.809014260011988400e-05,-9.141545088643217900e-06
-6.654144940335992903e-05,-7.599130890603704779e-06
-6.255616144500603408e-05,-5.132384021537914770e-06
-6.809013133755468985e-05,-6.056716968811339509e-06
-6.716470165049713960e-05,-5.131351345443024187e-06
-6.781907649079245534e-05,-5.402379626316666377e-06
