Size 192,2
7.128354901918918939e-05,-1.129317701374074564e-05
7.154529249775697921e-05,-1.066137786452831421e-05
7.154486738554958016e-05,-7.682675443036414062e-06
7.128306859656723029e-05,-7.050836037657966375e-06
7.065165232060319894e-05,-1.155485259056198971e-05
6.946580502474930855e-05,-9.171939945245896806e-06
7.065109671123346159e-05,-6.789141599288367027e-06
6.620185899508014300e-05,-1.155312327482514807e-05
6.620108634871096269e-05,-6.790471396273219409e-06
6.374665388341874725e-05,-9.171695135569744463e-06
6.175827109895253215e-05,-1.154680924479458911e-05
6.175756145050403402e-05,-6.796452842107702669e-06
5.954078856669968000e-05,-9.171295427956731552e-06
5.733100759707527580e-05,-1.153486629091664274e-05
5.733036342504482054e-05,-6.807238347559426404e-06
5.512530006048741446e-05,-9.170874011959147501e-06
5.293018385134398278e-05,-1.151897968090767896e-05
5.292875010534870339e-05,-6.821903277512042206e-06
5.073955644878155299e-05,-9.170044455936733190e-06
4.856103334263432920e-05,-1.150074505326499226e-05
4.855952996980036527e-05,-6.838583777174562444e-06
4.638717964434468287e-05,-9.169155748260212133e-06
4.422531557149453145e-05,-1.148223137010154233e-05
4.422436147303312825e-05,-6.855379081469441192e-06
4.206805542977938936e-05,-9.168182701034472952e-06
3.992210127455753522e-05,-1.146398759370056999e-05
3.992171457590587905e-05,-6.871500078387822346e-06
3.778066980628080049e-05,-9.167047276812492252e-06
3.565077408159755335e-05,-1.144489834719825350e-05
3.565041657929918575e-05,-6.888003438828664966e-06
3.352564554295683967e-05,-9.165688137969249457e-06
3.141347553380211997e-05,-1.142319050220312763e-05
3.141304388045123956e-05,-6.906720936631829837e-06
2.930714110764507180e-05,-9.164069263567985621e-06
2.721637227457985759e-05,-1.139699030034026189e-05
2.721565545774338221e-05,-6.929629618023105554e-06
2.521683082693112164e-05,-9.162064689685790950e-06
2.323552188342897941e-05,-1.136557620094986712e-05
2.323441890973748335e-05,-6.958440829420342569e-06
2.175399171728813766e-05,-9.330907490634134346e-06
2.026007642388202973e-05,-1.133520556092064537e-05
2.025841376257778704e-05,-6.986911907359849312e-06
1.812270597292806626e-05,-1.130741494801384640e-05
1.853209330584079090e-05,-9.895181969541053159e-06
1.812030647672555165e-05,-7.005828014807109839e-06
1.658259070439137455e-05,-7.027227050300221411e-06
-2.675164577650120194e-06,-4.359882777005076543e-07
-2.728013230150476566e-06,-3.088435253770335621e-07
-2.727699785770933933e-06,1.645696040742224698e-07
-2.675124325007559829e-06,2.898760375338532846e-07
1.658155382709406480e-05,-1.128703435667057333e-05
1.519895745721559003e-05,-1.118935147722744362e-05
1.626487365813016002e-05,-8.626093770023221768e-06
1.519313019253328654e-05,-6.930025443253781027e-06
-2.548600313903479449e-06,-4.885880161033657723e-07
-2.421178294207429936e-06,3.062578632014575431e-08
-2.549707069856525263e-06,3.421652729101568611e-07
1.475536305236984806e-05,-9.878935843991237003e-06
1.384585772054858662e-05,-1.093132568307564083e-05
1.254419759720367730e-05,-1.052945996797302559e-05
1.433953984819173969e-05,-8.085151433405821542e-06
1.386500087062059415e-05,-6.605004407196454756e-06
-1.691157747860299115e-06,-5.027487894381434883e-07
-1.690510441368225154e-06,3.572768055107540754e-07
-1.246193393222702846e-06,-7.268759725786843674e-08
1.131352081995458708e-05,-9.980352820952583141e-06
1.236803847684934728e-05,-9.175728424610769905e-06
1.281596637315031667e-05,-7.481755697351895394e-06
1.263256645081194125e-05,-6.067874726167615931e-06
-7.636643773903940370e-07,-5.833527270437021734e-07
-7.638231138298601843e-07,4.377125092594303784e-07
-2.138857552360588163e-07,-7.289948814426385228e-08
1.016112385870456618e-05,-9.305133600129856906e-06
9.110723684351979261e-06,-8.514927729039547646e-06
1.124834361234975660e-05,-7.216131673913445676e-06
1.153094204605618312e-05,-5.335112413404204961e-06
4.180850630322349421e-07,-7.581987925128805260e-07
4.180987472068547359e-07,6.122683835959945369e-07
9.376492242351529209e-06,-7.299971224259269373e-06
8.173038740566271023e-06,-7.614901576541220523e-06
9.819647312304185272e-06,-5.933296638792270036e-06
1.058955189723752043e-05,-4.444173777131748147e-06
1.115271811173229737e-06,-7.326310366113517099e-08
1.945097647005866399e-06,-1.010383343287893928e-06
1.943675549947407885e-06,8.653365247176837456e-07
7.346724449019004418e-06,-6.626433965639292249e-06
6.655871042596829444e-06,-5.575219419834799919e-06
6.100152611142368234e-06,-4.458755116196518217e-06
8.914114892185283524e-06,-4.704601170513714931e-06
9.831730358776078309e-06,-3.431853812220730301e-06
2.611889070727033669e-06,-7.623944113071731097e-08
3.430741481072800417e-06,-1.258256628337052928e-06
3.430632156651281933e-06,1.122841737199083410e-06
7.255860575751076911e-06,-4.459185084205209094e-06
5.674962805146657349e-06,-3.299490515801539578e-06
4.785364787358877078e-06,-1.469045848102654585e-06
5.183449790049594397e-06,-1.677880744818182885e-06
5.399698237745324204e-06,-2.101684318445550133e-06
8.280694097089219094e-06,-3.282391325605742366e-06
9.269862779372307980e-06,-2.341043167415073359e-06
4.166769871461467087e-06,-2.498417973221359733e-07
4.778945262320845247e-06,1.307879305851685067e-06
6.474072064338814739e-06,-2.477405218791870209e-06
5.205128218574047798e-06,-8.425279546092003405e-07
5.677189992627028580e-06,-1.530842698087528899e-06
7.822079540413867855e-06,-2.002109187369918176e-06
8.924640619945638730e-06,-1.215477369654934359e-06
5.222937325790901112e-06,5.061553815059614204e-07
5.158773367461096051e-06,1.511265499018465037e-06
6.711391490510964226e-06,-5.712836076714920121e-07
8.812130017186307250e-06,-8.143198589958559377e-08
8.951149425947600935e-06,1.046687320393729320e-06
6.016193378163570962e-06,1.235756719485138020e-06
5.376847695156260458e-06,1.952932276306756531e-06
5.638151652956548407e-06,3.182963211117540978e-06
7.809347343209579908e-06,1.182592495307127266e-06
6.043056495080741775e-06,4.399328936476987439e-06
9.332685858029722144e-06,2.192853914899550375e-06
6.738423907448876794e-06,3.218152489480477617e-06
8.386627528619426092e-06,3.312080101610198874e-06
6.606623002110388502e-06,5.570557346866954039e-06
9.944881969605411280e-06,3.313772632252641313e-06
9.459034070508288072e-06,4.441698635269093467e-06
8.285619476642282902e-06,5.158351654568815435e-06
7.313003375110309284e-06,6.711910632140113314e-06
8.183415305951678159e-06,7.793717353086818518e-06
1.079032980839352343e-05,4.361412354809146009e-06
1.019364846824608103e-05,5.735001035569452400e-06
9.486321662736784131e-06,7.368819979619744594e-06
9.183471762042513527e-06,8.800887424994287086e-06
1.183994186851783504e-05,5.295990920113695412e-06
1.152691291929114352e-05,7.364038756079324329e-06
1.032615302478517771e-05,9.693387440289781391e-06
1.160485060104455172e-05,1.047222577402670439e-05
1.298614698747117260e-05,1.112518383213159294e-05
1.309309951134809886e-05,7.814167292328876651e-06
1.307919044066388760e-05,6.079731926598198786e-06
1.277815738684847132e-05,9.569865681569503422e-06
1.447006963217793337e-05,1.160915327074692959e-05
1.603322110117439759e-05,1.193185333014650024e-05
1.436536277078258134e-05,8.202921570998490862e-06
1.448812634529924954e-05,6.653234719012437348e-06
1.764039821301132641e-05,1.207091372796487921e-05
1.582965356527248906e-05,9.668549139718787399e-06
1.602012067178285777e-05,6.988180233323039774e-06
1.799157228280625834e-05,9.917606873560749759e-06
1.946007078889013057e-05,1.212657922530366681e-05
1.762546587688580709e-05,7.080392727926734923e-06
2.201113441391944098e-05,1.218173102278236438e-05
1.997467466529736558e-05,8.678563557743632304e-06
1.945775370049160230e-05,7.023658917235104296e-06
2.562916002810977339e-05,1.226523229204905564e-05
2.381510356330410977e-05,9.363291272321003773e-06
2.201340464815470626e-05,6.950148356367700635e-06
3.055938241035322412e-05,1.235268064333748979e-05
2.806941377403415186e-05,9.567889031493472958e-06
2.563036119906585917e-05,6.867278858101468248e-06
3.584079081075957794e-05,1.242392300802131833e-05
3.317797180519797693e-05,9.565570476424301247e-06
3.056011892770663004e-05,6.779760319973425114e-06
4.124341242994247726e-05,1.248116753316228293e-05
3.852399154317214365e-05,9.563916773841671010e-06
3.584129196115757286e-05,6.705419354106737062e-06
4.674281918524658100e-05,1.252568183443622806e-05
4.397906183499297066e-05,9.562484277482579192e-06
4.124385967421491004e-05,6.645165799046332332e-06
5.231603715442554437e-05,1.255869206158231104e-05
4.951901645812355153e-05,9.561176470169417200e-06
4.674326516316782023e-05,6.597938363301692281e-06
5.794289204676391849e-05,1.258219384838545941e-05
5.512213765151845765e-05,9.559998335746759860e-06
5.231644519692436142e-05,6.562448415435729019e-06
6.360690027387522433e-05,1.259813359424377632e-05
6.076992815694884793e-05,9.558925422429128248e-06
5.794328702775797691e-05,6.536761026483990926e-06
6.929555184791592187e-05,1.260846094977374276e-05
6.644799328090331060e-05,9.558158071358002151e-06
6.360710036028663936e-05,6.518933570190456180e-06
7.499962496080232494e-05,1.261484367209101023e-05
7.214563682506946530e-05,9.557747249010363201e-06
6.929562699021990849e-05,6.507406646200491340e-06
8.724073382105953915e-05,1.228245712096774025e-05
8.642897198188581294e-05,1.261868748957725870e-05
7.755780146878287732e-05,9.557456800399716931e-06
8.071266507546911247e-05,1.261809333243073605e-05
7.499972934655727474e-05,6.500295811999202831e-06
8.757697932996547367e-05,1.147071802616045100e-05
8.565598671441002683e-05,9.557378364079010429e-06
8.071268306824189794e-05,6.496698990533097897e-06
8.757698744655359089e-05,7.644039702099282658e-06
8.642898319120364289e-05,6.496072225084583743e-06
8.724074320700465814e-05,6.832301963293393818e-06
