Size 192,2
-3.209344652849510946e-07,1.521524058566317108e-06
-2.974117119103988737e-07,1.578371804060485561e-06
-2.976386768410718720e-07,1.846300320731675641e-06
-3.211882445133566680e-07,1.903164838585137749e-06
-3.777455074901384321e-07,1.497969094894377650e-06
-4.844966711692879767e-07,1.712386298243766938e-06
-3.780330954377017425e-07,1.926728649872356021e-06
-7.782991177794199195e-07,1.497781434869885972e-06
-7.786904086546770499e-07,1.927236262525688536e-06
-1.000281286012452933e-06,1.712616662460595771e-06
-1.179940649022824032e-06,1.498357251412938050e-06
-1.180786012253104310e-06,1.927490634528712758e-06
-1.381300881638569808e-06,1.713077815908624153e-06
-1.580028936311941111e-06,1.501676408254660380e-06
-1.581189514509505217e-06,1.925358979039517666e-06
-1.778866592949862501e-06,1.713736189009590833e-06
-1.971846689981360698e-06,1.508601178947126070e-06
-1.973285780791339579e-06,1.919639979884418102e-06
-2.164269391176092013e-06,1.714583608910121976e-06
-2.348434549985043099e-06,1.519093512831887959e-06
-2.349652010534993962e-06,1.910731234805276963e-06
-2.531164913381345346e-06,1.715554632242532744e-06
-2.704871586616576653e-06,1.532008275397530516e-06
-2.705787846802696443e-06,1.899786576401297119e-06
-2.875909837030118235e-06,1.716640210974866067e-06
-3.037457977771169774e-06,1.547337456886912655e-06
-3.037989105918902148e-06,1.886501608463440493e-06
-3.194922077568571330e-06,1.717582222247564614e-06
-3.341133996660807405e-06,1.566843440195886750e-06
-3.341348063993035229e-06,1.868938571398088395e-06
-3.481068371546834038e-06,1.718505910467174869e-06
-3.604889216527348151e-06,1.594293826755014649e-06
-3.605161596776884474e-06,1.843723317455590657e-06
-3.719811070130148384e-06,1.719477359325981415e-06
-3.811895060333775193e-06,1.632342024473889947e-06
-3.812493548383119587e-06,1.807650766171143208e-06
-3.889212023053368220e-06,1.720944941259692235e-06
-3.936878259245969437e-06,1.682522145274288915e-06
-3.938084044590726464e-06,1.757848447615404389e-06
-3.965241165117561285e-06,1.722177804311563449e-06
-3.961732471154178906e-06,1.733613363049104929e-06
-3.963871882557659952e-06,1.706675349196629325e-06
-3.930135199651042402e-06,1.781265144215073499e-06
-3.951973067721868846e-06,1.737431737134034615e-06
-3.933248194727702104e-06,1.671985390478814157e-06
-3.881517828011925272e-06,1.633382296130187743e-06
9.833989395035948036e-07,-1.686719889048705003e-07
1.002927676738073787e-06,-2.155376928518691631e-07
1.002813153536391363e-06,-3.906036938768818784e-07
9.833484628029033846e-07,-4.370359121291552613e-07
-3.884560207994213611e-06,1.816199828345791760e-06
-3.810539156101069595e-06,1.844348301946861973e-06
-3.884730489113029988e-06,1.700321900028313219e-06
-3.825567780107751766e-06,1.585083681492798119e-06
9.367153223331321924e-07,-1.493633667073729006e-07
8.894392638527708831e-07,-3.414487280830702368e-07
9.368949079288227990e-07,-4.565514793176468978e-07
-3.797180127011995525e-06,1.780949692113279239e-06
-3.717649389506709192e-06,1.870481959093703248e-06
-3.599101679783819550e-06,1.871228377617186001e-06
-3.775657910611067472e-06,1.654637611945636014e-06
-3.737251387764943741e-06,1.508004673241967999e-06
6.197218481492685135e-07,-1.454684323502583093e-07
6.190674137578003389e-07,-4.634052778516286420e-07
4.548976481957429300e-07,-3.052457410314779869e-07
-3.453417248309467867e-06,1.861574723548363405e-06
-3.594343092129565207e-06,1.762823232609209472e-06
-3.641953286205944818e-06,1.586723480681489497e-06
-3.630340292273426300e-06,1.395311727579879480e-06
2.769561684372136673e-07,-1.180489801440432407e-07
2.764969518926206560e-07,-4.941603955777730080e-07
7.445397984802797550e-08,-3.071067052246379686e-07
-3.296174522409011458e-06,1.817608508992939583e-06
-3.116400563904790811e-06,1.737103098407334623e-06
-3.459557091972436783e-06,1.549304251536529302e-06
-3.512390528510993779e-06,1.250314145019360293e-06
-1.569595207126356091e-07,-5.742767117128679825e-08
-1.576980184773269410e-07,-5.592017530889130328e-07
-3.160582134336760032e-06,1.571781871748817698e-06
-2.922624213577287084e-06,1.629717804776075130e-06
-3.244500409279135178e-06,1.341001032566783509e-06
-3.393448218031883786e-06,1.053141784631951885e-06
-4.123718508855588844e-07,-3.094692689192323641e-07
-7.147726407559689464e-07,3.127707803531240103e-08
-7.154031412264431667e-07,-6.533088900331454730e-07
-2.737583877064285686e-06,1.480723615443637395e-06
-2.542818781162592924e-06,1.273660671483976557e-06
-2.352320448738415339e-06,1.033116002368313780e-06
-3.066693837787279209e-06,1.099821720877632069e-06
-3.286033383702531284e-06,7.972895202183255681e-07
-9.586164414943816298e-07,-3.112456603079337630e-07
-1.257129006319162414e-06,1.199365142368779595e-07
-1.257255386019790251e-06,-7.485793527763255772e-07
-2.672375823738290110e-06,1.043527290723482118e-06
-2.191664460949304928e-06,7.436295373756179883e-07
-1.771175341338468750e-06,1.972506150736468713e-07
-1.935454639083197511e-06,2.682518771074295222e-07
-2.040300158763159444e-06,4.038092797292829724e-07
-2.931881606526085621e-06,7.560050691893333682e-07
-3.213145359530986845e-06,4.861588281039833964e-07
-1.527146131475585608e-06,-2.510455033274218105e-07
-1.727265369554506748e-06,-8.144913286260363167e-07
-2.408483289901002231e-06,5.279953950254855150e-07
-1.923724742405257904e-06,-2.711465564432830231e-08
-2.116999284707552205e-06,2.186508701395321826e-07
-2.813865265922312537e-06,3.859608478587657814e-07
-3.186249527353695831e-06,1.231551360919048850e-07
-1.895111192217943288e-06,-5.169039017580405349e-07
-1.843765251286546882e-06,-8.915442372218933222e-07
-2.457973958044677379e-06,-9.264062351268486063e-08
-3.201013822636251222e-06,-2.737304643880209151e-07
-3.332072316936058005e-06,-7.061993465166065268e-07
-2.165061769415298081e-06,-7.774782433528454742e-07
-1.902736707632645384e-06,-1.073010331373720923e-06
-1.959760126506441688e-06,-1.605759776831327403e-06
-2.870796769553177455e-06,-7.372310570272562636e-07
-2.082744461643862152e-06,-2.178174963263859742e-06
-3.559003190120953410e-06,-1.163152728182102745e-06
-2.416151460098828782e-06,-1.606581046752763752e-06
-3.149965578568871756e-06,-1.651485807710342222e-06
-2.307560775300269213e-06,-2.749196199131353797e-06
-3.901454250189081997e-06,-1.654016794001836262e-06
-3.682755055885055236e-06,-2.186133021815364876e-06
-3.100900534642478155e-06,-2.538989769352383291e-06
-2.614361980986369922e-06,-3.344766053959130275e-06
-3.038079373189419655e-06,-3.937207389231233841e-06
-4.379480263637443366e-06,-2.137961853346522992e-06
-4.073329728889442066e-06,-2.840894095827847706e-06
-3.702690875868490166e-06,-3.713484221422842172e-06
-3.541524563751943493e-06,-4.513842157293848668e-06
-4.975901425379567807e-06,-2.595507648262152221e-06
-4.809949926148337013e-06,-3.721974607375464723e-06
-4.150966389628144059e-06,-5.035662214403824929e-06
-4.865916376945403517e-06,-5.510220572442943036e-06
-5.655651274883368092e-06,-5.927571727855891473e-06
-5.706869254276634193e-06,-3.978319555413419403e-06
-5.693266586215251297e-06,-2.999658623720465250e-06
-5.524115851061172065e-06,-4.997200791840870145e-06
-6.531398065414755528e-06,-6.242907335560894216e-06
-7.475082240725698618e-06,-6.468164272854401455e-06
-6.455574536636143375e-06,-4.201642343456655477e-06
-6.530107104667660059e-06,-3.294790334041741862e-06
-8.457852216836866263e-06,-6.580197535943328912e-06
-7.335351518815599340e-06,-5.082336073267606840e-06
-7.455902817726421810e-06,-3.458657887807004539e-06
-8.669144713135464736e-06,-5.243117064753189213e-06
-9.597363325453401971e-06,-6.646019391867866693e-06
-8.438822872612190051e-06,-3.492046120817603416e-06
-1.121952139159243442e-05,-6.712737470155702327e-06
-9.911161330852239008e-06,-4.467606835776042826e-06
-9.592651291552279131e-06,-3.429827726402621188e-06
-1.357942287946357821e-05,-6.815290762240043150e-06
-1.238258491622983197e-05,-4.903506853152039786e-06
-1.122017082747572325e-05,-3.348596999118700048e-06
-1.688034464205758969e-05,-6.927375401008645635e-06
-1.519869824324902804e-05,-5.040234920746226791e-06
-1.357913026071256415e-05,-3.255633407968825235e-06
-2.049913230958047184e-05,-7.024196414665284592e-06
-1.866053780510412165e-05,-5.043180936657548857e-06
-1.687943508905028012e-05,-3.154935266249401955e-06
-2.427825970268869947e-05,-7.107628893150535569e-06
-2.236300494554692119e-05,-5.046363544103278280e-06
-2.049808395215499740e-05,-3.065381576626305045e-06
-2.819642819993623510e-05,-7.178659302343855086e-06
-2.621541283803260479e-05,-5.048991728007535970e-06
-2.427739376047632737e-05,-2.987849563959044915e-06
-3.223184742775925542e-05,-7.237377382999180240e-06
-3.019597983600427957e-05,-5.051103964143326650e-06
-2.819573161113714786e-05,-2.921473408479166957e-06
-3.636198479502467508e-05,-7.283493318988824912e-06
-3.428270146681123355e-05,-5.052858959114275153e-06
-3.223127819051667392e-05,-2.866641466011952134e-06
-4.056392517970272359e-05,-7.317320042441582713e-06
-3.845262354650048187e-05,-5.054169521403690512e-06
-3.636160593353067244e-05,-2.823611458081712645e-06
-4.481548627892022440e-05,-7.339858807617626767e-06
-4.268293963256646582e-05,-5.055196040725429865e-06
-4.056363773089788642e-05,-2.792119861127460528e-06
-4.909718061643097184e-05,-7.353340400916357918e-06
-4.695245264691879462e-05,-5.056114513498334248e-06
-4.481511460072791150e-05,-2.771496921417163948e-06
-5.830964756329936320e-05,-7.108435065561801408e-06
-5.769860723163574461e-05,-7.361502638667374919e-06
-5.102060821922532616e-05,-5.056740552132295475e-06
-5.339505732166491774e-05,-7.360057837330548995e-06
-4.909694985299101921e-05,-2.759561663882599192e-06
-5.856275397595441711e-05,-6.497447652637161367e-06
-5.711653062701537668e-05,-5.057147332661277352e-06
-5.339498379711270107e-05,-2.753857679654941878e-06
-5.856276693433704793e-05,-3.616851080596341309e-06
-5.769859437995888214e-05,-2.752754922390658679e-06
-5.830965405102550456e-05,-3.005836439774147695e-06
