Size 192,2
-1.405198760118185055e-04,1.872670491069743001e-05
-1.410871470251921507e-04,1.735733587497430741e-05
-1.410870306954069362e-04,1.090159397892917557e-05
-1.405197387062837250e-04,9.532185642181168687e-06
-1.391503936787596703e-04,1.929389077002551371e-05
-1.365813288847764402e-04,1.412942600313602436e-05
-1.391502172213667562e-04,8.964980891897124743e-06
-1.295072486831253943e-04,1.929195137636302045e-05
-1.295070186957823137e-04,8.966696355788832958e-06
-1.241850827234525906e-04,1.412930863401724660e-05
-1.198708693834873361e-04,1.928368120078669467e-05
-1.198705899743033682e-04,8.974770471095612400e-06
-1.150584748558139398e-04,1.412927231327824293e-05
-1.102564102169441225e-04,1.926624741732056029e-05
-1.102559591826390980e-04,8.992171499862977618e-06
-1.054608993240447012e-04,1.412937563254093419e-05
-1.006837309189155869e-04,1.923611790203639730e-05
-1.006826688240958066e-04,9.022102327628888141e-06
-9.591729070761734481e-05,1.412914158535288783e-05
-9.117981016101054618e-05,1.918953500670639580e-05
-9.117829876138462328e-05,9.068216212483786042e-06
-8.645816710224137763e-05,1.412864124274994352e-05
-8.177825786922611007e-05,1.912317994989463888e-05
-8.177687652096270209e-05,9.133745809149917152e-06
-7.712054527098448581e-05,1.412796737316250348e-05
-7.251886674519640694e-05,1.903413134939615023e-05
-7.251823340978558500e-05,9.221524829116503345e-06
-6.794705760110517881e-05,1.412722346847738611e-05
-6.344611711007219789e-05,1.892052006225120676e-05
-6.344608412833524101e-05,9.333285836163495081e-06
-5.898326870313193678e-05,1.412634470701765326e-05
-5.460695874736351470e-05,1.878135701389954147e-05
-5.460713045838774577e-05,9.470510107049307194e-06
-5.027676377891547067e-05,1.412541086026224596e-05
-4.604856300114343722e-05,1.861579315360188612e-05
-4.604805647854534134e-05,9.634971087117352937e-06
-4.204024242570814020e-05,1.412339812386730692e-05
-3.814452001966774775e-05,1.842717362629927642e-05
-3.814310844893263163e-05,9.828964730848287405e-06
-3.525444798497098982e-05,1.444896766318570792e-05
-3.241362547528314211e-05,1.825330664056316061e-05
-3.240853447392895355e-05,1.000713572368886687e-05
-2.840802138007965223e-05,1.810305187619911952e-05
-2.914353476688243030e-05,1.549852141732492523e-05
-2.840055664893328621e-05,1.012019686531995575e-05
-2.557969163519557769e-05,1.024024846059681840e-05
3.671414444289861449e-06,6.386712779153175812e-07
3.745472237402710753e-06,4.605234897825570119e-07
3.745020176316365598e-06,-2.031213052259894797e-07
3.671319191668098672e-06,-3.788117494338737082e-07
-2.556824576658455654e-05,1.799805354236873624e-05
-2.308428649361537560e-05,1.776136937251720358e-05
-2.496869244701097726e-05,1.315617735204650331e-05
-2.304957729231394740e-05,1.014829632595747334e-05
3.494027498137965081e-06,7.123727248018499869e-07
3.315050973318783561e-06,-1.531844332456034163e-08
3.495458482838137182e-06,-4.521198171823314379e-07
-2.226870665283724624e-05,1.539104938049175989e-05
-2.068805937828062201e-05,1.722715149865923222e-05
-1.843528213417660225e-05,1.646922669561354553e-05
-2.152379748456756655e-05,1.221538836204141133e-05
-2.069757297013506431e-05,9.669967359829723433e-06
2.291152501885756903e-06,7.310593216746787972e-07
2.290070029904278310e-06,-4.730022952455097740e-07
1.667666594465875833e-06,1.284291126949571820e-07
-1.635724611599618058e-05,1.545320533985782807e-05
-1.811284121846931877e-05,1.409777965712607677e-05
-1.888092577662872317e-05,1.119447422506122283e-05
-1.855928286480297793e-05,8.844473780337922894e-06
9.939699663735405058e-07,8.383696410251280566e-07
9.936292834644278778e-07,-5.827320949979492343e-07
2.291415711369115008e-07,1.270714293905140397e-07
-1.444580054739683431e-05,1.425916072144423058e-05
-1.275802357049139624e-05,1.290698045819426732e-05
-1.623218000210791144e-05,1.075976744922184626e-05
-1.668525216009319760e-05,7.697962554360486355e-06
-6.456928567186157022e-07,1.071898662160535481e-06
-6.462286241053209453e-07,-8.194257880721703770e-07
-1.318930167481248249e-05,1.088768996961025197e-05
-1.129650899499748334e-05,1.139045681540953808e-05
-1.389461378229803208e-05,8.681830468448421383e-06
-1.511355230083169889e-05,6.330376876733169658e-06
-1.607088892350363933e-06,1.257005722870378178e-07
-2.746425356301122911e-06,1.409134888956661578e-06
-2.744965023601109471e-06,-1.162264185841543823e-06
-1.002854807578598962e-05,9.772557862926772702e-06
-9.022314307214252235e-06,8.119605002526920860e-06
-8.255731125175495632e-06,6.391063559883699464e-06
-1.247182381736958511e-05,6.749963233519623897e-06
-1.386707647816635916e-05,4.816289486954818874e-06
-3.661153561977486382e-06,1.282867051843783248e-07
-4.779267655949362373e-06,1.739829879916698992e-06
-4.780838367709080906e-06,-1.511211995521539178e-06
-9.952221821221754540e-06,6.377475229429903274e-06
-7.687952102201542191e-06,4.649953101237136585e-06
-6.601519194658843597e-06,2.017926879138671548e-06
-7.118872322773225790e-06,2.305601733011452559e-06
-7.379657008406750038e-06,2.903069421447278427e-06
-1.149145973482089844e-05,4.599475140423844059e-06
-1.293662748618776170e-05,3.228694086420909770e-06
-5.783423167042447623e-06,3.647860128524438057e-07
-6.647473806121643615e-06,-1.765294964493257786e-06
-8.867501849258621656e-06,3.427794266538903730e-06
-7.173998311074206609e-06,1.158861362383915837e-06
-7.787743857359760464e-06,2.099281876553821340e-06
-1.080832960523384553e-05,2.740931484820982611e-06
-1.234416518057188342e-05,1.641610246809433353e-06
-7.244150379962619618e-06,-6.796565897453424073e-07
-7.193566702946722538e-06,-2.038774160605510119e-06
-9.239441707690715339e-06,7.445495368761361963e-07
-1.212256346560823288e-05,7.873690677203805503e-08
-1.220908849369193042e-05,-1.430697054495419857e-06
-8.348568956954204251e-06,-1.681769352311323078e-06
-7.517693079078914697e-06,-2.613921354170446572e-06
-7.926371910534149985e-06,-4.178664392980024652e-06
-1.071627496125830642e-05,-1.639235855463978237e-06
-8.514108727209264928e-06,-5.660422634290498200e-06
-1.261207026984537653e-05,-2.943367649017428464e-06
-9.350333004744639312e-06,-4.244155689857440064e-06
-1.141254398377684397e-05,-4.361637691442157466e-06
-9.260168713571744896e-06,-7.060174460417782771e-06
-1.328163166163877168e-05,-4.364658450747516480e-06
-1.267790055624658155e-05,-5.738036037239521561e-06
-1.129703059277194815e-05,-6.584661025790113393e-06
-1.015886562531577089e-05,-8.363134295755920175e-06
-1.120021140961417440e-05,-9.555561386285891349e-06
-1.419191312209173322e-05,-5.660137154823446592e-06
-1.350704237048115175e-05,-7.248479152478248256e-06
-1.270837962940036692e-05,-9.076959514466837096e-06
-1.236997325436570468e-05,-1.062036865811076440e-05
-1.531109616010740322e-05,-6.780717710834638542e-06
-1.496356102877827998e-05,-9.060527294607181189e-06
-1.365321777670666783e-05,-1.154511234276560247e-05
-1.503142852011159564e-05,-1.231667771121869406e-05
-1.648627888016643145e-05,-1.292382332610510403e-05
-1.661306859978100200e-05,-9.543093193968065836e-06
-1.660497225884536874e-05,-7.690563661242058198e-06
-1.629001710747957502e-05,-1.136332885326634576e-05
-1.799867134318539524e-05,-1.336183988088294328e-05
-1.954677549335715115e-05,-1.362335704174336056e-05
-1.791478380057391870e-05,-9.955656769751139941e-06
-1.803288315400159607e-05,-8.362615228985153485e-06
-2.111300731238678952e-05,-1.370745051467926230e-05
-1.937754497028440216e-05,-1.142078163173931233e-05
-1.955122925022177198e-05,-8.777207439664094999e-06
-2.146019952238884288e-05,-1.165261843661564176e-05
-2.282960858431697893e-05,-1.370052702153537144e-05
-2.111394180109456943e-05,-8.920164077874099650e-06
-2.518380785932630928e-05,-1.369312704570375815e-05
-2.332956506187795431e-05,-1.048866128104452227e-05
-2.282943617566469296e-05,-8.928334104137996671e-06
-2.839983473166408343e-05,-1.368024452103799445e-05
-2.681262615733338758e-05,-1.113139446269901000e-05
-2.518300233452633644e-05,-8.940350540264066474e-06
-3.261568304860989299e-05,-1.366555525462893104e-05
-3.051225021763218919e-05,-1.131836171408392800e-05
-2.839919909865327484e-05,-8.955515954763784979e-06
-3.698090920634598247e-05,-1.365258096265640281e-05
-3.480254480948669868e-05,-1.132003456887878574e-05
-3.261513187086912216e-05,-8.973025367068794013e-06
-4.132124856080474399e-05,-1.364213959950105427e-05
-3.915459591652413246e-05,-1.132149561199719432e-05
-3.698034489532690616e-05,-8.988955380358156196e-06
-4.564232623727717739e-05,-1.363481014301312683e-05
-4.348430421936448154e-05,-1.132278639225899728e-05
-4.132086488432427164e-05,-9.002123360113324323e-06
-4.995076362602358770e-05,-1.363061245032972753e-05
-4.779799340945335462e-05,-1.132404438692059881e-05
-4.564199366460874408e-05,-9.012021839722495799e-06
-5.425159242471234072e-05,-1.362867915129203740e-05
-5.210194172507061339e-05,-1.132539364160325870e-05
-4.995033200066166420e-05,-9.018846290465885000e-06
-5.854787367353340831e-05,-1.362830796208681188e-05
-5.640005644795835667e-05,-1.132671791277115158e-05
-5.425116034892890426e-05,-9.023429285315645248e-06
-6.284229780776200429e-05,-1.362924766224605564e-05
-6.069493539617456482e-05,-1.132802520429855217e-05
-5.854741546568089511e-05,-9.026424016358504545e-06
-6.713792864989861532e-05,-1.363118363030961103e-05
-6.498958138934311909e-05,-1.132910538183544090e-05
-6.284195188744080818e-05,-9.027946400403058261e-06
-7.634692798100023350e-05,-1.338070388291115076e-05
-7.573623572663334372e-05,-1.363364790769240331e-05
-6.906275197600198542e-05,-1.132992924519794804e-05
-7.143609787376311541e-05,-1.363305085427275624e-05
-6.713764376944688077e-05,-9.027969041542580967e-06
-7.659988709948720045e-05,-1.277003117913455229e-05
-7.515472082726264462e-05,-1.133056897722427823e-05
-7.143594863041914103e-05,-9.027475393235822825e-06
-7.659989083470892710e-05,-9.891120324040286239e-06
-7.573619436903737982e-05,-9.027436163144037271e-06
-7.634691956711337738e-05,-9.280403151174400068e-06
