Size 192,2
8.300912171019163917e-05,-1.148987515943030130e-05
8.334167221335588873e-05,-1.068710383164787237e-05
8.334175274706532351e-05,-6.902630177983422487e-06
8.300920645192142648e-05,-6.099823828219220662e-06
8.220629755471206286e-05,-1.182238617487086222e-05
8.070036258597080648e-05,-8.794862599898493400e-06
8.220637415204279526e-05,-5.767293017877663572e-06
7.655298562487508661e-05,-1.182155253242043730e-05
7.655292712311411525e-05,-5.767605730665321388e-06
7.343238287044481858e-05,-8.794275014046973923e-06
7.090241062705421641e-05,-1.181688941708112578e-05
7.090199965599561346e-05,-5.770680754983301845e-06
6.807941637925804112e-05,-8.793415501098695181e-06
6.526244498876781141e-05,-1.180635876926036013e-05
6.526182558226585129e-05,-5.778959252184654936e-06
6.244846044840399646e-05,-8.792005452395852097e-06
5.964545543133439832e-05,-1.178774363196344344e-05
5.964508351196013986e-05,-5.794774310074240074e-06
5.684856898822605062e-05,-8.790371297168575760e-06
5.406899164622591360e-05,-1.175807195571365844e-05
5.406873788842761079e-05,-5.820733357451449719e-06
5.129924563898775880e-05,-8.788319160955250975e-06
4.855482080557463445e-05,-1.171553570647367992e-05
4.855443986237809820e-05,-5.858797284430874246e-06
4.582420983264408559e-05,-8.785905373177419449e-06
4.312811217633198924e-05,-1.165907944746756259e-05
4.312753997759207484e-05,-5.910089697933721439e-06
4.044976152793386409e-05,-8.783218729078701747e-06
3.781529544417071807e-05,-1.158824083074696824e-05
3.781445930454244581e-05,-5.975140759292467686e-06
3.520243517781280465e-05,-8.780291875527332102e-06
3.264255508586512753e-05,-1.150324149399875338e-05
3.264111323712731114e-05,-6.053826300633349899e-06
3.010804046811223634e-05,-8.777029719242648587e-06
2.763450312171477475e-05,-1.140499359562774355e-05
2.763233268363724638e-05,-6.145729840203317676e-06
2.528731108462179767e-05,-8.772928134323211774e-06
2.300471529027104666e-05,-1.129703368874061323e-05
2.300220391309085093e-05,-6.250762729677770509e-06
2.130898482114474218e-05,-8.961863127088430539e-06
1.963829440789748924e-05,-1.120094597480886468e-05
1.963439470437123322e-05,-6.344357946144892928e-06
1.727626315192755437e-05,-1.112032892936167405e-05
1.771295008311102309e-05,-9.579608352607553394e-06
1.727161850479767564e-05,-6.402063807050150042e-06
1.560201551663872196e-05,-6.462855779747179818e-06
-2.275697943211467630e-06,-4.727933144788084994e-07
-2.321044915024732381e-06,-3.636376592893391200e-07
-2.320790122147500449e-06,4.260296577058470972e-08
-2.275697903550403484e-06,1.500967076412566092e-07
1.559691423134992728e-05,-1.106460452600652175e-05
1.412058790955132531e-05,-1.093023435520700742e-05
1.524390153202883545e-05,-8.191878368976044283e-06
1.410239304217070915e-05,-6.396826845106770379e-06
-2.167061000992290156e-06,-5.179807744819506151e-07
-2.057755227407019999e-06,-7.247054473539597792e-08
-2.168122162770509207e-06,1.948993110922349465e-07
1.363789270218400129e-05,-9.522196380505774455e-06
1.269178370730249712e-05,-1.062049572167865152e-05
1.134170735973789221e-05,-1.017342647726323930e-05
1.319471704203053961e-05,-7.626844106439785528e-06
1.270002858338622456e-05,-6.097493777099661305e-06
-1.431027537386351192e-06,-5.307024432428993257e-07
-1.430707095503772556e-06,2.072069278250474763e-07
-1.048979114786140466e-06,-1.621042985285896163e-07
1.008943047553616765e-05,-9.572100199159007346e-06
1.115061329351217653e-05,-8.755069720381362711e-06
1.161153489280757187e-05,-7.010113947572376480e-06
1.141902814195571042e-05,-5.587296080327186836e-06
-6.348208110428113148e-07,-5.998428033800249383e-07
-6.352771368317265806e-07,2.744540075148349395e-07
-1.643782306384648269e-07,-1.633372434835888014e-07
8.932797657571604641e-06,-8.858437107946440521e-06
7.903936012671120741e-06,-8.044309483221217044e-06
1.001529793873725959e-05,-6.744721549297252781e-06
1.029092886196268894e-05,-4.882581383694220128e-06
3.756839502687519818e-07,-7.486163929179745811e-07
3.753224767918707573e-07,4.205448564919180553e-07
8.165997729928668242e-06,-6.821957941390119524e-06
7.007722738544543028e-06,-7.128290460687013727e-06
8.595953446019943657e-06,-5.478225731886393482e-06
9.340209779595535269e-06,-4.038900346517098976e-06
9.697458578280374039e-07,-1.649116547885062828e-07
1.676308555694383587e-06,-9.629857326946939115e-07
1.674587219718073384e-06,6.333397373854884837e-07
6.227772748899571585e-06,-6.144462572634748243e-06
5.602385476640767053e-06,-5.130981914136252786e-06
5.122042067244240751e-06,-4.068425048428403111e-06
7.724500354816177784e-06,-4.293221776192158784e-06
8.583024967122057728e-06,-3.100917817608629991e-06
2.243387740166228503e-06,-1.688215909663305461e-07
2.939651383457493430e-06,-1.173713368454505473e-06
2.939710725907970443e-06,8.513785089778483767e-07
6.173233539677399607e-06,-4.061927918677772757e-06
4.764837261145778665e-06,-2.991461688819885127e-06
4.076786999384887998e-06,-1.351584478420839983e-06
4.401237087341548100e-06,-1.532462058775048223e-06
4.566473427458331736e-06,-1.906053649091854529e-06
7.121953387675019358e-06,-2.964619543859298636e-06
8.016975514381981762e-06,-2.113533844092832821e-06
3.564467588806292866e-06,-3.180980056617853980e-07
4.101678326908199302e-06,1.010345432641164068e-06
5.495132457367589024e-06,-2.234655242863546727e-06
4.433814394358076535e-06,-8.160037519993432908e-07
4.819301870138139185e-06,-1.404556011941876769e-06
6.699251613536579370e-06,-1.808826692492422388e-06
7.656429381683690943e-06,-1.122622419189105363e-06
4.474474880822167909e-06,3.323482843835007880e-07
4.440808288165590179e-06,1.181694079942602896e-06
5.722627662631914353e-06,-5.611319483767564118e-07
7.522181316352432772e-06,-1.451482348659807291e-07
7.581702283739816044e-06,8.005482428356137592e-07
5.162764936907052650e-06,9.579444154001748279e-07
4.641621855550496805e-06,1.542879915053604234e-06
4.893764363805451312e-06,2.527137811813822013e-06
6.645690404294086540e-06,9.297729722686886724e-07
5.258894982862342607e-06,3.462310503175272673e-06
7.838992142958462156e-06,1.749077106407788210e-06
5.787253037788341455e-06,2.567212759410467904e-06
7.084711447727100524e-06,2.641285995261650317e-06
5.725967153622630695e-06,4.347209559375758337e-06
8.264877736825119333e-06,2.643150724809785871e-06
7.884428813199192154e-06,3.509825024650546270e-06
7.010974501195296173e-06,4.045633780655301955e-06
6.290368911966523394e-06,5.174065479750468617e-06
6.947341297725120075e-06,5.933140277317625802e-06
8.844758888135236804e-06,3.459382010432613221e-06
8.410094595095210886e-06,4.466057679976282348e-06
7.902412652758915770e-06,5.628921723951017820e-06
7.686924133979002610e-06,6.614628605602971051e-06
9.558673701390485425e-06,4.166451559614562194e-06
9.336454838086656727e-06,5.618556609138725701e-06
8.500937831726355223e-06,7.208109070647414960e-06
9.379472500794483369e-06,7.706782919818845419e-06
1.031063038905124467e-05,8.104627585024803548e-06
1.039149735740974372e-05,5.926351228074536596e-06
1.038677598469066509e-05,4.741671113291421250e-06
1.018285632420668696e-05,7.096153085655910861e-06
1.128320914730949405e-05,8.393882022090419512e-06
1.228596739971596623e-05,8.572419260031150759e-06
1.122776817629916787e-05,6.189903296623115458e-06
1.130544971334350195e-05,5.164851069666145404e-06
1.330373577750443254e-05,8.635974938694103184e-06
1.217160232884784572e-05,7.137856474739047430e-06
1.228704581226023479e-05,5.422005303725981138e-06
1.352831772538582982e-05,7.290520446170362639e-06
1.442956445071881957e-05,8.643524620904137652e-06
1.330194889331093974e-05,5.506210079547105078e-06
1.598505733845275234e-05,8.652091772633600062e-06
1.475408322546164771e-05,6.524546690487898309e-06
1.442877564635794150e-05,5.499663495324082720e-06
1.814109272550013105e-05,8.667005997777107659e-06
1.706980930791766069e-05,6.947479108585242166e-06
1.598496152782092754e-05,5.489352299121474886e-06
2.101690420744021829e-05,8.685151779086194040e-06
1.957364360192563355e-05,7.071936512421022274e-06
1.814079857476431524e-05,5.475520934571094439e-06
2.404526235849771404e-05,8.701838058615841281e-06
2.252592725098506219e-05,7.072291663874830841e-06
2.101671849848693707e-05,5.458796110798689192e-06
2.710239113308111255e-05,8.716424861683712679e-06
2.556924748893519745e-05,7.072556945145116906e-06
2.404517700213761828e-05,5.442978538212468146e-06
3.018427057110679399e-05,8.728526162351627287e-06
2.863951661060930710e-05,7.072707249973741024e-06
2.710229028628612373e-05,5.428806467679457081e-06
3.328627006352034720e-05,8.737763243117966467e-06
3.173236489656857529e-05,7.072696021030640493e-06
3.018428282543554080e-05,5.416870729058509419e-06
3.640321852036742693e-05,8.744016857437654410e-06
3.484274449992003607e-05,7.072460792156719429e-06
3.328640607509624372e-05,5.407409878751116352e-06
3.952928343812913499e-05,8.747182602500199288e-06
3.796523658754640164e-05,7.072261974881220416e-06
3.640325588589032738e-05,5.400754889552428295e-06
4.265868293004965314e-05,8.747792664753807640e-06
4.109382261533017078e-05,7.072049987652761249e-06
3.952928102579547615e-05,5.397206852061553509e-06
4.578766680049361885e-05,8.747142706109896791e-06
4.422342557296961893e-05,7.071842619024510922e-06
4.265873190353390408e-05,5.396082861367983589e-06
5.248522950670083791e-05,8.562058145614257965e-06
5.204120915129417598e-05,8.745985098411728038e-06
4.718879816156624151e-05,7.071632288651066372e-06
4.891497866287179762e-05,8.746273569656329153e-06
4.578776142219207553e-05,5.396284739266312369e-06
5.266914806042747774e-05,8.118027599657084842e-06
5.161854341914398603e-05,7.071486258451127941e-06
4.891501255662423987e-05,5.396835974119707769e-06
5.266915082921358010e-05,6.024939608956959412e-06
5.204122113634687642e-05,5.396995698314081953e-06
5.248523489540793727e-05,5.580917902447145452e-06
