Size 192,2
4.544848522821887468e-05,-4.695675465462165777e-06
4.564779866565955234e-05,-4.214445296149681553e-06
4.564790244084667890e-05,-1.946166924340951065e-06
4.544860229195866644e-05,-1.464952527753456354e-06
4.496729617644523806e-05,-4.895019637225994863e-06
4.406503611921333221e-05,-3.080336744637296850e-06
4.496743272062564656e-05,-1.265617008236323541e-06
4.157934507336539273e-05,-4.895819789822013596e-06
4.157955189288466699e-05,-1.265058496152351128e-06
3.970813975447061000e-05,-3.080526667272689390e-06
3.818855540628737538e-05,-4.897848910375055711e-06
3.818868089509506146e-05,-1.263109996387183708e-06
3.649128107761748680e-05,-3.080748413503739138e-06
3.479251249406780158e-05,-4.899910279755788864e-06
3.479213678686123810e-05,-1.261424365326340917e-06
3.309268320337457842e-05,-3.080908041588797019e-06
3.139374524340464174e-05,-4.898332630739397255e-06
3.139303374876057035e-05,-1.263306481128425383e-06
2.969513463741273613e-05,-3.081038321320768635e-06
2.800234901708235935e-05,-4.888979723633065161e-06
2.800136371860239120e-05,-1.273094324611384876e-06
2.631287379998436285e-05,-3.080991290981537309e-06
2.463750495733378444e-05,-4.867010316690878074e-06
2.463671978405557948e-05,-1.295348139378492796e-06
2.297017006996368511e-05,-3.080998861769866781e-06
2.132667949029307109e-05,-4.829734819363715836e-06
2.132630795269245229e-05,-1.332845854426304346e-06
1.969648844695456042e-05,-3.081086600156873590e-06
1.810083311519748524e-05,-4.774977316298614164e-06
1.810093318374656084e-05,-1.387585501728680936e-06
1.652441226232853648e-05,-3.081074740515036567e-06
1.499364416149994712e-05,-4.701902734206564867e-06
1.499391327137118010e-05,-1.460257064878327127e-06
1.348802780868516277e-05,-3.080901524300047905e-06
1.203892418884694752e-05,-4.610020419171225561e-06
1.203887056492004930e-05,-1.551808037610145728e-06
1.067651441717791786e-05,-3.079860492579916220e-06
9.378847464327299575e-06,-4.501338565456535963e-06
9.378123776357792543e-06,-1.663520293491209296e-06
8.423992056651383718e-06,-3.184589386639003568e-06
7.513406911853252824e-06,-4.399927229925127260e-06
7.510277989659014078e-06,-1.767252468669352704e-06
6.252205879774770746e-06,-4.312129384243982384e-06
6.470658789145455093e-06,-3.510119207017610632e-06
6.247824522174089349e-06,-1.833145623478718965e-06
5.384481966634590185e-06,-1.902969729309439581e-06
-4.815750410512886514e-07,-1.079635481254256094e-07
-4.909586474886444788e-07,-8.539760297371358711e-08
-4.908799801989084749e-07,-1.356090478676708185e-09
-4.815376188925235376e-07,2.088185983705335002e-08
5.377787158410137373e-06,-4.250815563697048659e-06
4.639815769199577006e-06,-4.153305888080697548e-06
5.185896112182059628e-06,-2.787002649469168938e-06
4.617943386946077269e-06,-1.910962629794758165e-06
-4.591001080254143199e-07,-1.173008443962620396e-07
-4.364415414132963733e-07,-2.515348820291901161e-08
-4.592640836239333485e-07,3.015109359194281732e-08
4.389190088284579233e-06,-3.442339431354447342e-06
3.943506689809062617e-06,-3.962897980348308922e-06
3.312326965654425189e-06,-3.720768001339414876e-06
4.168113845968385760e-06,-2.520463215181171369e-06
3.933604814584499120e-06,-1.815248149797458082e-06
-3.068654607997968212e-07,-1.196131070837334335e-07
-3.067329145946604105e-07,3.280492581292818556e-08
-2.280778013795319903e-07,-4.327506342492795373e-08
2.755467512694970645e-06,-3.404398578609333156e-06
3.213413876522348229e-06,-3.043290385331982179e-06
3.424321202239843328e-06,-2.244581708927273438e-06
3.331295241298179500e-06,-1.633044683466314995e-06
-1.427482261749411306e-07,-1.334929509565552274e-07
-1.426310230721132675e-07,4.735156891735495995e-08
-4.540076335102389793e-08,-4.277803136019543470e-08
2.259986809236037028e-06,-3.056631021389883197e-06
1.850588416824374632e-06,-2.684263048035614845e-06
2.712956872916066077e-06,-2.133497461324252247e-06
2.820823634031553807e-06,-1.370470493367674825e-06
6.643501921646427420e-08,-1.640670114786278745e-07
6.670567449501568660e-08,7.933903608522797024e-08
1.956896195031103600e-06,-2.159091534062295672e-06
1.521577637193046063e-06,-2.278466497656911100e-06
2.122885670376780520e-06,-1.619658001576517240e-06
2.406623454712124020e-06,-1.072818634000499288e-06
1.902263107215532334e-07,-4.199030482495024751e-08
3.378131676236043227e-07,-2.086911203023913554e-07
3.376430100265644996e-07,1.262916261031088410e-07
1.247605575509366997e-06,-1.869333750175030963e-06
1.062231475534426445e-06,-1.488006100874397282e-06
9.494256060700719597e-07,-1.105371339388584773e-06
1.795317194028537914e-06,-1.173581875116830490e-06
2.086952120125744209e-06,-7.680688335738448338e-07
4.565644958668737479e-07,-4.208660513677814058e-08
6.025570641733927869e-07,-2.527692237914170750e-07
6.036582360454688879e-07,1.753000269071557989e-07
1.267969620809449132e-06,-1.094095611422888925e-06
8.792798364366242126e-07,-7.514068288873149866e-07
8.241429497862936145e-07,-2.892312564581984029e-07
8.748947755585022691e-07,-3.323043348623122333e-07
8.853688237954594520e-07,-4.295036193842825164e-07
1.577755180813600980e-06,-7.273903801223146869e-07
1.843186493749672029e-06,-4.772727701111666962e-07
7.331238610705868218e-07,-7.392749148250566640e-08
8.692969810670573113e-07,2.143379429385447438e-07
1.104781452904578086e-06,-5.113226664970669234e-07
9.004369831347918430e-07,-1.714784803239471314e-07
9.622023558091911611e-07,-3.012041758019268823e-07
1.442196628251919438e-06,-3.908631141271401358e-07
1.674338966219301175e-06,-2.217068412148309219e-07
9.424532270782803811e-07,7.536871860272581596e-08
9.620435949505802020e-07,2.496969969577800446e-07
1.188509811737689089e-06,-8.473630523508297629e-08
1.594086853491185057e-06,3.149263864842120267e-09
1.531132184177878091e-06,1.867868267032190028e-07
1.107873455651315364e-06,2.158848866737839390e-07
1.024591694294904098e-06,3.093886544866639784e-07
1.115937902210499161e-06,4.424904489516386287e-07
1.374077619424208842e-06,2.318219315916739913e-07
1.219688155320996545e-06,5.186024328107379355e-07
1.501694891516365634e-06,3.557576203264980607e-07
1.254596745012226466e-06,4.635754033368342714e-07
1.402582304863270036e-06,4.713663567652968963e-07
1.303310014202704288e-06,5.689694818686331497e-07
1.475160339746679549e-06,4.715601142750060400e-07
1.434285563335638935e-06,5.410744076748977593e-07
1.400787510406633207e-06,5.646822580503600095e-07
1.377932950388516290e-06,5.681432315740393352e-07
1.414962266601124804e-06,5.325419710080165108e-07
1.428257456376167744e-06,5.514171808978194395e-07
1.424542042742331117e-06,5.671222580340713681e-07
1.430686184803257209e-06,5.374344202274880175e-07
1.436168319433666329e-06,4.644851288597523721e-07
1.362955469150015727e-06,5.925096502168171451e-07
1.369208226779277869e-06,5.270703884114777519e-07
1.417022613107456845e-06,3.895931668953965499e-07
1.350728246606405090e-06,2.974491072822324334e-07
1.254164201560668731e-06,1.916770247245856104e-07
1.258635854465025477e-06,5.008172399387406723e-07
1.265921843571074653e-06,6.018931436383948798e-07
1.286000096595487011e-06,3.575207011718956385e-07
1.112208330789046403e-06,1.048643685625157615e-07
9.310071787634005706e-07,2.553780396750582810e-08
1.140253863452220032e-06,4.751285510487482068e-07
1.124236255817527489e-06,6.119223195440098593e-07
7.262848586516544840e-07,-2.899263428046027125e-08
9.781056670539417250e-07,3.149096563304715736e-07
9.461043338182720259e-07,6.324918544999924015e-07
6.852803330905689412e-07,2.748102174580070763e-07
4.549459145514362714e-07,-7.918616288650808115e-08
7.398620284063607811e-07,6.578394174176152175e-07
3.871178929611295604e-08,-1.290751067429538236e-07
3.885307587451979305e-07,4.617914299706474567e-07
4.571493363479078386e-07,7.088608080722112814e-07
-6.353873964066941918e-07,-2.053583100456358765e-07
-2.799134651312552652e-07,3.565966535800840937e-07
3.680484473743063689e-08,7.750942502099733256e-07
-1.668531214831113740e-06,-2.864914787245027835e-07
-1.128877856301250059e-06,3.209704652229399063e-07
-6.365450490675999053e-07,8.505085532406059051e-07
-2.878864217743885705e-06,-3.532331894929844726e-07
-2.253053032293941141e-06,3.227853448623864703e-07
-1.669178351362394122e-06,9.311280446397568372e-07
-4.201946305451942158e-06,-4.067527848330984612e-07
-3.523538448930531278e-06,3.241559978007266057e-07
-2.879284436279584807e-06,1.000176603540772422e-06
-5.615723390896084425e-06,-4.489939313938648857e-07
-4.895496257651997944e-06,3.255691817580441588e-07
-4.202359200232223407e-06,1.056438819789557798e-06
-7.101476521134098405e-06,-4.819303849627291691e-07
-6.348125635638900193e-06,3.270693682272744645e-07
-5.616218299719401286e-06,1.101648792498304328e-06
-8.643331193711624433e-06,-5.066951711512734241e-07
-7.864477497272015998e-06,3.284505296736771919e-07
-7.101957630039719679e-06,1.137524292469026855e-06
-1.022592287340384759e-05,-5.236980619512715928e-07
-9.429205012830634645e-06,3.296182225400823075e-07
-8.643712420082365997e-06,1.164810316154659316e-06
-1.183466967179469409e-05,-5.339824200368059753e-07
-1.102708479801672887e-05,3.304838844984129128e-07
-1.022616259604412859e-05,1.183854352420730808e-06
-1.345760722775942324e-05,-5.390512319756901231e-07
-1.264464682165626031e-05,3.311494075517139211e-07
-1.183488239907685741e-05,1.195636320889461962e-06
-1.694876730397928011e-05,-4.452558072318000305e-07
-1.671727225076508668e-05,-5.411406075480590286e-07
-1.418691137480465719e-05,3.316246743963988348e-07
-1.508684535586793392e-05,-5.408903574794570104e-07
-1.345779746780689497e-05,1.201854371310101573e-06
-1.704465599266110251e-05,-2.137675688566349724e-07
-1.649678755721618127e-05,3.318789902554729920e-07
-1.508688949296303572e-05,1.204433032492432377e-06
-1.704464395363962330e-05,8.775209450646770261e-07
-1.671727476767803088e-05,1.204870392561625045e-06
-1.694875876116037219e-05,1.108993415396903578e-06
