Size 192,2
-1.197985746221633256e-05,2.996264384493531356e-06
-1.200139367270405877e-05,2.944271692962728049e-06
-1.200143506545287254e-05,2.699107511659235106e-06
-1.197990616838558442e-05,2.647139890358031189e-06
-1.192786385188705443e-05,3.017800104726032270e-06
-1.183032783287939914e-05,2.821736087807289904e-06
-1.192792956130407440e-05,2.625618637612026681e-06
-1.156176364196426879e-05,3.017808270960943069e-06
-1.156181407855917179e-05,2.625950255104152446e-06
-1.135945718452895423e-05,2.821969608600214446e-06
-1.119554630093174855e-05,3.017192998396481197e-06
-1.119585917642862320e-05,2.627195501460218099e-06
-1.101344666112352286e-05,2.822283618539711751e-06
-1.083268661574056588e-05,3.014871086543837999e-06
-1.083342138515073235e-05,2.630202915275690927e-06
-1.065348084449327738e-05,2.822809341750349008e-06
-1.047707708511872079e-05,3.011189187964331680e-06
-1.047768095398510219e-05,2.634830813382061861e-06
-1.030228935691945634e-05,2.823450140394554007e-06
-1.013089467596809780e-05,3.007907670658842248e-06
-1.013101891353792814e-05,2.639217860864705506e-06
-9.960129161095264048e-06,2.824089837981092927e-06
-9.790776542425801937e-06,3.008281446252622805e-06
-9.790499255767625360e-06,2.640199707056195170e-06
-9.620397983435023656e-06,2.824662065519910268e-06
-9.447207735418342530e-06,3.015091722018378055e-06
-9.446751642497146974e-06,2.634767580760867552e-06
-9.270603824853706844e-06,2.825282659059215824e-06
-9.085009026465579887e-06,3.031439375906439287e-06
-9.084610687221025341e-06,2.620042888399792399e-06
-8.892842045313789875e-06,2.826103465317373191e-06
-8.684281645382021419e-06,3.059476255462911597e-06
-8.684080063997547943e-06,2.593772334662125934e-06
-8.465424325238662037e-06,2.826996671768311495e-06
-8.221971241229617482e-06,3.100501014257759619e-06
-8.222156141166086073e-06,2.554292086835117451e-06
-7.975202086743002526e-06,2.828122729700167011e-06
-7.696504804451598984e-06,3.154019586489526495e-06
-7.697279419093756348e-06,2.499944448733028526e-06
-7.478752361197778552e-06,2.857256570003430433e-06
-7.222828317932422155e-06,3.206169836916410620e-06
-7.224589084005631963e-06,2.446892703995680162e-06
-6.827842106498977093e-06,3.251827160117053803e-06
-6.920003761140082531e-06,2.968005262538930249e-06
-6.830041246073714471e-06,2.412676630629660503e-06
-6.514703295269206822e-06,2.376315364740495953e-06
1.367446525945298431e-06,-4.162326688415868487e-07
1.395724309992333211e-06,-4.840125929456707645e-07
1.395643477544466302e-06,-7.375370497563336794e-07
1.367458550747543235e-06,-8.048461352392756566e-07
-6.518361734269062161e-06,3.283723696635094278e-06
-6.207418224740728721e-06,3.294851397132634538e-06
-6.463861278630916299e-06,2.715051280137225201e-06
-6.220314862364806390e-06,2.311464665080992292e-06
1.299881005932755709e-06,-3.883452650006191110e-07
1.231221493129853009e-06,-6.664558988309261885e-07
1.300123982374320393e-06,-8.331637805100967185e-07
-6.117813937260360301e-06,3.007986232780540299e-06
-5.883826443621313695e-06,3.275650183768172547e-06
-5.544161038981668532e-06,3.206191105265678796e-06
-6.024202377251964672e-06,2.577288253645795211e-06
-5.904221981471315553e-06,2.181095761954684844e-06
8.403039136505411363e-07,-3.832045494403456694e-07
8.394240741005786411e-07,-8.424635413854967331e-07
6.021406908771104839e-07,-6.137362584173508879e-07
-5.192424991018313021e-06,3.100734635454686205e-06
-5.508532731946057988e-06,2.868062005579034940e-06
-5.630914731107955961e-06,2.407583270142039080e-06
-5.586992117688969114e-06,1.981793708507339983e-06
3.460284285126963878e-07,-3.451407861277753680e-07
3.456487760040238119e-07,-8.838010562207389354e-07
5.618595795551724835e-08,-6.151618598876200970e-07
-4.843586474896014689e-06,2.940485567724076270e-06
-4.492691073912243796e-06,2.726300174854719821e-06
-5.185130453743197671e-06,2.325470290481076198e-06
-5.282487046036269581e-06,1.719197494840806412e-06
-2.736373257486057516e-07,-2.604472683674526554e-07
-2.740338451368655928e-07,-9.711821511763633364e-07
-4.579805589597324689e-06,2.359819354809743543e-06
-4.150175448265302122e-06,2.468126882663185324e-06
-4.734100964033513517e-06,1.907408038471034898e-06
-5.005438063105291358e-06,1.381846101565646372e-06
-6.347902918628021384e-07,-6.162964967280066345e-07
-1.060750805953080864e-06,-1.375235531196163261e-07
-1.060589324191157634e-06,-1.096750551363071260e-06
-3.835670522110940963e-06,2.156329499698146547e-06
-3.537605242329353492e-06,1.781621174009892880e-06
-3.268675491379324084e-06,1.365702662225393590e-06
-4.411296142419916791e-06,1.469989298784719530e-06
-4.771619371467544660e-06,9.710762609858656407e-07
-1.402570799110318397e-06,-6.162105280173767682e-07
-1.818470324074455640e-06,-1.683206383503731133e-08
-1.818252470308987434e-06,-1.222897676162507306e-06
-3.761089432775725130e-06,1.374989490344152195e-06
-3.050025152521316795e-06,8.989566984801132404e-07
-2.520163707343056162e-06,8.634036199291268389e-08
-2.736723760483281628e-06,1.858412746812752609e-07
-2.867649728331811021e-06,3.817124708670288090e-07
-4.176017143186509403e-06,9.069202967387273830e-07
-4.603378872040247891e-06,4.976085864454965811e-07
-2.193131427234743733e-06,-5.304714759545127612e-07
-2.482180786468483866e-06,-1.310598759395779157e-06
-3.386404201518552493e-06,5.591008681125437283e-07
-2.731204197800450876e-06,-2.260356259556085052e-07
-2.985849420892203500e-06,1.148650530775406752e-07
-3.988013782217672216e-06,3.471909148830428664e-07
-4.514516737760089016e-06,-2.703011517788888800e-08
-2.710846426698958893e-06,-9.021882992075868422e-07
-2.655577561597601921e-06,-1.413683920880270542e-06
-3.473350471251478654e-06,-3.345281207953245254e-07
-4.504700293315395624e-06,-5.822276941224600985e-07
-4.640126516768089365e-06,-1.165442595743590454e-06
-3.092363797036938360e-06,-1.263323960140432482e-06
-2.748216044567637830e-06,-1.650326971600840709e-06
-2.848267624164034479e-06,-2.333410269979371526e-06
-4.032165200511094690e-06,-1.218613039089913014e-06
-3.030863555468593980e-06,-3.046369373751018305e-06
-4.902209394497783720e-06,-1.770984586335618230e-06
-3.443568412750763974e-06,-2.341204683873477601e-06
-4.376511577568719423e-06,-2.396426077012393451e-06
-3.328267591180536000e-06,-3.748977304710813808e-06
-5.305040691820443247e-06,-2.398476897539807256e-06
-5.027977874922525572e-06,-3.060710722572258332e-06
-4.315476065907474162e-06,-3.493925005382817056e-06
-3.721332034793383367e-06,-4.465810407842486748e-06
-4.242556632930894356e-06,-5.168108229939223809e-06
-5.865837046811135419e-06,-3.004642980210450048e-06
-5.494826227891850150e-06,-3.855966172889692612e-06
-5.048440797472159346e-06,-4.899174031271307154e-06
-4.855244247182751387e-06,-5.843521009168780968e-06
-6.565077317509256355e-06,-3.565692547001176293e-06
-6.365335336689480719e-06,-4.904284335407537437e-06
-5.583342132464714804e-06,-6.451270194009838763e-06
-6.426101882933427795e-06,-6.998429104427764661e-06
-7.352274989683703512e-06,-7.475389134153774815e-06
-7.415981624962813099e-06,-5.204219740373710202e-06
-7.402590452698480051e-06,-4.052523745215634902e-06
-7.201749599386670586e-06,-6.395381752613498003e-06
-8.371109063903284131e-06,-7.834702531835414726e-06
-9.464622070485710498e-06,-8.088780145855756364e-06
-8.287241204416337875e-06,-5.465072248093834848e-06
-8.374116837588442246e-06,-4.407044268804181946e-06
-1.060055709966203260e-05,-8.212501885063009611e-06
-9.306590323235483330e-06,-6.486387814917334466e-06
-9.445801895957124403e-06,-4.605075624741135037e-06
-1.084568021674888427e-05,-6.669738123284992892e-06
-1.191296633217606550e-05,-8.282496509508103559e-06
-1.058135189196664851e-05,-4.647614378397873018e-06
-1.377754720725676835e-05,-8.353411743101595108e-06
-1.227616903445993084e-05,-5.775074846203717783e-06
-1.190877180400505680e-05,-4.579859306149399202e-06
-1.648230835195393788e-05,-8.463202998714331468e-06
-1.511261607021878608e-05,-6.274775082700834713e-06
-1.377916146293060408e-05,-4.490629587666231761e-06
-2.025558119107927015e-05,-8.582701161813734687e-06
-1.833530914309251659e-05,-6.429629695539459258e-06
-1.648270967897434150e-05,-4.387916796188369431e-06
-2.438101518156702495e-05,-8.684147668130903980e-06
-2.228733909983246112e-05,-6.431018054293793781e-06
-2.025510409562189453e-05,-4.276737032363811384e-06
-2.867409657349440021e-05,-8.768148431555583297e-06
-2.650149423641190717e-05,-6.433111983081238326e-06
-2.438028304530544217e-05,-4.179840438423205327e-06
-3.310406199576471645e-05,-8.835303972532574017e-06
-3.086842341231548647e-05,-6.435197011935766513e-06
-2.867344447539996500e-05,-4.100024527036274457e-06
-3.764000243959454565e-05,-8.886175026599663304e-06
-3.535657200059113718e-05,-6.437004460741181815e-06
-3.310367320091743380e-05,-4.036854521579051981e-06
-4.225309059520604356e-05,-8.922236838857170983e-06
-3.993574762591595834e-05,-6.438492554016643507e-06
-3.763981015027564463e-05,-3.989346805709337924e-06
-4.691777627941796924e-05,-8.945534220221770366e-06
-4.457855455311820109e-05,-6.439663308772567564e-06
-4.225293722701577810e-05,-3.956022719838590405e-06
-5.161283266882756498e-05,-8.958623944548979535e-06
-4.926163837689282582e-05,-6.440491941781564807e-06
-4.691770017042369957e-05,-3.934678808592867149e-06
-5.632201740263688818e-05,-8.964810103023567031e-06
-5.396590111567462129e-05,-6.441347445687131451e-06
-5.161263328532162331e-05,-3.923210785975820527e-06
-6.642007741822358326e-05,-8.690169126177509578e-06
-6.575055858701514251e-05,-8.967489204946396181e-06
-5.843330289457044935e-05,-6.441973880052600341e-06
-6.103621865449009270e-05,-8.967121169211715999e-06
-5.632193815363467084e-05,-3.918469600372889837e-06
-6.669740406030221392e-05,-8.020657248959393621e-06
-6.511312422734486687e-05,-6.442548558220164092e-06
-6.103616591997613929e-05,-3.917471767682832166e-06
-6.669749512301518038e-05,-4.864401272889527661e-06
-6.575061962562184735e-05,-3.917505989622162422e-06
-6.642016420248861958e-05,-4.194846452101841735e-06
