Size 192,2
7.452901149846063512e-05,-1.290098380474776400e-05
7.477438281208251551e-05,-1.230856528665906686e-05
7.477480456504822387e-05,-9.516381068740400388e-06
7.452949255164697476e-05,-8.924021804311539909e-06
7.393664361695391344e-05,-1.314638785560663793e-05
7.282631332325333940e-05,-1.091256991340021624e-05
7.393721310845612776e-05,-8.678645423561886433e-06
6.976656410492078396e-05,-1.314757852570693035e-05
6.976733232446303082e-05,-8.677802936588172703e-06
6.746365457253705700e-05,-1.091269060774749393e-05
6.559244865374252607e-05,-1.315163263968112876e-05
6.559329606433172207e-05,-8.673917226863585341e-06
6.350254986068799043e-05,-1.091305087239533849e-05
6.140794642649440211e-05,-1.315907936753485487e-05
6.140839867272637482e-05,-8.667475729582308012e-06
5.931084006612603681e-05,-1.091330618116700234e-05
5.720717293290272847e-05,-1.316920351581993996e-05
5.720809574087888026e-05,-8.658171679410228043e-06
5.510069631118894918e-05,-1.091381584387110858e-05
5.298613815949349324e-05,-1.318094534210073321e-05
5.298735530733123818e-05,-8.647284868172537165e-06
5.086874409790929398e-05,-1.091428690772263080e-05
4.874304285877993788e-05,-1.319268968555560923e-05
4.874422382237301570e-05,-8.636159198885031703e-06
4.661489957689231111e-05,-1.091483927005110110e-05
4.447890760933595049e-05,-1.320382748698015061e-05
4.447953523658807493e-05,-8.625766957075820413e-06
4.234064130450233192e-05,-1.091525546255778467e-05
4.019589514725245506e-05,-1.321327348344115321e-05
4.019601225737607595e-05,-8.617115360605564892e-06
3.804916363961138393e-05,-1.091557820484017057e-05
3.589763812569610874e-05,-1.322064962031313463e-05
3.589744817146892244e-05,-8.610665476274938541e-06
3.374444977067790326e-05,-1.091586730387401988e-05
3.158850815138594258e-05,-1.322575624626137781e-05
3.158811144061645618e-05,-8.606269716309150852e-06
2.951855587561695072e-05,-1.091610255664572364e-05
2.744730858659583453e-05,-1.322904055689798202e-05
2.744685003306767800e-05,-8.603383493291261405e-06
2.589362039742174355e-05,-1.109702575189671285e-05
2.430613017293933653e-05,-1.323100728165044389e-05
2.430593625947714468e-05,-8.601375099855030547e-06
2.201828202776322908e-05,-1.323258549076798766e-05
2.246664024727149456e-05,-1.170636511894752340e-05
2.201828312462160523e-05,-8.600178486949096540e-06
2.035434910376885775e-05,-8.598928581436671081e-06
-3.552897794703187002e-06,-3.804648380981306534e-07
-3.623816956437225731e-06,-2.099204562427202849e-07
-3.623441393266270336e-06,4.254809401811808677e-07
-3.552874675786271503e-06,5.937284194614503072e-07
2.035432566934733002e-05,-1.323364344471409733e-05
1.884104825613037217e-05,-1.314836325862694805e-05
2.001915984879345530e-05,-1.033747777450569113e-05
1.884542563553775067e-05,-8.465538541293554973e-06
-3.383099887453565781e-06,-4.509720395965546696e-07
-3.211925861839850753e-06,2.458998385212382872e-07
-3.384493767608947550e-06,6.640048898605544155e-07
1.836233420122309346e-05,-1.171839536246479262e-05
1.734686894881661462e-05,-1.289198212859457727e-05
1.589091069739282839e-05,-1.246732338883905112e-05
1.790840697409540346e-05,-9.735306744080064620e-06
1.738123531355100870e-05,-8.071630969203193824e-06
-2.232041584831854166e-06,-4.691292779866466786e-07
-2.231021038548888132e-06,6.846018317589991724e-07
-1.634648556439796175e-06,1.081281755685022959e-07
1.449169063761596862e-05,-1.188025581017617438e-05
1.570152346782902760e-05,-1.096266456452515776e-05
1.620778168985335184e-05,-9.052478577957601922e-06
1.600674892995395426e-05,-7.428944595365655886e-06
-9.879105827078357385e-07,-5.747433119893471516e-07
-9.879061947897245189e-07,7.913199723442159510e-07
-2.525083154909658178e-07,1.084918966512493246e-07
1.316773692704713141e-05,-1.113759364286980152e-05
1.193595479635585683e-05,-1.024895952286883130e-05
1.442811658213637335e-05,-8.747639274057402429e-06
1.476389854750839947e-05,-6.556988022227716369e-06
5.907101287628560980e-07,-8.040014917259842712e-07
5.909399667811486653e-07,1.021588282764089303e-06
1.224719832860400236e-05,-8.853219200974655803e-06
1.081228199719759715e-05,-9.226119512774626992e-06
1.277385422671398141e-05,-7.251906231470841287e-06
1.369062968645407081e-05,-5.481480141777967378e-06
1.518945761440624482e-06,1.088939915048254850e-07
2.621236098149968314e-06,-1.134774384085472358e-06
2.619888253772469224e-06,1.355425119119098481e-06
9.811847563988952971e-06,-8.082145268735947514e-06
8.945707912583431709e-06,-6.830425979943713470e-06
8.222420144877618940e-06,-5.485255568909378378e-06
1.169639968170186966e-05,-5.790018746999506996e-06
1.281984465322194862e-05,-4.235171471450481001e-06
3.506922240553434849e-06,1.062323698472860742e-07
4.592656471342192260e-06,-1.460662253616070169e-06
4.592338662162363421e-06,1.694601707657764274e-06
9.669509029102660346e-06,-5.493283155966995235e-06
7.657136573844052586e-06,-4.059363269693565084e-06
6.403557649493886260e-06,-1.738559221174926867e-06
6.946003932336113198e-06,-2.010013854451330800e-06
7.253008322763544472e-06,-2.554328545677356941e-06
1.093563807549492994e-05,-4.049682826650552343e-06
1.218104503951705214e-05,-2.864277223969946647e-06
5.569607529509035989e-06,-1.219455150970738798e-07
6.361163636359053018e-06,1.935919387368089271e-06
8.654522681341745931e-06,-3.039919236668620923e-06
6.958895926280459625e-06,-9.125705930563414607e-07
7.600494589219904229e-06,-1.818463927633762277e-06
1.036924538903845866e-05,-2.436169433623779670e-06
1.180422092596549896e-05,-1.415950617874571032e-06
6.954064976233818415e-06,8.701479244964222203e-07
6.846028409233866860e-06,2.206480974555023614e-06
8.940276407383197121e-06,-5.807601561765350108e-07
1.170138409835409875e-05,6.889902442168805519e-08
1.195256894348617851e-05,1.577254756617089243e-06
7.987870330167091593e-06,1.830018707126759373e-06
7.117613798122208768e-06,2.806568166398828304e-06
7.431399471620900561e-06,4.502223692265468421e-06
1.040437603277020468e-05,1.741417213110670612e-06
7.945751987020812252e-06,6.219617836049502758e-06
1.253206415108696903e-05,3.123723989766510541e-06
8.933242688340443005e-06,4.538193818854453208e-06
1.122671535727154111e-05,4.670311483126976415e-06
8.706904182800217167e-06,7.890316079145711755e-06
1.344480634582940031e-05,4.673351321768612873e-06
1.276720453915047368e-05,6.266854808545259303e-06
1.108247885117360091e-05,7.293354655947935604e-06
9.682686713628430722e-06,9.553767684542752449e-06
1.092509508547150732e-05,1.115543947472359801e-05
1.471118975326444565e-05,6.143292303738671007e-06
1.384544342520984893e-05,8.133225165521297138e-06
1.281201783955013469e-05,1.053354996970150626e-05
1.236749128698740887e-05,1.266997865250079117e-05
1.628692591712090862e-05,7.477176476494784944e-06
1.582792234475495396e-05,1.053528906886703680e-05
1.404649097614618389e-05,1.402195444468767395e-05
1.595582603896930426e-05,1.521951320384010450e-05
1.803413468934021396e-05,1.624102268525879825e-05
1.818615619712948494e-05,1.121032105782044172e-05
1.815991505938625218e-05,8.614197008374158794e-06
1.770975163262455141e-05,1.386450739478570556e-05
2.029200122780645940e-05,1.700318797706165046e-05
2.268936142292194116e-05,1.752412368626383066e-05
2.012029987537855422e-05,1.179520718770242587e-05
2.030897341708788422e-05,9.445642403168666716e-06
2.516569901433172892e-05,1.776094178519515123e-05
2.236252883302893599e-05,1.403729120386319413e-05
2.265983486851283116e-05,9.923585812716942178e-06
2.570419361319061112e-05,1.442721880542092121e-05
2.799248260769547438e-05,1.787235560936709517e-05
2.513456490345276806e-05,1.004444328882967410e-05
3.197556197383608263e-05,1.798248719285039515e-05
2.878539412287518429e-05,1.250322280779643060e-05
2.798679413931697189e-05,9.932722849063923014e-06
3.766921002009463267e-05,1.814756494368188704e-05
3.480488565453460157e-05,1.357056926275479765e-05
3.197888941064198920e-05,9.789381880617393155e-06
4.548406582763807272e-05,1.831856437913889212e-05
4.152849443092271710e-05,1.389353040010412597e-05
3.767064288410643385e-05,9.630091001327827367e-06
5.389996354461396304e-05,1.845550181863842671e-05
4.965022442963097415e-05,1.389199336508660881e-05
4.548458228299674915e-05,9.464987290931232538e-06
6.254000960184422976e-05,1.856420081073208405e-05
5.818629107693795173e-05,1.389171922674091792e-05
5.390006319887830256e-05,9.328060660125210649e-06
7.135844378595887190e-05,1.864959875533594508e-05
6.692274059302532187e-05,1.389162136322171744e-05
6.254009515910160773e-05,9.219200628641508789e-06
8.031562863192725371e-05,1.871567224107945572e-05
7.581654379446379816e-05,1.389171531764388130e-05
7.135834401287996726e-05,9.133794187672848979e-06
8.937851652101872955e-05,1.876574169302371026e-05
8.483161161242867279e-05,1.389200926046856874e-05
8.031540371513438113e-05,9.067999599799150351e-06
9.851992982704127337e-05,1.880264347197691530e-05
9.393788649508906595e-05,1.389239619369681782e-05
8.937831555825857051e-05,9.018573544274581077e-06
1.077178621868414923e-04,1.882862112689627797e-05
1.031109453764897724e-04,1.389273548146361612e-05
9.851979230649440269e-05,8.982415768465066181e-06
1.169544885002388819e-04,1.884560742642824469e-05
1.123310503190108047e-04,1.389295084205819624e-05
1.077178622685394057e-04,8.957070990765262272e-06
1.367973765429569691e-04,1.831113561311995450e-05
1.354813222614125281e-04,1.885620761892991542e-05
1.210997179689639992e-04,1.389310358161047293e-05
1.262138073337288604e-04,1.885428412221700460e-05
1.169544207077468707e-04,8.940473684083687737e-06
1.373425108246605260e-04,1.699516582721175332e-05
1.342279274671454026e-04,1.389314903013269724e-05
1.262137837864156184e-04,8.931999996660037482e-06
1.373424819972020663e-04,1.079114084438349273e-05
1.354812935433948994e-04,8.930104796224164185e-06
1.367973464611435726e-04,9.475175217070273798e-06
