Size 192,2
-3.250177591921638286e-05,5.319966807695677764e-06
-3.260145763678119432e-05,5.079210134168160737e-06
-3.260146391561688137e-05,3.944608654691458138e-06
-3.250178758005836617e-05,3.703879478366762840e-06
-3.226109903386980410e-05,5.419707746976545879e-06
-3.181003197757308450e-05,4.511926392810323358e-06
-3.226112749419144147e-05,3.604152588751032464e-06
-3.056707898716453368e-05,5.420896834852826023e-06
-3.056713050466474687e-05,3.603153353186219513e-06
-2.963035225927393112e-05,4.512034531159280485e-06
-2.886783197699646812e-05,5.425743853728070702e-06
-2.886812332512199775e-05,3.598817669806643659e-06
-2.801495860954990688e-05,4.512119946238437766e-06
-2.715659830754335984e-05,5.433690345926345070e-06
-2.715771562750919055e-05,3.591424180729336108e-06
-2.629629556896556010e-05,4.512453473958920589e-06
-2.542858497455228567e-05,5.443678146719558085e-06
-2.543022064032728630e-05,3.581979609238729680e-06
-2.455915514238347423e-05,4.512940589839155735e-06
-2.368101074385994982e-05,5.455614474138459927e-06
-2.368256999235908230e-05,3.570607078685568784e-06
-2.280058149786314857e-05,4.513457235108346578e-06
-2.191054459117834806e-05,5.469159665287880017e-06
-2.191155768504202058e-05,3.557683029827485122e-06
-2.101707812491018578e-05,4.513880113832066150e-06
-2.011391694227061228e-05,5.483792863137569971e-06
-2.011425675837996279e-05,3.543697349018607269e-06
-1.920624010388479147e-05,4.514053972906570907e-06
-1.828905074170616616e-05,5.499053453982042405e-06
-1.828906867086454451e-05,3.528789410945879905e-06
-1.736709565073944644e-05,4.514053184606104710e-06
-1.643609028113948755e-05,5.513991392780105662e-06
-1.643590068207303307e-05,3.513851798681300991e-06
-1.550021817348943090e-05,4.513971320331566432e-06
-1.455509944738613775e-05,5.529095464561125223e-06
-1.455488187021233915e-05,3.498719397058763772e-06
-1.364362009528726853e-05,4.514021068285046155e-06
-1.272324160154469219e-05,5.544083997753478441e-06
-1.272318618582490905e-05,3.483537834169277419e-06
-1.203067984468302959e-05,4.595251329814747248e-06
-1.131602678792465465e-05,5.555863885688036180e-06
-1.131636057862330330e-05,3.471576517359556360e-06
-1.028154598358800708e-05,5.564401426923836305e-06
-1.048671774640642981e-05,4.871475761683018912e-06
-1.028180753380183154e-05,3.464949009493064092e-06
-9.524664998302366121e-06,3.458603173153428354e-06
1.673837800317302008e-06,-4.037252548707260654e-07
1.707412031253959823e-06,-4.842485768457269096e-07
1.707336067328448051e-06,-7.851798149395671219e-07
1.673886390106901431e-06,-8.650467508245059439e-07
-9.525349347531073200e-06,5.569700565532863818e-06
-8.833360768312591561e-06,5.534825264695287938e-06
-9.374115515827548877e-06,4.250238163514024519e-06
-8.836800157605960036e-06,3.392175180980047683e-06
1.593610430588610195e-06,-3.705717159461698320e-07
1.512350052299645095e-06,-7.007280811055755918e-07
1.593995779976372490e-06,-8.986375086222875431e-07
-8.615658401851261045e-06,4.882323059442668457e-06
-8.147986170148606189e-06,5.422184711376889494e-06
-7.476768252600285222e-06,5.230224621658530608e-06
-8.407729126955586969e-06,3.973094971790382315e-06
-8.164790379238967571e-06,3.205500195289947448e-06
1.048616311139489374e-06,-3.638781068083627814e-07
1.047463952366855078e-06,-9.102953640256709313e-07
7.653163532410818082e-07,-6.384522457067549677e-07
-6.828988240432871822e-06,4.963471534096607781e-06
-7.390406415097320360e-06,4.538653049736306785e-06
-7.623925886291918109e-06,3.656964171806358889e-06
-7.531270565512614232e-06,2.903370192005447156e-06
4.594896564844221824e-07,-3.166822588126623480e-07
4.587650201209023713e-07,-9.628956655292975191e-07
1.113380465974689786e-07,-6.411857061136945067e-07
-6.214106629067712393e-06,4.622526169632647804e-06
-5.639145183925692699e-06,4.211860816466127755e-06
-6.799916999817977432e-06,3.514861206254037989e-06
-6.956265152972507758e-06,2.494847643633911361e-06
-2.865614400493142868e-07,-2.117736901386188623e-07
-2.874063501902623391e-07,-1.073474526917939872e-06
-5.784017766916345107e-06,3.563969247850341066e-06
-5.112783471111157257e-06,3.737908752962432945e-06
-6.029710175438670964e-06,2.817608841946063083e-06
-6.457919424388284755e-06,1.990005447294337561e-06
-7.248068568518157389e-07,-6.438305368151552866e-07
-1.244368522909090873e-06,-5.810179877133651273e-08
-1.244454129499664364e-06,-1.233192368585473786e-06
-4.643306160337202525e-06,3.205266354451431467e-06
-4.234833596870715980e-06,2.619575892476264692e-06
-3.892572391891198217e-06,1.989229795742619331e-06
-5.525246856883025691e-06,2.133484055326442537e-06
-6.052266068901468156e-06,1.403489464511999114e-06
-1.662498228638154300e-06,-6.445818239714460607e-07
-2.174515266745441720e-06,9.431444451946171132e-08
-2.175009370574914544e-06,-1.395399106895301068e-06
-4.573748257402017051e-06,1.993615347499869443e-06
-3.624617702326167866e-06,1.318799813208785403e-06
-3.029662170555643630e-06,2.247099773464341207e-07
-3.286179591563179244e-06,3.527092540796365887e-07
-3.431828942456669839e-06,6.096445739715010145e-07
-5.168107977677592629e-06,1.315513400045830257e-06
-5.754171466589267632e-06,7.569439845158517468e-07
-2.635826349384507645e-06,-5.384093733970652398e-07
-3.009578416091687086e-06,-1.511104542633220428e-06
-4.093730411216103270e-06,8.391798460724844191e-07
-3.291966638247730763e-06,-1.655186157848265244e-07
-3.595305302727517104e-06,2.622033514592251971e-07
-4.901296261867065989e-06,5.546003618402205680e-07
-5.578074267982439574e-06,7.259535154555508669e-08
-3.289328594629893261e-06,-1.007858034058967617e-06
-3.238419404480858346e-06,-1.639684893555682932e-06
-4.226900558882900389e-06,-3.223949221114075744e-07
-5.529770354870733575e-06,-6.299554678231134037e-07
-5.647437678021305432e-06,-1.343909528991589287e-06
-3.777507686824556900e-06,-1.462438419214867583e-06
-3.366798338571403137e-06,-1.924079588399766512e-06
-3.515582392427207347e-06,-2.725930834282393439e-06
-4.917050301175267985e-06,-1.421794376233186920e-06
-3.759691695117601869e-06,-3.534790505876336252e-06
-5.918574180721189587e-06,-2.076465401588875626e-06
-4.224088062041775697e-06,-2.743693227791706640e-06
-5.303263136223937521e-06,-2.807066843527764509e-06
-4.119569270754470068e-06,-4.320897014865350002e-06
-6.344539954071490294e-06,-2.809304232195367344e-06
-6.025247916754235507e-06,-3.559766485475918240e-06
-5.235727306689549472e-06,-4.041392505951374053e-06
-4.579494376981029198e-06,-5.100017644249943680e-06
-5.162145786747841106e-06,-5.848052846841072601e-06
-6.933675414762985429e-06,-3.503084150932803363e-06
-6.528371085050118169e-06,-4.435673567062414558e-06
-6.045240196410953985e-06,-5.557567186690008422e-06
-5.837393248517634829e-06,-6.553260009025088790e-06
-7.665716309920833142e-06,-4.130651173525228951e-06
-7.450861302102354311e-06,-5.558283969727439072e-06
-6.620623638071551589e-06,-7.182065282078865836e-06
-7.508630890471382751e-06,-7.737756594793635716e-06
-8.474520481062150192e-06,-8.211416905278698061e-06
-8.546006654223219226e-06,-5.873064161468064109e-06
-8.534734249032930776e-06,-4.663809204455888447e-06
-8.324469935532984025e-06,-7.107483788193294809e-06
-9.521829852610229128e-06,-8.565269186645152596e-06
-1.063411637249687975e-05,-8.808141419755217120e-06
-9.442881847670270458e-06,-6.145576382466448506e-06
-9.530735432663507023e-06,-5.053258244539355121e-06
-1.178260069367152130e-05,-8.919815083069628967e-06
-1.048215362919729898e-05,-7.187945605695725313e-06
-1.062029984607080715e-05,-5.276643726105251490e-06
-1.203184390313672833e-05,-7.370074129460031668e-06
-1.309530641197022147e-05,-8.975078624101263014e-06
-1.176761104601145553e-05,-5.332860311018701567e-06
-1.494797562914752124e-05,-9.031568275212186270e-06
-1.346219087655425853e-05,-6.475401947703060478e-06
-1.309186240308050800e-05,-5.279781794150087954e-06
-1.760784020318406835e-05,-9.120168329931247649e-06
-1.626635383364347266e-05,-6.973852241246646807e-06
-1.494904433526158234e-05,-5.209028263916403408e-06
-2.128484461119297788e-05,-9.218911272022278837e-06
-1.941846345847649403e-05,-7.126550740968742387e-06
-1.760808756483947510e-05,-5.126169749648218643e-06
-2.527952891953960185e-05,-9.305246842642442891e-06
-2.325577598447075496e-05,-7.127737475194705827e-06
-2.128450898997538257e-05,-5.034408216208041219e-06
-2.941940378297952952e-05,-9.378722373293314209e-06
-2.732657544883891509e-05,-7.129540430259745624e-06
-2.527889025900447980e-05,-4.951947914443371699e-06
-3.368064714659226450e-05,-9.437873834209623334e-06
-3.153165128878799678e-05,-7.131395073588151138e-06
-2.941877320009666981e-05,-4.882266135223936359e-06
-3.803562924023862007e-05,-9.482427795726357193e-06
-3.584449684115119909e-05,-7.133014444762833239e-06
-3.368015823731407629e-05,-4.826561589759571696e-06
-4.245656735231777664e-05,-9.512702663037475722e-06
-4.023699676525197401e-05,-7.134553195322064791e-06
-3.803517065453279996e-05,-4.785178169357809005e-06
-4.691809181814979052e-05,-9.530886646739799989e-06
-4.468208301189660874e-05,-7.136114380737546554e-06
-4.245602589220275774e-05,-4.757950595217499055e-06
-5.140021912264247124e-05,-9.540021139985051731e-06
-4.915679048735908431e-05,-7.137534486020186287e-06
-4.691763891581134848e-05,-4.742785366345814117e-06
-5.588921575252906240e-05,-9.543286546412804760e-06
-5.364410821223219457e-05,-7.138698739017359646e-06
-5.139983775204023844e-05,-4.736240269521642628e-06
-6.550356053228810591e-05,-9.279960487263114277e-06
-6.486618628098698579e-05,-9.543970241942157669e-06
-5.790020486100773319e-05,-7.139526409459270135e-06
-6.037855188384144586e-05,-9.543811235857042541e-06
-5.588894849922786053e-05,-4.735032777781867504e-06
-6.576756852370209687e-05,-8.642581441710145616e-06
-6.425937463063483230e-05,-7.140199417062295622e-06
-6.037837959411592977e-05,-4.735917230439701450e-06
-6.576754960090181270e-05,-5.637848160306345392e-06
-6.486611615534674646e-05,-4.736387619125715109e-06
-6.550352684098302970e-05,-5.000422136448935354e-06
