Size 192,2
-1.270171063284132173e-04,1.798957373555476233e-05
-1.275213967492472126e-04,1.677221357415688280e-05
-1.275211598424943170e-04,1.103314050466815298e-05
-1.270168352066495057e-04,9.815744612867797472e-06
-1.257996567852628738e-04,1.849380046332515769e-05
-1.235157033176621788e-04,1.390262894132372789e-05
-1.257993340821091511e-04,9.311500968832883934e-06
-1.172270200396329247e-04,1.849229740812535398e-05
-1.172264915193263035e-04,9.312740328585890541e-06
-1.124955207975734690e-04,1.390245213173880372e-05
-1.086598521458535864e-04,1.848601847535499650e-05
-1.086590606483743749e-04,9.318538748870913526e-06
-1.043798017598272283e-04,1.390194600044179782e-05
-1.001079125006972996e-04,1.847245032954576734e-05
-1.001071878107983622e-04,9.331047641759460353e-06
-9.584039279902540633e-05,1.390135441391224275e-05
-9.158768499656928916e-05,1.844807063729681022e-05
-9.158675894090992776e-05,9.353999757635176880e-06
-8.734321829209790590e-05,1.390054066900601666e-05
-8.312281922011827758e-05,1.840888301829972268e-05
-8.312192951944401926e-05,9.391265677342769763e-06
-7.891585976804267523e-05,1.389947960982507246e-05
-7.474404641719516206e-05,1.835222505891059120e-05
-7.474320979624145430e-05,9.445521140732672969e-06
-7.059108694060348176e-05,1.389811836861505318e-05
-6.648502942992263521e-05,1.827697661958549763e-05
-6.648453418039182395e-05,9.517647793765488434e-06
-6.240370835426745978e-05,1.389649154040081522e-05
-5.838165425001621927e-05,1.818193350528449743e-05
-5.838119931792610530e-05,9.608884386080747997e-06
-5.439015444513074251e-05,1.389446756829455889e-05
-5.047035922533424200e-05,1.806692853879511465e-05
-5.046955098622573455e-05,9.719571958638733360e-06
-4.658681532335580367e-05,1.389204765780009686e-05
-4.278663190499305309e-05,1.793179953532859425e-05
-4.278496537464287119e-05,9.850244213565701457e-06
-3.917816003451809114e-05,1.388839729742754636e-05
-3.566087391516723621e-05,1.777896898213729714e-05
-3.565842022048648988e-05,1.000318365806169535e-05
-3.304723019512852676e-05,1.418190910529430160e-05
-3.046701087561289484e-05,1.763903093244282712e-05
-3.046196319091493745e-05,1.014274207363731769e-05
-2.681786356971630676e-05,1.751882414987819203e-05
-2.749351679709954258e-05,1.513812179660251892e-05
-2.681113432250590528e-05,1.023069192877736670e-05
-2.423030116107808394e-05,1.032406407466455313e-05
3.551828756643889190e-06,1.057398735510137447e-06
3.623026715015536178e-06,8.859437899420963922e-07
3.622541336410567524e-06,2.480116987173008787e-07
3.551726809447761488e-06,7.928191707105270844e-08
-2.422216736785286290e-05,1.743492809114063804e-05
-2.193936798869210796e-05,1.722888555486758305e-05
-2.367701302433337213e-05,1.299589248818191326e-05
-2.191183583950669520e-05,1.022189174633805661e-05
3.381173591153492049e-06,1.128438220263284111e-06
3.209404398511417951e-06,4.290069609960347630e-07
3.382815896918534487e-06,9.061753794531141322e-09
-2.119340546926179889e-05,1.505289676989381960e-05
-1.972986827056011925e-05,1.675153182260059556e-05
-1.764163974188239642e-05,1.606140887726777505e-05
-2.050812208252704471e-05,1.212344473762783079e-05
-1.974302829864357358e-05,9.759407735252508887e-06
2.225239802467738432e-06,1.148183397477888884e-06
2.224747325534676099e-06,-9.583482812313076977e-09
1.626153462189914896e-06,5.697144848047819354e-07
-1.570447830438210780e-05,1.513266234972048589e-05
-1.734630903073493765e-05,1.386866569572845559e-05
-1.805938173635236494e-05,1.117076551147773737e-05
-1.776166882549102459e-05,8.971000564570033787e-06
9.775486661337430019e-07,1.254731034040461234e-06
9.779117493035782410e-07,-1.142553937903406310e-07
2.409387003335489565e-07,5.706742145358399782e-07
-1.391507588204230797e-05,1.402998969166121881e-05
-1.232326166588076136e-05,1.277187634831912287e-05
-1.559021689404991218e-05,1.076120675531276144e-05
-1.601682008642707478e-05,7.881716140453854611e-06
-6.035550907844979500e-07,1.484664219639269807e-06
-6.034446125167092191e-07,-3.426568579018659492e-07
-1.272876828087100750e-05,1.088178746088384286e-05
-1.093597978076807329e-05,1.135606304505080936e-05
-1.339440187355054637e-05,8.803563375565308624e-06
-1.454646147576585552e-05,6.577200462342774416e-06
-1.532288555099078732e-06,5.715195436626682936e-07
-2.635135457902282956e-06,1.815786603252229519e-06
-2.633148356821474478e-06,-6.750202105732314921e-07
-9.728303803851815319e-06,9.835338579272997830e-06
-8.758908784051380809e-06,8.268022172456390497e-06
-8.012737424425624502e-06,6.624128979928728441e-06
-1.204565214859331374e-05,6.971342569939282680e-06
-1.337559176108993665e-05,5.125629981988644061e-06
-3.520458620630367250e-06,5.758029971874441827e-07
-4.605356390317293858e-06,2.141082227082078906e-06
-4.606017358317274083e-06,-1.014566199594170413e-06
-9.642416506151049426e-06,6.614209068294040281e-06
-7.456845370751842066e-06,4.957246016190842244e-06
-6.378618067646806012e-06,2.415886422857372368e-06
-6.885480544389713208e-06,2.696314214296650018e-06
-7.144747613665801136e-06,3.275565074579550709e-06
-1.111289202069750728e-05,4.915258997493194671e-06
-1.250117376012639886e-05,3.596067467153917331e-06
-5.579436668722435170e-06,8.068453333075014015e-07
-6.414135163850350667e-06,-1.261906401211951330e-06
-8.588645956136153423e-06,3.785272135240971373e-06
-6.934724548782928192e-06,1.581969184791591969e-06
-7.536571854100422264e-06,2.497148658812336671e-06
-1.045790193986940966e-05,3.124350760320073209e-06
-1.194591963071594412e-05,2.058680783275048264e-06
-6.995215588145105813e-06,-2.057013673230658087e-07
-6.940251263563196641e-06,-1.528814818508057188e-06
-8.940589327355484835e-06,1.187196253484760029e-06
-1.174095751363921283e-05,5.395612327146574382e-07
-1.184043669613474207e-05,-9.338119804694260874e-07
-8.065171043721632658e-06,-1.179136570717850425e-06
-7.251061894087166429e-06,-2.092800181803785371e-06
-7.640043273552980663e-06,-3.632484811439232337e-06
-1.037895100111917382e-05,-1.133314761621576163e-06
-8.205999529851114123e-06,-5.100385129559007082e-06
-1.224921508586065573e-05,-2.413493402203253867e-06
-9.036163027787910695e-06,-3.693640443217109313e-06
-1.106879291912265212e-05,-3.809682232124122568e-06
-8.934650464539838733e-06,-6.491491012491011051e-06
-1.292394151555404253e-05,-3.812576019524188956e-06
-1.232769611458846325e-05,-5.173194185849895340e-06
-1.095260889009755514e-05,-6.016148143887546244e-06
-9.817816557859632636e-06,-7.796297935241820314e-06
-1.085129721503951106e-05,-8.997790859009896353e-06
-1.384391653668547621e-05,-5.092769753375744284e-06
-1.315857285194452515e-05,-6.679824757188716293e-06
-1.235711758382752214e-05,-8.517438653475449228e-06
-1.201678582210795806e-05,-1.007944506511650674e-05
-1.497737795717668042e-05,-6.205298551052406825e-06
-1.462696783120130900e-05,-8.502802201647100959e-06
-1.330427138335859383e-05,-1.102266561517310033e-05
-1.469779450545027593e-05,-1.181719124692663618e-05
-1.617607915992229554e-05,-1.245209052245679629e-05
-1.630256184977877605e-05,-8.991591686526118564e-06
-1.629362234281578177e-05,-7.113275833273607781e-06
-1.597190906121711410e-05,-1.084866528261902697e-05
-1.772315320045271333e-05,-1.291363248400735564e-05
-1.931814787086063033e-05,-1.319827034379875885e-05
-1.763283744073382726e-05,-9.410363350556603953e-06
-1.775572115165115685e-05,-7.782235223145014772e-06
-2.093780315984727331e-05,-1.329944038449324343e-05
-1.913563355600314374e-05,-1.091758508111926379e-05
-1.931861528454865962e-05,-8.189780156156718395e-06
-2.129522459363165153e-05,-1.116089038986928696e-05
-2.272859429225347673e-05,-1.331025873112975335e-05
-2.093447197507255318e-05,-8.324151972403569393e-06
-2.520038357153407202e-05,-1.332189252810585401e-05
-2.324520140820062212e-05,-9.944536941465556727e-06
-2.272717805611707592e-05,-8.315406315002440486e-06
-2.861841321673949784e-05,-1.334065454373526693e-05
-2.692193423088498974e-05,-1.061760221596696083e-05
-2.519986160841098503e-05,-8.303252521679688685e-06
-3.316364005468518383e-05,-1.336358471832903682e-05
-3.088461800366286349e-05,-1.081608553651534472e-05
-2.861767791583368547e-05,-8.288344284779576975e-06
-3.793792381552518273e-05,-1.338590417950102258e-05
-3.554405624058132844e-05,-1.081796160998152101e-05
-3.316293847888256320e-05,-8.270251963803967844e-06
-4.275029460677456564e-05,-1.340725511255208269e-05
-4.033753058684837320e-05,-1.081975256132813243e-05
-3.793731275065202903e-05,-8.251723475303927963e-06
-4.759802737447081417e-05,-1.342558674465040529e-05
-4.516847324683391089e-05,-1.082137558997273488e-05
-4.274976523690204340e-05,-8.233846685922887812e-06
-5.247358717735577983e-05,-1.343842514494979212e-05
-5.003189971531955615e-05,-1.082276730013333010e-05
-4.759761397384086270e-05,-8.218596830045937253e-06
-5.736477671707110098e-05,-1.344476066650027952e-05
-5.491745952920220946e-05,-1.082394372432120128e-05
-5.247321119153353737e-05,-8.208410371444819858e-06
-6.225969332242658495e-05,-1.344577964052327231e-05
-5.981227661642732368e-05,-1.082484214875394244e-05
-5.736453498335488625e-05,-8.204112878013496900e-06
-6.715096920076976293e-05,-1.344412402899743559e-05
-6.470607361687434253e-05,-1.082550248524382390e-05
-6.225945319220576929e-05,-8.204678844678240775e-06
-7.203723818647695895e-05,-1.344222475470558060e-05
-6.959476628869624537e-05,-1.082586925141787558e-05
-6.715079224470781743e-05,-8.207291649585686709e-06
-8.249390367822487258e-05,-1.315354173674908897e-05
-8.180064255434119243e-05,-1.344071082763903925e-05
-7.422470069235316504e-05,-1.082606869894011948e-05
-7.691974009030802116e-05,-1.344102545289817525e-05
-7.203714254245968955e-05,-8.209685847985756984e-06
-8.278106167060820121e-05,-1.246026469994174214e-05
-8.114074282571585417e-05,-1.082623456385453503e-05
-7.691972770933785714e-05,-8.211282453369715730e-06
-8.278110965846486376e-05,-9.192184488092874101e-06
-8.180067936494842137e-05,-8.211712493504467393e-06
-8.249395068031987837e-05,-8.498889710712602259e-06
