Size 192,2
9.049500175619018441e-05,-1.423717490192769096e-05
9.082979582420576371e-05,-1.342898351736916228e-05
9.083010444160133237e-05,-9.619036817922841311e-06
9.049534845702012192e-05,-8.810873411368164566e-06
8.968676780742628938e-05,-1.457193675246027738e-05
8.817085874750854601e-05,-1.152408855051419102e-05
8.968716509578288044e-05,-8.476126771768756790e-06
8.399534474767684209e-05,-1.457161138337469080e-05
8.399594139203493432e-05,-8.476878498423085154e-06
8.085440625260357432e-05,-1.152433611279936665e-05
7.830649479034692412e-05,-1.456863843467157433e-05
7.830751888220092635e-05,-8.480627300613052051e-06
7.546530113296670355e-05,-1.152512896686528251e-05
7.262707336849498951e-05,-1.456244565053092862e-05
7.262795706321524005e-05,-8.488925416020980187e-06
6.979295654073140048e-05,-1.152626420030633944e-05
6.696513838863717225e-05,-1.455182757504036189e-05
6.696616653322858177e-05,-8.502292229213940592e-06
6.414323048878849522e-05,-1.152787273258204543e-05
6.133089562383679653e-05,-1.453642299661967093e-05
6.133225926176907807e-05,-8.521549745817152158e-06
5.852609756768999941e-05,-1.152989728258575761e-05
5.573299119160691497e-05,-1.451711432129621426e-05
5.573487221106064490e-05,-8.545022086293716507e-06
5.294893342268998035e-05,-1.153232996113100831e-05
5.017867359126711434e-05,-1.449456181631247181e-05
5.018039682924549990e-05,-8.572236204458184153e-06
4.741799834682462002e-05,-1.153494096959871777e-05
4.467429370383935871e-05,-1.446806259000296170e-05
4.467516278475495636e-05,-8.603852662453827046e-06
4.194038430024823506e-05,-1.153752422509632392e-05
3.922805468293473924e-05,-1.443555448147958906e-05
3.922819256664699284e-05,-8.641716228537421854e-06
3.652692098984654321e-05,-1.154006878291822723e-05
3.385268453578527473e-05,-1.439470365673575329e-05
3.385254239564547429e-05,-8.688245779674079230e-06
3.129944960463292215e-05,-1.154216207491276828e-05
2.877804135196564570e-05,-1.434330953103991846e-05
2.877776261481863120e-05,-8.746713337901135520e-06
2.689642457274149463e-05,-1.175974505401594666e-05
2.500883222693425952e-05,-1.429134971727240803e-05
2.500766527689948050e-05,-8.803856859010608237e-06
2.231824351104938711e-05,-1.424356062797273676e-05
2.282909820388241524e-05,-1.247208108907446933e-05
2.231626123297073881e-05,-8.841797309336228109e-06
2.039059239933992969e-05,-8.882444096391033339e-06
-3.284069418085611584e-06,-8.336981857430080250e-07
-3.348203649669873868e-06,-6.792772837335148317e-07
-3.347746218153345034e-06,-1.048436532461268576e-07
-3.283958893531686062e-06,4.710293481659841202e-08
2.038610116164600981e-05,-1.420921616661150594e-05
1.866309278545354598e-05,-1.407950684850437329e-05
1.998791024978939903e-05,-1.088258178606562599e-05
1.865424889632960717e-05,-8.774898227102469883e-06
-3.130405340110798283e-06,-8.976524201667194684e-07
-2.976022580357478958e-06,-2.676212696439509825e-07
-3.131863158794437292e-06,1.104302231247228802e-07
1.810793719406544083e-05,-1.244409842630410770e-05
1.698165542027215512e-05,-1.374894974766642850e-05
1.537179042363362514e-05,-1.324491421964561702e-05
1.759146872489618848e-05,-1.021456683796039844e-05
1.700505519147683023e-05,-8.385297428897127732e-06
-2.090319957858924862e-06,-9.158296545612308800e-07
-2.089624340740215383e-06,1.289397190711620718e-07
-1.549678721877819587e-06,-3.934135177339727627e-07
1.385472992163144284e-05,-1.255899780179018806e-05
1.515228484136788942e-05,-1.156653031543753666e-05
1.570710907364920175e-05,-9.472512935905694594e-06
1.548155642615451770e-05,-7.733542392785572434e-06
-9.623259691981461567e-07,-1.015836849967651948e-06
-9.623640328283857926e-07,2.289950454997809094e-07
-2.916324854778026956e-07,-3.932617394213726042e-07
1.243828543735273289e-05,-1.172305692300187634e-05
1.115129951645028929e-05,-1.074907332174139208e-05
1.377576118395692256e-05,-9.148968396776464208e-06
1.412481254566591267e-05,-6.839515967172069996e-06
4.803805789531842245e-07,-1.231173261987932699e-06
4.807185463511307840e-07,4.453912993711805251e-07
1.147828291175975829e-05,-9.254414017123544192e-06
1.000342199652311778e-05,-9.641581746655203492e-06
1.202351295697128860e-05,-7.577067039592193157e-06
1.296948876707966482e-05,-5.751873229709910298e-06
1.333557066078106532e-06,-3.926744989806036302e-07
2.350275781664408721e-06,-1.541608737618474893e-06
2.348989288018697383e-06,7.595796932579851932e-07
8.992615862525676519e-06,-8.429789596542894026e-06
8.147843978035756879e-06,-7.142832168261077835e-06
7.466370012143376689e-06,-5.775421304919987043e-06
1.091600802397942352e-05,-6.073820622633594020e-06
1.204236177691738786e-05,-4.514674504807147859e-06
3.168153224870619161e-06,-3.950699990681248479e-07
4.174134694849028818e-06,-1.847847107075836984e-06
4.174485142123135833e-06,1.080243463123707103e-06
8.883762255510118343e-06,-5.775644371725101219e-06
6.944011845322165179e-06,-4.355988789346606920e-06
5.842386114016114364e-06,-2.108990331608285088e-06
6.334181200438305507e-06,-2.366248465688342430e-06
6.602369925835679052e-06,-2.886995582578342150e-06
1.014227741878450699e-05,-4.333657329046861477e-06
1.135748881144219976e-05,-3.179177665538653414e-06
5.079074929156286265e-06,-6.074263666840923227e-07
5.830832357399201223e-06,1.311482961350489087e-06
7.924412346550602324e-06,-3.348554676047723027e-06
6.359209537539239180e-06,-1.338034834058863162e-06
6.942764183490508342e-06,-2.185628808001098795e-06
9.581382849346123295e-06,-2.764800435153191597e-06
1.093988364421763710e-05,-1.797533042587176527e-06
6.378074895663769810e-06,3.237571495505057340e-07
6.296058779584588500e-06,1.563783851744190797e-06
8.215904391072107832e-06,-1.006525533748128506e-06
1.080709796314566570e-05,-4.018180582303588459e-07
1.098822538210217256e-05,9.914162078173478024e-07
7.354759520039442078e-06,1.223378434269664503e-06
6.562675990758791820e-06,2.112217756840146050e-06
6.880556501065304015e-06,3.641311800960740137e-06
9.573756225120680653e-06,1.156572556230801702e-06
7.377648540379331631e-06,5.158372261266306831e-06
1.147016029486157064e-05,2.410500068367063290e-06
8.245356476037729341e-06,3.683465277207247900e-06
1.029527888534772977e-05,3.801290924916335102e-06
8.076191887489645786e-06,6.621519166197525021e-06
1.224032748674994551e-05,3.804075145305411360e-06
1.163604138168880140e-05,5.210915929379207360e-06
1.017006039716205822e-05,6.105946359279988845e-06
8.954494969617697348e-06,8.051202061051003085e-06
1.004194714227074694e-05,9.409263329220698797e-06
1.330374480134404571e-05,5.110189023338295110e-06
1.255746833856798702e-05,6.829256967982866808e-06
1.167223654169756987e-05,8.877224816395126177e-06
1.129292817959230955e-05,1.067538603069598901e-05
1.462346739273076764e-05,6.278713621406308031e-06
1.423206118257126070e-05,8.873271985609693197e-06
1.272586886601186770e-05,1.179820324262043266e-05
1.433203708316673347e-05,1.277924880670769157e-05
1.606762321569834071e-05,1.360190572473675790e-05
1.620070787619450073e-05,9.439905656181517686e-06
1.618204873501412734e-05,7.261261150477230368e-06
1.580552995659162323e-05,1.164615381105771326e-05
1.793379315557612553e-05,1.421162172938054052e-05
1.989934869768526928e-05,1.461796660770406072e-05
1.780093392629091573e-05,9.929362253027311242e-06
1.795465997450810297e-05,7.981512542271425477e-06
2.192052933890018335e-05,1.479305369642688474e-05
1.964307744207904695e-05,1.177271004919432914e-05
1.988171757458966131e-05,8.403452932734025232e-06
2.236186448516449545e-05,1.208716168004966661e-05
2.420781154011689357e-05,1.486246631198641633e-05
2.190071697340774119e-05,8.520987532336219046e-06
2.741271224573981507e-05,1.493097622736573285e-05
2.485445296613441192e-05,1.053201196428822150e-05
2.420389231762037246e-05,8.452295566402847769e-06
3.195133918892726352e-05,1.503245874195691155e-05
2.967675968227295155e-05,1.139475328698645785e-05
2.741421963051944496e-05,8.364779721104759728e-06
3.812212540723988903e-05,1.513668897929722238e-05
3.500754358515830269e-05,1.165429259508719430e-05
3.195153586020242208e-05,8.268947681303515830e-06
4.471509010528872374e-05,1.521960873683629963e-05
4.139340727253586108e-05,1.165478475162696452e-05
3.812172631381532137e-05,8.171128265016033420e-06
5.144083204480991796e-05,1.528487760504895337e-05
4.805791266404362775e-05,1.165593405517137853e-05
4.471459537714415748e-05,8.090928558716188750e-06
5.827025664783004578e-05,1.533498551281143606e-05
5.484024163542064001e-05,1.165703945429943686e-05
5.144052180462715821e-05,8.028110717794585587e-06
6.517800902479476484e-05,1.537266360937670332e-05
6.171267727249375170e-05,1.165792755693513985e-05
5.827003775782961450e-05,7.980035204897492447e-06
7.214472227584230418e-05,1.540139886421615492e-05
6.865256829017586920e-05,1.165856156900470812e-05
6.517778528840579785e-05,7.943843112393719310e-06
7.915651472187139326e-05,1.542286152891357369e-05
7.564391568286891944e-05,1.165893594117802528e-05
7.214447607186417382e-05,7.916100510807046059e-06
8.620177642304664776e-05,1.543763815724482263e-05
8.267444475550849228e-05,1.165902330862116817e-05
7.915635536179620852e-05,7.895069222832211953e-06
9.326874996030085367e-05,1.544643418743746929e-05
8.973258027764481051e-05,1.165895086163034502e-05
8.620168745611072442e-05,7.880288311640516380e-06
1.084320748399447964e-04,1.503412217335561709e-05
1.074265753808331593e-04,1.545060117700250326e-05
9.643815121022186168e-05,1.165889814050986461e-05
1.003463624060242757e-04,1.545010941487915090e-05
9.326875196857676415e-05,7.871383202328583966e-06
1.088485692838849780e-04,1.402864521011797064e-05
1.064691832233724956e-04,1.165868278529624256e-05
1.003464487822970278e-04,7.867538254094865697e-06
1.088486023924645088e-04,9.288685013617267906e-06
1.074266319979299530e-04,7.866758100720796932e-06
1.084321156815986400e-04,8.283226530140608366e-06
