Size 192,2
7.551653142118137918e-05,-1.295244804389204911e-05
7.576757501556602718e-05,-1.234636604898986107e-05
7.576731264372015234e-05,-9.489292741490587682e-06
7.551623631228659278e-05,-8.883192580018436208e-06
7.491044582819197668e-05,-1.320349108342760408e-05
7.377358413194704944e-05,-1.091778726300037096e-05
7.491010866353936114e-05,-8.632141602819940431e-06
7.064345808237570978e-05,-1.320330770781219149e-05
7.064297776080741048e-05,-8.632187841814176920e-06
6.828794168864956262e-05,-1.091768215054558952e-05
6.637703320957420152e-05,-1.320372658284901878e-05
6.637651242223969344e-05,-8.631468544852834802e-06
6.424282443238501692e-05,-1.091728656904633053e-05
6.210796738893515961e-05,-1.320568017732254763e-05
6.210761505893415619e-05,-8.628439088970167573e-06
5.997113631273727399e-05,-1.091684363259760643e-05
5.783211332002040486e-05,-1.321045925338714433e-05
5.783144100119780160e-05,-8.622654055317289577e-06
5.568971600067925966e-05,-1.091626112342826462e-05
5.354384081125231380e-05,-1.321747007100231625e-05
5.354328774862019108e-05,-8.614644053176973238e-06
5.139417919054084673e-05,-1.091565012208836043e-05
4.923954434188679258e-05,-1.322604742242134844e-05
4.923949813290875592e-05,-8.604772550380280447e-06
4.708138481377970339e-05,-1.091500425769436731e-05
4.491642979473204592e-05,-1.323642635588470306e-05
4.491660171652627029e-05,-8.592842077747117979e-06
4.274770752815811400e-05,-1.091430713187465679e-05
4.057092111014611014e-05,-1.324844840159177935e-05
4.057069615022103240e-05,-8.579167112560372519e-06
3.838935575259966207e-05,-1.091364320343030811e-05
3.619952443239814627e-05,-1.326128941657720989e-05
3.619890715710446838e-05,-8.565122122078978144e-06
3.400455923925518024e-05,-1.091300103040266854e-05
3.180227994311915317e-05,-1.327288855345251030e-05
3.180158311400439790e-05,-8.552514295030857133e-06
2.968522269069302533e-05,-1.091246430895225798e-05
2.756387737209191677e-05,-1.327992167038496011e-05
2.756336286013224109e-05,-8.544482200551125280e-06
2.597182402527578832e-05,-1.109714841387999035e-05
2.434484415612273245e-05,-1.328196543114707342e-05
2.434447231096808936e-05,-8.541775593081346485e-06
2.200137420544943175e-05,-1.328092729086331363e-05
2.245955010896414874e-05,-1.172018765451159216e-05
2.200092312268609620e-05,-8.542060812136146637e-06
2.029836299623149023e-05,-8.543542054081559853e-06
-3.488813186813971273e-06,-3.385979300966940352e-07
-3.557693908404515167e-06,-1.729720138627334337e-07
-3.557306335541603052e-06,4.440296485574160573e-07
-3.488769797662421246e-06,6.074072755724921245e-07
2.029852232586646570e-05,-1.327913520977007638e-05
1.875275934378205266e-05,-1.318905606524031070e-05
1.995437525724453782e-05,-1.032003533862224941e-05
1.875520980174689067e-05,-8.411185088549255281e-06
-3.323919147992955288e-06,-4.070627281210018225e-07
-3.157787688544485788e-06,2.697089733342492376e-07
-3.325259404698988814e-06,6.756764830978971827e-07
1.826272529349808399e-05,-1.172833829610248761e-05
1.722873660385914447e-05,-1.292324737697655711e-05
1.574646698845852776e-05,-1.248689280879771106e-05
1.779844210618016453e-05,-9.706791242357495510e-06
1.726091203932323575e-05,-8.015245206028345762e-06
-2.206358892962457408e-06,-4.248294776881794173e-07
-2.205314493315860954e-06,6.962040580544135061e-07
-1.626079692334809262e-06,1.362142775714476845e-07
1.432636484151546995e-05,-1.188463692292955725e-05
1.555221538211004148e-05,-1.095409828741516230e-05
1.606640397166975333e-05,-9.013240861125693172e-06
1.586079695778391598e-05,-7.368786078517521219e-06
-9.971313341400589138e-07,-5.288774093767329709e-07
-9.969528416484616098e-07,8.020553136545362545e-07
-2.803567456920600657e-07,1.370026483962125449e-07
1.298509585031687372e-05,-1.112647207683656196e-05
1.174183723548399848e-05,-1.022288020400479735e-05
1.425944090771039685e-05,-8.704348001869059815e-06
1.459717393734637420e-05,-6.491255614604246343e-06
5.429839206248836687e-07,-7.553004851011578157e-07
5.432435145754537773e-07,1.030134852274663455e-06
1.205583241203390174e-05,-8.809304448354477913e-06
1.061233103222607303e-05,-9.184813536452305963e-06
1.258566053733990494e-05,-7.193530718843898579e-06
1.350789256847898614e-05,-5.411891864174289670e-06
1.451045357215939462e-06,1.375813787403481030e-07
2.531455604401329001e-06,-1.082818864367894003e-06
2.530145678784357618e-06,1.360957013203078686e-06
9.608577617422779782e-06,-8.027630056542601461e-06
8.745147633024886487e-06,-6.768362060141450566e-06
8.029080965389361784e-06,-5.418133633672764582e-06
1.150100813496168367e-05,-5.722540772259653652e-06
1.262528481181165251e-05,-4.165899011737964022e-06
3.400137670037578958e-06,1.348787075821374440e-07
4.467348880942362115e-06,-1.406506809470444248e-06
4.467135286050333520e-06,1.697761820005407738e-06
9.471430235895075123e-06,-5.424786644643614142e-06
7.471491071596974280e-06,-3.992370799589633764e-06
6.247432377792404959e-06,-1.683301477062234690e-06
6.779764354789882735e-06,-1.952735674832890864e-06
7.079254377162907433e-06,-2.493143392309115534e-06
1.073633787048548918e-05,-3.980672924328356870e-06
1.197623143228254000e-05,-2.800788542368137969e-06
5.427794968791903280e-06,-9.002974520093611468e-08
6.210402174055319215e-06,1.938411452389772353e-06
8.466020872576341793e-06,-2.974581913239609318e-06
6.794708188476488205e-06,-8.689469823874459127e-07
7.425351316110580248e-06,-1.763753863761582554e-06
1.017000975517004097e-05,-2.374962874217914819e-06
1.159031432848784704e-05,-1.365177693027148407e-06
6.793847295922850237e-06,8.891391311370963628e-07
6.690274916858144522e-06,2.205708840380331978e-06
8.752018250114185276e-06,-5.380552442619887145e-07
1.148087876344688759e-05,1.019477668592125851e-07
1.171871427575982956e-05,1.587199740440019992e-06
7.815714330260018443e-06,1.836475778024117915e-06
6.960087287906275082e-06,2.796268802380876339e-06
7.272606071237062651e-06,4.461147312656589492e-06
1.019536742186781757e-05,1.751386386534105976e-06
7.781556792205329392e-06,6.143274915278750781e-06
1.228080392578711888e-05,3.108468963335224444e-06
8.748768316405329659e-06,4.497592406334177918e-06
1.099854744251574117e-05,4.626209069243330155e-06
8.529287661631418849e-06,7.777793467337382126e-06
1.316946797225685103e-05,4.628397592426185653e-06
1.250440885273926114e-05,6.188819328759526566e-06
1.085578633708043106e-05,7.193741069932358865e-06
9.486050316503852770e-06,9.403229627248034148e-06
1.070086138174248864e-05,1.096677405629218707e-05
1.440365340372780237e-05,6.067684087426073590e-06
1.355650115596029119e-05,8.013096360614653605e-06
1.254542793905693502e-05,1.035865196732388799e-05
1.211066674850103780e-05,1.244548382119274676e-05
1.594082728318802595e-05,7.371372667151125405e-06
1.549108669073571715e-05,1.035873543748318331e-05
1.375014949569599294e-05,1.376543734842295903e-05
1.561444032694246298e-05,1.493497998205441992e-05
1.764462616841255043e-05,1.593412817209102360e-05
1.779382044906661296e-05,1.101699558878323466e-05
1.776907447821287866e-05,8.481095162812133517e-06
1.732756455906162143e-05,1.361078330755173767e-05
1.985067692385625437e-05,1.668020450028159674e-05
2.219506658300136024e-05,1.719164908323823663e-05
1.968312611908869117e-05,1.158752690837169183e-05
1.986830580999853686e-05,9.291311665358207428e-06
2.461743983951055183e-05,1.742537257143303859e-05
2.187441189727001590e-05,1.377951052863180698e-05
2.216635810352061295e-05,9.755210089288833013e-06
2.514419750694124061e-05,1.416071014745282749e-05
2.738583056840367171e-05,1.753747591811894831e-05
2.458702694446783974e-05,9.870379135031617825e-06
3.129003452225247503e-05,1.764874915441987286e-05
2.816176624203094257e-05,1.227468115681996031e-05
2.738072825805049849e-05,9.756788372566493176e-06
3.688107936747969868e-05,1.781729615128728963e-05
3.406639520678189382e-05,1.331913639394768277e-05
3.129412861143914134e-05,9.609711327374211305e-06
4.457293301973852908e-05,1.799398672339580263e-05
4.067687326294541658e-05,1.363427809904749686e-05
3.688333283751731874e-05,9.443951691186651238e-06
5.287698540619990931e-05,1.813811555105891644e-05
4.868047443763052069e-05,1.363018260239030575e-05
4.457419379709437674e-05,9.268496507853741872e-06
6.142549639262985669e-05,1.825586526168014636e-05
5.711425485630375386e-05,1.362732674393947312e-05
5.287785857377808811e-05,9.119185954829656438e-06
7.017567536529389330e-05,1.835165733951159978e-05
6.577040617551165676e-05,1.362474106276169803e-05
6.142637871531615105e-05,8.996208542158732504e-06
7.908975265917897457e-05,1.842827419468253026e-05
7.460845524724676165e-05,1.362255314431389102e-05
7.017642899743138326e-05,8.895619944227103442e-06
8.813300285370192578e-05,1.848709230228149088e-05
8.359275419111962633e-05,1.362078766937477751e-05
7.909032296448846241e-05,8.815023105889258119e-06
9.727156098168181361e-05,1.852888969702551090e-05
9.268914417074654169e-05,1.361942629494750914e-05
8.813337791981002073e-05,8.752994985818317479e-06
1.064740378297289301e-04,1.855527006519054872e-05
1.018646126133210868e-04,1.361825702231988779e-05
9.727192072204942177e-05,8.708681551746602620e-06
1.157138344376170205e-04,1.856960837333539014e-05
1.110897001695821095e-04,1.361735707513886310e-05
1.064743657664123268e-04,8.680285696425913073e-06
1.355471187966151994e-04,1.803149021180046416e-05
1.342319619057901912e-04,1.857623546081346800e-05
1.198589289057540503e-04,1.361682063583497142e-05
1.249709121192414012e-04,1.857543553919899294e-05
1.157140264354288212e-04,8.664542364325265471e-06
1.360918761358498731e-04,1.671635343033742616e-05
1.329796491478125726e-04,1.361648405856477486e-05
1.249709777746292117e-04,8.657859785097071523e-06
1.360918579883584696e-04,1.051661342235299676e-05
1.342319693665137178e-04,8.656771887378348490e-06
1.355471068714551484e-04,9.201503671485502546e-06
