Size 192,2
-1.387336438368303002e-04,1.935671202897424936e-05
-1.392903038959128047e-04,1.801287408120134253e-05
-1.392899148607071162e-04,1.167758688212073636e-05
-1.387331996140156259e-04,1.033369178664103232e-05
-1.373897471910746329e-04,1.991333193993372118e-05
-1.348685837911686020e-04,1.484514346074789882e-05
-1.373892197106721771e-04,9.777045692055333161e-06
-1.279266072421764860e-04,1.991212420026129698e-05
-1.279259371834654685e-04,9.777965978369164337e-06
-1.227020361326157849e-04,1.484503870937281888e-05
-1.184664044321665356e-04,1.990631427602648334e-05
-1.184655766095189734e-04,9.783485379266823021e-06
-1.137398295174132582e-04,1.484455199299814326e-05
-1.090232213001467897e-04,1.989062533702942983e-05
-1.090227481150114823e-04,9.798139750719240062e-06
-1.043117263493980115e-04,1.484408778316849110e-05
-9.961854739043168210e-05,1.986168256548606403e-05
-9.961792984609991650e-05,9.825837269892277634e-06
-9.493500043606936461e-05,1.484341930875514363e-05
-9.027931607705598840e-05,1.981787032655337653e-05
-9.027862700735096572e-05,9.868170657964515135e-06
-8.563801537490678764e-05,1.484273176803278043e-05
-8.103482046455378349e-05,1.975767564435874969e-05
-8.103376043538171845e-05,9.926911533757767531e-06
-7.645089674820108796e-05,1.484182928243176070e-05
-7.191664379690227077e-05,1.967861537185847456e-05
-7.191563263475784476e-05,1.000448286386056248e-05
-6.740805117317797508e-05,1.484094146333138367e-05
-6.296209179689812440e-05,1.957812747568751170e-05
-6.296173073831265606e-05,1.010340262320418364e-05
-5.854999611215871156e-05,1.484001312241570107e-05
-5.421524874682014068e-05,1.945300307827260684e-05
-5.421569716397135703e-05,1.022651812476993383e-05
-4.992282463813651778e-05,1.483904152439499264e-05
-4.572278111399074305e-05,1.930125752155898217e-05
-4.572289146601945966e-05,1.037642238690976757e-05
-4.173802783630293687e-05,1.483690751085736730e-05
-3.785637091049821580e-05,1.912668835583618117e-05
-3.785532850399367686e-05,1.055548047880770235e-05
-3.497463228500657278e-05,1.516176875749518848e-05
-3.213481039279660463e-05,1.896351693061114105e-05
-3.213013010609469978e-05,1.072253714738143461e-05
-2.812661224890825368e-05,1.881974334980250613e-05
-2.886455865277891042e-05,1.621210153926031688e-05
-2.811875651030621600e-05,1.083005927695614768e-05
-2.529148468472915893e-05,1.094601713235540634e-05
3.562913966942902955e-06,1.348665562469403968e-06
3.633021409058957555e-06,1.179693223377991830e-06
3.632533628978989631e-06,5.518795998825289916e-07
3.562864425051211433e-06,3.859318943167881555e-07
-2.528125553060498390e-05,1.871768954822506867e-05
-2.278962130631915215e-05,1.848243310658977028e-05
-2.468055420319301558e-05,1.386689775841238040e-05
-2.275445746049601048e-05,1.085080898913807382e-05
3.394811795081918458e-06,1.418758484227688425e-06
3.226210760617807395e-06,7.303073409583936049e-07
3.396743096358425454e-06,3.169625990842365319e-07
-2.197199669210043115e-05,1.610662478382086544e-05
-2.038578518549098907e-05,1.794817500709545302e-05
-1.812463130962925574e-05,1.718773852707978573e-05
-2.122366093717501886e-05,1.292276098606868580e-05
-2.039332652232792660e-05,1.036944795624680177e-05
2.257435061433722586e-06,1.440450803750671897e-06
2.257360304718177825e-06,2.988878516919825983e-07
1.666982696768312036e-06,8.709583636531175150e-07
-1.604038241597666121e-05,1.616760889693451714e-05
-1.780061468368912005e-05,1.480896277513065925e-05
-1.857017783648113012e-05,1.189778911337893759e-05
-1.824595274547771842e-05,9.542020034563871434e-06
1.025345349060878186e-06,1.551275130542765446e-06
1.026354859175755815e-06,1.938291815310299714e-07
2.946930390050730521e-07,8.741459375586392004e-07
-1.412341891662588764e-05,1.496805922499397135e-05
-1.243316972521872508e-05,1.361063543514227917e-05
-1.591244770849997576e-05,1.146065473948515300e-05
-1.636424827842714936e-05,8.394632347777809795e-06
-5.462945858440907908e-07,1.787427559254094583e-06
-5.455008280609706428e-07,-3.602512271337176939e-08
-1.286455211010883925e-05,1.158665212349700805e-05
-1.097294033500670839e-05,1.208908434931607615e-05
-1.356895477009212591e-05,9.379008747406371654e-06
-1.478642412117570697e-05,7.028794399756629179e-06
-1.473301450598390141e-06,8.774541863676204550e-07
-2.578731825396028679e-06,2.127385644608305361e-06
-2.575666939442902300e-06,-3.720820197488439341e-07
-9.707448528593173225e-06,1.046733498434243466e-05
-8.707821730041107917e-06,8.815196038718947302e-06
-7.950927242369120766e-06,7.089936430229009642e-06
-1.214603545720774036e-05,7.447532403590600678e-06
-1.353529565839701615e-05,5.520979609436181516e-06
-3.466279827513942265e-06,8.843980466999579157e-07
-4.558321228241971450e-06,2.461092055449824166e-06
-4.558511182499758512e-06,-7.166465838108817342e-07
-9.635622402133077629e-06,7.075336310832170531e-06
-7.392551199415936231e-06,5.356252554965736478e-06
-6.338929532708022527e-06,2.742625541862124123e-06
-6.844106742309259709e-06,3.028856632923283426e-06
-7.096690902568590763e-06,3.621347022488069340e-06
-1.116644390160058474e-05,5.304838803811570066e-06
-1.259981038247100688e-05,3.945274137324747180e-06
-5.538289786967638569e-06,1.119451630136134625e-06
-6.388117562978141631e-06,-9.687114735691688114e-07
-8.564416439786967858e-06,4.140665948710158086e-06
-6.900330889246595383e-06,1.900134976784727381e-06
-7.501627947881697073e-06,2.826870989211259012e-06
-1.048624476020704728e-05,3.461422382701048612e-06
-1.200166395164884926e-05,2.377004160826908416e-06
-6.972868395097222015e-06,9.499996865071701448e-08
-6.925888977619417594e-06,-1.237742460339731039e-06
-8.934300308735259336e-06,1.490970359570599452e-06
-1.177518272887155747e-05,8.385807998948183330e-07
-1.185133008104023967e-05,-6.413785941878585389e-07
-8.060470381476825524e-06,-8.889269940550364499e-07
-7.246041452720622358e-06,-1.801640028863125065e-06
-7.649446354635433309e-06,-3.332670084939371593e-06
-1.038627656811069503e-05,-8.482607463506957870e-07
-8.227078458111526253e-06,-4.781132297057452133e-06
-1.224076546769221222e-05,-2.122897453852607281e-06
-9.045269697200572436e-06,-3.397181043605799455e-06
-1.106486445149460164e-05,-3.510140253410734616e-06
-8.956582535471393952e-06,-6.148114325060007870e-06
-1.289288244514884698e-05,-3.511417059295443932e-06
-1.230131869919541265e-05,-4.853325346126771201e-06
-1.094936865500984596e-05,-5.682236946266590463e-06
-9.834958084399289486e-06,-7.422193347015694213e-06
-1.085219161777875830e-05,-8.588895231684327453e-06
-1.378281517445809805e-05,-4.775350502527158859e-06
-1.311147966460645747e-05,-6.328650026625070349e-06
-1.232776370425539440e-05,-8.119526080853486162e-06
-1.199576031743215995e-05,-9.634015786031342640e-06
-1.487998384815363961e-05,-5.867779419245005922e-06
-1.453794619631479603e-05,-8.101717770751450950e-06
-1.325159202916629384e-05,-1.054280817836443921e-05
-1.460407676362040267e-05,-1.130387313385460219e-05
-1.603484099111871709e-05,-1.190687015271714428e-05
-1.615924283484385950e-05,-8.573891580931334466e-06
-1.615168610889131147e-05,-6.754872744482135948e-06
-1.584012032275638432e-05,-1.036605241134890728e-05
-1.752626681802061417e-05,-1.234307973277689967e-05
-1.905751924375477803e-05,-1.260675798851067681e-05
-1.744205661659968028e-05,-8.978091448025763313e-06
-1.755970653455972866e-05,-7.408515213182458846e-06
-2.060938119787932509e-05,-1.269450138320644459e-05
-1.888713629560445206e-05,-1.042470541525282426e-05
-1.906102665880265694e-05,-7.808951149131768509e-06
-2.095331968374378230e-05,-1.065414404845288215e-05
-2.231634607576339825e-05,-1.269276366784988350e-05
-2.060958215097968323e-05,-7.943866030507981004e-06
-2.466326882016401926e-05,-1.268956998295093358e-05
-2.281282813975280227e-05,-9.495285997886793823e-06
-2.231703245521550683e-05,-7.944218686515396168e-06
-2.788039606850149310e-05,-1.268115819418100035e-05
-2.629129154957787881e-05,-1.013248255557550585e-05
-2.466377674105586806e-05,-7.946746143787456742e-06
-3.210617699445443947e-05,-1.266532146068956446e-05
-2.999803052968016647e-05,-1.031641651220589570e-05
-2.788117212608292101e-05,-7.953345041249266505e-06
-3.647727278260749995e-05,-1.264363209024503445e-05
-3.429852997360923747e-05,-1.031508154325954296e-05
-3.210696670403632644e-05,-7.966383186222946979e-06
-4.080495023934650956e-05,-1.261768919393195180e-05
-3.864928944676262134e-05,-1.031366727485398763e-05
-3.647788413171325881e-05,-7.985269583046655320e-06
-4.508357647319934444e-05,-1.259108093800402227e-05
-4.295263345529511318e-05,-1.031255431323490926e-05
-4.080522363503460352e-05,-8.008536465882335685e-06
-4.931419948432767282e-05,-1.256665685712943001e-05
-4.720658835189885214e-05,-1.031157146140112538e-05
-4.508372812874362757e-05,-8.032991338810554333e-06
-5.350370146414669604e-05,-1.254652881530457451e-05
-5.141525546168521386e-05,-1.031068933029610944e-05
-4.931451369924647309e-05,-8.055493810944144839e-06
-5.766194877102488172e-05,-1.253176598324634511e-05
-5.558737726451325753e-05,-1.030993086061929955e-05
-5.350406841539140227e-05,-8.074054497236804069e-06
-6.179937926839075037e-05,-1.252252461266366374e-05
-5.973346112339536664e-05,-1.030937488632724661e-05
-5.766223612586539961e-05,-8.087523029788327281e-06
-6.592464634850604948e-05,-1.251710542355556368e-05
-6.386356764816625980e-05,-1.030897644396549738e-05
-6.179958646978475937e-05,-8.095880501142715054e-06
-7.474450239444175041e-05,-1.227155372080932495e-05
-7.415978546780628144e-05,-1.251376641311087786e-05
-6.777029845180039297e-05,-1.030882703186346771e-05
-7.004346962011213256e-05,-1.251440030035959409e-05
-6.592465979760286617e-05,-8.100714739975248748e-06
-7.498669726182652709e-05,-1.168681258557469394e-05
-7.360327308351965764e-05,-1.030865317314411540e-05
-7.004351305402627202e-05,-8.103109907190255475e-06
-7.498667808355263570e-05,-8.930493456458775346e-06
-7.415978554236237895e-05,-8.103570298483559514e-06
-7.474448765345049941e-05,-8.345772955214928720e-06
