Size 192,2
-9.305119036046362648e-07,1.515724858701309944e-06
-8.984868629745190750e-07,1.592938594448655198e-06
-8.988791626868950063e-07,1.957387950995032693e-06
-9.309560692681376503e-07,2.034651121648340420e-06
-1.007820070607773956e-06,1.483766596768837451e-06
-1.153502619662527701e-06,1.775266362045554199e-06
-1.008338919829650122e-06,2.066634237937545447e-06
-1.552892358909603703e-06,1.485372036267075622e-06
-1.553600891117786911e-06,2.065469427070425831e-06
-1.852877621980191720e-06,1.775480068894887658e-06
-2.092953862387893065e-06,1.490838138549577472e-06
-2.093808789157332751e-06,2.060310025712941109e-06
-2.359498337085201166e-06,1.776006646683528049e-06
-2.618667356011518563e-06,1.502607916454631743e-06
-2.619128512387155603e-06,2.049856973398878976e-06
-2.874059063608933664e-06,1.776546744643602319e-06
-3.117550352175634313e-06,1.521379637182076603e-06
-3.118224312926552139e-06,2.032585444883705618e-06
-3.355286723950443065e-06,1.777346203117907523e-06
-3.576385798404320711e-06,1.547213363228023459e-06
-3.577297867412898945e-06,2.008565999918245268e-06
-3.789658405540571873e-06,1.778225684809512746e-06
-3.981457134055649699e-06,1.580113798957609914e-06
-3.982677431963193329e-06,1.977504730312065280e-06
-4.163694256691791253e-06,1.779245679896807405e-06
-4.321020783522124990e-06,1.618850352681861496e-06
-4.322027158878015636e-06,1.940509306678239584e-06
-4.467009479651199715e-06,1.780319774759368714e-06
-4.585611336227110094e-06,1.662917506053565698e-06
-4.585905737868824943e-06,1.898417901125940390e-06
-4.690366979260118509e-06,1.781443710153951157e-06
-4.764495218979719062e-06,1.713849625435012749e-06
-4.764267663637453674e-06,1.850141559156243022e-06
-4.821951699393690721e-06,1.782934915526995980e-06
-4.843851116928147818e-06,1.773755088003191824e-06
-4.843960881608398771e-06,1.793511952363493612e-06
-4.847231532472167055e-06,1.785028911787877235e-06
-4.811106356696182476e-06,1.841117190210034031e-06
-4.812009160508138484e-06,1.727606791820502554e-06
-4.773406884427455063e-06,1.794525419590565262e-06
-4.696918072090260037e-06,1.901314895904911600e-06
-4.699190347768782001e-06,1.668947946182448660e-06
-4.558544458982956086e-06,1.951449843681794746e-06
-4.601586986293956146e-06,1.838174691809526776e-06
-4.561398423156547742e-06,1.633006390066328573e-06
-4.431257136283241653e-06,1.595441733629314018e-06
1.030540228175307598e-06,-3.745547778111332487e-07
1.051295745584803108e-06,-4.242974087730077488e-07
1.051258693150811227e-06,-6.103327170402822357e-07
1.030580400325115150e-06,-6.597356349999183657e-07
-4.434347021113719513e-06,1.985733157317374561e-06
-4.291013214438973078e-06,2.008284986968835718e-06
-4.418152425165402673e-06,1.740071166958850916e-06
-4.304679167089408536e-06,1.544553531219361305e-06
9.809738393849721119e-07,-3.541007263465926612e-07
9.306860262305683652e-07,-5.582408995154974026e-07
9.811763466421898694e-07,-6.805497861442095370e-07
-4.255007121407883443e-06,1.880772453980613408e-06
-4.132462016424450852e-06,2.019483059323231115e-06
-3.952866003131324317e-06,1.998536453511366071e-06
-4.212027270725102238e-06,1.669836161901102527e-06
-4.150412267342232469e-06,1.457078609679408944e-06
6.438578159689411695e-07,-3.501112181893294670e-07
6.431698972355296921e-07,-6.877936893716272167e-07
4.687532487820827140e-07,-5.196914436001433409e-07
-3.753874102740781175e-06,1.959633561522208020e-06
-3.938553753437378302e-06,1.826776576848393888e-06
-4.005952178743161523e-06,1.576090621116294662e-06
-3.984774355747392003e-06,1.327509379511637789e-06
2.797220447503496114e-07,-3.207720654345675069e-07
2.794115826487687460e-07,-7.198586015883360051e-07
6.475963958678655383e-08,-5.209621884302946665e-07
-3.549002702244541043e-06,1.882870709245138061e-06
-3.330442081950168090e-06,1.767679146340273447e-06
-3.754806263078522059e-06,1.528470698266465202e-06
-3.817159678868346956e-06,1.159011413278683201e-06
-1.810462853303435048e-07,-2.556486539271430209e-07
-1.814012697123818342e-07,-7.875289930004235280e-07
-3.384314716969465163e-06,1.553572334924655315e-06
-3.106166832745319083e-06,1.622693476308566258e-06
-3.483403953742167109e-06,1.273316762543152442e-06
-3.658527349950535923e-06,9.359806907428551565e-07
-4.514641384206924355e-07,-5.221128778405988472e-07
-7.717203119717025860e-07,-1.611370031940602310e-07
-7.718153111303852865e-07,-8.848051440179646230e-07
-2.895910923456694763e-06,1.436534568006622487e-06
-2.684461649664595170e-06,1.195508739170825020e-06
-2.483450626423659478e-06,9.208749323899724440e-07
-3.275389118036749510e-06,9.926455108910453644e-07
-3.521381666267904721e-06,6.542920988763496623e-07
-1.029438657764372892e-06,-5.225825927099203796e-07
-1.344902683597920052e-06,-6.741646006696156829e-08
-1.344626337757432893e-06,-9.831573303579258153e-07
-2.832629905651255417e-06,9.300994301558795204e-07
-2.315777853268682605e-06,6.005812000013360958e-07
-1.884750181895296627e-06,1.339458548658473227e-08
-2.055641472906139272e-06,8.833335201081686945e-08
-2.162983708031718486e-06,2.325245695299823187e-07
-3.120773322574908200e-06,6.102092964439911095e-07
-3.426543027073222238e-06,3.183034930613265649e-07
-1.629724004482285397e-06,-4.580157289812755289e-07
-1.842982964155819554e-06,-1.051015164317133507e-06
-2.552930055896484443e-06,3.639821916765299939e-07
-2.045532243556914750e-06,-2.232312749249207604e-07
-2.246572101020016372e-06,3.556834339731003334e-08
-2.990326473497002280e-06,2.108913998103169248e-07
-3.385331190978305130e-06,-6.739670638636819947e-08
-2.019312001425737077e-06,-7.383086506356745346e-07
-1.968032840665772720e-06,-1.130933074391263110e-06
-2.609832832637242018e-06,-2.958094371440266988e-07
-3.393942337793371686e-06,-4.851144163893086368e-07
-3.522947505669576189e-06,-9.359490861414305534e-07
-2.305088421624194665e-06,-1.011841774134144518e-06
-2.032027671793238190e-06,-1.318573751573877245e-06
-2.095037181942899649e-06,-1.868452149658046072e-06
-3.042541810945114631e-06,-9.704920553622121929e-07
-2.225287312776904370e-06,-2.457996977701256836e-06
-3.753265095876689939e-06,-1.410025785436392741e-06
-2.569140597332811828e-06,-1.869803484358488709e-06
-3.328949116174230743e-06,-1.914513501639189912e-06
-2.458124432067965845e-06,-3.044956700095141828e-06
-4.103900231532391858e-06,-1.915866453778890325e-06
-3.877479939204507536e-06,-2.463570591178769007e-06
-3.276899147717492702e-06,-2.827874110611507346e-06
-2.774964658768127617e-06,-3.657566597430435242e-06
-3.210895633424368774e-06,-4.266848205245973089e-06
-4.595452898077094725e-06,-2.412591727083161004e-06
-4.279081079464799069e-06,-3.136020542668793816e-06
-3.895720716862913124e-06,-4.035559864735510097e-06
-3.729171484394522659e-06,-4.862084212978590198e-06
-5.210850249716334705e-06,-2.880771676199400633e-06
-5.038408239250207432e-06,-4.042312368495296803e-06
-4.356857638450485599e-06,-5.401364380602439936e-06
-5.095632043044784592e-06,-5.893534204842315368e-06
-5.913608473563410044e-06,-6.328773184745230176e-06
-5.966949916723585318e-06,-4.305526999558144639e-06
-5.953317173196297096e-06,-3.294055437226950158e-06
-5.776468500357831783e-06,-5.361847385953380796e-06
-6.823167524942950631e-06,-6.658064181921445027e-06
-7.806114848295815425e-06,-6.894526804497786914e-06
-6.744177132174916753e-06,-4.535280449553874981e-06
-6.822477381470538144e-06,-3.594555129760667807e-06
-8.831464918821145996e-06,-7.012602794206852399e-06
-7.659361192952690705e-06,-5.450021341037954416e-06
-7.786454663149859908e-06,-3.759149498955580557e-06
-9.052392513166703054e-06,-5.616426983653060147e-06
-1.002327307655583105e-05,-7.082068511705358368e-06
-8.812057374771078278e-06,-3.789754482923238771e-06
-1.172167918182380192e-05,-7.150874726558766902e-06
-1.035210001134397044e-05,-4.804501787271387807e-06
-1.001973438205502704e-05,-3.720503173698546555e-06
-1.419278129002531652e-05,-7.254169948682196712e-06
-1.294063839354254924e-05,-5.256778235940493864e-06
-1.172369716884620368e-05,-3.631538701926182219e-06
-1.764195942939270303e-05,-7.362162093346312840e-06
-1.588697399513680546e-05,-5.396190122525642026e-06
-1.419353893913280422e-05,-3.532347165758973637e-06
-2.140984457063049075e-05,-7.451431627483233977e-06
-1.949861463086475022e-05,-5.395122929683924766e-06
-1.764214109738939580e-05,-3.428000013170817732e-06
-2.532856157968001130e-05,-7.527266932717060637e-06
-2.334562706064119552e-05,-5.394682206235199270e-06
-2.140987793068514544e-05,-3.338199293258406827e-06
-2.937876120260591095e-05,-7.593557443259637958e-06
-2.733304967214537166e-05,-5.394357270519528268e-06
-2.532878677148890322e-05,-3.261590271312909008e-06
-3.354533306526269844e-05,-7.651489307751248550e-06
-3.144383898000593507e-05,-5.394081436123115126e-06
-2.937906414303871418e-05,-3.194861210460694660e-06
-3.781293410483437927e-05,-7.700399476774263716e-06
-3.566370128862385926e-05,-5.393817565150610090e-06
-3.354557254651600108e-05,-3.136473624749131600e-06
-4.216345304288023847e-05,-7.739101267464396598e-06
-3.997597052729481078e-05,-5.393508119825821997e-06
-3.781311420376656617e-05,-3.086993798487265440e-06
-4.657698168085329528e-05,-7.766939718877047131e-06
-4.436143002402820432e-05,-5.393202706475333458e-06
-4.216358034069436718e-05,-3.047619352495248042e-06
-5.103224272037175754e-05,-7.784212154938043870e-06
-4.879939182910055613e-05,-5.393080166523365064e-06
-4.657701809741620285e-05,-3.019274344641268042e-06
-6.062882273659185659e-05,-7.529821355815602898e-06
-5.999232854319013495e-05,-7.793439084639356248e-06
-5.303565644067392972e-05,-5.393160439068234907e-06
-5.550933139370941682e-05,-7.792180123539369101e-06
-5.103227215408599217e-05,-3.001944445827839369e-06
-6.089247509218464728e-05,-6.893375341305858677e-06
-5.938607964402018981e-05,-5.393139913265645122e-06
-5.550943491649042871e-05,-2.994225651275744421e-06
-6.089261003814014643e-05,-3.892816412993450270e-06
-5.999247801509010046e-05,-2.992748876789586333e-06
-6.062896730069023321e-05,-3.256365670802302459e-06
