Size 192,2
4.564842667632699504e-06,7.855106399014312951e-07
4.614450660903435802e-06,9.052544537279250698e-07
4.614505994328708889e-06,1.469846801242283966e-06
4.564904294015060060e-06,1.589596112830125400e-06
4.445085645748071050e-06,7.359129091218196904e-07
4.220394708788002519e-06,1.187553666010355110e-06
4.445152300888338928e-06,1.639197341575042730e-06
3.601480198538511053e-06,7.361656305010539593e-07
3.601620133157442288e-06,1.638999571699542837e-06
3.135506664292028074e-06,1.187602531229624110e-06
2.758127378649120212e-06,7.385709259925809437e-07
2.758424070437082547e-06,1.636706552051495350e-06
2.338125033510483220e-06,1.187571036347319334e-06
1.922331971471112352e-06,7.460973815112111376e-07
1.922685451701292123e-06,1.629243798341685953e-06
1.509720175369871278e-06,1.187583012596643726e-06
1.106326819919536939e-06,7.603373504398408235e-07
1.106602001564100519e-06,1.615000341864264207e-06
7.080347319028577427e-07,1.187528465193654056e-06
3.236300214683243216e-07,7.814293778612447770e-07
3.236788110400912064e-07,1.593831112471223152e-06
-5.383428420197376422e-08,1.187574635057203382e-06
-4.136711972543323086e-07,8.087633915385753806e-07
-4.136039976478498589e-07,1.566398794820675204e-06
-7.645037367616754748e-07,1.187544233017914649e-06
-1.094208522225692816e-06,8.423367389384625669e-07
-1.094335636696169540e-06,1.532887353063006271e-06
-1.412955706731966389e-06,1.187614525428333902e-06
-1.706105672966408999e-06,8.830574578536658579e-07
-1.706207051828366379e-06,1.492113966583269771e-06
-1.985925388012229562e-06,1.187641945483101086e-06
-2.235260534084321915e-06,9.318387960465188756e-07
-2.235117404186857188e-06,1.443154305039664595e-06
-2.468413912081292732e-06,1.187525637165588161e-06
-2.665980442716451346e-06,9.896306867094472169e-07
-2.665725017108126467e-06,1.385103611105715169e-06
-2.837864385456997410e-06,1.187913199867690186e-06
-2.970649497185823640e-06,1.055760736156138661e-06
-2.970825244169740413e-06,1.316817022254212751e-06
-3.059167592362629671e-06,1.181169264013275030e-06
-3.111057576735638382e-06,1.116469812524552890e-06
-3.112821507842092056e-06,1.254157028141867822e-06
-3.155392190107085443e-06,1.169080917517855273e-06
-3.163798324258299259e-06,1.175174035974395713e-06
-3.158086306909219537e-06,1.214286648285966178e-06
-3.158494969522076149e-06,1.171689368422829651e-06
8.232015830952829856e-07,-3.471863412754584387e-07
8.397410818046507318e-07,-3.868057023696624701e-07
8.397238164609447188e-07,-5.350247829497599035e-07
8.232440533950187285e-07,-5.743995433553644061e-07
-3.162415175180128847e-06,1.206116958101779776e-06
-3.134394635790298816e-06,1.238302235608956151e-06
-3.173493328738142335e-06,1.182643952321392143e-06
-3.149159603015379107e-06,1.124643230912411299e-06
7.837185095396137977e-07,-3.309065722190794559e-07
7.436745863203227681e-07,-4.935786295517275161e-07
7.838680076966595196e-07,-5.910128686517143731e-07
-3.135965935438200968e-06,1.219679393845038868e-06
-3.086870765274076756e-06,1.273314378008202466e-06
-3.011610894702247508e-06,1.286877800428279823e-06
-3.127558184244313378e-06,1.154463143348527319e-06
-3.104165247434256957e-06,1.057867148438926451e-06
5.152747831922891517e-07,-3.277895532021783658e-07
5.146568872550827158e-07,-5.970661370128663792e-07
3.756675714145140535e-07,-4.630943346368746479e-07
-2.908234017134134446e-06,1.294528308726347523e-06
-3.012243993148364979e-06,1.224102346638278603e-06
-3.043890625271393133e-06,1.106320469329598443e-06
-3.037313648657983746e-06,9.643517516747591795e-07
2.247478589064473947e-07,-3.039620487486810345e-07
2.244886958513622101e-07,-6.232507165203540206e-07
5.263014842515676250e-08,-4.640664372576625437e-07
-2.790957445844400099e-06,1.271873267604620335e-06
-2.649548360519033294e-06,1.217411178789889648e-06
-2.914483378221015308e-06,1.077187832382221020e-06
-2.955403944564424660e-06,8.466950422863950670e-07
-1.445086426359604751e-07,-2.510088891915066474e-07
-1.447438083315790483e-07,-6.779479841109824903e-07
-2.683567691484521722e-06,1.094906068969527126e-06
-2.492814089387645742e-06,1.140489438669900084e-06
-2.749641473619681992e-06,9.149772837501051628e-07
-2.867857029488175132e-06,6.852038969395256288e-07
-3.617077855819546081e-07,-4.647853127953546824e-07
-6.194342619092008579e-07,-1.739918855931365884e-07
-6.193141859234249881e-07,-7.563424338720873808e-07
-2.341491073438909245e-06,1.026319095135280208e-06
-2.178417707413825717e-06,8.601756419843091225e-07
-2.016961811922617914e-06,6.650761604487100034e-07
-2.606654740755443381e-06,7.213101969701765174e-07
-2.786093341341833465e-06,4.732746600037265928e-07
-8.266983086637332847e-07,-4.646353805342870285e-07
-1.080745342217026600e-06,-9.762466978414435682e-08
-1.080141243962990532e-06,-8.348948392559515035e-07
-2.283264139249942751e-06,6.746466383395030373e-07
-1.880060493589371828e-06,4.262711991399248928e-07
-1.518077828054150136e-06,-3.136136014418846745e-08
-1.658477656770415144e-06,2.879417605348153734e-08
-1.748850040353786742e-06,1.429258124322116359e-07
-2.496917594905122310e-06,4.383494444418478540e-07
-2.731028721359954787e-06,2.133036472094724973e-07
-1.309968351932726659e-06,-4.121698550269625618e-07
-1.478149672538891108e-06,-8.886810451711768021e-07
-2.060019460913635194e-06,2.477348618390121936e-07
-1.647400707354433120e-06,-2.213380101005507018e-07
-1.812591848609107626e-06,-1.294983121275385875e-08
-2.399073859545153552e-06,1.292210789063158911e-07
-2.712909739854518354e-06,-9.208030531967847560e-08
-1.620990580749375499e-06,-6.360614716780367800e-07
-1.575548758919930552e-06,-9.532600681822948667e-07
-2.099632012941788254e-06,-2.744531064957681358e-07
-2.727811570387040479e-06,-4.269623971333097703e-07
-2.843284910616881023e-06,-7.932541952815682139e-07
-1.848074487375329009e-06,-8.552686207687810574e-07
-1.623937406046225323e-06,-1.107075399721603644e-06
-1.668633763150306180e-06,-1.561822858076228449e-06
-2.449686358293269367e-06,-8.184873482554358421e-07
-1.769216115593100145e-06,-2.055814921901229603e-06
-3.041639255671806833e-06,-1.180168403143194721e-06
-2.058351324779438120e-06,-1.560920152003242230e-06
-2.690168108617891503e-06,-1.597971705670892815e-06
-1.958750261455542029e-06,-2.550036221953908321e-06
-3.342147936221223384e-06,-1.598863126451055972e-06
-3.153363982387092105e-06,-2.057786149941032917e-06
-2.645551676056461695e-06,-2.365617547812977219e-06
-2.220524973630790963e-06,-3.071384253405268724e-06
-2.587155494024408631e-06,-3.593463089275567585e-06
-3.764742685514319543e-06,-2.013043800709410527e-06
-3.495565638938413521e-06,-2.626993420899151161e-06
-3.168130049512841444e-06,-3.395923625331015399e-06
-3.025566230359173299e-06,-4.107625810161355214e-06
-4.294871631795503973e-06,-2.406492565324888154e-06
-4.146746420259209739e-06,-3.402229836036321653e-06
-3.561172000213192648e-06,-4.575064210934038496e-06
-4.196641389389731591e-06,-5.004820608283332660e-06
-4.903704477692181128e-06,-5.389018809624628702e-06
-4.948897906336804849e-06,-3.628702090608762837e-06
-4.937050770325114600e-06,-2.756325657796971164e-06
-4.783080191568344527e-06,-4.545146161083483524e-06
-5.694276383116017508e-06,-5.681153826698141418e-06
-6.553899286642770317e-06,-5.894610365726832700e-06
-5.623760922648265406e-06,-3.826775441794340402e-06
-5.692966893119972511e-06,-3.009400375228225112e-06
-7.452962045810950940e-06,-6.004504062091413892e-06
-6.421979956390040266e-06,-4.625825769660786094e-06
-6.535139234779087491e-06,-3.144624166259329435e-06
-7.645903279176539100e-06,-4.773094903955544563e-06
-8.505199756578622468e-06,-6.074127689992756459e-06
-7.434271107827677851e-06,-3.165210286115984681e-06
-1.001231203049246798e-05,-6.144355931977108733e-06
-8.793135403553341560e-06,-4.054323100764452131e-06
-8.501594590646294731e-06,-3.096019333311611796e-06
-1.222712745760503751e-05,-6.252695733959749268e-06
-1.110001037705772220e-05,-4.454807613541245247e-06
-1.001456545481500669e-05,-3.004876336952350001e-06
-1.535349398417120890e-05,-6.368077455483423008e-06
-1.375746144970704912e-05,-4.579373009662426742e-06
-1.222819731504089028e-05,-2.900116862681886037e-06
-1.879871055878975031e-05,-6.461242826422900039e-06
-1.704736619447937365e-05,-4.578274224347227978e-06
-1.535388881423755542e-05,-2.788369174275453468e-06
-2.239604448203095372e-05,-6.532650145467273386e-06
-2.057507226116625035e-05,-4.577948734493366835e-06
-1.879878180675098595e-05,-2.694883959266535185e-06
-2.610744600778154865e-05,-6.584325930468596882e-06
-2.423566200642396067e-05,-4.577614675794068815e-06
-2.239613259425266573e-05,-2.622929154079941696e-06
-2.989831884696430770e-05,-6.618719523126115193e-06
-2.799225698228758428e-05,-4.577078881270881691e-06
-2.610765409682654688e-05,-2.570384647819374238e-06
-3.373879867886642501e-05,-6.638746574852418626e-06
-3.181244887653122050e-05,-4.576592003063426086e-06
-2.989846348076317562e-05,-2.534945905952111242e-06
-3.760454488188357837e-05,-6.647390162539390343e-06
-3.566919803873992104e-05,-4.576186331949778026e-06
-3.373893465915640745e-05,-2.514008794821247904e-06
-4.147700141255397557e-05,-6.648248092852291015e-06
-3.954080518902721282e-05,-4.575881620569787546e-06
-3.760463712144740471e-05,-2.504668624087667519e-06
-4.534526926578815397e-05,-6.645343628985004455e-06
-4.341228587052805221e-05,-4.575618154378922168e-06
-4.147709817336931202e-05,-2.503234440353458817e-06
-5.361011869504398385e-05,-6.414479827532106882e-06
-5.306236174081548529e-05,-6.641399251625802753e-06
-4.707573493858440875e-05,-4.575532993538763990e-06
-4.920621582552861469e-05,-6.642284831425492230e-06
-4.534529213166754383e-05,-2.505771465662854889e-06
-5.383700251269428954e-05,-5.866674644450022690e-06
-5.254109312468135078e-05,-4.575592957107372906e-06
-4.920618992073469330e-05,-2.508820814792978616e-06
-5.383699772800963070e-05,-3.284517529070072510e-06
-5.306235008033952186e-05,-2.509783481642468342e-06
-5.361011185077516625e-05,-2.736706216539276745e-06
