Size 192,2
-1.259328931540893023e-04,1.736002224229202967e-05
-1.264359900366169155e-04,1.614555915047780990e-05
-1.264356997398216598e-04,1.042016393539438693e-05
-1.259325666105841758e-04,9.205688026526144031e-06
-1.247183282716869679e-04,1.786304719477531446e-05
-1.224396978005127504e-04,1.328283362112157887e-05
-1.247179566927142174e-04,8.702660398203876003e-06
-1.161657597322975771e-04,1.786138738715258609e-05
-1.161653231330915021e-04,8.704624810753269423e-06
-1.114455746812320191e-04,1.328331955779161841e-05
-1.076204631032793874e-04,1.785339491914051082e-05
-1.076197336912805688e-04,8.713729125146333184e-06
-1.033533474020361726e-04,1.328375338623828549e-05
-9.909838223735323857e-05,1.783553686493091002e-05
-9.909773985966336546e-05,8.732650816436819698e-06
-9.484957080329896784e-05,1.328443581945149635e-05
-9.062057654728138936e-05,1.780648333676225110e-05
-9.061985901401144693e-05,8.763143346607752399e-06
-8.640137698407672885e-05,1.328507433057511412e-05
-8.220945548646500420e-05,1.776547035951556454e-05
-8.220876648156811217e-05,8.805399063093465953e-06
-7.803076959702221491e-05,1.328572665904284457e-05
-7.388613081030749531e-05,1.771316779940952419e-05
-7.388530009147756153e-05,8.858903447994401765e-06
-6.975808059683146021e-05,1.328616478887570894e-05
-6.567163549594010703e-05,1.764809022058369734e-05
-6.567121080868593922e-05,8.924794452724321031e-06
-6.160627570935089091e-05,1.328641509726157943e-05
-5.759171909526296802e-05,1.756708712520678499e-05
-5.759197547039494809e-05,9.006182105100853720e-06
-5.360415478178973136e-05,1.328660508310389610e-05
-4.967890947781867264e-05,1.746687613855353778e-05
-4.967934260885615135e-05,9.106510754678601098e-06
-4.578719601857494129e-05,1.328669110746283259e-05
-4.197062114810918442e-05,1.734438158084404208e-05
-4.197036199840526387e-05,9.229654347405115110e-06
-3.834503967821892138e-05,1.328580895362784168e-05
-3.480574105878313446e-05,1.719897199639306527e-05
-3.480454547985510660e-05,9.381224787370622957e-06
-3.217567182310189982e-05,1.358337618369986261e-05
-2.957897026811637405e-05,1.705862511184312957e-05
-2.957486885142707924e-05,9.526885303405982838e-06
-2.591152100537855583e-05,1.693180291570911303e-05
-2.658787935445032451e-05,1.454534919599055097e-05
-2.590482598577681673e-05,9.623011665099593591e-06
-2.331644307785209942e-05,9.727505514725082997e-06
3.313697068684242623e-06,9.070080760494154015e-07
3.379220834404503715e-06,7.492679415905341463e-07
3.378792471336566483e-06,1.623835220844169644e-07
3.313622695701471795e-06,7.130358061913718553e-09
-2.330669872936180835e-05,1.684074184355033237e-05
-2.102489839229872582e-05,1.662706410525653932e-05
-2.275764589357578499e-05,1.240066569552241465e-05
-2.099375139645293895e-05,9.639342474603691284e-06
3.156685482297311371e-06,9.723451762932317610e-07
2.998777754456380473e-06,3.287993385514924187e-07
3.158193166759365549e-06,-5.753015010419540996e-08
-2.027662686167939994e-05,1.445227965917851527e-05
-1.882321566045373447e-05,1.613947156006800444e-05
-1.675149236156766048e-05,1.544421228354966939e-05
-1.959155045120617767e-05,1.153673444656967860e-05
-1.883100474237688757e-05,9.197775942893756583e-06
2.093535698490142024e-06,9.905274766744792258e-07
2.092919335412925861e-06,-7.550622239607171864e-08
1.542013397294694637e-06,4.576115953208579284e-07
-1.484107010697439014e-05,1.451115747448239689e-05
-1.645495803514597123e-05,1.326562747025800582e-05
-1.716049954205808072e-05,1.059824531061259186e-05
-1.686389998509356142e-05,8.438978856713751008e-06
9.440678520747206403e-07,1.090222703279375860e-06
9.442603533910507294e-07,-1.745854077927103076e-07
2.631750738164448662e-07,4.579380133381925966e-07
-1.308354711230430165e-05,1.341359116169165090e-05
-1.153247496776243431e-05,1.217071940919917111e-05
-1.472459590904698651e-05,1.019849935543029120e-05
-1.513973132052683350e-05,7.386365357247012309e-06
-5.191308508122822858e-07,1.306017606518462080e-06
-5.192274072379422903e-07,-3.902039965810492791e-07
-1.192830476580491341e-05,1.031545443150121326e-05
-1.019075868193410396e-05,1.077698463950316148e-05
-1.257526313475136990e-05,8.289922166623190272e-06
-1.369360857405101048e-05,6.131763849070619614e-06
-1.381776071715902047e-06,4.580394219718587713e-07
-2.408494453491070735e-06,1.617360826268184346e-06
-2.406781662894639749e-06,-7.043326844640670673e-07
-9.027194734890885012e-06,9.290566666345628015e-06
-8.105410928159659969e-06,7.773513369956589766e-06
-7.404842739324790497e-06,6.187952565576552953e-06
-1.126843332963697689e-05,6.516798976535595562e-06
-1.254691488014263513e-05,4.744702192491996526e-06
-3.233569552505986492e-06,4.614318752110317956e-07
-4.246627848678704987e-06,1.923448369885673420e-06
-4.247819169953107504e-06,-1.025634298183907244e-06
-8.958231555660599576e-06,6.175107572188717575e-06
-6.886655757532341553e-06,4.592485170764298859e-06
-5.900731268283835260e-06,2.182180781400504809e-06
-6.371061534714933382e-06,2.446364776960862857e-06
-6.607689853594239140e-06,2.993324112113223747e-06
-1.036812370079896964e-05,4.546033397344404541e-06
-1.169033405693973010e-05,3.292315675429492308e-06
-5.156615797595439937e-06,6.769997837619006246e-07
-5.942928768939980893e-06,-1.260605949060149853e-06
-7.966544298372203481e-06,3.473222545042569324e-06
-6.421508060874286514e-06,1.400816767111710879e-06
-6.980912751658243418e-06,2.259064150800033921e-06
-9.741461035825773303e-06,2.846089341409542477e-06
-1.114407071356215768e-05,1.842946658114592568e-06
-6.485648483177984499e-06,-2.735373400986213021e-07
-6.439476901122829826e-06,-1.510847831209021658e-06
-8.306262355605740702e-06,1.023464576883565753e-06
-1.093874858906633787e-05,4.177798747289116541e-07
-1.101566258716718584e-05,-9.570483054804299964e-07
-7.492373024460213349e-06,-1.186388308376133372e-06
-6.734422614021579363e-06,-2.036227143702496491e-06
-7.104910851260610037e-06,-3.464458289997462003e-06
-9.653271069903464349e-06,-1.147466267591797094e-06
-7.638536402281084837e-06,-4.818787138850495684e-06
-1.138331070327471089e-05,-2.335384569110095168e-06
-8.404053805748125508e-06,-3.523442300636345502e-06
-1.028726516864204888e-05,-3.629375530749585085e-06
-8.316682667305115928e-06,-6.098611874385685463e-06
-1.199657556460689352e-05,-3.630917485049843276e-06
-1.144430142494774679e-05,-4.885675357966251932e-06
-1.017884037398655503e-05,-5.661810726547498268e-06
-9.135063218454359679e-06,-7.294156215974634719e-06
-1.008604662449029085e-05,-8.391180547446169596e-06
-1.283371771593946927e-05,-4.812017344864500533e-06
-1.220409448603566970e-05,-6.268376496979125472e-06
-1.146851064778311812e-05,-7.950632070566506887e-06
-1.115655455157780610e-05,-9.376645055099841255e-06
-1.386624340530328196e-05,-5.834258054286934821e-06
-1.354440837534039953e-05,-7.934714918084563253e-06
-1.233471145988926346e-05,-1.023487101614047019e-05
-1.360696883891715473e-05,-1.095627802415355473e-05
-1.495552593077086779e-05,-1.153156558421135202e-05
-1.507218008730689079e-05,-8.379662107330746330e-06
-1.506503640311307359e-05,-6.665621719967992517e-06
-1.477033738877089353e-05,-1.007225448093825093e-05
-1.636478856159925285e-05,-1.194924099517140012e-05
-1.781636153933433548e-05,-1.220550851872420221e-05
-1.628383695798459022e-05,-8.760857967511415562e-06
-1.639587701339857427e-05,-7.277484174465777245e-06
-1.928983747476170681e-05,-1.229481521924365056e-05
-1.765162403572822022e-05,-1.013194186679238023e-05
-1.781802489191073162e-05,-7.650291936803315688e-06
-1.961563339763257245e-05,-1.035183903911359769e-05
-2.091697768554804055e-05,-1.230087191315468549e-05
-1.928799354927827068e-05,-7.773608071581668267e-06
-2.316034729089626865e-05,-1.230646446895046171e-05
-2.138788131705437329e-05,-9.246903191343005746e-06
-2.091664493274551491e-05,-7.767681972187091377e-06
-2.625246592681040731e-05,-1.231324995351620173e-05
-2.472076618955158000e-05,-9.856378810780214102e-06
-2.316042576108787624e-05,-7.760793207502561495e-06
-3.034241832264784848e-05,-1.231797296897868626e-05
-2.829630108915552844e-05,-1.003435655034018553e-05
-2.625245750786851955e-05,-7.754793159010023917e-06
-3.460905171148036702e-05,-1.231973454051654812e-05
-3.247529551356849366e-05,-1.003446197921136146e-05
-3.034238579247480806e-05,-7.750791705022797316e-06
-3.887631035294267760e-05,-1.231979193914719131e-05
-3.674271316692289774e-05,-1.003463102155413764e-05
-3.460893473752493603e-05,-7.749352062528713558e-06
-4.314207839965048820e-05,-1.231873724830975224e-05
-4.100956536018707829e-05,-1.003480106007476852e-05
-3.887621205235337689e-05,-7.749563684760472394e-06
-4.740470959271857740e-05,-1.231702992097899485e-05
-4.527403828796034753e-05,-1.003500401012815989e-05
-4.314206192560787880e-05,-7.751001641029179768e-06
-5.166277136410978070e-05,-1.231494472653430612e-05
-4.953459687639284471e-05,-1.003532548700351783e-05
-4.740471602826782803e-05,-7.753294908583922181e-06
-5.591563852546187723e-05,-1.231345399102421625e-05
-5.378984239684330391e-05,-1.003579275208322827e-05
-5.166264273126839587e-05,-7.756238419201798913e-06
-6.016639896512508982e-05,-1.231388099961699760e-05
-5.804089719512228648e-05,-1.003617969125319325e-05
-5.591551182339300340e-05,-7.758492546674723771e-06
-6.441890663177497756e-05,-1.231591001889468514e-05
-6.229197322409353566e-05,-1.003674668454674147e-05
-6.016608312072369605e-05,-7.758966847928249296e-06
-7.353880531172611731e-05,-1.206807621836035369e-05
-7.293399945544006859e-05,-1.231858194307882354e-05
-6.632490573061931350e-05,-1.003723717108459282e-05
-6.867535364564303195e-05,-1.231799242065040492e-05
-6.441872257846905628e-05,-7.758055651676734062e-06
-7.378932633853133331e-05,-1.146328963513256383e-05
-7.235810110437166103e-05,-1.003770639044003207e-05
-6.867525854239281934e-05,-7.756945105136702479e-06
-7.378933712558337105e-05,-8.612135471069835873e-06
-7.293397782652506029e-05,-7.756791722926191819e-06
-7.353880779446182758e-05,-8.007315078103554261e-06
