Size 192,2
7.114963400511402608e-05,-1.140326990270727085e-05
7.138466534337675393e-05,-1.083563385080946093e-05
7.138443450287524131e-05,-8.160232624581366143e-06
7.114936947261589245e-05,-7.592572581905540383e-06
7.058215791983561097e-05,-1.163842470676719572e-05
6.951817431621277132e-05,-9.497920540069805379e-06
7.058184516289016050e-05,-7.357410575024389458e-06
6.658731198151534713e-05,-1.164067088666921346e-05
6.658692122545934898e-05,-7.355413958424450688e-06
6.437885052949637312e-05,-9.498231830166642317e-06
6.258322327763770525e-05,-1.164916984198710294e-05
6.258270134955780785e-05,-7.347580856560189239e-06
6.057438965124018767e-05,-9.498428331273361190e-06
5.855777889709648754e-05,-1.166284149094013024e-05
5.855748608360080142e-05,-7.334607332956524622e-06
5.653556088703484239e-05,-9.498943682384972741e-06
5.450340059077301289e-05,-1.167942310346312118e-05
5.450293043353101019e-05,-7.318888863575091614e-06
5.246504981575359329e-05,-9.499377212984951911e-06
5.041652295696106716e-05,-1.169647858339733095e-05
5.041569663057547483e-05,-7.302342229559755085e-06
4.836185717241909697e-05,-9.499502587862302010e-06
4.629893819589283753e-05,-1.171074208721955460e-05
4.629779506455243727e-05,-7.288084102246356860e-06
4.423085303180522836e-05,-9.499355354286886344e-06
4.215764523534523884e-05,-1.171977616691982627e-05
4.215665222810770517e-05,-7.278898774409813059e-06
4.008170512364180569e-05,-9.499031932920737757e-06
3.800445812031275316e-05,-1.172196778338776605e-05
3.800428144307331854e-05,-7.276285252194042944e-06
3.592806704711057206e-05,-9.498809523218727132e-06
3.385390442794163345e-05,-1.171768021888300695e-05
3.385452366239670078e-05,-7.280304313318591397e-06
3.178340793441958523e-05,-9.498829213208140977e-06
2.971802015192915941e-05,-1.170841655791347699e-05
2.971888248120112676e-05,-7.289470269263341572e-06
2.774042701243268193e-05,-9.498995686933154009e-06
2.576865675603112478e-05,-1.169822153879170990e-05
2.576932782978041885e-05,-7.300340050897381034e-06
2.429287684019283786e-05,-9.670784173188302083e-06
2.279029694940844605e-05,-1.169085075657509539e-05
2.279055017357722876e-05,-7.308312427997151170e-06
2.062914100643361255e-05,-1.168635720492330383e-05
2.105088774627029725e-05,-1.024642112141348222e-05
2.062929134305559208e-05,-7.312307232939450423e-06
1.906095378641200951e-05,-7.315788962645846414e-06
-3.318976861674539062e-06,3.833148334419147353e-07
-3.384711550827094364e-06,5.411261717622461760e-07
-3.384435030455297534e-06,1.130076516312469958e-06
-3.318980819685643833e-06,1.286234277082107775e-06
1.906031591282699594e-05,-1.168413900265268748e-05
1.763641874557146682e-05,-1.160146137289672654e-05
1.874351750966927639e-05,-8.954872030593313533e-06
1.763969256488008713e-05,-7.194225731879006680e-06
-3.161800826897917374e-06,3.182440005282215787e-07
-3.002988382477704433e-06,9.644158838372208620e-07
-3.162745840058579176e-06,1.351758481240143129e-06
1.718524103392845176e-05,-1.025474868640745508e-05
1.623133302079898739e-05,-1.135784580407494595e-05
1.486395423550939250e-05,-1.095748200727449560e-05
1.675844157973183698e-05,-8.389491702468892522e-06
1.626372383003262101e-05,-6.827344113621684999e-06
-2.095156501807382000e-06,3.033213253847293339e-07
-2.093503754114419551e-06,1.373337243464903925e-06
-1.540918865781946587e-06,8.397702118610270228e-07
1.355066341204316265e-05,-1.040470405013928161e-05
1.468582925121838667e-05,-9.543192280451131770e-06
1.516168191140789058e-05,-7.749254387282612856e-06
1.497340813826602441e-05,-6.226224827924194423e-06
-9.409756689884733756e-07,2.062505435229703127e-07
-9.404076072962436221e-07,1.475598914414879473e-06
-2.573664242055314124e-07,8.421339166913172179e-07
1.230888749288320798e-05,-9.707133891457608705e-06
1.115415431832970796e-05,-8.873263545408596441e-06
1.349187365361088649e-05,-7.464031849756094476e-06
1.380764918008088047e-05,-5.409325887280133722e-06
5.267522996428688407e-07,-6.772136424172765871e-09
5.275942612592403361e-07,1.693703317489901458e-06
1.144636972069237708e-05,-7.563702103044071764e-06
1.010028719741973079e-05,-7.913654443701943989e-06
1.194092973586570777e-05,-6.061754701791557404e-06
1.280152566095555954e-05,-4.401184919166384724e-06
1.391663586183249219e-06,8.445161515130539525e-07
2.419896873950891782e-06,-3.164820975209015150e-07
2.419202399662205254e-06,2.010133702408374168e-06
9.161920980692045169e-06,-6.840895119761314684e-06
8.349164600848573651e-06,-5.666983801743372331e-06
7.669832638399150563e-06,-4.405142707841259985e-06
1.093047748950412667e-05,-4.690967027075061934e-06
1.198509583071434200e-05,-3.231862129511429682e-06
3.247056113211306922e-06,8.436071118754100569e-07
4.262634668627792485e-06,-6.232485823517373833e-07
4.262949168474993140e-06,2.332395911779636221e-06
9.028251034441576553e-06,-4.412771590409301551e-06
7.138625931015995240e-06,-3.066997334027245124e-06
5.959911056987598676e-06,-8.860619895033592253e-07
6.469339311755118042e-06,-1.141668623216421166e-06
6.758068114920539200e-06,-1.653444879684032870e-06
1.021669207140139079e-05,-3.057892720754055240e-06
1.138610712998953867e-05,-1.944928302773090115e-06
5.177243472580617684e-06,6.310362947158676929e-07
5.919405000536494527e-06,2.562752347447382778e-06
8.074859249310071082e-06,-2.109936823483501834e-06
6.480933252314144181e-06,-1.111452762080098668e-07
7.084122075369385350e-06,-9.621834687195776077e-07
9.684891561098291822e-06,-1.543089049064967083e-06
1.103303692659339781e-05,-5.846895437708803043e-07
6.475535907544443136e-06,1.562917859987241660e-06
6.373473681837960987e-06,2.818393542785630746e-06
8.342119271482512590e-06,1.999259890696399514e-07
1.093700485380205146e-05,8.106250818924907145e-07
1.117432616398572616e-05,2.229047091365019109e-06
7.446369721837520066e-06,2.465444008109345296e-06
6.628013253993774217e-06,3.384431652212286139e-06
6.921840678983933713e-06,4.982189675152113829e-06
9.718161478198873805e-06,2.382947095615111446e-06
7.405196547975960809e-06,6.599107758090521176e-06
1.172006384871748939e-05,3.685192407281666807e-06
8.334623992098885589e-06,5.016195578565632705e-06
1.049177296501988002e-05,5.141528748378235278e-06
8.121329067144199049e-06,8.172097260635926801e-06
1.257826789012037239e-05,5.145057369722357242e-06
1.194042747444517382e-05,6.645402658663742689e-06
1.035604971545990550e-05,7.610866301133233935e-06
9.039351692035036570e-06,9.737230879871034916e-06
1.020787276692998100e-05,1.124372217909234576e-05
1.376780124284701747e-05,6.530024697088311088e-06
1.295367519485538699e-05,8.402235395853373373e-06
1.198212803990883986e-05,1.065930267636254590e-05
1.156413679582411363e-05,1.266704525044249133e-05
1.524717756331754453e-05,7.786575701175248539e-06
1.481557934485087224e-05,1.066152779607420172e-05
1.314196408836597063e-05,1.393724094238461544e-05
1.493499294374806357e-05,1.506155533287942528e-05
1.688649123573934593e-05,1.602053469525326914e-05
1.702923247385665175e-05,1.129635505105302814e-05
1.700496135479085351e-05,8.857052833074697060e-06
1.658210956287640528e-05,1.378908582100562934e-05
1.900573843216728950e-05,1.673634432855956186e-05
2.125566580450067661e-05,1.722619567103631018e-05
1.884427318109592326e-05,1.184630607648044301e-05
1.902132090151310186e-05,9.639729182757285133e-06
2.357947615644706107e-05,1.744976073049649837e-05
2.094852920983832865e-05,1.395239534534541408e-05
2.122729212185858874e-05,1.008970892446379957e-05
2.408439645606098894e-05,1.431952900789684585e-05
2.623302144326058650e-05,1.755656121397876476e-05
2.354960641256887303e-05,1.020377452273978433e-05
2.997370766379441463e-05,1.766306687101721099e-05
2.697668609307456245e-05,1.251315687435292639e-05
2.622710203044394348e-05,1.009883454728522463e-05
3.532630094780411908e-05,1.782382829825802771e-05
3.263210428422259641e-05,1.351744813712597241e-05
2.997657254844275450e-05,9.963077188669229931e-06
4.268401358067872291e-05,1.799207547493910018e-05
3.895799094624626332e-05,1.382240124051974137e-05
3.532768755448620042e-05,9.810682183387320424e-06
5.061846500680765889e-05,1.812773649542281601e-05
4.660995436938348240e-05,1.382224405872824159e-05
4.268427668617565948e-05,9.650887142456840813e-06
5.877398408222377817e-05,1.823515997376137408e-05
5.466291206770667151e-05,1.382290548424614039e-05
5.061830424722850766e-05,9.517383662248167899e-06
6.710468935110854450e-05,1.831893553121612076e-05
6.291338152445479577e-05,1.382340754640486706e-05
5.877383832987992921e-05,9.411139063050451314e-06
7.556942820288858735e-05,1.838242496603429435e-05
7.131750598145197666e-05,1.382399082789252622e-05
6.710445396941670500e-05,9.328379230316472429e-06
8.413294358863505679e-05,1.842823743062035132e-05
7.983718137826189859e-05,1.382468354265322649e-05
7.556925397342962930e-05,9.266251305827863299e-06
9.276480759776815498e-05,1.845912927948908531e-05
8.843961777902839810e-05,1.382541068510040254e-05
8.413283479582579565e-05,9.221850902593264150e-06
1.014396087474865170e-04,1.847813442612582791e-05
9.709669133542059879e-05,1.382620384644989016e-05
9.276471715631486471e-05,9.192493414790190801e-06
1.101376742886365969e-04,1.848814647696863945e-05
1.057859221657241034e-04,1.382695233464709508e-05
1.014394324588958581e-04,9.174986798757982681e-06
1.287924804128112266e-04,1.798063907899859418e-05
1.275555279613875342e-04,1.849298464406425634e-05
1.140374211419707630e-04,1.382759541964075668e-05
1.188457728033050643e-04,1.849216392106849664e-05
1.101374605837308830e-04,9.166444863092660986e-06
1.293048446272548630e-04,1.674370997343312771e-05
1.263777329612726760e-04,1.382809800404576325e-05
1.188456344368979330e-04,9.163515735052583409e-06
1.293048349663004806e-04,1.091250877259945048e-05
1.275554738736118534e-04,9.163172555649004550e-06
1.287924581774338960e-04,9.675539018702398499e-06
