Size 192,2
-7.424928815017799416e-05,1.068620352497986459e-05
-7.452522126853109450e-05,1.002010123849471175e-05
-7.452511542668476658e-05,6.879765193032724293e-06
-7.424916957703721332e-05,6.213659953111628993e-06
-7.358313460570237445e-05,1.096210003313859498e-05
-7.233338738784237201e-05,8.449915614852128990e-06
-7.358300058105509138e-05,5.937763401430634768e-06
-6.889231341048795488e-05,1.096134072481628852e-05
-6.889221655128808142e-05,5.938720268561711417e-06
-6.630346019784829931e-05,8.450234199815162561e-06
-6.420458759023732790e-05,1.095822813430263826e-05
-6.420469372103359076e-05,5.942730162935421486e-06
-6.186360211310659360e-05,8.450557440267203127e-06
-5.952664581243839037e-05,1.095139894240081139e-05
-5.952746661667355778e-05,5.950458417516401540e-06
-5.719331155892985909e-05,8.451062540832529548e-06
-5.486598437987913436e-05,1.094102541746361430e-05
-5.486724452047740826e-05,5.961785273065606595e-06
-5.254359827418555171e-05,8.451626372229777227e-06
-5.022881547971454517e-05,1.092780032310548209e-05
-5.023007341898561126e-05,5.975738901910802455e-06
-4.791970615960691060e-05,8.452148735218631282e-06
-4.561975981710336437e-05,1.091237717345123394e-05
-4.562060951450594496e-05,5.992050224396654144e-06
-4.332567231865193228e-05,8.452597166502158680e-06
-4.104175645514554136e-05,1.089518148414075280e-05
-4.104215069213364836e-05,6.009934084975036799e-06
-3.876371470811699723e-05,8.452826280789262997e-06
-3.649740294006935826e-05,1.087539168163003823e-05
-3.649756489798428554e-05,6.030288547280968192e-06
-3.423780489078211462e-05,8.453033484292268846e-06
-3.199351587137100133e-05,1.084998347963310396e-05
-3.199329062811078031e-05,6.056031528251917058e-06
-2.975767575374471915e-05,8.453154592617931123e-06
-2.754352901632904437e-05,1.081499959945084062e-05
-2.754303493357688530e-05,6.091592059134910682e-06
-2.542938669239867936e-05,8.452840666597140982e-06
-2.334275301179939354e-05,1.076935422230738987e-05
-2.334216177948402284e-05,6.139184364866328412e-06
-2.178561381838703412e-05,8.631081710484447128e-06
-2.022465573559923402e-05,1.072357593015967148e-05
-2.022341364904752285e-05,6.186549641353141536e-06
-1.800054952655848116e-05,1.068132147679830324e-05
-1.842208323342444295e-05,9.218283594764730882e-06
-1.799822519283794493e-05,6.218223867375653497e-06
-1.640685215916681740e-05,6.253159690529020150e-06
2.576719580873377067e-06,-1.561551087333277265e-07
2.627747119376976447e-06,-2.787065791913804938e-07
2.627514239733206885e-06,-7.358964823425394510e-07
2.576708906432764960e-06,-8.570827706368619298e-07
-1.640377221905215318e-05,1.065050946551191861e-05
-1.498137343800739951e-05,1.054099881264087602e-05
-1.607355621308486425e-05,7.904455904770957113e-06
-1.497182385279607383e-05,6.166666708999839926e-06
2.454671678009106817e-06,-1.055910032871009373e-07
2.331419706774199066e-06,-6.071559827758599201e-07
2.455453384597098433e-06,-9.078848426252459353e-07
-1.452219129818858092e-05,9.190923850027462791e-06
-1.359479481683997090e-05,1.026493849260300619e-05
-1.226902053680298356e-05,9.846187889244592057e-06
-1.409459574121426145e-05,7.353736010403431174e-06
-1.361036419147982338e-05,5.849742953895891013e-06
1.626610516368223907e-06,-9.369059478182826952e-08
1.625369800228767152e-06,-9.244240559523394788e-07
1.196158405986001484e-06,-5.101307072564914228e-07
-1.102419457644079008e-05,9.276852756158607133e-06
-1.208676531340220587e-05,8.463550608116412961e-06
-1.254169894692476083e-05,6.743704854528544689e-06
-1.235414384987511563e-05,5.320496540512916433e-06
7.299992537416434557e-07,-1.794480247687210067e-08
7.296250657813952470e-07,-1.004051276261711493e-06
1.987331852279598790e-07,-5.119542937223420050e-07
-9.864146330722864121e-06,8.585590744757392190e-06
-8.815737985550962933e-06,7.783997215920230241e-06
-1.095571139192908112e-05,6.477852863792564556e-06
-1.123764448811452246e-05,4.595132612048669229e-06
-4.106911802114694242e-07,1.476034304481613204e-07
-4.114556601548028276e-07,-1.173801866269419457e-06
-9.081650437027522966e-06,6.560929243013662252e-06
-7.887071454270141091e-06,6.874857837867796552e-06
-9.522996042566403272e-06,5.196069101832934654e-06
-1.028867534118041937e-05,3.717373543847854181e-06
-1.083027420312401834e-06,-5.140326304243188941e-07
-1.882085559520310288e-06,3.874459828029980617e-07
-1.881538133516517782e-06,-1.419615286022763695e-06
-7.071876080625004066e-06,5.884551643096157277e-06
-6.398678287144043823e-06,4.842247375885667390e-06
-5.863075833411755984e-06,3.739223966031425804e-06
-8.624579669982508479e-06,3.977999424472682813e-06
-9.528229399734669070e-06,2.726083861624997494e-06
-2.524886388958759054e-06,-5.134291630347027746e-07
-3.313209919079518160e-06,6.238120002641319526e-07
-3.314013115498342713e-06,-1.669566032623141274e-06
-6.991892398537675001e-06,3.737375379526421387e-06
-5.455623557320630476e-06,2.602470500127413869e-06
-4.614903312026290005e-06,8.243803191090536588e-07
-4.995238281467476106e-06,1.025325661607187277e-06
-5.199261796560845331e-06,1.435282406269528178e-06
-7.998506745713196618e-06,2.581328635579267164e-06
-8.964057707486859576e-06,1.664035931315674224e-06
-4.022364168386613213e-06,-3.479273953895147111e-07
-4.615737792599192373e-06,-1.849639939469612617e-06
-6.236840606891832801e-06,1.798050910631607696e-06
-5.019315134500899292e-06,2.202866888184066737e-07
-5.470239223939117532e-06,8.827681023068313920e-07
-7.549045581458947989e-06,1.335112451526258281e-06
-8.615158693594408007e-06,5.746501267093052919e-07
-5.042181295504761540e-06,-1.078608443166741994e-06
-4.984854181293843391e-06,-2.045633087628174254e-06
-6.471826655396320197e-06,-4.722882264043386414e-08
-8.497950556797941878e-06,-5.190667344230379659e-07
-8.618787955915945006e-06,-1.602215825905677067e-06
-5.809146598637433634e-06,-1.782864979871426041e-06
-5.198179323587621599e-06,-2.468500639980568588e-06
-5.456286224369884641e-06,-3.640740918099085196e-06
-7.526765907582240046e-06,-1.735986712688755371e-06
-5.851043976151012248e-06,-4.790860854966591470e-06
-8.971414193779517129e-06,-2.701189072065954040e-06
-6.506947518486947501e-06,-3.677030909860647632e-06
-8.071211212531347498e-06,-3.766727125770139198e-06
-6.391526672151883070e-06,-5.894812172386837809e-06
-9.539623101095386868e-06,-3.768852823013029166e-06
-9.078844185754801952e-06,-4.835369027329552452e-06
-7.976858150586250813e-06,-5.508982896778520586e-06
-7.064113612884696781e-06,-6.961898162766662332e-06
-7.884085714570091385e-06,-7.967428595659424269e-06
-1.032182638665279115e-05,-4.762715357227469705e-06
-9.763860621195668004e-06,-6.049666126709858519e-06
-9.104382193185644757e-06,-7.571495735765588761e-06
-8.822432638884154625e-06,-8.896765488092612308e-06
-1.129095398526253133e-05,-5.644829791687151990e-06
-1.100001535633152863e-05,-7.566236437135397806e-06
-9.887069709771836626e-06,-9.717557290310245094e-06
-1.106974290422327859e-05,-1.042847269112925079e-05
-1.234221809506703193e-05,-1.101862108869993562e-05
-1.244267220510132904e-05,-7.983039906015398395e-06
-1.243081206380250007e-05,-6.380493691667451192e-06
-1.215398762988189760e-05,-9.596760959210262065e-06
-1.370137144057649270e-05,-1.145456663654000392e-05
-1.512672291366644124e-05,-1.174143375283021466e-05
-1.360864904741401209e-05,-8.342265582100422139e-06
-1.372006723814118609e-05,-6.919917353182327410e-06
-1.658840223606176091e-05,-1.186175382565518611e-05
-1.494538780591947947e-05,-9.681944301877001057e-06
-1.511680959299870342e-05,-7.238146419128522988e-06
-1.690808704024880614e-05,-9.907933065798472147e-06
-1.823601348911981079e-05,-1.190568791444600201e-05
-1.657640060607652529e-05,-7.329971640621219632e-06
-2.053986430480537307e-05,-1.195012092115034509e-05
-1.870317620236623226e-05,-8.786460657652055676e-06
-1.823351107457925633e-05,-7.287089347867700207e-06
-2.379557512943640023e-05,-1.201885423630447768e-05
-2.216501297404619317e-05,-9.407915636505452225e-06
-2.054104539691421988e-05,-7.230477645219664195e-06
-2.822066039215061280e-05,-1.209358021555319938e-05
-2.598704453165629323e-05,-9.594240810219787258e-06
-2.379602867714843178e-05,-7.165125690690249723e-06
-3.295414167059301189e-05,-1.215749560315638801e-05
-3.056787090230482908e-05,-9.594435644198851267e-06
-2.822059996316947481e-05,-7.094299446031474785e-06
-3.779509579860488851e-05,-1.221142048094270643e-05
-3.535780046790766335e-05,-9.595087255847873920e-06
-3.295388296222592523e-05,-7.031995588997637370e-06
-4.272697511536667107e-05,-1.225584820187148878e-05
-4.024717063010220660e-05,-9.595568572646465713e-06
-3.779497098808106109e-05,-6.979249653112447477e-06
-4.773231770821438809e-05,-1.229103200696957573e-05
-4.521868218436403121e-05,-9.596018178087823536e-06
-4.272682974679232212e-05,-6.935750659427550468e-06
-5.279343612836638649e-05,-1.231670125476064221e-05
-5.025494379660301440e-05,-9.596409809394509450e-06
-4.773219244870654393e-05,-6.901404461035937584e-06
-5.789291592334642501e-05,-1.233375889494765002e-05
-5.533801382492021024e-05,-9.596758713614195248e-06
-5.279331471356883194e-05,-6.876468411334351868e-06
-6.301584553668098721e-05,-1.234398500138170016e-05
-6.045141145823072852e-05,-9.597071227609456199e-06
-5.789283270957022330e-05,-6.860069681468664387e-06
-6.815141181603905237e-05,-1.234944521800102258e-05
-6.558208923705349347e-05,-9.597367163167733068e-06
-6.301572231778225269e-05,-6.850483912402880182e-06
-7.916772460663448340e-05,-1.204993376863677832e-05
-7.843720052786424634e-05,-1.235250523823791254e-05
-7.045405087734891048e-05,-9.597453099939408906e-06
-7.329331967574550123e-05,-1.235185342472682699e-05
-6.815140234402183340e-05,-6.845399097027898022e-06
-7.947031981085903886e-05,-1.131944073236588556e-05
-7.774156645819881516e-05,-9.597548319166616099e-06
-7.329329329336449375e-05,-6.843127399537313379e-06
-7.947030338061800072e-05,-7.875672981111625357e-06
-7.843717656542948096e-05,-6.842599505907570960e-06
-7.916770548569795982e-05,-7.145174458984267632e-06
