Size 192,2
5.003758840295856114e-05,-6.827147914703450051e-06
5.024133899063094443e-05,-6.335136489163271779e-06
5.024102992284430177e-05,-4.015920700957938441e-06
5.003724712122115294e-05,-3.523915201549381150e-06
4.954564977046237108e-05,-7.030955643526849655e-06
4.862300256523443420e-05,-5.175472781971218232e-06
4.954527744304022921e-05,-3.320110787193514039e-06
4.608232903612510502e-05,-7.031771560238209720e-06
4.608188952811472232e-05,-3.319310598941733177e-06
4.416827834106366591e-05,-5.175679206754448447e-06
4.261410847874381227e-05,-7.034929310404500579e-06
4.261362508159827840e-05,-3.316734807354688795e-06
4.087730491063918563e-05,-5.175844993272952672e-06
3.913962670782474755e-05,-7.037133421277315131e-06
3.913951180038300443e-05,-3.314976811951206857e-06
3.740084883554258016e-05,-5.176236925288973439e-06
3.566354325590248976e-05,-7.035753626802010351e-06
3.566307878646303805e-05,-3.316812427472920969e-06
3.392602381042192984e-05,-5.176362370983132274e-06
3.219369015888975629e-05,-7.028885536331438695e-06
3.219289019763160498e-05,-3.323633809145097978e-06
3.046298769376514149e-05,-5.176311630126695738e-06
2.874242544926849396e-05,-7.014322268131852333e-06
2.874145320968752988e-05,-3.338106288131804050e-06
2.702607948877321786e-05,-5.176120799387208449e-06
2.532548837315007570e-05,-6.989977530881752412e-06
2.532482663232086224e-05,-3.362227896768118007e-06
2.363306863455497120e-05,-5.175809651833692205e-06
2.196338565986531640e-05,-6.953462576696561127e-06
2.196330651805164570e-05,-3.398018775412493967e-06
2.030668464512102746e-05,-5.175320525789591456e-06
1.868057572244390810e-05,-6.903438573265118666e-06
1.868102684713301978e-05,-3.447107107787977859e-06
1.707224607439033803e-05,-5.174935082231229185e-06
1.550292973598847921e-05,-6.838913452470239613e-06
1.550325505455197250e-05,-3.510933166008718460e-06
1.401706448481414217e-05,-5.173976180417181010e-06
1.257648202359592188e-05,-6.761606694312033087e-06
1.257635098216401676e-05,-3.590308498443691393e-06
1.150937299750175740e-05,-5.293356079378204900e-06
1.046599616397671877e-05,-6.687640204419409079e-06
1.046394997342779208e-05,-3.666050564835734550e-06
9.001440117325338217e-06,-6.620749898880200577e-06
9.266299900583580045e-06,-5.675205248229619490e-06
8.997556733935844044e-06,-3.715911697365545374e-06
7.972997119057798957e-06,-3.770606088415187185e-06
-9.573303268031937262e-07,-8.401326740658791041e-07
-9.760803558159324981e-07,-7.947556481945487971e-07
-9.759018170608529352e-07,-6.269554857246821918e-07
-9.573135426384171214e-07,-5.827436183516268659e-07
7.968487849046120407e-06,-6.572511568917297506e-06
7.074579396397722842e-06,-6.477135365598984918e-06
7.747136288254450644e-06,-4.824241898513597218e-06
7.056506334593580795e-06,-3.751035028513329250e-06
-9.122425595540640898e-07,-8.590724703692133392e-07
-8.673804038726676663e-07,-6.751456915480389395e-07
-9.130329867185033169e-07,-5.645492112550858310e-07
6.777744220677795159e-06,-5.622854322148514617e-06
6.219157642093248138e-06,-6.272107167974486742e-06
5.424414618369237314e-06,-5.991633982605728690e-06
6.508694773303413588e-06,-4.491452017687888174e-06
6.214952069456569694e-06,-3.598885488860965209e-06
-6.080411020766828037e-07,-8.666619639749508901e-07
-6.085498605101843569e-07,-5.611302915088473067e-07
-4.503035779213683015e-07,-7.152287134210873117e-07
4.704234852345760969e-06,-5.618666834557929441e-06
5.306425373303632679e-06,-5.150624015941522701e-06
5.574229566005429296e-06,-4.136033104503416770e-06
5.458288769109217411e-06,-3.331456298626481098e-06
-2.778710714339255093e-07,-8.992446300172432724e-07
-2.787862483603307990e-07,-5.342502131697895952e-07
-8.158989724532179984e-08,-7.183051571955732762e-07
4.049630577754031702e-06,-5.190764480911642324e-06
3.486542487242660599e-06,-4.716861447689266404e-06
4.654680500389882147e-06,-3.987206228580627383e-06
4.803279498022617672e-06,-2.957159707884526319e-06
1.454984497901228528e-07,-9.661553617984724664e-07
1.446040599720558222e-07,-4.736793027183451370e-07
3.630704395610336136e-06,-4.025796029879770299e-06
3.013432891344401701e-06,-4.191444252483844088e-06
3.861934007429583390e-06,-3.289474225543322092e-06
4.260323863865712094e-06,-2.519971955693312167e-06
3.956505329929526862e-07,-7.215384954465020703e-07
6.953521121494183864e-07,-1.061399649829007040e-06
6.937222126658171546e-07,-3.838991634814041588e-07
2.609315944475749156e-06,-3.643001367350332912e-06
2.307183067993472025e-06,-3.103455570981111905e-06
2.093919133550490342e-06,-2.548682800963907951e-06
3.396592368222772699e-06,-2.658264395987614307e-06
3.833691322220528307e-06,-2.050888598209735588e-06
9.353837674689093483e-07,-7.255575127245713798e-07
1.231866175747810899e-06,-1.154179402216917862e-06
1.231727180657510298e-06,-2.906479471963645141e-07
2.605179294109237729e-06,-2.539682832642437212e-06
1.943890959921429607e-06,-2.007806843460640247e-06
1.705484879533567983e-06,-1.231859496845568261e-06
1.833202266696102309e-06,-1.312966842255965485e-06
1.888802062657594122e-06,-1.484694966717770747e-06
3.080182662715462643e-06,-1.984863780362811476e-06
3.511260449346856337e-06,-1.576537657621310927e-06
1.496986873364174562e-06,-7.914354724376111920e-07
1.739822973004584628e-06,-2.207628285113491988e-07
2.301350794393186043e-06,-1.633281347585971345e-06
1.858430516310510861e-06,-1.000473516667335179e-06
2.011624980159664356e-06,-1.256073578233866862e-06
2.869053022559024628e-06,-1.432249459771283611e-06
3.297077516936383829e-06,-1.124195800082907353e-06
1.895850618167249346e-06,-5.075932644721552653e-07
1.897210703454280275e-06,-1.487199909139724931e-07
2.420176245016237033e-06,-8.722346163111589146e-07
3.206117869156918800e-06,-6.959252078920645435e-07
3.184974032808477099e-06,-3.030084750637150211e-07
2.201762846924371652e-06,-2.366532861552431134e-07
1.994773552104172488e-06,-5.134258849552485007e-09
2.124023461332712628e-06,3.696233147276366666e-07
2.808694434457344670e-06,-2.369335935606536772e-07
2.294029511727617801e-06,6.983327834925499408e-07
3.245233960896431718e-06,8.169305657385875391e-08
2.475951526522549252e-06,3.935046321405024279e-07
2.957477463271236618e-06,4.191973129142541553e-07
2.482868969857278621e-06,9.970369175458567506e-07
3.360433615412141787e-06,4.188772374676810217e-07
3.220377743979182323e-06,7.229196995188539337e-07
2.932056205558283766e-06,9.013139182797618935e-07
2.696727258500956819e-06,1.251541342816428846e-06
2.918723238184214756e-06,1.466897155312077050e-06
3.513612082847761088e-06,7.121236236003212211e-07
3.376810257279290744e-06,1.031087445892651230e-06
3.222139479285228804e-06,1.375095188269924505e-06
3.158102316465809067e-06,1.642351583962022498e-06
3.699793001441623972e-06,9.510437820629807966e-07
3.633761776132841963e-06,1.365813439902566393e-06
3.399527475044290983e-06,1.787246108399815628e-06
3.637012364467286511e-06,1.894357138171031806e-06
3.875761197866631568e-06,1.964072355704729880e-06
3.903035228899558350e-06,1.447069560024737166e-06
3.905568399277815545e-06,1.132747563819303659e-06
3.852313940063817694e-06,1.735950965560518001e-06
4.104366587027974175e-06,2.010011422145622282e-06
4.323003632694000766e-06,2.026100780233049933e-06
4.101136757732611327e-06,1.515066899522444841e-06
4.117314785231498453e-06,1.267524743026571434e-06
4.534579898442198941e-06,2.019341520256344499e-06
4.310857123519299902e-06,1.727377346351471829e-06
4.330805254788709543e-06,1.355958218640504789e-06
4.583281332540501317e-06,1.754403679766291641e-06
4.747376745274257716e-06,1.998198464695974917e-06
4.540870072169230274e-06,1.393532729861486623e-06
5.022503382802088924e-06,1.978053562534169110e-06
4.814401748075867053e-06,1.609713606317773553e-06
4.748493795285927811e-06,1.415356841962226746e-06
5.361634916510526736e-06,1.949758944956207121e-06
5.201888459267728345e-06,1.688260624464662255e-06
5.021975726273222106e-06,1.442188292568762742e-06
5.760527801216731694e-06,1.921960319373246053e-06
5.568727428338697675e-06,1.709175329544794922e-06
5.361392657055736433e-06,1.470015677557972491e-06
6.132504565244255170e-06,1.898525472368963720e-06
5.953484191976279779e-06,1.709810577069173221e-06
5.760345362990080452e-06,1.497543886453049140e-06
6.463431162112319945e-06,1.875891891310369206e-06
6.304934184829811809e-06,1.710012597612258067e-06
6.132451664375437341e-06,1.521361838392506607e-06
6.751724764690638187e-06,1.852314096822855798e-06
6.615006605479089788e-06,1.710063160574598276e-06
6.463458086422113609e-06,1.544208528320880422e-06
6.994654491399417865e-06,1.828036963933577530e-06
6.880951172286443004e-06,1.710087226876586964e-06
6.751741781791546282e-06,1.567811653173296875e-06
7.191312063912698651e-06,1.804200351712464319e-06
7.100625756431984348e-06,1.710209107003895772e-06
6.994627671584873731e-06,1.592304187362389102e-06
7.344213077448318262e-06,1.782906791365275416e-06
7.274646436714084433e-06,1.710415043590453542e-06
7.191264083454375918e-06,1.616389470539225218e-06
7.459661421279395983e-06,1.765725562709383387e-06
7.407479870440574710e-06,1.710707887688274312e-06
7.344165206566044291e-06,1.638223897128463786e-06
7.547018805653598830e-06,1.753839051466233337e-06
7.507103291309088949e-06,1.711002356719577655e-06
7.459606012139998358e-06,1.655896958894621456e-06
7.690375657133410430e-06,1.742631082822786988e-06
7.681132920980852311e-06,1.746493688665465825e-06
7.580174048086019326e-06,1.711252690387641390e-06
7.617125335237460168e-06,1.747706229477842894e-06
7.546944301096777099e-06,1.668411220144412792e-06
7.694199633315078259e-06,1.733334626125103189e-06
7.672645767563636611e-06,1.711549335499516895e-06
7.617020924015562715e-06,1.675030140627146069e-06
7.694204512211681387e-06,1.689779883934876491e-06
7.681100716713826516e-06,1.676568328233326720e-06
7.690370595941363032e-06,1.680448436481665054e-06
