Size 192,2
5.965000093793465269e-05,-6.830003677682475130e-06
5.990658054123605415e-05,-6.210632397594635744e-06
5.990633331828426779e-05,-3.290561230500716394e-06
5.964971555488075361e-05,-2.671150611315586298e-06
5.903056792952087812e-05,-7.086539108459898895e-06
5.786836906716933153e-05,-4.750545300077451087e-06
5.903022305932858539e-05,-2.414598700683229988e-06
5.466892276041733793e-05,-7.085576219596870871e-06
5.466851394986038453e-05,-2.415608667954656952e-06
5.226179876087167452e-05,-4.750745488319369476e-06
5.031063648277545855e-05,-7.082325477759136261e-06
5.031020524896079652e-05,-2.418992967281631732e-06
4.813384517706215414e-05,-4.750607326088160448e-06
4.596099320588329431e-05,-7.075630029969711320e-06
4.596065686100804379e-05,-2.425069017389343807e-06
4.379016552315795726e-05,-4.750450802911071737e-06
4.162571083981680010e-05,-7.064829775708152377e-06
4.162497361368399805e-05,-2.435534233771969947e-06
3.946418420878443654e-05,-4.750222061513130171e-06
3.731405982841954418e-05,-7.046189857896603357e-06
3.731311153515975661e-05,-2.453815971622556228e-06
3.516987796977076629e-05,-4.749854951297608201e-06
3.304580638701438603e-05,-7.014211728425055415e-06
3.304487205236735398e-05,-2.485172063448459401e-06
3.093282518221541973e-05,-4.749274365718579204e-06
2.885071975482240975e-05,-6.964986586751826931e-06
2.884999865672236167e-05,-2.533373666178856662e-06
2.678592833751808287e-05,-4.748670441618103429e-06
2.476324170625499315e-05,-6.897442748351151779e-06
2.476287099538553767e-05,-2.599784367024518020e-06
2.276399262911571944e-05,-4.748050574844252112e-06
2.081782769768266447e-05,-6.811360532246435870e-06
2.081815269831524125e-05,-2.684603336941895048e-06
1.890099649022454646e-05,-4.747415050474007922e-06
1.704831139378305320e-05,-6.706032198940073536e-06
1.704857628347103012e-05,-2.788329056793804124e-06
1.530241927794984301e-05,-4.745803778169129073e-06
1.362880569711468284e-05,-6.583908146858980648e-06
1.362823050627023881e-05,-2.912908909060824286e-06
1.239415326246167523e-05,-4.882162680947080844e-06
1.120505811106803948e-05,-6.470868031487214970e-06
1.120169458777842730e-05,-3.028272461945229720e-06
9.548700704297958833e-06,-6.373267274021984010e-06
9.841364394116002570e-06,-5.311843623135681196e-06
9.543714983981405013e-06,-3.101355839287521171e-06
8.399027683349463892e-06,-3.178962211222265898e-06
-9.832543749702777809e-07,-2.119804321867855367e-07
-1.002511445588378357e-06,-1.656424688531974401e-07
-1.002366757284124216e-06,6.855026105615462881e-09
-9.832038518927177317e-07,5.251142023924904950e-08
8.391660503929052029e-06,-6.305292164847234922e-06
7.402981849940665462e-06,-6.187522889944941451e-06
8.141010253189519694e-06,-4.355435505590361837e-06
7.379355572205323548e-06,-3.172937545374776792e-06
-9.371276031929864662e-07,-2.311608040787505770e-07
-8.906719885964465407e-07,-4.197805256061522514e-08
-9.375018056683617301e-07,7.156599688257573925e-08
7.071187139295401248e-06,-5.237971065555413099e-06
6.462509602175187016e-06,-5.947664681278706797e-06
5.598611562887645079e-06,-5.631790867728946418e-06
6.775241112468369412e-06,-3.992040380531619484e-06
6.456192108315585710e-06,-3.022163449365676745e-06
-6.244942796620857514e-07,-2.362182984424558395e-07
-6.241446663840313057e-07,7.734812110607326202e-08
-4.621435367676699801e-07,-7.916925242529671187e-08
4.822798978173168381e-06,-5.215488025236443689e-06
5.467885054874983320e-06,-4.710909588944336409e-06
5.759301432128092738e-06,-3.609168137306709396e-06
5.634125098331010489e-06,-2.746625286342120973e-06
-2.862516529293606019e-07,-2.649860717049829088e-07
-2.861313465433555362e-07,1.072368628456418131e-07
-8.579547318935529089e-08,-7.846544209601169754e-08
4.123328483512816683e-06,-4.746829875663378495e-06
3.528722380409023382e-06,-4.234094803981829490e-06
4.769717917206231272e-06,-3.451776951569152844e-06
4.928810620405063140e-06,-2.355394661412398680e-06
1.442248208809139392e-07,-3.274884933739980961e-07
1.445854840352922393e-07,1.716479654053887856e-07
3.682490207208899552e-06,-3.493229429228735100e-06
3.033768126905625464e-06,-3.668756872486874716e-06
3.927903418442204163e-06,-2.711553417327663590e-06
4.349216188920771050e-06,-1.900766916725969416e-06
3.980791188767602619e-07,-7.748388831278426495e-08
7.001414428064626741e-07,-4.185100000853132710e-07
6.998404126727650348e-07,2.656966710327422682e-07
2.613453014558091871e-06,-3.085298784362181715e-06
2.304951752061652411e-06,-2.518264617874773241e-06
2.091171343666883338e-06,-1.937565108198529217e-06
3.440766904983202769e-06,-2.048668881682636192e-06
3.897165061427309414e-06,-1.416195919526765140e-06
9.430721126945422130e-07,-7.778210772174174512e-08
1.241310991940710805e-06,-5.082426252124317304e-07
1.242559585469435831e-06,3.629498572580474905e-07
2.617614657939178966e-06,-1.926543708276908883e-06
1.942837394932998925e-06,-1.377057356090199283e-06
1.716402543662765592e-06,-5.836462982969666076e-07
1.842604153268985979e-06,-6.650430240204547761e-07
1.895011836018303127e-06,-8.394035753865140614e-07
3.111903732546324602e-06,-1.349706578937906356e-06
3.556771059323082217e-06,-9.296651503038475216e-07
1.508966426279876889e-06,-1.414140787377611608e-07
1.757354570170517742e-06,4.366977531167936024e-07
2.312208200930680586e-06,-9.897283163597243461e-07
1.870812638014484735e-06,-3.496489426949414958e-07
2.021885254407910895e-06,-6.068355483863794224e-07
2.895006617814687715e-06,-7.827533895747570151e-07
3.330820862847279878e-06,-4.691915118135646736e-07
1.913676942880702923e-06,1.480165725661389321e-07
1.919156025705059446e-06,5.103614080314977647e-07
2.438632334087458285e-06,-2.147747778041301206e-07
3.234532847107740841e-06,-3.515071420507546753e-08
3.204907809356143330e-06,3.603380912797096745e-07
2.225793238763469515e-06,4.241549603509153631e-07
2.020863906525551054e-06,6.543401492538618948e-07
2.158429338760775208e-06,1.024314331879168827e-06
2.830972117753840742e-06,4.288871217880653819e-07
2.336568137465590012e-06,1.338079434413724865e-06
3.254722980880012043e-06,7.469216331396682306e-07
2.507363610514527881e-06,1.051209827330794274e-06
2.974186715961753423e-06,1.078234369421114878e-06
2.528288415515442429e-06,1.618960067031414511e-06
3.352606097249199507e-06,1.079635305456940037e-06
3.218162416198082878e-06,1.369845888547783209e-06
2.954116152349365042e-06,1.533664422051524309e-06
2.740100667064137563e-06,1.844572731654671725e-06
2.949398615359901161e-06,2.024968787589560819e-06
3.476484407771668149e-06,1.364933625336825776e-06
3.355782114177612051e-06,1.652164830527164656e-06
3.223027644048852843e-06,1.946123293827774799e-06
3.168929801311693150e-06,2.157190917793217397e-06
3.621602138652514905e-06,1.591827769574622692e-06
3.567516973910322180e-06,1.936588264697020879e-06
3.377873173120520374e-06,2.259534286383645144e-06
3.566246666162161418e-06,2.320889442843337885e-06
3.743098180323337003e-06,2.341145072736145257e-06
3.767908473441441479e-06,2.000892569483779288e-06
3.771286848479082620e-06,1.758564639193145467e-06
3.734382515789528704e-06,2.203014825084445172e-06
3.893415586280509639e-06,2.346738613598426772e-06
4.016468653447297032e-06,2.326482968747561770e-06
3.900756667477446668e-06,2.053111404097589369e-06
3.907674221449468143e-06,1.885406366438564430e-06
4.123067824712146896e-06,2.295208817128670836e-06
4.025883073947659375e-06,2.179048097498609014e-06
4.029198410382080737e-06,1.976786002989577697e-06
4.150329820375898038e-06,2.186874573047473827e-06
4.199060926516546194e-06,2.250609809370604446e-06
4.134407596998822723e-06,2.024537361488968144e-06
4.264312572434318108e-06,2.205920523083405574e-06
4.232127776039730568e-06,2.138928414649721195e-06
4.200746467934758847e-06,2.070592401997177573e-06
4.259888479689571957e-06,2.137036662780954046e-06
4.282165994610772955e-06,2.164788814304641630e-06
4.262274250833007161e-06,2.131523565292043917e-06
4.122516593094755321e-06,2.063975548750870865e-06
4.212158979746887019e-06,2.168353075396821378e-06
4.258667281850286176e-06,2.201503431106967839e-06
3.857500785483021922e-06,2.003641880868591687e-06
4.008724062312235492e-06,2.171061218923211687e-06
4.121650604219786235e-06,2.276222389575562826e-06
3.487816728402869618e-06,1.953077910822263697e-06
3.688600795981747774e-06,2.173152714832175141e-06
3.856827491640926066e-06,2.340693817354779545e-06
3.028334248937878518e-06,1.909643605679135340e-06
3.271844664253495764e-06,2.175022712466849139e-06
3.487187313726089640e-06,2.395148952697496758e-06
2.490452566768253596e-06,1.871899294603881347e-06
2.771502853202205963e-06,2.176699112724922147e-06
3.027823272110035695e-06,2.442081713592978472e-06
1.884395620891609439e-06,1.839832513649669441e-06
2.197769890778064762e-06,2.178148535818961784e-06
2.490048247408058632e-06,2.482981568725336164e-06
1.221527253962640816e-06,1.814101599032106680e-06
1.561269254514892956e-06,2.179349740672618752e-06
1.884006367054503814e-06,2.517706493879211935e-06
5.153162859181559299e-07,1.795484118090142931e-06
8.743623760051735105e-07,2.180204203055663194e-06
1.221265265385758239e-06,2.545576358608579863e-06
-2.196331842277538431e-07,1.783954914702781669e-06
1.513925981677022090e-07,2.180817696039917456e-06
5.150993477257986174e-07,2.565624108356048016e-06
-1.832162106642564679e-06,1.821906932597451541e-06
-1.725075851965240601e-06,1.777574174876972017e-06
-5.543094997026324389e-07,2.181157923959273191e-06
-9.700876970508698180e-07,1.778569026608083561e-06
-2.197230529996241244e-07,2.578101523533297505e-06
-1.876521858987036099e-06,1.928955531898304511e-06
-1.622860027783810732e-06,2.181388593437903334e-06
-9.701387292247837231e-07,2.583979376557909574e-06
-1.876522942960864596e-06,2.433831431599072608e-06
-1.725094220491072016e-06,2.585187437598490925e-06
-1.832167931444192164e-06,2.540863381788907573e-06
