Size 192,2
5.498113493079007991e-05,-7.127948226805968157e-06
5.520136827429463411e-05,-6.596263311358329089e-06
5.520095510665729683e-05,-4.089561595288598851e-06
5.498065971132999000e-05,-3.557804214876339746e-06
5.444942854602681704e-05,-7.348170362005306732e-06
5.345167375914675479e-05,-5.342833085734024736e-06
5.444885596887370018e-05,-3.337549099977153870e-06
5.070531640040743714e-05,-7.347502345538445178e-06
5.070446330174516815e-05,-3.337921138287406822e-06
4.863825383716687310e-05,-5.342678419140370581e-06
4.696273066821939849e-05,-7.345282622458028475e-06
4.696187376563225557e-05,-3.339865340030038374e-06
4.509267002903221761e-05,-5.342257703164594661e-06
4.322553581580944646e-05,-7.340237009001702045e-06
4.322521580702617353e-05,-3.343954549348910513e-06
4.136008227021181251e-05,-5.342085027170861858e-06
3.949977577093684468e-05,-7.331698096011175238e-06
3.949896383991952515e-05,-3.351937158410008784e-06
3.764205338542444119e-05,-5.341816450062402186e-06
3.579296605546913298e-05,-7.318393038498983341e-06
3.579189936542159669e-05,-3.365052273107279436e-06
3.394803101925819431e-05,-5.341735464477574047e-06
3.211613135947515902e-05,-7.298780605387302590e-06
3.211522456888379310e-05,-3.385284365598366039e-06
3.029077979805455182e-05,-5.342043734131861314e-06
2.848273068451491046e-05,-7.271620621259706360e-06
2.848244492987327833e-05,-3.413600128881694232e-06
2.668430569628965304e-05,-5.342768113158825203e-06
2.490813721298578150e-05,-7.235682300200122317e-06
2.490842254398596198e-05,-3.451279742394162006e-06
2.314533492942388588e-05,-5.343803703317888890e-06
2.141131232913824893e-05,-7.188942873153631332e-06
2.141208586879842123e-05,-3.500274190724489668e-06
1.969458001666347054e-05,-5.345111778827098054e-06
1.801470385944688632e-05,-7.128777416862573954e-06
1.801568731612674185e-05,-3.563231203496749501e-06
1.642244084913884050e-05,-5.345977979102341053e-06
1.487357777214383004e-05,-7.055647151122682864e-06
1.487412308824990641e-05,-3.641384792847928134e-06
1.372547385346549547e-05,-5.476446764935490723e-06
1.259769885194220881e-05,-6.985529715963305772e-06
1.259631760497456468e-05,-3.715678857466208754e-06
1.101012438805358479e-05,-6.923521853649378913e-06
1.130065161489158190e-05,-5.893075177917376930e-06
1.100731613233104347e-05,-3.763572756523358486e-06
9.891424328179814100e-06,-3.814775018455309959e-06
-1.404543972251117222e-06,-9.469423805548007956e-08
-1.431763816357391182e-06,-2.925343880141726302e-08
-1.431601495445077914e-06,2.145205655542924076e-07
-1.404515057677439741e-06,2.790795432133154720e-07
9.886255176775504122e-06,-6.879820072463707912e-06
8.906207454411788982e-06,-6.784225841909394288e-06
9.648478803743419969e-06,-4.967171794347240758e-06
8.891614392439208851e-06,-3.782577415346347034e-06
-1.339401706779872430e-06,-1.217361750546794958e-07
-1.273829678393352640e-06,1.457143883845858153e-07
-1.339906543820172254e-06,3.060898756013008341e-07
8.583709895676606188e-06,-5.848564081743836212e-06
7.962201145457021708e-06,-6.570898142779536584e-06
7.077010969156060363e-06,-6.270791602528712022e-06
8.289985662266727406e-06,-4.597920378773870975e-06
7.965342151437611852e-06,-3.598918152614490807e-06
-8.980752972042190004e-07,-1.287590711284566902e-07
-8.975417542158188453e-07,3.147825251404913376e-07
-6.686531019982397313e-07,9.345057753859286932e-08
6.262718514881620918e-06,-5.869089354582062810e-06
6.949692537615698152e-06,-5.337901857577793811e-06
7.251465235925684339e-06,-4.198459755965636546e-06
7.125214345422998758e-06,-3.279381821142404783e-06
-4.194818246131449628e-07,-1.707411785545762840e-07
-4.192020002095321256e-07,3.585882684860661517e-07
-1.340951787542952219e-07,9.446362065286664772e-08
5.515226622018685920e-06,-5.399241173248997272e-06
4.857412540072212556e-06,-4.869080411887249950e-06
6.213675811312927782e-06,-4.029221713292703872e-06
6.390863929513739881e-06,-2.834063662897525220e-06
1.946716047688366959e-07,-2.624591161445668769e-07
1.950005266236067138e-07,4.524948957835146539e-07
5.025890151046587639e-06,-4.079336883205407311e-06
4.289207266228503489e-06,-4.275431199017309077e-06
5.301213344538074584e-06,-3.218994997425771668e-06
5.776575155333081806e-06,-2.303605784861004834e-06
5.588971606301333559e-07,9.542256994715698481e-08
9.932189050438343199e-07,-3.949988866339237580e-07
9.927392789591337434e-07,5.879641098475387930e-07
3.796943843925854368e-06,-3.644198427343136110e-06
3.408008577397462490e-06,-3.001401392738541728e-06
3.112321545478491405e-06,-2.329756113807142837e-06
4.748109364940082051e-06,-2.467862125981636068e-06
5.290597892081345851e-06,-1.717156941376018704e-06
1.342720051845918538e-06,9.469375487505149527e-08
1.772202058056770479e-06,-5.249787186814188832e-07
1.772978920517198091e-06,7.257069955065402704e-07
3.769726030714303592e-06,-2.324001704953014072e-06
2.893536464118342830e-06,-1.654846553039987381e-06
2.474483735936837242e-06,-6.347640954191258049e-07
2.674497851040702805e-06,-7.466836380697866490e-07
2.775231372496296936e-06,-9.781576713338839641e-07
4.367841608007127866e-06,-1.633992038951178471e-06
4.928623619186312457e-06,-1.103059156381613900e-06
2.158293144558915387e-06,3.815749304697643449e-09
2.491718684623021338e-06,8.263117116300712332e-07
3.351006625983922339e-06,-1.181052100927736234e-06
2.695590400443387848e-06,-3.032988622203996378e-07
2.933375962049419280e-06,-6.672453970693371388e-07
4.103476893922057733e-06,-9.149850804360668644e-07
4.699141680885922807e-06,-4.897134833303253174e-07
2.722304941018466795e-06,4.072462645327845153e-07
2.702016101282928475e-06,9.328954744180060898e-07
3.496066576933008656e-06,-1.436654078540153082e-07
4.614535466636668229e-06,1.139777534223129264e-07
4.651665055616589850e-06,6.981093757733464327e-07
3.149921075829902566e-06,7.947539918846933733e-07
2.826881258540520076e-06,1.156972651056303231e-06
2.983709969705557237e-06,1.767083328785356316e-06
4.070718346229798451e-06,7.778050014649106819e-07
3.210409244067645609e-06,2.347694641388646166e-06
4.813123566580136109e-06,1.284932376281653591e-06
3.538554672585968279e-06,1.791772975605027219e-06
4.345256568566112490e-06,1.837631955556149732e-06
3.500576487284061748e-06,2.897321603268677049e-06
5.080249889302214686e-06,1.838713672667174935e-06
4.844441628400886682e-06,2.376697183444640303e-06
4.300258283317477808e-06,2.709661628563360139e-06
3.851740034361650950e-06,3.412207036050499073e-06
4.261948676473614852e-06,3.885698473017437642e-06
5.444172964339227461e-06,2.345195871343065245e-06
5.173867922544888697e-06,2.971799318692727192e-06
4.857873382712778975e-06,3.696137342280776389e-06
4.723940198753347838e-06,4.310321444402556978e-06
5.891906983882631092e-06,2.785503797448675851e-06
5.754867263738491702e-06,3.690209413466488568e-06
5.233697979650413672e-06,4.679775561953312962e-06
5.783865694681157717e-06,4.989137996510308117e-06
6.365257988602776945e-06,5.232789274516731557e-06
6.414664700233050135e-06,3.882456373850297118e-06
6.410308506694888465e-06,3.144820028743502825e-06
6.286086561896728901e-06,4.608800041959592899e-06
6.971582274022112806e-06,5.408126312197012760e-06
7.591462654498371657e-06,5.511728873562232641e-06
6.936672318599997237e-06,4.046990006474528105e-06
6.983430177354650590e-06,3.410852848303790359e-06
8.218992530271409055e-06,5.543691240154999780e-06
7.523935566838300596e-06,4.632178228137323200e-06
7.592951668092287193e-06,3.575846422107646213e-06
8.358553180588758938e-06,4.724077668732871645e-06
8.904828844798546962e-06,5.537350390905563296e-06
8.219811354534676794e-06,3.633448095360373442e-06
9.842214439258591477e-06,5.528979398473701417e-06
9.106150069435013446e-06,4.260317675948021673e-06
8.905627465582056386e-06,3.638554414297397719e-06
1.110959586459099917e-05,5.512021374350963597e-06
1.048791418635871548e-05,4.515053178587421969e-06
9.842324893366448654e-06,3.648578462174975518e-06
1.274458846698323013e-05,5.488580941665525284e-06
1.193409312768262297e-05,4.587448597125280732e-06
1.111006620725979820e-05,3.664511051628279261e-06
1.440517585177332363e-05,5.464799452502670739e-06
1.358238100945307094e-05,4.586851476466314324e-06
1.274490270415924072e-05,3.685860218272244484e-06
1.602302378157142740e-05,5.442737344516787869e-06
1.522105385881951958e-05,4.586228846163360524e-06
1.440542394890326939e-05,3.708329331587492651e-06
1.760316493016608614e-05,5.424617992089675120e-06
1.681878565016259311e-05,4.585640936651417497e-06
1.602310395304121514e-05,3.729084518948409201e-06
1.915486448108523395e-05,5.411568140675689233e-06
1.838303644900673601e-05,4.584894745641208841e-06
1.760341077307745936e-05,3.745890189133403333e-06
2.068899156442516812e-05,5.404139271360499240e-06
1.992416843129681062e-05,4.584116473388855687e-06
1.915520123014814735e-05,3.757323054953840829e-06
2.221613690294335671e-05,5.401771714212818073e-06
2.145314330667229410e-05,4.583403767295686318e-06
2.068939492842306488e-05,3.763413710142218327e-06
2.374475432246411240e-05,5.403061952479031049e-06
2.297975741584941818e-05,4.582680716120811576e-06
2.221640305226189673e-05,3.764381995204716773e-06
2.527982066974330963e-05,5.405910582764128584e-06
2.451113131847164673e-05,4.582108164719757039e-06
2.374489541248032205e-05,3.761707300263451948e-06
2.858534241368449510e-05,5.318018159477899446e-06
2.836599501646783038e-05,5.408849771857023714e-06
2.596957667300025402e-05,4.581855542583648902e-06
2.682132167491159107e-05,5.408235594471865430e-06
2.527984397863095639e-05,3.757925288592507899e-06
2.867620350053940199e-05,5.098709671523579889e-06
2.815704672606048856e-05,4.581723685300440841e-06
2.682138611065279832e-05,3.755356833897857550e-06
2.867624211291012532e-05,4.064711203315265136e-06
2.836604957485565026e-05,3.754585389738685848e-06
2.858538706816889333e-05,3.845411743131773330e-06
