Size 192,2
4.139916670037623497e-05,-4.226004339134317859e-06
4.158527838158764775e-05,-3.776784401168324556e-06
4.158546464267303338e-05,-1.658963570224982440e-06
4.139938067968293418e-05,-1.209781500732609661e-06
4.094988178719954317e-05,-4.412066482190788915e-06
4.010710772663893004e-05,-2.717923722782940641e-06
4.095014059889045313e-05,-1.023738004349905545e-06
3.778603088189780843e-05,-4.411332607877858835e-06
3.778640506889415824e-05,-1.024739378075516398e-06
3.604040590929944549e-05,-2.718084496100924347e-06
3.462540654159720866e-05,-4.407480231881179084e-06
3.462610261247417849e-05,-1.029073480642740631e-06
3.304867794614312515e-05,-2.718489059469177174e-06
3.147637161538222608e-05,-4.398834899383974216e-06
3.147708327844901411e-05,-1.038513787305015320e-06
2.990846562127512704e-05,-2.718815762867729689e-06
2.834887972359264861e-05,-4.383794998109380885e-06
2.834982600490981155e-05,-1.054266735791822643e-06
2.679606714613612330e-05,-2.719135478197277457e-06
2.525637508849591447e-05,-4.360978269601495982e-06
2.525757903237957195e-05,-1.077867907940730072e-06
2.372632776774795019e-05,-2.719628946227145804e-06
2.221492675104894311e-05,-4.329321902223925265e-06
2.221619063832164565e-05,-1.110306041917487433e-06
2.071617380826786044e-05,-2.720170947823438400e-06
1.924220240439059740e-05,-4.288056576204691968e-06
1.924301105244940021e-05,-1.152319745181556125e-06
1.778352033515677292e-05,-2.720665579838711086e-06
1.635612761333450526e-05,-4.237173240562740927e-06
1.635609853330256404e-05,-1.204149902645860301e-06
1.494627724723000300e-05,-2.721158393908950251e-06
1.357487908413216952e-05,-4.175755370242062109e-06
1.357446247170772158e-05,-1.266859189931506669e-06
1.222363430558542215e-05,-2.721547654289710654e-06
1.091868562714258595e-05,-4.101443295162301101e-06
1.091805208834142836e-05,-1.342396365778938380e-06
9.688139535307112538e-06,-2.721173641489597200e-06
8.510318959660608960e-06,-4.013528572824882693e-06
8.509522521545636887e-06,-1.434256747889970197e-06
7.641304560792599676e-06,-2.817219166530184354e-06
6.807664687980775607e-06,-3.928907634289604100e-06
6.805398611151110078e-06,-1.522130739862500423e-06
5.651037656235863939e-06,-3.852836228045110755e-06
5.852570951951996275e-06,-3.116670496553997526e-06
5.647105516083207224e-06,-1.579803877988098112e-06
4.852899578549865522e-06,-1.642266344987358381e-06
-4.055779140257083627e-07,-4.004946646728091219e-08
-4.132927050560419587e-07,-2.147102926086650070e-08
-4.132093019444193803e-07,4.771098425249369012e-08
-4.055259326060695100e-07,6.602524098019957056e-08
4.846975245375195168e-06,-3.798508784106807282e-06
4.167248203400024163e-06,-3.709961214931645364e-06
4.670781763701814491e-06,-2.454028297288568642e-06
4.147214138722744533e-06,-1.648943248331169736e-06
-3.871072280409539172e-07,-4.773235731566078217e-08
-3.685276636594221090e-07,2.821482144333209876e-08
-3.872128885373476748e-07,7.371003201254713864e-08
3.936674277128578446e-06,-3.056509324437225094e-06
3.526232097082554876e-06,-3.535327554129852329e-06
2.945050882541100205e-06,-3.312450496103975880e-06
3.732668703430404055e-06,-2.209363765005239459e-06
3.516227788063305023e-06,-1.561472191786010178e-06
-2.618999814346628116e-07,-4.974596310391484802e-08
-2.616125855874076393e-07,7.674679879129578454e-08
-1.961977589450490488e-07,1.381770419551363050e-08
2.433447839520983144e-06,-3.020898006112557468e-06
2.853680916992582544e-06,-2.689529945532275857e-06
3.047212391228778912e-06,-1.956134849662201353e-06
2.960801452165263608e-06,-1.395864346221420020e-06
-1.246618912413536572e-07,-6.194399175982219259e-08
-1.244486932798797793e-07,9.022605972090461191e-08
-4.250542429069023146e-08,1.449613239176359928e-08
1.978614703926873499e-06,-2.700464447594333916e-06
1.604554577670903601e-06,-2.358297784846788945e-06
2.392973184678735894e-06,-1.854340560065555202e-06
2.490549474600171781e-06,-1.157551225412815412e-06
5.207060464323355414e-08,-8.818100784476362641e-08
5.230406623509557366e-08,1.180035142695400713e-07
1.701430879773668904e-06,-1.877303283439180395e-06
1.305894720376939798e-06,-1.985993486472823536e-06
1.852088384035098105e-06,-1.385467963031735625e-06
2.109714850001451153e-06,-8.892412599802086039e-07
1.569647489136529509e-07,1.530654239589150877e-08
2.823397743669526190e-07,-1.265174660817992590e-07
2.821714463737905533e-07,1.585883603843937681e-07
1.058024783509294951e-06,-1.611951883067013044e-06
8.930918481963021541e-07,-1.266362708614755862e-06
7.952122787749939497e-07,-9.208661358277023008e-07
1.554062391138214944e-06,-9.811636147394772989e-07
1.816388918533122663e-06,-6.168965925420899663e-07
3.833204822486226149e-07,1.520966014689152001e-08
5.080561055542497262e-07,-1.649184188976311509e-07
5.090659259882660361e-07,2.011566049372499488e-07
1.078944108889087575e-06,-9.099378351811640308e-07
7.355863981243904885e-07,-6.042354727283919032e-07
6.964827103021664943e-07,-1.965950278521835030e-07
7.386434491539329581e-07,-2.340667703828852960e-07
7.455117934868886224e-07,-3.190473369094587057e-07
1.356829349221003735e-06,-5.811476926336042868e-07
1.592709315733489057e-06,-3.598062905250771856e-07
6.197002801573080277e-07,-1.218539653829423076e-08
7.382487456717592618e-07,2.352126172191324695e-07
9.365308096204971675e-07,-3.901705671760950242e-07
7.620811101187120467e-07,-9.526374547207856658e-08
8.137420473510745038e-07,-2.070398779628454694e-07
1.235176563762811243e-06,-2.839255396918358047e-07
1.437573029674586254e-06,-1.371158391581169836e-07
8.006511579121000869e-07,1.166048317335172445e-07
8.192021890253809482e-07,2.653690287636903790e-07
1.011723221492345994e-06,-1.819748579728374411e-08
1.363324667388563179e-06,5.651911859893425337e-08
1.302980449020053901e-06,2.119610701225872573e-07
9.440576716101136694e-07,2.372615251764373547e-07
8.741221871885082814e-07,3.152304701352864698e-07
9.543117687630350536e-07,4.240404198104157280e-07
1.170475429057410383e-06,2.519926388667371661e-07
1.044030090046981498e-06,4.823710762619442339e-07
1.272108221651506753e-06,3.537449822427232828e-07
1.070154617348874187e-06,4.425330516575421305e-07
1.190176532498223774e-06,4.478937564264767896e-07
1.113743221616761962e-06,5.178477313720121815e-07
1.243120789933945020e-06,4.473624600525217407e-07
1.210027649143796004e-06,5.003919437201494268e-07
1.188204250436652761e-06,5.166115227575712668e-07
1.174416164333247867e-06,5.091248496810801969e-07
1.200617604604891325e-06,4.703819335683972024e-07
1.195662771487554700e-06,5.094671868553877940e-07
1.196040432091772831e-06,5.138554560855453027e-07
1.205586074991351940e-06,4.772498478378633287e-07
1.212229861803365879e-06,4.046330180663144014e-07
1.131716543866956094e-06,5.382884313788027267e-07
1.138811188662361910e-06,4.677950334115172741e-07
1.187809025324107526e-06,3.338850291941222707e-07
1.122048099260607373e-06,2.493578717321532671e-07
1.029780079623939632e-06,1.543164101719187786e-07
1.033090765179530927e-06,4.418718128358676045e-07
1.039628723730348308e-06,5.406063851726490686e-07
1.058481942367158544e-06,3.069646546320827578e-07
8.980356375210861083e-07,7.671005956477301392e-08
7.324593284373204965e-07,6.663356938876283048e-09
9.229089456743017881e-07,4.169697486616934496e-07
9.084627979297942120e-07,5.448519847737585181e-07
5.466560525997199978e-07,-4.104051985092467874e-08
7.741132394076474022e-07,2.696138972880019935e-07
7.455926851366558954e-07,5.597449728794680538e-07
5.093094988771613579e-07,2.334456934015513041e-07
3.023865787710622687e-07,-8.470265478774867757e-08
5.584587007730992878e-07,5.805416378050701325e-07
-7.086148035771269007e-08,-1.283956156650113506e-07
2.422357087550621352e-07,4.017206929182288149e-07
3.043870811060434830e-07,6.244417731234746640e-07
-6.727375604732076786e-07,-1.958121538821523949e-07
-3.557071625553653861e-07,3.065933437500534962e-07
-7.247819291653764250e-08,6.817011228988066880e-07
-1.594154025834225710e-06,-2.696068059024264610e-07
-1.112592148514675902e-06,2.741196314511801531e-07
-6.736410676827767366e-07,7.474144338562726812e-07
-2.678092030474410369e-06,-3.341760989758005095e-07
-2.116244409268351693e-06,2.752818331897227203e-07
-1.594601766378659725e-06,8.196687735853515179e-07
-3.875448764816384391e-06,-3.914966994728907338e-07
-3.258683182404850418e-06,2.759687780571418119e-07
-2.678265946554865209e-06,8.854639597394831131e-07
-5.174826520257617076e-06,-4.419355405621415349e-07
-4.509163465227461263e-06,2.766462722413965104e-07
-3.875626214755444347e-06,9.441186409522136369e-07
-6.563522924232068888e-06,-4.856578583755198625e-07
-5.855374901405321562e-06,2.773678404983272717e-07
-5.175068364307740436e-06,9.959990578992939723e-07
-8.028905537927686132e-06,-5.224523819473896534e-07
-7.284543596672289681e-06,2.780388545033373039e-07
-6.563805041606696369e-06,1.041050507765569985e-06
-9.557357116019403877e-06,-5.515116155926180537e-07
-8.783929732765490510e-06,2.786507007053335684e-07
-8.029164774024583060e-06,1.079107698817547036e-06
-1.113355433677449639e-05,-5.725904516543676955e-07
-1.033876408348230338e-05,2.792560728583447736e-07
-9.557553112386390955e-06,1.109341903217523541e-06
-1.274219505358205849e-05,-5.860477712315323774e-07
-1.193367862620968635e-05,2.796835358763809834e-07
-1.113356694257468237e-05,1.131499740072141370e-06
-1.623660943365149489e-05,-4.985702042390321642e-07
-1.600458279161460031e-05,-5.946211180351503246e-07
-1.346932656169601380e-05,2.800349723189016944e-07
-1.436975822237117609e-05,-5.929311737125598722e-07
-1.274230260085272847e-05,1.145822784354922223e-06
-1.633272613699642358e-05,-2.666315925912162426e-07
-1.578328083420954311e-05,2.802749867925550593e-07
-1.436985008308117003e-05,1.153238636339018370e-06
-1.633274931423650206e-05,8.271981214004670748e-07
-1.600463088952665350e-05,1.155158155615377595e-06
-1.623664050086027087e-05,1.059117274157897035e-06
