Size 192,2
3.169542590533891744e-05,-2.840371870438895386e-06
3.184354464118570750e-05,-2.482810627842159841e-06
3.184348962648161148e-05,-7.971155750750748818e-07
3.169536654140305161e-05,-4.395508563666624808e-07
3.133783962944518243e-05,-2.988472619032495304e-06
3.066696921613027343e-05,-1.639922734513639986e-06
3.133777593030389062e-05,-2.914454904243223502e-07
2.881970166712303130e-05,-2.987965836505827082e-06
2.881958833297532772e-05,-2.916738632127819301e-07
2.742979068053507454e-05,-1.639829264845585385e-06
2.630308771489570590e-05,-2.985908764709097123e-06
2.630286825871012789e-05,-2.936246120232296727e-07
2.504595301112191039e-05,-1.639901091518384800e-06
2.379180274630197678e-05,-2.981302641339535161e-06
2.379151381488919518e-05,-2.983879672227884033e-07
2.253886640545498915e-05,-1.640053683404034919e-06
2.129206654828376199e-05,-2.972470552621093928e-06
2.129186298684303792e-05,-3.078509068146293294e-07
2.004787616661885422e-05,-1.640293039386613834e-06
1.881395120872847695e-05,-2.957190156036767274e-06
1.881391609323864584e-05,-3.238493630802238109e-07
1.758500201722783089e-05,-1.640593898408074964e-06
1.637136230847861484e-05,-2.933493539227098763e-06
1.637147544625704396e-05,-3.482844609579203844e-07
1.516616421369338736e-05,-1.640825260027755967e-06
1.398204694129111596e-05,-2.899688356060156769e-06
1.398266315458707678e-05,-3.827208724214262761e-07
1.281046260359248639e-05,-1.641161814159926625e-06
1.166644212737008801e-05,-2.854575240231741147e-06
1.166720856490226036e-05,-4.283013413906692616e-07
1.053872562043015612e-05,-1.641453528610027263e-06
9.446494073559294258e-06,-2.796683407300749527e-06
9.447098550443807754e-06,-4.863640791779073546e-07
8.374134732824231876e-06,-1.641631940039497265e-06
7.346065288313696252e-06,-2.724576851057547122e-06
7.346166053022219857e-06,-5.589257701231476298e-07
6.381475248578675769e-06,-1.641141452591515999e-06
5.468211065020588214e-06,-2.638626266504446890e-06
5.467560371357327937e-06,-6.482020510175090407e-07
4.797564900482742467e-06,-1.714115651861991072e-06
4.164863265973062739e-06,-2.556690517814627401e-06
4.162451350499344855e-06,-7.325398728881204832e-07
3.295216043004846387e-06,-2.484325904614450859e-06
3.441925309029398225e-06,-1.937203157703466130e-06
3.291374028469602442e-06,-7.867632904553027170e-07
2.703021505648308615e-06,-8.449305132621751111e-07
-7.340844688515802712e-08,-1.017588109245802467e-07
-7.502822355176134168e-08,-9.785036437033321008e-08
-7.501136868460966204e-08,-8.332008478503460356e-08
-7.339813585211331179e-08,-7.948079001804603830e-08
2.697731774554602743e-06,-2.433046967259908726e-06
2.202202705577609374e-06,-2.358036145328375036e-06
2.563930285104377102e-06,-1.443354709376056529e-06
2.182955059645233942e-06,-8.628184292941521608e-07
-6.950727982862630711e-08,-1.033936474061173011e-07
-6.552540363235459631e-08,-8.752404266418181767e-08
-6.954623144314378578e-08,-7.790749438363223594e-08
2.030902874148645763e-06,-1.879023269522957665e-06
1.740774131823270913e-06,-2.218544323220464436e-06
1.331329991598955120e-06,-2.049324637534006756e-06
1.882040458931012403e-06,-1.269514227487187647e-06
1.728116914679575560e-06,-8.162764320203297191e-07
-4.283916717583519989e-08,-1.037189625219351624e-07
-4.281871046832132826e-08,-7.770788607626472250e-08
-2.926699462911215005e-08,-9.065249056570102631e-08
9.812859471040132994e-07,-1.830873569108337908e-06
1.263375703741619595e-06,-1.605272920497674769e-06
1.397653454672855135e-06,-1.094857376427018805e-06
1.335283913507793006e-06,-7.194127415584278562e-07
-1.508727232152187021e-08,-1.049871820690626436e-07
-1.502512289927379995e-08,-7.606116053583834301e-08
3.599487475035552085e-10,-9.036387550864632644e-08
6.771643759733444046e-07,-1.599353662549381050e-06
4.398372748265726127e-07,-1.360608380974724069e-06
9.491479972871855537e-07,-1.027077673740713887e-06
1.009515603755679161e-06,-5.756295028751290502e-07
1.729320684634399933e-08,-1.080595598968543047e-07
1.741579209422037671e-08,-7.228212105521969300e-08
5.019136023869638413e-07,-1.038442950734262826e-06
2.632744829339491754e-07,-1.105864284603158722e-06
5.944844708490037570e-07,-7.247725616928831384e-07
7.513492769578474442e-07,-4.222433875043767853e-07
3.526564548046099214e-08,-9.002646747284243302e-08
5.591952906405124763e-08,-1.126494911767381752e-07
5.576136620103825040e-08,-6.671785870836983221e-08
1.229801287426831414e-07,-8.602573860056032775e-07
4.818106172681429165e-08,-6.511474708956236655e-07
2.341498599284184407e-08,-4.508172292503818437e-07
4.141977641276603904e-07,-4.796651462852971353e-07
5.564514861817555625e-07,-2.811572757802467015e-07
7.221147232271366550e-08,-9.015620981654440053e-08
9.128510378894057187e-08,-1.167649959843614945e-07
9.219198425693578871e-08,-6.026430791149098137e-08
1.557793696136692789e-07,-4.398514509526495684e-07
2.011223812597335526e-08,-2.849411443244373654e-07
1.019820967652400813e-07,-1.184408921291388948e-07
9.071573488567189476e-08,-1.276970034214233422e-07
6.795123686445893614e-08,-1.565836314689644029e-07
2.992721138950583862e-07,-2.643929614650124006e-07
4.051787480249183763e-07,-1.659470719719383478e-07
1.075522550803073602e-07,-9.513209488387017652e-08
1.468139847113243213e-07,-5.271626206754671301e-08
1.164253763457484193e-07,-1.781056703110973220e-07
1.122889773829970807e-07,-9.932330264410833008e-08
9.999850350880974469e-08,-1.196704190941809285e-07
2.374802811048204264e-07,-1.339302446838609377e-07
2.934107885725210350e-07,-9.050260797226771178e-08
1.504686384040902289e-07,-6.575305128233345172e-08
1.794982483026464701e-07,-5.034277092918891846e-08
1.612353627157568599e-07,-5.630739330384647308e-08
2.321545222416452283e-07,-4.617249741012111184e-08
1.486565229619081036e-07,-4.126296586630032868e-08
1.896243984362332628e-07,-4.140837941130859241e-08
2.071359034093811364e-07,-6.123358189933557048e-08
2.564339999960936745e-07,-1.229661159646031165e-07
1.721799084068261470e-07,-1.811284149248783906e-08
2.953292316088210257e-07,-2.378059066280350224e-07
6.033495200629180229e-08,-5.403498281231423275e-08
2.212355059183861699e-07,-1.078208380660014205e-07
1.103619881985126420e-07,-1.149353048276774180e-07
2.899360979441533653e-07,-3.707403380803111162e-07
-6.076117204142593217e-08,-1.150115729295792795e-07
-2.509608872716355121e-08,-2.223341159044776145e-07
1.246105317052433072e-07,-3.107412514909459346e-07
2.535888004256362506e-07,-5.492563221353434061e-07
1.549386911164425715e-07,-7.527797118749162185e-07
-2.380283853672836364e-07,-1.995505090266192845e-07
-1.485595230683679384e-07,-3.979824005282362074e-07
-3.215653553451651702e-08,-6.817765683994216674e-07
2.049598125892309688e-08,-9.770475021982227249e-07
-4.654385145770512276e-07,-3.043328175421528354e-07
-4.101707580264500030e-07,-6.911006397672258501e-07
-1.758658899854868772e-07,-1.190302526209031971e-06
-4.404021018254355635e-07,-1.403197770985265471e-06
-7.512912440427580236e-07,-1.610448305021731547e-06
-7.634654762272706862e-07,-7.871335012281619057e-07
-7.541901098626887935e-07,-4.167414282366695850e-07
-6.871411246465671933e-07,-1.203038775932254952e-06
-1.123697590683293091e-06,-1.772525320515679714e-06
-1.547725600039758803e-06,-1.902134223103921962e-06
-1.079291240213805274e-06,-8.731967554154562587e-07
-1.114354007937319671e-06,-4.957283931865357661e-07
-2.002259511814482805e-06,-1.978385513967228456e-06
-1.468915242559180076e-06,-1.261190201629858167e-06
-1.530440084510492912e-06,-5.272110004237479206e-07
-2.097892731491065506e-06,-1.340211957154238095e-06
-2.556556088271060034e-06,-2.037116981417754559e-06
-1.986232989859543897e-06,-5.163174566498034862e-07
-3.369496188637607260e-06,-2.095039429461021866e-06
-2.703237519857654375e-06,-9.610825795040449668e-07
-2.554037187898075502e-06,-4.568546086288099476e-07
-4.603628143106436020e-06,-2.181655871619449084e-06
-3.968214559082880853e-06,-1.172935649284059129e-06
-3.371719296208655932e-06,-3.804219512051963232e-07
-6.391438015317036659e-06,-2.270663347516238467e-06
-5.472345809991922744e-06,-1.240441985469127460e-06
-4.604839208323415256e-06,-2.954602952924981434e-07
-8.397186049196515397e-06,-2.340828051591859085e-06
-7.372661644826909918e-06,-1.238265214903537760e-06
-6.392074302420656385e-06,-2.071440851302560740e-07
-1.051999021112939808e-05,-2.395361514032927469e-06
-9.441349650808989345e-06,-1.236457049115516538e-06
-8.397689724720292754e-06,-1.338113670873173583e-07
-1.273432204597411883e-05,-2.436372551177538675e-06
-1.161424060380781503e-05,-1.234578734610986194e-06
-1.052065532169898085e-05,-7.561277328664647170e-08
-1.501664669766393558e-05,-2.465816839785834772e-06
-1.386628295956948421e-05,-1.232648137271577062e-06
-1.273518026903993925e-05,-3.079956708038064286e-08
-1.734718896438266312e-05,-2.485647418099455886e-06
-1.617568866509606608e-05,-1.230771358935438204e-06
-1.501757014684707946e-05,2.409286823512476846e-09
-1.970953331780822738e-05,-2.497594397808153210e-06
-1.852458010579242028e-05,-1.229073957255453796e-06
-1.734793407771996552e-05,2.582060578294884972e-08
-2.208989197618977662e-05,-2.503268767058345028e-06
-2.089796268924782081e-05,-1.227632158199312446e-06
-1.971011768797596139e-05,4.088960013538915973e-08
-2.447674173739892276e-05,-2.504392399660818009e-06
-2.328310760682363595e-05,-1.226615690078831653e-06
-2.209028400864179313e-05,4.905413550295036687e-08
-2.958934066355196096e-05,-2.362999120323048050e-06
-2.925042654390339427e-05,-2.503389878237288186e-06
-2.554643075158225654e-05,-1.225843980944343754e-06
-2.686418216647603179e-05,-2.503803515180989983e-06
-2.447718762158024883e-05,5.203516096341210491e-08
-2.972972558581340669e-05,-2.024077382572451689e-06
-2.892788351025554237e-05,-1.225317566975252058e-06
-2.686439601042264102e-05,5.259693600843058231e-08
-2.972984305605642918e-05,-4.264756258971645952e-07
-2.925059208027267431e-05,5.278911525504477430e-08
-2.958947626503133003e-05,-8.758360933246736331e-08
