Size 192,2
8.093376573409537299e-05,-1.295043986653506998e-05
8.120901752586103981e-05,-1.228584585995132619e-05
8.120929693418552000e-05,-9.153154058807474693e-06
8.093408287733977826e-05,-8.488594073154760036e-06
8.026924085134147513e-05,-1.322574161320139598e-05
7.902329126770052934e-05,-1.071955284303714406e-05
8.026961219650400779e-05,-8.213307377740721596e-06
7.559061224455762302e-05,-1.322696591040139955e-05
7.559106063459841826e-05,-8.212215913355354392e-06
7.300651738592125464e-05,-1.071962467818930147e-05
7.090710223603803944e-05,-1.323099933269317592e-05
7.090749169029482012e-05,-8.208342929110096513e-06
6.856249706542726910e-05,-1.071988083172332218e-05
6.621367750172224272e-05,-1.323663741260883819e-05
6.621414036426327612e-05,-8.203429482013301909e-06
6.386377051276808585e-05,-1.072009997344355799e-05
6.150968439722394874e-05,-1.324168124156942449e-05
6.151095554875345736e-05,-8.199203357106790943e-06
5.915583546394805595e-05,-1.072053710506158387e-05
5.679843647089761967e-05,-1.324526275069548671e-05
5.679997778616203790e-05,-8.196373999465409254e-06
5.444193864088954472e-05,-1.072102424480979631e-05
5.208264831093199814e-05,-1.324768651123426571e-05
5.208378630449459482e-05,-8.194608173589708751e-06
4.972409180386694468e-05,-1.072141731685511882e-05
4.736385137157028918e-05,-1.324863737779440429e-05
4.736435206007318810e-05,-8.194330490427564345e-06
4.500434388652516354e-05,-1.072172831049082571e-05
4.264534559866311352e-05,-1.324664661523069763e-05
4.264527577526937649e-05,-8.196741297609189486e-06
4.028792338206491790e-05,-1.072185955109110529e-05
3.793477305008132535e-05,-1.323979875887326620e-05
3.793424669884082578e-05,-8.203508825470197765e-06
3.558421630839071092e-05,-1.072164449070482056e-05
3.324139195884035300e-05,-1.322830828914460879e-05
3.324082161033141235e-05,-8.214849354677247512e-06
3.099646578100552762e-05,-1.072134531736941999e-05
2.876073614857427397e-05,-1.321409681346027137e-05
2.876042249090655396e-05,-8.229192161475256385e-06
2.708678615074962623e-05,-1.091534433617216815e-05
2.538563947065371114e-05,-1.320139680211774391e-05
2.538532909148802019e-05,-8.241977114085304498e-06
2.294098337744941745e-05,-1.319144604279341700e-05
2.341644206799081953e-05,-1.156523095745166020e-05
2.294068119222104931e-05,-8.249372650888869442e-06
2.116952623659935058e-05,-8.256738256343532784e-06
-3.631845962983543923e-06,1.996215177625745582e-07
-3.705391091277018422e-06,3.762638663186079529e-07
-3.705051502982757215e-06,1.035438548907107210e-06
-3.631812994798032960e-06,1.210165735902627085e-06
2.116857799930259954e-05,-1.318500103124376846e-05
1.956353002798907079e-05,-1.308801579610998724e-05
2.080973502777909678e-05,-1.010596186509666800e-05
1.956536886849213720e-05,-8.123813499681800527e-06
-3.455900468080894425e-06,1.267332649461440925e-07
-3.277958388849061625e-06,8.497586566413494740e-07
-3.456977642622970815e-06,1.283377192407321759e-06
1.905378400198591278e-05,-1.156929424683386753e-05
1.798204682410106922e-05,-1.280876781553411262e-05
1.644611908471571251e-05,-1.235447464651785538e-05
1.857231653665841723e-05,-9.470095322283578949e-06
1.801574097092858222e-05,-7.716650727906026932e-06
-2.261652482943824338e-06,1.101516857223421285e-07
-2.259934334579694936e-06,1.306372361135253486e-06
-1.641745447357479980e-06,7.097616080006794599e-07
1.497522085519611878e-05,-1.172846439440254630e-05
1.624454184754016301e-05,-1.076426319956162988e-05
1.677779390117576560e-05,-8.752017662367581096e-06
1.656520412811544378e-05,-7.048836162649444573e-06
-9.721057813494221434e-07,4.518624852457523149e-09
-9.714966187258580528e-07,1.417552312717821254e-06
-2.111562873825785214e-07,7.124020090347242564e-07
1.358677955692629494e-05,-1.094219110010520354e-05
1.230007786894545559e-05,-1.000582562938818556e-05
1.490662596035084345e-05,-8.432643747960538681e-06
1.525683582437606623e-05,-6.140727201265260459e-06
6.589137622075096290e-07,-2.265415344912711370e-07
6.598460091651582403e-07,1.654390814386464415e-06
1.262539297116805248e-05,-8.541544398002170725e-06
1.113107356752835498e-05,-8.930407475024251598e-06
1.317428672379534575e-05,-6.868261850558934438e-06
1.412939260760772470e-05,-5.023362164508359124e-06
1.615345008810518646e-06,7.151768256466251102e-07
2.747800436420986884e-06,-5.601337530712505939e-07
2.747225871012437482e-06,1.995930898189895768e-06
1.009230140523488799e-05,-7.732098397851566328e-06
9.198608899331247159e-06,-6.427852736244717534e-06
8.457771576761380933e-06,-5.029530711563928276e-06
1.205167143707304198e-05,-5.345014915179362262e-06
1.321565811889033185e-05,-3.732957968338143259e-06
3.657742324969854784e-06,7.146138307696888745e-07
4.769449088722550235e-06,-8.881653343145572851e-07
4.769999992486859332e-06,2.341629087170244207e-06
9.950644716360145775e-06,-5.036408490827380784e-06
7.881148596698105406e-06,-3.552997075569443511e-06
6.617714183449464974e-06,-1.166779039744634371e-06
7.167993061501617939e-06,-1.443275825935055010e-06
7.476705330889238468e-06,-2.001374902072473649e-06
1.125983512105050433e-05,-3.540826721474819452e-06
1.254295120588896186e-05,-2.318697769045468925e-06
5.769887782616101650e-06,4.828593469080136886e-07
6.584074934688038205e-06,2.587899544413074112e-06
8.910520875878493534e-06,-2.499090723102963891e-06
7.185322880917188915e-06,-3.214499530475199228e-07
7.835311152195738280e-06,-1.246193143779142446e-06
1.067344331652378078e-05,-1.877079552944030224e-06
1.214112424759740564e-05,-8.308831221149671818e-07
7.188130746674008877e-06,1.499902166162955216e-06
7.084899688833106303e-06,2.863585802177483843e-06
9.207467054974480557e-06,2.573268774387161250e-08
1.202474460059294534e-05,6.898559260532149008e-07
1.226024232007907322e-05,2.226792271121530622e-06
8.247198143663490369e-06,2.482867759583775128e-06
7.367520423956174252e-06,3.471296475067113954e-06
7.699394053843944510e-06,5.180188627207038048e-06
1.069463577987548599e-05,2.399420073243173552e-06
8.233466927690120111e-06,6.893489933730818284e-06
1.282453616926229138e-05,3.798549023830368620e-06
9.215328508399772619e-06,5.221592550303294955e-06
1.151249795387618103e-05,5.355796090706969736e-06
9.006665634893397149e-06,8.554058865620573759e-06
1.371482287613699735e-05,5.360349736067427371e-06
1.303628966879023285e-05,6.950294496351984242e-06
1.137099435589907890e-05,7.966374674686371873e-06
9.988363374059252778e-06,1.019024812447124672e-05
1.122083500675127792e-05,1.175442004723722348e-05
1.494405336825738878e-05,6.833495822910547895e-06
1.409238222945751190e-05,8.795564940060821618e-06
1.307958165717275062e-05,1.114546089563385040e-05
1.264453792258083415e-05,1.322104113131860080e-05
1.646949797685908696e-05,8.160630505535183650e-06
1.602050235598406037e-05,1.114533906925122319e-05
1.428708004037847337e-05,1.452545495434947135e-05
1.613923200695612978e-05,1.567186292276805793e-05
1.814740060753945524e-05,1.664138847172460855e-05
1.829820890811035750e-05,1.180110308578794863e-05
1.827535068685507089e-05,9.283270875001500131e-06
1.783949647331169400e-05,1.436133881302326473e-05
2.031612494015658211e-05,1.736307985307566578e-05
2.261009859769846553e-05,1.785177674236122189e-05
2.015670148297715218e-05,1.236814376435871014e-05
2.033688310749128491e-05,1.010507018076933024e-05
2.497379902148188236e-05,1.807037236165441409e-05
2.230335915636359509e-05,1.451961385071610868e-05
2.258493109111502854e-05,1.058176163055381724e-05
2.548790108883565992e-05,1.489186545022082013e-05
2.766295854384375933e-05,1.816994035481419003e-05
2.494606420998762261e-05,1.070840053282805482e-05
3.144584595966290415e-05,1.827118079871177162e-05
2.841791189151252894e-05,1.306102608013336759e-05
2.765642756162253824e-05,1.061289109948629143e-05
3.684633639479393711e-05,1.842836840499562431e-05
3.412926432820226184e-05,1.408031568706405045e-05
3.144752206690807462e-05,1.048675795686896821e-05
4.426587116040789420e-05,1.860185643735665846e-05
4.050725439589896956e-05,1.439074208704993261e-05
3.684646482326764410e-05,1.034073770891163693e-05
5.228168012511160779e-05,1.875328692758434791e-05
4.822766967610007315e-05,1.439299836201803151e-05
4.426514654043105229e-05,1.018004893357132403e-05
6.055252242722648494e-05,1.888396786836932825e-05
5.637654182303198768e-05,1.439621364094636688e-05
5.228061464109627350e-05,1.003583483950239512e-05
6.904294453649205063e-05,1.899372090042385523e-05
6.476367698847846309e-05,1.439913921502233665e-05
6.055159436620377312e-05,9.911428231306216923e-06
7.771340528789123933e-05,1.908171815126763284e-05
7.335096119984487720e-05,1.440151565610769784e-05
6.904221632107690346e-05,9.807083848415938437e-06
8.652434168578043206e-05,1.914919797272982585e-05
8.209807321140267817e-05,1.440346723165167630e-05
7.771270027700450593e-05,9.723327663516910977e-06
9.543924184600876051e-05,1.919783333441549023e-05
9.096692645679610933e-05,1.440516376698516180e-05
8.652373486287070765e-05,9.659435671424223445e-06
1.044252206409822817e-04,1.922977757123127149e-05
9.992265328919365281e-05,1.440641086191469664e-05
9.543886111978388111e-05,9.613786980377421747e-06
1.134538445753271817e-04,1.924800111188107064e-05
1.089343343430382381e-04,1.440725454288427927e-05
1.044250454937243786e-04,9.583995648295204052e-06
1.328444928266818523e-04,1.872535639546401800e-05
1.315585645248305987e-04,1.925795872202617763e-05
1.175054184171505441e-04,1.440789497371479842e-05
1.225034009836221906e-04,1.925615559667902125e-05
1.134536370451007795e-04,9.567300727913965978e-06
1.333771467466762599e-04,1.743949546761953539e-05
1.303339114615625568e-04,1.440842402419118284e-05
1.225032575117782475e-04,9.560183337352831973e-06
1.333771183672418238e-04,1.137737981747336909e-05
1.315584994057238501e-04,9.558866944826576700e-06
1.328444532205975167e-04,1.009148672544284649e-05
