Size 192,2
5.067427529135080098e-05,-6.327350156468893517e-06
5.090475785308055576e-05,-5.771005252306129024e-06
5.090466800524181916e-05,-3.148179288082075827e-06
5.067417562145871713e-05,-2.591837214292679111e-06
5.011786045246343897e-05,-6.557782238025610327e-06
4.907393291058588221e-05,-4.459590517290119639e-06
5.011775120811144397e-05,-2.361408532832323786e-06
4.619948997628926731e-05,-6.556755139669839219e-06
4.619945358493305737e-05,-2.362623033731864055e-06
4.403699346531122008e-05,-4.459733668007123120e-06
4.228498439069781830e-05,-6.551083146781217116e-06
4.228493218963511844e-05,-2.368297643866338811e-06
4.033160425514099043e-05,-4.459689925022979613e-06
3.838655009750350681e-05,-6.536998692819929763e-06
3.838624447057221219e-05,-2.382093875231437716e-06
3.644682267400866477e-05,-4.459552769567960710e-06
3.452340194161868201e-05,-6.511493106541118124e-06
3.452238421697116514e-05,-2.407118472880906523e-06
3.260868276150923246e-05,-4.459238543327403818e-06
3.071894792111794215e-05,-6.473168605759263879e-06
3.071763043701822033e-05,-2.444759071594845987e-06
2.884149233700814121e-05,-4.458765043880645670e-06
2.699673610653942839e-05,-6.422648154753084403e-06
2.699558871557167542e-05,-2.494383807234975428e-06
2.516780527351998654e-05,-4.458197234485863885e-06
2.337872373599234876e-05,-6.360248964323657066e-06
2.337774656659139116e-05,-2.555525804060010524e-06
2.160900887886921709e-05,-4.457383848263896235e-06
1.988704596245329307e-05,-6.284804466661957363e-06
1.988627209217597158e-05,-2.629248429276571908e-06
1.818874868120561291e-05,-4.456296095961761790e-06
1.654683859965268172e-05,-6.194980040441992375e-06
1.654650996295116403e-05,-2.716923760791380752e-06
1.493368893878927478e-05,-4.455075480550185925e-06
1.338515049365473536e-05,-6.090028029159651374e-06
1.338478747025937570e-05,-2.819509905063754157e-06
1.192999218853265853e-05,-4.453034255402489551e-06
1.054452379494863723e-05,-5.972618390102986718e-06
1.054340791881296090e-05,-2.938222264060279486e-06
9.524624399564014180e-06,-4.564562183927949187e-06
8.550343670670454871e-06,-5.866660705376148017e-06
8.546874329305359416e-06,-3.045267416419589471e-06
7.198116501912081892e-06,-5.776908213632138731e-06
7.433950849191067976e-06,-4.914031940790693517e-06
7.193519280462737790e-06,-3.112064226406007733e-06
6.264463479574881355e-06,-3.182221407654444805e-06
-6.402953878639455794e-07,-1.048567663024621254e-06
-6.535157170341182946e-07,-1.016407987848373996e-06
-6.533085172936150098e-07,-8.980354706536431941e-07
-6.402185982933477801e-07,-8.669799021886443623e-07
6.258005757040224403e-06,-5.714844249631648358e-06
5.460244878789184193e-06,-5.613495008636798751e-06
6.052542013448336136e-06,-4.135571316285658873e-06
5.438307273251759902e-06,-3.184935617361051307e-06
-6.083656800519796460e-07,-1.062095047408238640e-06
-5.767428240031970614e-07,-9.325056838681118259e-07
-6.090804632425069991e-07,-8.543859364454606003e-07
5.190574658087179264e-06,-4.845610820352661004e-06
4.704842280816003054e-06,-5.412575596151827748e-06
4.016088769056601911e-06,-5.153400967638319248e-06
4.951553593746434929e-06,-3.844808432710033950e-06
4.696189577099187367e-06,-3.073246339665316985e-06
-3.936042977370433904e-07,-1.068419923429313322e-06
-3.944021332200064778e-07,-8.535992263338221615e-07
-2.827050949844834316e-07,-9.626113877295600825e-07
3.403707263307963710e-06,-4.813589239519465393e-06
3.909645730434690838e-06,-4.416158838829865429e-06
4.140517990660887116e-06,-3.541382416203771398e-06
4.039459355965500753e-06,-2.864990442507026242e-06
-1.618768816025866827e-07,-1.090934235599997693e-06
-1.628664893872625877e-07,-8.376135267485703168e-07
-2.588416818007738742e-08,-9.659830283483344618e-07
2.855581355588252149e-06,-4.435998445084996092e-06
2.397239014051044284e-06,-4.027939902364065048e-06
3.358434396733290130e-06,-3.417719033514007776e-06
3.479540574772999203e-06,-2.567388787083577015e-06
1.302527691988073984e-07,-1.135188080727888141e-06
1.292735277386613829e-07,-8.002874079741510384e-07
2.515860665464253101e-06,-3.447080039618069046e-06
2.023857079848680066e-06,-3.581137708592285560e-06
2.702593866546016235e-06,-2.843964760199974598e-06
3.022543786676853527e-06,-2.226911102826674141e-06
3.000706926392577590e-07,-9.694880034238758173e-07
5.014800296145465045e-07,-1.196236544710739715e-06
4.999218767183813695e-07,-7.454980510584267670e-07
1.710503390269422744e-06,-3.126210835380342620e-06
1.491537506307518627e-06,-2.695380048178584299e-06
1.350961035367563453e-06,-2.259757787742860414e-06
2.332500897110534709e-06,-2.339840838483205339e-06
2.668310388857935029e-06,-1.873248165797613481e-06
6.616366511694397447e-07,-9.734376636555107573e-07
8.566078001661218013e-07,-1.253470655084628869e-06
8.564152562623763285e-07,-6.894402558752569685e-07
1.725794890428520904e-06,-2.248694925384647693e-06
1.259195716108205571e-06,-1.850106707010137880e-06
1.154873894257779345e-06,-1.299007839992036656e-06
1.227379680997414833e-06,-1.352026785389595770e-06
1.249873783988150085e-06,-1.469903442858561164e-06
2.085221710035384103e-06,-1.825385858666688911e-06
2.399279001526355171e-06,-1.528873493893733232e-06
1.029758159607689200e-06,-1.017644740773034337e-06
1.198448980333815943e-06,-6.469880197851714435e-07
1.523678938277711777e-06,-1.570246240917724876e-06
1.253807795808566399e-06,-1.147498122998810017e-06
1.340493467021426795e-06,-1.312907714127612913e-06
1.927954894337074717e-06,-1.425892270270028063e-06
2.215564829992981610e-06,-1.217142585037987904e-06
1.296213178259529755e-06,-8.298757411615992479e-07
1.311905481474701158e-06,-6.033317407535769985e-07
1.619547731044887394e-06,-1.047643963385065895e-06
2.131170199554099757e-06,-9.350556534924761958e-07
2.077465859912628390e-06,-6.941550727475981953e-07
1.502248305497488272e-06,-6.533144452458994307e-07
1.385636488574849422e-06,-5.232886740969028225e-07
1.490218493180718078e-06,-3.295715032699519464e-07
1.861558391088171300e-06,-6.425375332516129166e-07
1.613650260047101693e-06,-1.896916436343813331e-07
2.070278120287577152e-06,-4.686206406196369625e-07
1.685638256554552760e-06,-3.075005726055642136e-07
1.921937818654227856e-06,-2.959693056568894985e-07
1.725943269333875197e-06,-7.705286961070101055e-08
2.080042995849741965e-06,-2.964148240459477467e-07
2.013897863424227006e-06,-1.675925954191693390e-07
1.914790755379673090e-06,-1.045731555459604852e-07
1.837782769704885223e-06,-1.397316705413385324e-08
1.923243280089369541e-06,1.287068841052511544e-08
2.084731516078270186e-06,-1.628747052573704279e-07
2.047519650444391820e-06,-7.092069716796859513e-08
2.013028435373646940e-06,-6.935110210267085821e-09
2.001124179454972664e-06,4.801909255224719853e-09
2.084061994622691687e-06,-7.223931147783098477e-08
2.072768788905965419e-06,-1.782505969205060569e-08
2.049195324264080505e-06,-1.635260375225927130e-08
2.060434083903398195e-06,-6.051045771280311395e-08
2.048237932582967983e-06,-1.257731381088763925e-07
2.058488184830960691e-06,-1.790354420617301036e-08
2.064072291095171171e-06,-1.975585044366935300e-08
2.066781812226549911e-06,-5.512434310020985869e-08
1.998615342151532265e-06,-1.830191867083935514e-07
1.914388650369284294e-06,-2.436176881894733140e-07
2.019498488353330813e-06,-2.085240957548554823e-08
2.010914895729614719e-06,2.195460687149328730e-08
1.809716227954726099e-06,-2.913572317179585699e-07
1.949189078090632833e-06,-9.247818734161579192e-08
1.929083030355427247e-06,6.107467456274726744e-08
1.791161121357596554e-06,-1.188897363451223399e-07
1.650156926528209872e-06,-3.414508301206757485e-07
1.823379834663537758e-06,9.129305964150638270e-08
1.388002246001776634e-06,-3.929071221233407339e-07
1.616799736160835060e-06,-8.056118715414615860e-09
1.653524656547150462e-06,1.389279707486267857e-07
9.240482656274933616e-07,-4.731171331908950940e-07
1.176814625195338830e-06,-7.486969922781701675e-08
1.387320508315930691e-06,2.025083239256484669e-07
1.635132177094787765e-07,-5.600679343689270878e-07
5.682991961166391584e-07,-1.017038773282405658e-07
9.242247505571760217e-07,2.763567367579726602e-07
-7.678284614225286113e-07,-6.327579155950677670e-07
-2.800496602713899987e-07,-1.033579388778289128e-07
1.640971910449434573e-07,3.558745653515048152e-07
-1.816242886502841112e-06,-6.910617762670231984e-07
-1.274052629198038431e-06,-1.056616331543336272e-07
-7.669780464152936983e-07,4.237998089716854539e-07
-2.955935481854675093e-06,-7.350977570881210473e-07
-2.372659507500526516e-06,-1.079402976449046060e-07
-1.815474617462088617e-06,4.775162698764500001e-07
-4.160330001036403453e-06,-7.650771740294794845e-07
-3.549165026892793710e-06,-1.100018829979320687e-07
-2.955348332953622185e-06,5.171391631239240618e-07
-5.404077400294857072e-06,-7.822298130468322867e-07
-4.777274348271073094e-06,-1.117224446105021420e-07
-4.159837981531536885e-06,5.432403444833157984e-07
-6.665612118368756100e-06,-7.890785200629399482e-07
-6.033134725706232738e-06,-1.130425683183080827e-07
-5.403652909866709305e-06,5.572730811407326375e-07
-7.929149720652593116e-06,-7.893603384472576730e-07
-7.297706011980256321e-06,-1.141121168704485050e-07
-6.665159293978465122e-06,5.618312049373012176e-07
-9.186593401517757727e-06,-7.869600402045773430e-07
-8.558891243502359162e-06,-1.149235960355609255e-07
-7.928705962006161556e-06,5.603145103889142986e-07
-1.186365849358966422e-05,-7.113327639996957285e-07
-1.168628738849233517e-05,-7.848125725471476660e-07
-9.747688499189462389e-06,-1.154016340997479092e-07
-1.043781382663011311e-05,-7.851405609668205266e-07
-9.186411637044567921e-06,5.566464377895580468e-07
-1.193712748182043153e-05,-5.339449753423046187e-07
-1.151754390339051857e-05,-1.158566666287917941e-07
-1.043771765687339486e-05,5.539164499299090423e-07
-1.193715355841125749e-05,3.022225351144122340e-07
-1.168627565325070303e-05,5.531511254811137657e-07
-1.186367544211198885e-05,4.796508047394179293e-07
