Size 192,2
8.661437209274456346e-05,-1.200564632342335923e-05
8.695126989550048147e-05,-1.119228102181981529e-05
8.695148366393668860e-05,-7.358110257427450255e-06
8.661462280059793967e-05,-6.544798367684641597e-06
8.580103032512357067e-05,-1.234256163673067811e-05
8.427570012530801813e-05,-9.275235559957971892e-06
8.580134423442717796e-05,-6.207907286405617670e-06
8.007408973630197283e-05,-1.234295513869554695e-05
8.007462064466151135e-05,-6.207706184876939424e-06
7.691246756262990110e-05,-9.275344052983770403e-06
7.434624186210396252e-05,-1.234319530169869084e-05
7.434665707873648285e-05,-6.207566796243828508e-06
7.148228834681133036e-05,-9.275566400220291093e-06
6.861787180808469160e-05,-1.234254567618328023e-05
6.861776178594661724e-05,-6.208716274555091933e-06
6.575415198160942064e-05,-9.275612215366471050e-06
6.289225582891925387e-05,-1.233816554186557633e-05
6.289244419200165561e-05,-6.213581999178202738e-06
6.003301618227094955e-05,-9.275851899266182322e-06
5.717984816088874034e-05,-1.232653801791614639e-05
5.718037874244519367e-05,-6.225841072800980276e-06
5.433231533576127437e-05,-9.276369115846763288e-06
5.149722074777804686e-05,-1.230480604304519717e-05
5.149792707042503064e-05,-6.248489262115142893e-06
4.867148130472589426e-05,-9.277132275902348385e-06
4.586651734236626380e-05,-1.227070805406750671e-05
4.586709368816646397e-05,-6.284039405457304618e-06
4.307485072636220745e-05,-9.277982163953076952e-06
4.031363618323881862e-05,-1.222195922506462675e-05
4.031389224832622649e-05,-6.334446380713247453e-06
3.757002569345239203e-05,-9.278822870046254937e-06
3.486776770626982201e-05,-1.215655007928879722e-05
3.486759380385154528e-05,-6.401477078652603840e-06
3.218783241051367550e-05,-9.279360984563262901e-06
2.956032245818087929e-05,-1.207333986147282624e-05
2.955955333301215056e-05,-6.486225180138223190e-06
2.706395156676797963e-05,-9.279134267693934834e-06
2.462807316405719865e-05,-1.197401901759744103e-05
2.462683111683840428e-05,-6.590572554910916404e-06
2.281774721906414534e-05,-9.484524873514772744e-06
2.102965656264071964e-05,-1.187979303796461489e-05
2.102685401566031212e-05,-6.688632079615752941e-06
1.850172852978145552e-05,-1.179703366425026691e-05
1.896964995096306266e-05,-1.014866470791830559e-05
1.849760661880127518e-05,-6.751548015886943309e-06
1.671048168149366972e-05,-6.818682823885329516e-06
-2.446882595426064661e-06,-4.674170508771956104e-07
-2.496186658825265908e-06,-3.487817022973071453e-07
-2.495912713938508649e-06,9.301428130391968496e-08
-2.446864719113691145e-06,2.099368457506740583e-07
1.670387701141420419e-05,-1.173860390406950277e-05
1.512429195784335145e-05,-1.159533987675071258e-05
1.632646150603486409e-05,-8.667426839144648523e-06
1.510540092062998096e-05,-6.751088635978506863e-06
-2.328772687416495596e-06,-5.165106038051542366e-07
-2.209728173433029307e-06,-3.209352240639986597e-08
-2.329833933057303339e-06,2.586716157623467071e-07
1.460786420109515355e-05,-1.009028216031307890e-05
1.359681563702310437e-05,-1.126374159522862314e-05
1.215494230570697342e-05,-1.078595625932722702e-05
1.413405942226349363e-05,-8.066306055146309491e-06
1.360562944495940742e-05,-6.435430229800205266e-06
-1.528292620881980002e-06,-5.294938137402501239e-07
-1.527871227260281512e-06,2.717868718641890229e-07
-1.113572952469192884e-06,-1.290338234634025759e-07
1.081908694548841430e-05,-1.014332180437428167e-05
1.195055485172037632e-05,-9.271657614379499006e-06
1.244284348700773891e-05,-7.410370276935018055e-06
1.223724343005168819e-05,-5.895539768295039338e-06
-6.651274644782725874e-07,-6.020409943309429348e-07
-6.653757038908384967e-07,3.432915626171209420e-07
-1.567886604223982572e-07,-1.296747406827996228e-07
9.586257613952437194e-06,-9.382070188062814471e-06
8.491324460327761645e-06,-8.514978692808788561e-06
1.074008987971885665e-05,-7.129432949098594496e-06
1.103380716799880895e-05,-5.148366578815476957e-06
4.253140331616843554e-07,-7.594491264394871677e-07
4.252518635147130248e-07,4.996494197594139145e-07
8.770465008751782658e-06,-7.213337406711408987e-06
7.537984627793524930e-06,-7.539862066029815397e-06
9.228573387093295764e-06,-5.783860758419601449e-06
1.002115477729499239e-05,-4.253916690290042955e-06
1.064920057459662947e-06,-1.302511877477296727e-07
1.824345826031610688e-06,-9.871274900308428250e-07
1.822921196735876355e-06,7.282034818741331282e-07
6.708468737434090629e-06,-6.494240713003999050e-06
6.043324366445462987e-06,-5.417906119094469694e-06
5.530838115073999271e-06,-4.288974797873156172e-06
8.301886260850795262e-06,-4.525992580011055613e-06
9.216103832663246362e-06,-3.258763517641407380e-06
2.434018975107915195e-06,-1.331724473684232304e-07
3.181150360652706288e-06,-1.211020677173186972e-06
3.181707537303969300e-06,9.621734151658095507e-07
6.650518221702930649e-06,-4.281894581543736883e-06
5.148646053683438922e-06,-3.145104614451727939e-06
4.403397696654297545e-06,-1.400141324799092075e-06
4.753282978200780438e-06,-1.592874346348386700e-06
4.932693564274031422e-06,-1.990670503486786972e-06
7.661604049117835220e-06,-3.115407137777316008e-06
8.616053005256979702e-06,-2.209645581260858673e-06
3.852143224208211734e-06,-2.920104125583275818e-07
4.425999179869996163e-06,1.132737858613696205e-06
5.926220248247540167e-06,-2.340657083927335221e-06
4.786444110855023595e-06,-8.260214158737149933e-07
5.201841738330194092e-06,-1.455790443013270525e-06
7.211947777882033539e-06,-1.886388936426863681e-06
8.236349316540988069e-06,-1.153860621868759832e-06
4.826602171486538288e-06,4.050601496172351982e-07
4.787239472262667162e-06,1.316809950742301904e-06
6.168226470437236043e-06,-5.553139404777887989e-07
8.097424156282185352e-06,-1.091544690311644794e-07
8.169918662508326125e-06,9.062655712824876609e-07
5.562884297835510577e-06,1.075245837364862443e-06
5.000254064689088013e-06,1.706482989862952198e-06
5.265944843605555701e-06,2.771913437575777023e-06
7.160400337542040033e-06,1.042664830584804985e-06
5.654230096367414006e-06,3.790982322039304693e-06
8.456535190739588738e-06,1.927393601208088826e-06
6.231149720491242990e-06,2.813240205485576526e-06
7.639504932772660887e-06,2.893644489133964660e-06
6.157168850803871087e-06,4.758079224860116474e-06
8.928673189477932199e-06,2.895648705553781915e-06
8.515405850665698940e-06,3.840234652038368909e-06
7.558523197031036881e-06,4.426739464463580616e-06
6.768446753081377786e-06,5.668303205973894012e-06
7.486761620802069209e-06,6.508590883252834990e-06
9.573202218111714632e-06,3.783450775242082989e-06
9.095369025380855619e-06,4.889422356234636101e-06
8.535945739001381393e-06,6.173183292416902407e-06
8.298146928869952165e-06,7.267639131319213953e-06
1.036772188855677048e-05,4.556646347876409121e-06
1.012263757648999523e-05,6.163563885641686665e-06
9.197029650346939589e-06,7.930669946130513561e-06
1.017284909691500357e-05,8.491369851934338892e-06
1.121011982812970104e-05,8.942340329835229534e-06
1.129829893354991342e-05,6.506145679462340710e-06
1.129190533445426749e-05,5.189120983736147434e-06
1.106550697096648392e-05,7.811731781998394432e-06
1.229839560111397367e-05,9.271383807290739924e-06
1.342421268368261845e-05,9.477444015048560599e-06
1.223375190808998466e-05,6.799851310434048150e-06
1.232101354033287278e-05,5.654448712951506956e-06
1.456908985759995337e-05,9.554027266052405866e-06
1.329273588428007224e-05,7.863269562547792381e-06
1.342338818976643726e-05,5.935949307192912203e-06
1.482106910753767462e-05,8.036600689164298680e-06
1.584055560643504682e-05,9.568696636651819427e-06
1.456531057322290629e-05,6.026365865701217674e-06
1.760184329689519790e-05,9.585123255473539810e-06
1.620522114530108826e-05,7.171652863630229030e-06
1.583891231061540931e-05,6.013892262126515614e-06
2.005604517145417523e-05,9.613333051694427752e-06
1.883333958154253314e-05,7.651074910221809279e-06
1.760145435635859730e-05,5.995299682240191778e-06
2.334989037300208239e-05,9.647696032601567860e-06
2.169301550833613190e-05,7.794081966402923898e-06
2.005508603368587572e-05,5.970986012854090174e-06
2.683848136022536066e-05,9.679047639067900395e-06
2.508470909613107550e-05,7.796455894058259040e-06
2.334884888731139383e-05,5.942404014357223873e-06
3.037686730091726387e-05,9.706669026058052082e-06
2.859943718870990164e-05,7.799115946959205134e-06
2.683747474501689946e-05,5.916358682016194056e-06
3.395795270796545624e-05,9.730170354321794867e-06
3.216050156891924800e-05,7.801798310888255928e-06
3.037609760691505520e-05,5.894147412173067112e-06
3.757421232705221756e-05,9.749226435257948685e-06
3.576047066964402316e-05,7.804484413645598013e-06
3.395720139612492920e-05,5.876141147868726122e-06
4.121718044631087662e-05,9.763315849261498952e-06
3.939161337581758145e-05,7.806918830399280817e-06
3.757346484981184909e-05,5.862248436395825602e-06
4.487720973735422454e-05,9.772360341651466432e-06
4.304466854608865700e-05,7.809143791236095657e-06
4.121632740054843083e-05,5.852795166840513056e-06
4.854598485944610866e-05,9.777061416253591251e-06
4.671045033626792213e-05,7.810973493977640909e-06
4.487654209048747055e-05,5.847759058742970369e-06
5.221738814617511812e-05,9.779061618735774745e-06
5.038137132566207672e-05,7.812348160623890523e-06
4.854551474863804555e-05,5.846270714867051408e-06
6.007916683571559708e-05,9.563651674582093160e-06
5.955795409717961112e-05,9.779548435949631262e-06
5.386176899115330507e-05,7.813243284293438362e-06
5.588822907681086939e-05,9.779471994914090826e-06
5.221712045594717634e-05,5.846638504877562531e-06
6.029505970500346481e-05,9.042432401856037894e-06
5.906175466252278295e-05,7.813876342649978143e-06
5.588807769281069887e-05,5.847675984869619140e-06
6.029505500212398086e-05,6.585338052846322968e-06
5.955790255483043281e-05,5.848154994595363554e-06
6.007914910505161415e-05,6.064074549119915296e-06
