Size 192,2
-1.391415940867242473e-04,1.857500691505311894e-05
-1.396942521275443955e-04,1.724082271544159097e-05
-1.396943117706232827e-04,1.095140270995568468e-05
-1.391416646095532247e-04,9.617242134542308360e-06
-1.378073771456566276e-04,1.912764078100134431e-05
-1.353048487842946845e-04,1.409612539833638859e-05
-1.378074684677048584e-04,9.064620050207990732e-06
-1.284125707547739313e-04,1.912720193485609963e-05
-1.284127665072904226e-04,9.065368002955882852e-06
-1.232262239033383229e-04,1.409649954158325289e-05
-1.190199626757037132e-04,1.912322635825047213e-05
-1.190201027151431220e-04,9.070190101887232688e-06
-1.143265636313815737e-04,1.409693919373887007e-05
-1.096401113597699574e-04,1.911197167391590963e-05
-1.096404385884180798e-04,9.082702164506658790e-06
-1.049583905898654305e-04,1.409751840598280966e-05
-1.002902612198854206e-04,1.909008607741935392e-05
-1.002910848797896177e-04,9.105713347265090971e-06
-9.563104412178908740e-05,1.409814005708915922e-05
-9.099297090371170189e-05,1.905551073759003067e-05
-9.099412604193554536e-05,9.141580917018023996e-06
-8.636835940015146873e-05,1.409891229942097586e-05
-8.177412840664808713e-05,1.900616895828012700e-05
-8.177514609532776613e-05,9.192489740703583813e-06
-7.719805392326314116e-05,1.409977096741180403e-05
-7.266284371392903380e-05,1.894022512966780876e-05
-7.266365567453535548e-05,9.260124022669957928e-06
-6.815089432984114360e-05,1.410059877547303195e-05
-6.369198412160652356e-05,1.885470531838043140e-05
-6.369259939189654866e-05,9.347139919923875257e-06
-5.926275354108146451e-05,1.410133704245811046e-05
-5.490126870857576412e-05,1.874557250442891878e-05
-5.490126166659628357e-05,9.457308456421928536e-06
-5.057653499169310223e-05,1.410180909814430222e-05
-4.633653065730914230e-05,1.860836028153346370e-05
-4.633558059019042227e-05,9.596111453259623488e-06
-4.230924982105903982e-05,1.410103209493203771e-05
-3.838136117212950711e-05,1.844230703046520733e-05
-3.837975420341925391e-05,9.769789783433607954e-06
-3.546346430207342811e-05,1.443105624639662539e-05
-3.258625785158882483e-05,1.828138588891138760e-05
-3.258173347276090620e-05,9.937232030586162738e-06
-2.852554914099841960e-05,1.813643143222871859e-05
-2.927301917302039223e-05,1.549592243259509337e-05
-2.851815696704936110e-05,1.004721254109540279e-05
-2.565499666904577842e-05,1.016623499416572185e-05
3.637170274231381494e-06,4.917239242410035899e-07
3.709174328452625227e-06,3.185427052431744879e-07
3.708768023465135555e-06,-3.264693892793052414e-07
3.637127611376899778e-06,-4.972384176730500498e-07
-2.564364601358642075e-05,1.803267586427015169e-05
-2.312185615799032949e-05,1.779390128915203894e-05
-2.503566245118280678e-05,1.312274411606002001e-05
-2.308662622782411871e-05,1.007215622018626668e-05
3.464760320974671396e-06,5.633440771707467874e-07
3.291089262157995720e-06,-1.440863608700437019e-07
3.466214962628483002e-06,-5.685473077264146258e-07
-2.229414147110554868e-05,1.538961162445966088e-05
-2.069001668387160004e-05,1.725212683495856865e-05
-1.840392821321246196e-05,1.648239340132351665e-05
-2.153729050017296612e-05,1.216900366378115510e-05
-2.069796009679992263e-05,9.588135941885320935e-06
2.296327083423587230e-06,5.821899432259560499e-07
2.295281837723718440e-06,-5.896144728196373802e-07
1.689605421746878673e-06,-4.123765059382565544e-09
-1.629760361542311045e-05,1.545021823014154446e-05
-1.807608092277299006e-05,1.407698469542506499e-05
-1.885448544645520271e-05,1.113410943906507318e-05
-1.852719903254800165e-05,8.754429280252126031e-06
1.032207610130771632e-06,6.906376733258990747e-07
1.032154822417499638e-06,-6.993552146762225992e-07
2.837881113372678256e-07,-4.657987392849028939e-09
-1.436114008099954646e-05,1.423808827643983661e-05
-1.265396877990163759e-05,1.286718552024634197e-05
-1.616888654630297819e-05,1.069388964863074726e-05
-1.662612343324379951e-05,7.596860558449781614e-06
-5.752888257806593771e-07,9.259221924474758918e-07
-5.756320799888312897e-07,-9.361560507513374459e-07
-1.308991905539629708e-05,1.082264223008660364e-05
-1.117847349553087355e-05,1.133069661914675133e-05
-1.380211155670362556e-05,8.592469770563363022e-06
-1.503290668440434705e-05,6.217842773095403059e-06
-1.522143784790278999e-06,-5.363907183839098034e-09
-2.648344390924631753e-06,1.265873268949029520e-06
-2.646671781188621555e-06,-1.280660844600316521e-06
-9.899530392713117003e-06,9.693704901257441190e-06
-8.887867612915135982e-06,8.024734049030741965e-06
-8.120095574767904629e-06,6.281045332846657916e-06
-1.236487171037473675e-05,6.641930974814868364e-06
-1.377027569353932952e-05,4.694094126755049993e-06
-3.553481847871941913e-06,-2.178232347767227519e-09
-4.664419643969057330e-06,1.600611710171291760e-06
-4.665794147794423222e-06,-1.632828575631864830e-06
-9.825848292828269753e-06,6.266519149096399083e-06
-7.552789167449634852e-06,4.527834409393297586e-06
-6.476934012671882533e-06,1.883055339791342975e-06
-6.991405659589339244e-06,2.172315778352586143e-06
-7.249431571460841681e-06,2.772080467633728112e-06
-1.137514508895744520e-05,4.476061901959440129e-06
-1.282692895226574637e-05,3.099457865336033719e-06
-5.662324815034864616e-06,2.339526070939047801e-07
-6.525636404991603008e-06,-1.890271234681713055e-06
-8.738880307841102995e-06,3.298230744521173192e-06
-7.047756261567399567e-06,1.026426319793497608e-06
-7.659386980636655038e-06,1.966702233076811173e-06
-1.068687043644084002e-05,2.609618430557665436e-06
-1.222461575953907624e-05,1.509355062048734615e-06
-7.120091636937638756e-06,-8.086211924611534100e-07
-7.071396484993128471e-06,-2.164347315208736423e-06
-9.112968468213033236e-06,6.108224452621994076e-07
-1.199737995054812604e-05,-5.332252048654040306e-08
-1.207714067064129319e-05,-1.559109279007595260e-06
-8.224431444694099995e-06,-1.809707754242635952e-06
-7.396085751355171809e-06,-2.738773442813339616e-06
-7.805279389827022776e-06,-4.298218299078865737e-06
-1.058781242320804182e-05,-1.768842446748278998e-06
-8.392590680571953052e-06,-5.772545369195251193e-06
-1.247390092015809369e-05,-3.067640403106103785e-06
-9.224828493424203508e-06,-4.364059718986917109e-06
-1.127809335622900520e-05,-4.480167358599284565e-06
-9.135395305782421314e-06,-7.164082165963265499e-06
-1.313633385173824934e-05,-4.482353990372687536e-06
-1.253465950146841258e-05,-5.848440888151579798e-06
-1.116144881448538018e-05,-6.690977728027296981e-06
-1.002935909073504047e-05,-8.458750555675206926e-06
-1.106350098701323268e-05,-9.643008256149972399e-06
-1.403857956903891994e-05,-5.770314662321065803e-06
-1.335698468927336296e-05,-7.349102512589337867e-06
-1.256207397050949941e-05,-9.166901186726800137e-06
-1.222524182226569534e-05,-1.070190273377873207e-05
-1.514959649181251705e-05,-6.882793337790892722e-06
-1.480263679497772231e-05,-9.149312059069348731e-06
-1.349919102832281307e-05,-1.162202579909473635e-05
-1.486877950140230668e-05,-1.239125343854942043e-05
-1.631643317624093114e-05,-1.299950186416020336e-05
-1.644314262142522714e-05,-9.628374573485892817e-06
-1.643595937863186337e-05,-7.785212859091722416e-06
-1.612028951324000596e-05,-1.144206162606731501e-05
-1.782327554993378037e-05,-1.343950734290445287e-05
-1.936975988989051380e-05,-1.370528323215494524e-05
-1.773948971888908508e-05,-1.003822402892678047e-05
-1.785834158987315519e-05,-8.450396633303139943e-06
-2.093620808746971088e-05,-1.379377234270260516e-05
-1.919834575482464440e-05,-1.150088680718217855e-05
-1.937367960670877476e-05,-8.858321858531838274e-06
-2.128303197119832198e-05,-1.173337904966816150e-05
-2.265863514809798415e-05,-1.379281051736313852e-05
-2.093613526925348827e-05,-8.996344777056112398e-06
-2.502688467849628989e-05,-1.379178649425028993e-05
-2.315866123438127967e-05,-1.056396008364999205e-05
-2.265832937745351978e-05,-8.997888362156655984e-06
-2.827749889983352470e-05,-1.378956244915424525e-05
-2.666988910077305487e-05,-1.120890236493834570e-05
-2.502648996355641862e-05,-9.000147427978360970e-06
-3.256100660590708056e-05,-1.378664534425806681e-05
-3.042024243225542311e-05,-1.139685488136684850e-05
-2.827710279138611777e-05,-9.003469654478097261e-06
-3.701834175086343167e-05,-1.378440521483282753e-05
-3.479054849018082244e-05,-1.139766005397802997e-05
-3.256076935832546737e-05,-9.007844469483368481e-06
-4.147145021615197374e-05,-1.378376071933666974e-05
-3.924518626914446485e-05,-1.139840413597011813e-05
-3.701813193625953547e-05,-9.011663870685170945e-06
-4.592341382537659536e-05,-1.378442786543985941e-05
-4.369726311436974075e-05,-1.139922919195785256e-05
-4.147113950675363912e-05,-9.013829888105945180e-06
-5.037558121532225396e-05,-1.378525737710177084e-05
-4.814928314645194586e-05,-1.140013099974085803e-05
-4.592304167611983796e-05,-9.014972839568787202e-06
-5.482752402125179453e-05,-1.378600586501435743e-05
-5.260144953020021397e-05,-1.140105509556326870e-05
-5.037516677062906981e-05,-9.015912667421596929e-06
-5.927888913578729864e-05,-1.378680125162522240e-05
-5.705308525823848194e-05,-1.140193517414577348e-05
-5.482716978370694573e-05,-9.017015598804273307e-06
-6.373053363108478341e-05,-1.378829907691391913e-05
-6.150431826712665542e-05,-1.140283717287949386e-05
-5.927849322499629034e-05,-9.017896071681387528e-06
-6.818469326342671002e-05,-1.379049548923210268e-05
-6.595694647433976963e-05,-1.140355804735804965e-05
-6.373027459468840600e-05,-9.018041120352983164e-06
-7.773520758414144546e-05,-1.353055119493406165e-05
-7.710183885198698369e-05,-1.379288482888027489e-05
-7.018078855737941034e-05,-1.140407737990843606e-05
-7.264207244016533010e-05,-1.379235908300729400e-05
-6.818444509888389380e-05,-9.017128182900576846e-06
-7.799755988610621927e-05,-1.289720777954949177e-05
-7.649873258767566091e-05,-1.140433263713513980e-05
-7.264200756922432726e-05,-9.016083546507243335e-06
-7.799755719085589209e-05,-9.911458683126025837e-06
-7.710181750897030135e-05,-9.015756391375634579e-06
-7.773519958524915258e-05,-9.278098415668802835e-06
