Size 192,2
1.599642276214683744e-05,-1.087176557259232239e-06
1.608715237131568243e-05,-8.682965422144771753e-07
1.608714753053445062e-05,1.639420074569513245e-07
1.599641993902070177e-05,3.827974925138836869e-07
1.577741784224916835e-05,-1.177812569197569732e-06
1.536622045458624529e-05,-3.522001514116428277e-07
1.577742589614017108e-05,4.734199198623201821e-07
1.423487482715626416e-05,-1.176068521384586949e-06
1.423487733034324443e-05,4.713934439584352864e-07
1.338551633667829124e-05,-3.525010439428778337e-07
1.269978590559209970e-05,-1.169494697469810123e-06
1.270011315881662049e-05,4.639995485268045453e-07
1.193787368711365110e-05,-3.531410684011668813e-07
1.118304536798149969e-05,-1.158047725974046785e-06
1.118337610180717323e-05,4.513477101170174755e-07
1.043304873340953658e-05,-3.540416659111961336e-07
9.693341466904421415e-06,-1.142390681398498545e-06
9.693234841604618334e-06,4.336882406473665119e-07
8.959179707019078459e-06,-3.552257180841900094e-07
8.238633863986697569e-06,-1.122709663039042152e-06
8.238200414176002624e-06,4.109545315044080496e-07
7.524619120058352768e-06,-3.567394435463735151e-07
6.827365064892059906e-06,-1.098277512796112383e-06
6.827227795139848281e-06,3.827628933455176366e-07
6.138805607539975989e-06,-3.585680832989786439e-07
5.470105185658158160e-06,-1.068165356498670005e-06
5.470456898228403812e-06,3.484828416365865958e-07
4.812780485579179258e-06,-3.607967501616490558e-07
4.178571910554711780e-06,-1.031772058043961309e-06
4.179408452554377046e-06,3.074474237774716760e-07
3.558345534752065826e-06,-3.632323570203377153e-07
2.965630820926205141e-06,-9.877350134866118959e-07
2.966857642075313724e-06,2.586119676819809535e-07
2.389540430850146289e-06,-3.657242679745361704e-07
1.846460100061753914e-06,-9.341542110888794974e-07
1.847600378001049046e-06,2.001431956546405440e-07
1.343031458312052521e-06,-3.675361753952078013e-07
8.775313823364414675e-07,-8.702751228967836607e-07
8.781165543108989146e-07,1.296912625404165136e-07
5.400514189792512737e-07,-4.047104056034776915e-07
2.348676345109177320e-07,-8.081886641942988864e-07
2.336649218883706693e-07,6.246824077072569225e-08
-1.711507440454567837e-07,-7.516578464226873512e-07
-1.103180552825065148e-07,-5.075269498422144309e-07
-1.738846201141835845e-07,1.824272135425758099e-08
-4.340970008623561167e-07,-2.976290062752590194e-08
4.082392468628508369e-07,-5.308870516085527342e-07
4.157266820514096180e-07,-5.486560266850857283e-07
4.157720318000923721e-07,-6.156317710554157870e-07
4.082907301017211524e-07,-6.335278764236698465e-07
-4.387689472616409031e-07,-7.109182170529880055e-07
-6.432502423827588071e-07,-6.616766369921015333e-07
-5.034100153390569465e-07,-2.875733055723701245e-07
-6.592299440348863916e-07,-6.287700832579707876e-08
3.904867646730951141e-07,-5.236798077608128046e-07
3.723347737221697581e-07,-5.972834065759070505e-07
3.904023611317088489e-07,-6.412063655968426072e-07
-7.196815370905653052e-07,-4.605067998132641468e-07
-8.220913834846001609e-07,-5.821040195992343835e-07
-9.632480850191331917e-07,-5.004812605780776561e-07
-7.811690927804568340e-07,-2.266966103718444692e-07
-8.369801331530719037e-07,-7.854839545743401525e-08
2.694258786161848915e-07,-5.232127488454160677e-07
2.688982213070525514e-07,-6.447978161935528208e-07
2.063813486505251337e-07,-5.846423193284049116e-07
-1.062731126631622353e-06,-4.000826335187638350e-07
-9.936774196258123425e-07,-3.380468003631752480e-07
-9.512291272040123171e-07,-1.758596707078459342e-07
-9.755154674074487984e-07,-8.663391787624251787e-08
1.381403726857978610e-07,-5.124277726213390145e-07
1.379680555232518199e-07,-6.577171772501290604e-07
5.997773882510669076e-08,-5.854093566168243134e-07
-1.134412642886403892e-06,-3.100364133005902351e-07
-1.163272177040368024e-06,-2.338443052904390816e-07
-1.080498839152549566e-06,-1.619072863268072019e-07
-1.076080512483197557e-06,-8.703543884684927227e-08
-3.047387895317618734e-08,-4.864222881222292619e-07
-3.060405947002590420e-08,-6.848481899673065335e-07
-1.154204624568608920e-06,-1.574869366933172382e-07
-1.156673552643743625e-06,-1.626999134381449673e-07
-1.148998723090390967e-06,-1.162124502166340362e-07
-1.143560369036181720e-06,-1.071119710265489645e-07
-1.312385775356767671e-07,-5.857392644406706705e-07
-2.528911184265805250e-07,-4.463958024112122535e-07
-2.528004045962306972e-07,-7.251067616645560198e-07
-1.136901182737090952e-06,-1.158571383148593923e-07
-1.081504627152538026e-06,-1.136604865645261010e-07
-1.004802831636773214e-06,-1.311780801726399102e-07
-1.151638276838279551e-06,-1.130882274096605394e-07
-1.186010162776740193e-06,-1.600542134584968334e-07
-3.513265136721942960e-07,-5.855291796492714162e-07
-4.752867853776466225e-07,-4.044212163618776559e-07
-4.744491327178625317e-07,-7.670647926505470387e-07
-1.090883742934735698e-06,-1.210268506528630064e-07
-9.320661270556192411e-07,-1.880810662922847621e-07
-7.015322921747366620e-07,-3.658066300306272513e-07
-7.816111512982145343e-07,-3.361673545873435600e-07
-8.402027395376741769e-07,-2.861126007174365033e-07
-1.143222266701645886e-06,-1.718647139793590037e-07
-1.223394365267736318e-06,-2.505618317415233599e-07
-5.877620569320652188e-07,-5.596901930408315571e-07
-6.596736451735221282e-07,-7.954716710879252909e-07
-9.873164774271638054e-07,-2.381395243289323616e-07
-7.658255853870389946e-07,-4.584462054911112152e-07
-8.605564397398043177e-07,-3.544348426768255077e-07
-1.117440588509212433e-06,-2.823172264932603181e-07
-1.263115292054986433e-06,-3.830683111748762147e-07
-7.342614243076964069e-07,-6.664546885392928024e-07
-6.966479634443471880e-07,-8.303652577124529549e-07
-9.885580282800565673e-07,-4.671131027174729397e-07
-1.298404281927414572e-06,-5.449913126070240504e-07
-1.398677156436446837e-06,-7.413465513824636323e-07
-8.394917481591472170e-07,-7.741909974275900564e-07
-7.101452993291185526e-07,-9.198355332746956489e-07
-7.117126734461743073e-07,-1.196090237562583744e-06
-1.174068845124802757e-06,-7.444756333575048081e-07
-7.487732444697379655e-07,-1.516943181898160995e-06
-1.546383953724361877e-06,-9.578245734328332555e-07
-9.394914751862439708e-07,-1.188890852133258632e-06
-1.332761865525182258e-06,-1.212700463086816786e-06
-8.544698064558312953e-07,-1.846031684836853452e-06
-1.764149940342349408e-06,-1.213477424245780543e-06
-1.645448181605032378e-06,-1.511711490770984669e-06
-1.302308773103128765e-06,-1.718848770635040771e-06
-1.013357919805098501e-06,-2.209666808664191649e-06
-1.257096149255754723e-06,-2.584597312633744320e-06
-2.073163102493008003e-06,-1.477388581504218395e-06
-1.886769647534151884e-06,-1.900409853900992656e-06
-1.656791069498888286e-06,-2.445504549261716675e-06
-1.555762309990584452e-06,-2.964080329035490501e-06
-2.462759193050611961e-06,-1.738881376412058003e-06
-2.357539539663717913e-06,-2.453215212263972513e-06
-1.934689102978580492e-06,-3.313156448930541379e-06
-2.398123944499289073e-06,-3.641369283766267980e-06
-2.920852543832921133e-06,-3.941904051861614498e-06
-2.950990399560082115e-06,-2.619265170711196950e-06
-2.940446999604206987e-06,-1.979814630383523394e-06
-2.826885897663618943e-06,-3.302440538168180314e-06
-3.516100908298906920e-06,-4.172253863574115423e-06
-4.171492460236621159e-06,-4.345133100788354231e-06
-3.458289575577789099e-06,-2.765328931416644112e-06
-3.511434338909913924e-06,-2.153189387367734403e-06
-4.861859944393039754e-06,-4.437942635525457812e-06
-4.065152530200344489e-06,-3.371742548448066473e-06
-4.153859062506130236e-06,-2.241325141003118427e-06
-5.009319103167506689e-06,-3.486587121690526220e-06
-5.679037706385366480e-06,-4.500604469678490926e-06
-4.844794875796780087e-06,-2.248192179869478506e-06
-6.856764565258441014e-06,-4.562774852072612328e-06
-5.900783477242619454e-06,-2.928641788725072669e-06
-5.676048584523540483e-06,-2.185182698252489487e-06
-8.600835546246031596e-06,-4.656559692714299837e-06
-7.710929969414688612e-06,-3.239582900674224342e-06
-6.858803176763811074e-06,-2.103671378963321690e-06
-1.107564012512442582e-05,-4.754218148490159672e-06
-9.810556403489946797e-06,-3.336719131401859331e-06
-8.601842163556305102e-06,-2.012217921350714922e-06
-1.381228438136429349e-05,-4.832158273655643121e-06
-1.241987591057203729e-05,-3.335001276042981220e-06
-1.107621155954030457e-05,-1.916493446961360304e-06
-1.667766909648874153e-05,-4.891935489748593323e-06
-1.522614368697191194e-05,-3.333913910333964149e-06
-1.381262226352580468e-05,-1.836601209288542581e-06
-1.963986686592383361e-05,-4.934503839825691096e-06
-1.814539926528417800e-05,-3.332922436594080069e-06
-1.667804160744442725e-05,-1.774874310163667016e-06
-2.266704533106162270e-05,-4.961629367434852713e-06
-2.114508009643101865e-05,-3.332193722838578219e-06
-1.964011802794049760e-05,-1.730557694162424767e-06
-2.573087141788445186e-05,-4.975609821407533176e-06
-2.419484088466036009e-05,-3.331814192132783255e-06
-2.266710282767990867e-05,-1.702405661177978237e-06
-2.880958644275192893e-05,-4.980639611907603447e-06
-2.726899053921616855e-05,-3.331694965081236874e-06
-2.573084983466837540e-05,-1.687874507846770079e-06
-3.189058013096462377e-05,-4.981033646076230119e-06
-3.035027134010042209e-05,-3.331778475572734000e-06
-2.880958440690529931e-05,-1.682777108374847842e-06
-3.496891107838261966e-05,-4.979820130145542410e-06
-3.343030030891634881e-05,-3.331895860115081325e-06
-3.189062264306182594e-05,-1.682583555403594630e-06
-4.155383085515670867e-05,-4.797443878837642888e-06
-4.111732304664909588e-05,-4.978262760325891543e-06
-3.634675675982689582e-05,-3.331998245849462150e-06
-3.804401900288614851e-05,-4.978589562183859625e-06
-3.496888149813952529e-05,-1.684066056177643990e-06
-4.173463650144511447e-05,-4.360918793313131906e-06
-4.070181457301163814e-05,-3.332052519396342453e-06
-3.804398061781505977e-05,-1.685445090220574445e-06
-4.173462386124584308e-05,-2.303194648188700192e-06
-4.111729887841155523e-05,-1.685838658603787388e-06
-4.155381445423273444e-05,-1.866661502298492885e-06
