Size 192,2
-7.935484226797403422e-05,1.101011870206210374e-05
-7.965947314428578575e-05,1.027468263245047304e-05
-7.965916526878954334e-05,6.807701275480888264e-06
-7.935449372709032546e-05,6.072241305748721518e-06
-7.861938814133435428e-05,1.131474018669434524e-05
-7.723968343316387256e-05,8.541145995966928275e-06
-7.861898489492487806e-05,5.767611170444305333e-06
-7.344094513155526873e-05,1.131435182922646199e-05
-7.344045649422123662e-05,5.768159298078848230e-06
-7.058232175422896916e-05,8.541516279969533980e-06
-6.826450375438115458e-05,1.131262301754589311e-05
-6.826370944367647403e-05,5.770509233353753137e-06
-6.567687308753588889e-05,8.541690079584380742e-06
-6.309276137622295830e-05,1.130855525293418620e-05
-6.309208308189673449e-05,5.774989658873187785e-06
-6.050920203410311730e-05,8.541995719238621834e-06
-5.793148462603285809e-05,1.130089959866943735e-05
-5.793054533706968034e-05,5.783162140132913286e-06
-5.535532659593683292e-05,8.542147521177376147e-06
-5.278882497196393472e-05,1.128707170579035380e-05
-5.278786825301305343e-05,5.797147672212757814e-06
-5.022616171529576659e-05,8.542122438199250311e-06
-4.767825850678983341e-05,1.126513769057551407e-05
-4.767717894495451434e-05,5.819046719997727163e-06
-4.513685497678865622e-05,8.541816392071129870e-06
-4.261626983684416658e-05,1.123333323796717425e-05
-4.261547791275270482e-05,5.850258208532797847e-06
-4.010573433354518039e-05,8.541266873925568436e-06
-3.762263928844990896e-05,1.119027969839581180e-05
-3.762248546749505444e-05,5.892088459220705919e-06
-3.515356024358486851e-05,8.540581317237815414e-06
-3.271837688034039967e-05,1.113566335695171988e-05
-3.271863107627567629e-05,5.944914890555300451e-06
-3.030130948169115589e-05,8.539788310665894221e-06
-2.792472559041853458e-05,1.106901161985777093e-05
-2.792456991452259326e-05,6.009766835221064284e-06
-2.566399027877048906e-05,8.538419132201468278e-06
-2.344897093805575479e-05,1.099146065254101489e-05
-2.344825881403051301e-05,6.088761790046886381e-06
-2.180075008974510209e-05,8.725287337943955792e-06
-2.016385362009369802e-05,1.091854018240967512e-05
-2.016158249483700793e-05,6.163299480320650833e-06
-1.784274075434124130e-05,1.085442531948479575e-05
-1.827624192727679488e-05,9.335764799726412429e-06
-1.783945289559574448e-05,6.211609142896493191e-06
-1.619125826534135174e-05,6.263404341750206500e-06
2.493989955963212254e-06,1.886367739958808964e-08
2.543449804184389654e-06,-9.993865753886070109e-08
2.543192836522454490e-06,-5.429965238162868343e-07
2.493951520146514753e-06,-6.603971949662950238e-07
-1.618638370793302884e-05,1.080914714321968308e-05
-1.472307143332590158e-05,1.068460868387682013e-05
-1.584065468149958516e-05,7.971033606836931801e-06
-1.470891494233190657e-05,6.190047319173536980e-06
2.375652659849065699e-06,6.791288658335710056e-08
2.256115510487012207e-06,-4.180268085284350633e-07
2.376447954596974757e-06,-7.095180382055451905e-07
-1.424714544586095640e-05,9.292112391337879849e-06
-1.330313713423485341e-05,1.038712896752545497e-05
-1.195557533406810826e-05,9.949826353476276671e-06
-1.380821829339698694e-05,7.410006379223463966e-06
-1.331560937380329137e-05,5.883280080765240709e-06
1.572875533564615310e-06,7.957037492100090397e-08
1.571937207199540963e-06,-7.242168280368557177e-07
1.156800166020245625e-06,-3.228360245761952485e-07
-1.069901281402732409e-05,9.359162055343831215e-06
-1.176731026289648626e-05,8.538401146674627848e-06
-1.222918220138995604e-05,6.793934844024343785e-06
-1.203856955510422319e-05,5.363228720909992647e-06
7.068307520310508632e-07,1.521125619425183652e-07
7.068793953637727681e-07,-7.981322870702977509e-07
1.956614013190316704e-07,-3.231811015788023188e-07
-9.534297154307208661e-06,8.652257154494795514e-06
-8.490890316393542850e-06,7.840335034188253025e-06
-1.062856876661669225e-05,6.528374359916169353e-06
-1.091034458071810596e-05,4.646048681365321024e-06
-3.904436257614080956e-07,3.114065280523009085e-07
-3.906628779627120642e-07,-9.582929086688270626e-07
-8.756797037694818487e-06,6.610887014725290808e-06
-7.573163834984519594e-06,6.923374566424455756e-06
-9.196169199577161379e-06,5.249052330611174019e-06
-9.956929632278281066e-06,3.781651091554036493e-06
-1.035762960855863897e-06,-3.235111743940368552e-07
-1.802927277621525970e-06,5.427396448471418245e-07
-1.801792736936998608e-06,-1.191947212359452540e-06
-6.770647036486135049e-06,5.932448680595899249e-06
-6.115769362198597454e-06,4.899437815319835940e-06
-5.600589266196092392e-06,3.809967074450325639e-06
-8.307103898651465749e-06,4.042070728787545324e-06
-9.196414454333750327e-06,2.810734553480736006e-06
-2.419381602333166901e-06,-3.212283196921058719e-07
-3.176055276932061862e-06,7.710597822019914445e-07
-3.176388284103871702e-06,-1.430771286201178954e-06
-6.702128835912699445e-06,3.806025745516846129e-06
-5.211395829511671212e-06,2.694762376037034730e-06
-4.421934798599685971e-06,9.647983789879501155e-07
-4.783691277806966651e-06,1.159083292893640939e-06
-4.974863850738926506e-06,1.556417751862494850e-06
-7.690099522013915090e-06,2.670228819465477539e-06
-8.632042057034043200e-06,1.776269339576318988e-06
-3.856098095827856748e-06,-1.608284787397329073e-07
-4.429755178193848745e-06,-1.603946605075744418e-06
-5.975160457830041473e-06,1.907114084202923234e-06
-4.810260086027008257e-06,3.841199346972539641e-07
-5.239602157091194826e-06,1.021652935333241766e-06
-7.250919120427599395e-06,1.456856879774880502e-06
-8.281062545743468961e-06,7.220631224882426991e-07
-4.838369162189721686e-06,-8.640657004928014393e-07
-4.788015143614435291e-06,-1.791907563410228602e-06
-6.208502900864212336e-06,1.217979156069140349e-07
-8.160273347897569916e-06,-3.314519571337008405e-07
-8.264727415689402515e-06,-1.369012959961812517e-06
-5.578911397587629753e-06,-1.541653150192153324e-06
-4.996504543521139988e-06,-2.195153833744875156e-06
-5.251345705877445778e-06,-3.308669565144049603e-06
-7.221921298077114107e-06,-1.500225519349598216e-06
-5.635492076011889094e-06,-4.393815083987038967e-06
-8.590884961179497465e-06,-2.419244227991380580e-06
-6.252898734752660508e-06,-3.345622385678432720e-06
-7.736054538499130656e-06,-3.430731207643825350e-06
-6.153145205623019819e-06,-5.432281037851358101e-06
-9.119112815004978088e-06,-3.432942200610999137e-06
-8.683208263549395888e-06,-4.439195034674379871e-06
-7.648756300518284022e-06,-5.071504230293684060e-06
-6.793080830681689090e-06,-6.428881657477027179e-06
-7.565789949962174702e-06,-7.362954399631742505e-06
-9.844300786041773989e-06,-4.373177600716726210e-06
-9.323076410711615588e-06,-5.577593303399456214e-06
-8.708755236386208259e-06,-6.994050459681479988e-06
-8.446628272376398370e-06,-8.219809390735704046e-06
-1.074086727011082495e-05,-5.204042254728893691e-06
-1.047126274104472785e-05,-6.988062293590867705e-06
-9.439591913780189344e-06,-8.973871204276560393e-06
-1.053486180328403912e-05,-9.621662132433869748e-06
-1.170778602808599977e-05,-1.015229117130618931e-05
-1.180185807100326497e-05,-7.373490292712267192e-06
-1.179102684678592083e-05,-5.893658148016774866e-06
-1.153769232579316895e-05,-8.855124778377064366e-06
-1.295346720795534040e-05,-1.054162370682781570e-05
-1.425103120572454947e-05,-1.079116611297760817e-05
-1.287167760976407489e-05,-7.705103271919668394e-06
-1.297193967332396943e-05,-6.401193094061821919e-06
-1.557729290681722948e-05,-1.088934364498072397e-05
-1.409214807318406994e-05,-8.925828133191851730e-06
-1.424489544790882811e-05,-6.705555903413089108e-06
-1.586860350695065282e-05,-9.128299223214912330e-06
-1.705981416786931325e-05,-1.091471057679261797e-05
-1.556942736119254584e-05,-6.799356463316519913e-06
-1.911983624373125515e-05,-1.093903769130840748e-05
-1.748398470115588636e-05,-8.121844300907171520e-06
-1.705830572584424295e-05,-6.774419638233740620e-06
-2.199579220148341392e-05,-1.097320782645853836e-05
-2.056339380050504581e-05,-8.679123949601509432e-06
-1.912031877012581132e-05,-6.744023306257623995e-06
-2.584890276799067316e-05,-1.100667899631679587e-05
-2.391329892617141993e-05,-8.844243865905424164e-06
-2.199595650202243870e-05,-6.712596661751067045e-06
-2.991458181339984174e-05,-1.103365394768585935e-05
-2.787376456827139111e-05,-8.844527715526022320e-06
-2.584883274990994363e-05,-6.681712136950819782e-06
-3.402446819044141100e-05,-1.105734043452976821e-05
-3.196228336955143272e-05,-8.845039594253725616e-06
-2.991436640664525757e-05,-6.655921594586839108e-06
-3.817571520688585473e-05,-1.107966359189059643e-05
-3.609313865277897056e-05,-8.845584357772739227e-06
-3.402421919510220525e-05,-6.633278106964383931e-06
-4.236648083120644187e-05,-1.110022716406784893e-05
-4.026472579678312013e-05,-8.846143246325633620e-06
-3.817558967311398708e-05,-6.612009593890662699e-06
-4.659256042344986533e-05,-1.111835675481394082e-05
-4.447399032636274399e-05,-8.846664562886476227e-06
-4.236645835613999013e-05,-6.592559779088674283e-06
-5.084872496545632430e-05,-1.113407581435890436e-05
-4.871584556508044139e-05,-8.847351415686916437e-06
-4.659236967229679247e-05,-6.575670327525628870e-06
-5.513085719120298337e-05,-1.114770224881976242e-05
-5.298551425930937334e-05,-8.848046961465639657e-06
-5.084838287960554164e-05,-6.561449142221024929e-06
-5.943589365379710392e-05,-1.115875429718596134e-05
-5.727988468678591101e-05,-8.848512650226549132e-06
-5.513066587279218968e-05,-6.548935902976492716e-06
-6.870135834295538449e-05,-1.091273196124777909e-05
-6.808664947847574596e-05,-1.116729805724977799e-05
-6.136988309577372756e-05,-8.848869445717723320e-06
-6.375773655665142457e-05,-1.116554722988198934e-05
-5.943578796810752043e-05,-6.538679597111576438e-06
-6.895598637056185435e-05,-1.029810393643382784e-05
-6.750105199606628269e-05,-8.849165519454158611e-06
-6.375768141670502343e-05,-6.532525275087079246e-06
-6.895599781898152701e-05,-7.400223879398995515e-06
-6.808664457264231604e-05,-6.531002635685376021e-06
-6.870136581295342043e-05,-6.785577869325383435e-06
