Size 192,2
-1.065740497502429604e-04,1.475089743588253442e-05
-1.069932544229022987e-04,1.373885948487390662e-05
-1.069932548960160615e-04,8.968140687188545774e-06
-1.065740514108541435e-04,7.956104901379147865e-06
-1.055620061163056397e-04,1.517009952529699230e-05
-1.036637860560589479e-04,1.135349216667507973e-05
-1.055620102346955001e-04,7.536903540441243524e-06
-9.843571573156402455e-05,1.517001175256230609e-05
-9.843579112243972288e-05,7.536951294084226134e-06
-9.450111849437293262e-05,1.135345823759793478e-05
-9.130954275226530739e-05,1.516746647154432293e-05
-9.130922850118260484e-05,7.538987814547230079e-06
-8.774752180264099792e-05,1.135321016622152773e-05
-8.419065826258858090e-05,1.515866175180171677e-05
-8.418949983446709980e-05,7.546996296553243830e-06
-8.063665626261675085e-05,1.135266412219798107e-05
-7.709458543989002478e-05,1.513976870323295603e-05
-7.709283783623478432e-05,7.564755409377672833e-06
-7.355888655838643960e-05,1.135191640749150062e-05
-7.004314132348544596e-05,1.510827400672659819e-05
-7.004137626332579674e-05,7.594933836426333957e-06
-6.653764512243652660e-05,1.135091351032405290e-05
-6.306050014460088781e-05,1.506317032178665926e-05
-6.305925149008011102e-05,7.637992845321034548e-06
-5.959805520055264625e-05,1.134978894253242380e-05
-5.617303424318056932e-05,1.500335647572640442e-05
-5.617231531010611278e-05,7.695268653374257633e-06
-5.276758411727451928e-05,1.134854485894652347e-05
-4.940927811217859177e-05,1.492776667105369379e-05
-4.940874304907070342e-05,7.767810714009300516e-06
-4.607544237258345170e-05,1.134689836074018115e-05
-4.279828337758384202e-05,1.483672809770619036e-05
-4.279789062483552907e-05,7.855520667248836375e-06
-3.955021443837578748e-05,1.134505336891121968e-05
-3.636695873685554767e-05,1.473083792581364449e-05
-3.636634577750981874e-05,7.957956355158252062e-06
-3.334269761018135962e-05,1.134239227787206517e-05
-3.038868723524355042e-05,1.461182886913115545e-05
-3.038733400221188010e-05,8.077214198309736634e-06
-2.819237566699418299e-05,1.158991393293576210e-05
-2.601830198804174475e-05,1.450275406309524567e-05
-2.601448219458183891e-05,8.186532207596021441e-06
-2.293987256184333760e-05,1.440816354618862584e-05
-2.351193688678336605e-05,1.239748929716158331e-05
-2.293439957247566988e-05,8.256041643667118697e-06
-2.075312150122983598e-05,8.330668423284688661e-06
3.068801333626421756e-06,4.033415319552663993e-07
3.131033458679055511e-06,2.536761099493617266e-07
3.130700290361680887e-06,-3.040489051141848302e-07
3.068768215949141240e-06,-4.517265901974802266e-07
-2.074679127112512067e-05,1.434158409915257018e-05
-1.881459276220606621e-05,1.417086949808245127e-05
-2.028700593272062750e-05,1.058902216274670814e-05
-1.879252928187336708e-05,8.240266246931891530e-06
2.919767883426895760e-06,4.652314142077444504e-07
2.769334652087708379e-06,-1.463327234847378100e-07
2.920963073487832799e-06,-5.133764455802709620e-07
-1.818423259345419883e-05,1.233054409726075329e-05
-1.694285493083698185e-05,1.377075230350367949e-05
-1.517126178739795672e-05,1.318860668025185584e-05
-1.760396908277918286e-05,9.849785813768226070e-06
-1.695506142765421229e-05,7.844325842375184717e-06
1.908961629951409742e-06,4.807303682857990301e-07
1.908097496824984907e-06,-5.308351910702414046e-07
1.385068415470755046e-06,-2.538494076458054604e-08
-1.352575913335598258e-05,1.240405111670427876e-05
-1.492153801457542106e-05,1.133027073183188248e-05
-1.552677146191493266e-05,9.041097521420799550e-06
-1.527437515781796131e-05,7.171334293385379711e-06
8.192013878725196182e-07,5.705965537073403568e-07
8.191960364516057244e-07,-6.216778262572218244e-07
1.778566440522905547e-07,-2.573216897817741968e-08
-1.200423279063139353e-05,1.147013372707121910e-05
-1.064832981238681148e-05,1.040264449566188455e-05
-1.342938435908664324e-05,8.692902904545198446e-06
-1.379283271617487671e-05,6.242426765094684035e-06
-5.552417974249592830e-07,7.659021535759245121e-07
-5.553913520225654670e-07,-8.177129880262964762e-07
-1.099351133416940797e-05,8.796110231391133450e-06
-9.464452077072325060e-06,9.200271636389683279e-06
-1.156081422985418886e-05,7.026690197051840862e-06
-1.254305296592813019e-05,5.128670634544770625e-06
-1.359462332091082737e-06,-2.577398459537299461e-08
-2.312465260074291213e-06,1.048738961461238658e-06
-2.310851065025892125e-06,-1.102624057148461327e-06
-8.432825572134804425e-06,7.906673416159759900e-06
-7.601974116896934132e-06,6.570309330241292768e-06
-6.959909987046336060e-06,5.167241618293810569e-06
-1.041027074670429060e-05,5.464510841638318722e-06
-1.154691833171663566e-05,3.887250283548992756e-06
-3.077215526041932941e-06,-2.249351191147712210e-08
-4.013027739233986380e-06,1.327445706043807888e-06
-4.013766938640271078e-06,-1.394106795976397856e-06
-8.356006692648074486e-06,5.159493253015813563e-06
-6.480326121752917228e-06,3.741863926961250600e-06
-5.543429162625639558e-06,1.562990239750899540e-06
-5.981716845796143057e-06,1.803832113319113643e-06
-6.207215040999275234e-06,2.301080504758087166e-06
-9.613648061252867620e-06,3.707103347024940052e-06
-1.080316337184588392e-05,2.576565387139036585e-06
-4.853422904048364792e-06,1.762299575607559149e-07
-5.570833028466923572e-06,-1.605944959340529779e-06
-7.449315795880077181e-06,2.738995840246528198e-06
-6.022642659457252525e-06,8.445113540119625648e-07
-6.542776454637187087e-06,1.632374489754593625e-06
-9.052726217170987445e-06,2.171988915562774875e-06
-1.033160461809541395e-05,1.256075470362050562e-06
-6.071988554954347191e-06,-6.954182744483507932e-07
-6.022413836826731194e-06,-1.835560691201435524e-06
-7.749174934528978200e-06,5.067894030230837178e-07
-1.015847475652344490e-05,-5.083863067093887122e-08
-1.024899756413933151e-05,-1.320794383989157851e-06
-6.991657070155523540e-06,-1.533099560500823558e-06
-6.288397893719167912e-06,-2.322114354421397989e-06
-6.619842486718445599e-06,-3.653030678954404656e-06
-8.987650315395709884e-06,-1.491511134590542031e-06
-7.104205715499948676e-06,-4.926223210444700417e-06
-1.060653332717451874e-05,-2.596692487297788001e-06
-7.825459238464820789e-06,-3.704459741806960063e-06
-9.585103625975332871e-06,-3.804168141665437431e-06
-7.731290719401568044e-06,-6.134414137373444136e-06
-1.119610985652166177e-05,-3.805983998865153353e-06
-1.067918686969401208e-05,-4.985953990554476618e-06
-9.482322145158733983e-06,-5.719654332505005694e-06
-8.493814560612415176e-06,-7.272987011671291473e-06
-9.390498969389819906e-06,-8.325091656077591965e-06
-1.200241007930907162e-05,-4.913888470677442948e-06
-1.140387016506021671e-05,-6.297046465566746685e-06
-1.070247907516489278e-05,-7.904846043662751135e-06
-1.040427230414136384e-05,-9.278005158902861114e-06
-1.299818078100149498e-05,-5.878543006633065716e-06
-1.269008082168531450e-05,-7.892146027149932872e-06
-1.152878190187835617e-05,-1.011136920938109948e-05
-1.275286048016429402e-05,-1.081851119250880655e-05
-1.405660238458065843e-05,-1.139054163516753802e-05
-1.416686913647183431e-05,-8.321474424302976322e-06
-1.415900608982413494e-05,-6.667978302498395673e-06
-1.387333930569765823e-05,-9.964243461192967904e-06
-1.542800789067459309e-05,-1.180879896923713395e-05
-1.684985291518498586e-05,-1.207291931490244122e-05
-1.534484590100123708e-05,-8.689986654712684940e-06
-1.545544265040265045e-05,-7.247785003458541501e-06
-1.829793165942852025e-05,-1.217304374335712871e-05
-1.668147764678020955e-05,-1.003185798508997352e-05
-1.684756290967313823e-05,-7.596855759242742048e-06
-1.861652506629340846e-05,-1.025149567035064939e-05
-1.991000172394489782e-05,-1.219491494918187897e-05
-1.829226929317138067e-05,-7.707225327787093247e-06
-2.214632947136650090e-05,-1.221810288916265125e-05
-2.037211070700720161e-05,-9.154741634058589093e-06
-1.990835343495446987e-05,-7.687260607694650880e-06
-2.526652856243904798e-05,-1.225609294515403928e-05
-2.371172337025037128e-05,-9.761932615976424767e-06
-2.214642240870350260e-05,-7.659348152712309662e-06
-2.945698269563132394e-05,-1.230086538413741250e-05
-2.734912887829000667e-05,-9.942420344842907881e-06
-2.526617913706881427e-05,-7.624904400645137050e-06
-3.389890624507857974e-05,-1.234266871201064425e-05
-3.166522854172164217e-05,-9.943950201964945105e-06
-2.945646303024545309e-05,-7.585072261129273832e-06
-3.841300056377596107e-05,-1.238125993396300083e-05
-3.614399131249937559e-05,-9.945562279547355420e-06
-3.389840192197722638e-05,-7.546815601791127556e-06
-4.299330541581655875e-05,-1.241498342969457513e-05
-4.069257278356003266e-05,-9.947051093633154121e-06
-3.841253920822674498e-05,-7.511446521205764920e-06
-4.762848129395461333e-05,-1.244143816041503126e-05
-4.530271868238281205e-05,-9.948419918725112668e-06
-4.299283807016487886e-05,-7.480494175192032892e-06
-5.230314890301483401e-05,-1.245991601582973578e-05
-4.996030813536915858e-05,-9.949728284809396210e-06
-4.762807510296726023e-05,-7.456732886155940647e-06
-5.700212511826783856e-05,-1.247143513640315646e-05
-5.464941477885293148e-05,-9.950919639848615706e-06
-5.230276150569940154e-05,-7.440737123458493702e-06
-6.171470549315300467e-05,-1.247806090388859110e-05
-5.935658290847981158e-05,-9.951882010801029873e-06
-5.700182287150007719e-05,-7.431403408429819445e-06
-6.643479658161116034e-05,-1.248179906750060640e-05
-6.407375684327516622e-05,-9.952627608111260738e-06
-6.171444297315922421e-05,-7.426484592051763004e-06
-7.655448821413792589e-05,-1.220599638096562487e-05
-7.588345684367136395e-05,-1.248394232728975889e-05
-6.855031388719011064e-05,-9.953062954698084451e-06
-7.115850390086694073e-05,-1.248359767826804828e-05
-6.643466369942394587e-05,-7.423964220064733436e-06
-7.683243901752282790e-05,-1.153497208716793250e-05
-7.524453404652552146e-05,-9.953312187152220622e-06
-7.115844963823244815e-05,-7.422804522036499067e-06
-7.683242798287242094e-05,-8.371662457369242317e-06
-7.588343081156404023e-05,-7.422672016438601516e-06
-7.655447260547373022e-05,-7.700625050436861940e-06
