Size 192,2
-9.255598883511379101e-05,1.318845472335743795e-05
-9.291648042446998452e-05,1.231822805717164921e-05
-9.291614916199829397e-05,8.215564296431402173e-06
-9.255561469417222852e-05,7.345302765845925426e-06
-9.168569011806059876e-05,1.354889509796866211e-05
-9.005280799266739979e-05,1.026680792206981102e-05
-9.168525651620037132e-05,6.984844521440618550e-06
-8.555734481360026064e-05,1.354736099593071827e-05
-8.555675058448481622e-05,6.986017529031711286e-06
-8.217502546369509541e-05,1.026663801077061164e-05
-7.943396704796858220e-05,1.354117892337413777e-05
-7.943356257754913112e-05,6.992157057797123354e-06
-7.637654992315340318e-05,1.026636855579708007e-05
-7.332695628205813346e-05,1.352770355343574314e-05
-7.332690979188232936e-05,7.004891895682645431e-06
-7.028263249139454761e-05,1.026620302215134807e-05
-6.725193347898614997e-05,1.350522816326678709e-05
-6.725134436151225721e-05,7.026507560509109875e-06
-6.422920385304807360e-05,1.026573030764108171e-05
-6.122713309175052644e-05,1.347225411913311617e-05
-6.122611294502595784e-05,7.058139769827559633e-06
-5.823582332061744610e-05,1.026489857873120405e-05
-5.527225826754156459e-05,1.342859991084555948e-05
-5.527074892684114764e-05,7.099707826456046973e-06
-5.232203417567733478e-05,1.026338429236628844e-05
-4.940641059147877958e-05,1.337401489348370145e-05
-4.940475927117961692e-05,7.150844006851728865e-06
-4.650712820408657529e-05,1.026126381861329437e-05
-4.364884692384821759e-05,1.330864341769731923e-05
-4.364741491507366381e-05,7.211779802295209119e-06
-4.081029676107697241e-05,1.025873767045965110e-05
-3.801841943074608319e-05,1.323305506023972347e-05
-3.801771170261201066e-05,7.282211334058787640e-06
-3.524996518900061016e-05,1.025598191853910215e-05
-3.253295364116808090e-05,1.314751670165486259e-05
-3.253235783790354768e-05,7.361740276186929324e-06
-2.994970872024982901e-05,1.025242203470939472e-05
-2.742053711132985404e-05,1.305462479730788925e-05
-2.741940780778803673e-05,7.451402174028578023e-06
-2.553850761029738121e-05,1.046422670751809290e-05
-2.366806764179361594e-05,1.297235904163811614e-05
-2.366495358960308629e-05,7.531217730151267948e-06
-2.101212817360141328e-05,1.290359726877787042e-05
-2.151012295807910499e-05,1.116179382774059411e-05
-2.100794348229381120e-05,7.580379593781864211e-06
-1.911783330196960257e-05,7.632373000566562837e-06
2.969638747133933659e-06,1.852177731384062771e-07
3.028993019057059858e-06,4.254940156622543639e-08
3.028666215360296326e-06,-4.892324675311735635e-07
2.969591134110916571e-06,-6.300756369821191777e-07
-1.911370601653759600e-05,1.285633986370649189e-05
-1.743063466794483741e-05,1.271797169634107461e-05
-1.871844720343328067e-05,9.594459955919272049e-06
-1.741626498602293538e-05,7.538916043243270196e-06
2.827566102533551032e-06,2.441648438757897977e-07
2.684196946800657258e-06,-3.390789853978098842e-07
2.828626355048410372e-06,-6.889463406358277664e-07
-1.688486754405554494e-05,1.111629013804290242e-05
-1.579316217248150799e-05,1.238233331253066672e-05
-1.423343121623609149e-05,1.188260810404980228e-05
-1.637988198435209587e-05,8.943859881879171584e-06
-1.581053872571055587e-05,7.172978641913428153e-06
1.864212628248377952e-06,2.588073083631041796e-07
1.863292971212981599e-06,-7.062974006499584600e-07
1.364626959807420913e-06,-2.241168546262587007e-07
-1.277218191793363765e-05,1.120594773459387797e-05
-1.401768258860064250e-05,1.025094071214684656e-05
-1.455326526473854100e-05,8.226553376873647146e-06
-1.433323312485723941e-05,6.556579957590061012e-06
8.239163644551311588e-07,3.468328920638722646e-07
8.240235975787721217e-07,-7.951258781076716286e-07
2.093585325872018173e-07,-2.241551599214306888e-07
-1.141336887634127215e-05,1.038972263076534081e-05
-1.018851225707504695e-05,9.446395715160298137e-06
-1.269234394814893315e-05,7.914834758287213727e-06
-1.302289116779114413e-05,5.709210761060952361e-06
-4.953622439141564904e-07,5.386985188841225583e-07
-4.954096839497849544e-07,-9.869653276979239594e-07
-1.050006647860678667e-05,8.011245387456172190e-06
-9.105819384912440973e-06,8.378078580300307168e-06
-1.101625371677648793e-05,6.413287157038008877e-06
-1.191096413512230054e-05,4.684801246054988627e-06
-1.270969571615932750e-06,-2.238551901154901525e-07
-2.192473905559772597e-06,8.162343360813996046e-07
-2.190914326418400545e-06,-1.265813328749207291e-06
-8.156632673977312766e-06,7.217068616474836063e-06
-7.375768857905186596e-06,5.998642097141689312e-06
-6.757605282705330050e-06,4.710908580046149180e-06
-9.968208055779607233e-06,4.989215845252056047e-06
-1.102056926235839709e-05,3.529770160186421608e-06
-2.932499071632316024e-06,-2.205385946937149512e-07
-3.840079817293950751e-06,1.089544921151749881e-06
-3.840307341417868191e-06,-1.550434548113853061e-06
-8.068123097162130706e-06,4.708028565916381051e-06
-6.289225124251921936e-06,3.386198854029381613e-06
-5.334698851193269307e-06,1.321665993628169135e-06
-5.769444949332957301e-06,1.554291740303619584e-06
-6.000592945319249169e-06,2.029534869118546042e-06
-9.238690479304439770e-06,3.360811148043498813e-06
-1.035890887186422320e-05,2.295359023525665031e-06
-4.655538343316639982e-06,-2.781237724814670165e-08
-5.341429949860401158e-06,-1.756357376928910748e-06
-7.197276493676110872e-06,2.449614390244666862e-06
-5.799902736537739628e-06,6.260092462867153552e-07
-6.315623470101090786e-06,1.389965220111007767e-06
-8.716602255887824288e-06,1.912984316803151989e-06
-9.947077161758221194e-06,1.033602173848264201e-06
-5.831255513342234618e-06,-8.694009389429448213e-07
-5.769632818406746102e-06,-1.981203425335113990e-06
-7.472261885050234273e-06,3.142624101004262547e-07
-9.805760245660307805e-06,-2.288090431091557510e-07
-9.933989435220893480e-06,-1.473317917478034718e-06
-6.716623259856368075e-06,-1.680684927116902741e-06
-6.018345510845505495e-06,-2.464473065784850451e-06
-6.322068846314841154e-06,-3.800308678020741074e-06
-8.684488884153176956e-06,-1.629941420810186338e-06
-6.781117581901757525e-06,-5.102920079732834673e-06
-1.032659803159902647e-05,-2.732642479551311653e-06
-7.522496382415408018e-06,-3.844233276426288368e-06
-9.301294554066509595e-06,-3.946364887500046140e-06
-7.401044254943787585e-06,-6.349937674928714923e-06
-1.096127561999607533e-05,-3.948964696715193599e-06
-1.043798366715569990e-05,-5.156723735217475204e-06
-9.195787453429876232e-06,-5.916322946641549127e-06
-8.167906780178229073e-06,-7.547481912817262046e-06
-9.094412201183465870e-06,-8.670439564353750580e-06
-1.183262674629361660e-05,-5.076795560927432705e-06
-1.120586558880463793e-05,-6.523565517171777282e-06
-1.046675532896917515e-05,-8.226819125536190887e-06
-1.015127167342138932e-05,-9.702567769083329772e-06
-1.291070739318344525e-05,-6.073123058590653787e-06
-1.258536804976087218e-05,-8.219126760594302336e-06
-1.134363438398362888e-05,-1.061172102722122099e-05
-1.266112991991804269e-05,-1.139473112115091846e-05
-1.407442210642154015e-05,-1.203958587232115455e-05
-1.418775054173077172e-05,-8.682578977627267673e-06
-1.417533929283002988e-05,-6.900116740305717447e-06
-1.386821685064169477e-05,-1.047067071967680786e-05
-1.557789390238979236e-05,-1.251416130328009039e-05
-1.714853231149978270e-05,-1.282195495192601196e-05
-1.547822743616930694e-05,-9.081549536456524831e-06
-1.560049670001120229e-05,-7.507178219433479876e-06
-1.875599146067114700e-05,-1.294658128892771934e-05
-1.695320863297587399e-05,-1.055868917673522453e-05
-1.714011416479566436e-05,-7.868181929364636136e-06
-1.910852855695896065e-05,-1.080507401594057373e-05
-2.055969090089354128e-05,-1.298515882830839023e-05
-1.874526307904782213e-05,-7.976044559934019755e-06
-2.307350000330207179e-05,-1.302359279961985273e-05
-2.107375016915842027e-05,-9.578308257071038153e-06
-2.055774501120582353e-05,-7.937764844025577428e-06
-2.660473896809203130e-05,-1.308211169109686989e-05
-2.484096627938779881e-05,-1.025687665740655583e-05
-2.307473437349066118e-05,-7.888202192058219576e-06
-3.137352782612896787e-05,-1.314495534876714477e-05
-2.897153542378041698e-05,-1.045869672014824123e-05
-2.660542851619646500e-05,-7.831914321433357403e-06
-3.644599067720232871e-05,-1.319830471889143937e-05
-3.389350607580742241e-05,-1.045814961447492508e-05
-3.137390128885916417e-05,-7.771296685516129545e-06
-4.161002620767942844e-05,-1.324392572554842968e-05
-3.901374187382781236e-05,-1.045787476786302823e-05
-3.644623533055631447e-05,-7.717764685047696999e-06
-4.685303480183462528e-05,-1.328233132591050525e-05
-4.421936758523512971e-05,-1.045773934968664912e-05
-4.161004673195393521e-05,-7.671783031519634313e-06
-5.216040388969560927e-05,-1.331273136348594109e-05
-4.949715058925419840e-05,-1.045780459212418667e-05
-4.685284596270189239e-05,-7.633187429038431644e-06
-5.751607335105719186e-05,-1.333517329737213614e-05
-5.483134921980153161e-05,-1.045810418699421384e-05
-5.216020993701337962e-05,-7.603105001219962523e-06
-6.290580906216769312e-05,-1.335121849622019250e-05
-6.020620197043852147e-05,-1.045854763843559190e-05
-5.751599005767832454e-05,-7.581351161642065511e-06
-6.831895081650798474e-05,-1.336250207144060193e-05
-6.560910633372348476e-05,-1.045907601571307498e-05
-6.290575416301514059e-05,-7.566380981839554102e-06
-7.374824766636827518e-05,-1.337013835738520117e-05
-7.103138950214548048e-05,-1.045960523265643964e-05
-6.831892451246585616e-05,-7.556185112009707802e-06
-8.540287453811882255e-05,-1.305509087209651737e-05
-8.462993395218223959e-05,-1.337522247130637791e-05
-7.618346119507289388e-05,-1.046006098776292010e-05
-7.918721032809958131e-05,-1.337418131108107912e-05
-7.374806689294379305e-05,-7.549623163459146869e-06
-8.572303926947453232e-05,-1.228219457116074802e-05
-8.389381209930611477e-05,-1.046030493799311992e-05
-7.918710789128885204e-05,-7.546198614488077440e-06
-8.572297502119644789e-05,-8.638451031062778157e-06
-8.462984942480850526e-05,-7.545406909947417545e-06
-8.540280193414436785e-05,-7.865544816319000503e-06
