Size 192,2
3.206538150503710746e-05,-3.507093788428935125e-06
3.222072733436554632e-05,-3.132181456917357349e-06
3.222052957116706951e-05,-1.364401727283439280e-06
3.206515837163968768e-05,-9.894756173278440750e-07
3.169036468321268803e-05,-3.662364087343824367e-06
3.098640507338329468e-05,-2.248256967839288524e-06
3.169010850844976009e-05,-8.341993550754750642e-07
2.904905881415278287e-05,-3.660663068918023437e-06
2.904868380927185125e-05,-8.358182149817252768e-07
2.759230917568045884e-05,-2.248255776717977968e-06
2.641437327321124475e-05,-3.653225120629416296e-06
2.641398348297908610e-05,-8.430698842498640728e-07
2.510215755387726743e-05,-2.248098177497199206e-06
2.379978634653247518e-05,-3.637936336316018702e-06
2.379931260722935855e-05,-8.575135130633069697e-07
2.250233134768768318e-05,-2.247836831014168938e-06
2.122069725296367251e-05,-3.614935775922265324e-06
2.121954931074155132e-05,-8.799194344335356214e-07
1.994536909553512735e-05,-2.247486874679436579e-06
1.869099959312563782e-05,-3.585021791863406453e-06
1.868940592100574874e-05,-9.094163945308234731e-07
1.744444424529748103e-05,-2.246967723728207521e-06
1.622239658739471090e-05,-3.548896475490398665e-06
1.622116378458154543e-05,-9.448559735724902015e-07
1.501047346113003129e-05,-2.246292465410435401e-06
1.382531254354875779e-05,-3.507059587006458093e-06
1.382469808713894084e-05,-9.852938046519147640e-07
1.265289279084069705e-05,-2.245559853512765048e-06
1.151023705123480195e-05,-3.458731023054452367e-06
1.151017121369988470e-05,-1.031963467258841583e-06
1.038294608349122376e-05,-2.244854871032425032e-06
9.289884673062297129e-06,-3.402394853599610908e-06
9.290021248820937546e-06,-1.086732863378284491e-06
8.214930812583526366e-06,-2.244221845624638502e-06
7.180679436589110641e-06,-3.334691713740660781e-06
7.180571119155091169e-06,-1.153251636600764192e-06
6.208094206363171580e-06,-2.242910440062832394e-06
5.283062206200263777e-06,-3.253304500929160481e-06
5.282418467254153712e-06,-1.236316018031779197e-06
4.602545647185422787e-06,-2.316491137938359730e-06
3.957823837556175811e-06,-3.173663584399350447e-06
3.955240749283470756e-06,-1.317771141623928211e-06
3.070691803638540557e-06,-3.100827985008448098e-06
3.220449781488660681e-06,-2.543500362405711545e-06
3.066350305967036366e-06,-1.372007900465404814e-06
2.465883177474920189e-06,-1.431567835589369636e-06
5.142852043379014881e-09,-7.306714692918075082e-07
6.161872694472634364e-09,-7.328387170234953648e-07
6.247283479325353304e-09,-7.422614613382058925e-07
5.158989441507061218e-09,-7.449833925897607322e-07
2.460825101959124745e-06,-3.048174188933801582e-06
1.955809995126061713e-06,-2.970823840273694638e-06
2.323820473656779747e-06,-2.040618989079508180e-06
1.935311830542494802e-06,-1.451084661225832233e-06
2.887073298292833484e-09,-7.299536573511019587e-07
-5.530056268138692800e-11,-7.403573413664056837e-07
2.466897386329538633e-09,-7.463951128954424852e-07
1.780864774325395416e-06,-2.483099823471180593e-06
1.486748818937880774e-06,-2.827092284857252789e-06
1.071940456982925476e-06,-2.653463147226797650e-06
1.628819536700207099e-06,-1.864442902226100070e-06
1.472325954282846526e-06,-1.406577131200936923e-06
-1.401249388572659018e-08,-7.326967556911961144e-07
-1.486420264675128540e-08,-7.487462167933021163e-07
-2.278283505111863683e-08,-7.423187830223444364e-07
7.199574446441697098e-07,-2.429609209227504419e-06
1.002322185999390911e-06,-2.203144882858364654e-06
1.137668768948306245e-06,-1.688369846457287989e-06
1.074040719221309819e-06,-1.312826075986787653e-06
-3.032590849610820984e-08,-7.366384974315371986e-07
-3.140799312109899037e-08,-7.516498995551741811e-07
-3.873647220901617459e-08,-7.461126044033503380e-07
4.158131262794319602e-07,-2.193996397535094044e-06
1.818297670307130535e-07,-1.952907164958500066e-06
6.864875438969668456e-07,-1.620521880897409330e-06
7.456487722981647052e-07,-1.172941611518669072e-06
-4.558094326625844233e-08,-7.415732293173545548e-07
-4.682771666953131981e-08,-7.549176655106096582e-07
2.432261503171378690e-07,-1.630826242351448607e-06
1.127448013945939687e-08,-1.696881343892843017e-06
3.338382159404486776e-07,-1.321193191330040798e-06
4.869205045650675347e-07,-1.026158075358363629e-06
-5.281024822310438943e-08,-7.503211196200524637e-07
-5.767005965375090300e-08,-7.475167186214487162e-07
-5.928867493973995989e-08,-7.571765268929637379e-07
-1.224508401627948267e-07,-1.452689702635596157e-06
-1.883461291526860029e-07,-1.249188195142418103e-06
-2.031166389622053293e-07,-1.056502412285059441e-06
1.585786103280282474e-07,-1.082577534953115616e-06
2.925966728693913455e-07,-8.951519139815994532e-07
-6.243828417486226665e-08,-7.545879168114006468e-07
-6.448197750713985817e-08,-7.528997565310112944e-07
-6.497213314171030657e-08,-7.567340983839469224e-07
-8.488206326621386147e-08,-1.044700467819103761e-06
-1.974098334397707664e-07,-9.016244080505192670e-07
-8.866568580922899679e-08,-7.562895894761646494e-07
-1.101807096279773651e-07,-7.637514569763709417e-07
-1.395827365412567087e-07,-7.873056320164735841e-07
4.806708718439132441e-08,-8.800878719552962460e-07
1.411698768281464813e-07,-7.941036078150056839e-07
-6.825833051842868007e-08,-7.587626030176030573e-07
-4.205591685462214000e-08,-7.525306807496328480e-07
-1.102472435396107986e-07,-8.033324768293287570e-07
-8.804183789025787846e-08,-7.515201618548902339e-07
-1.109994022065250846e-07,-7.595018096717025162e-07
-8.850245234325017816e-09,-7.667687408623258212e-07
2.806479671252486763e-08,-7.374390634374186734e-07
-4.857795054771582006e-08,-7.470507345277102330e-07
-1.726855017345389433e-08,-7.544954131960077882e-07
-6.765012276396797914e-08,-7.139487075432069195e-07
-3.528373857409963785e-08,-7.156559576298895817e-07
-1.252424267382422996e-07,-7.363400123765683276e-07
-2.504937226488310529e-08,-7.391556643993021875e-07
6.164749069333183269e-09,-7.753065375238168312e-07
4.962597256468694333e-08,-8.650969367912280743e-07
-7.825936423842775381e-08,-7.152364225238055271e-07
7.865277553247544421e-08,-1.005771051965808235e-06
-2.227645157174105532e-07,-7.760727425419745417e-07
-8.999150861660451751e-09,-8.513200250240858191e-07
-1.536140834018126291e-07,-8.623691317485647680e-07
5.903234433891267808e-08,-1.163525254011231107e-06
-3.553762912471485857e-07,-8.640406434279987103e-07
-3.101553497885822036e-07,-9.957923752579806505e-07
-1.398074973161977752e-07,-1.096972677848857170e-06
6.085872616829389708e-09,-1.362044551727933104e-06
-1.106753759255752689e-07,-1.581985945594324057e-06
-5.449424947079379105e-07,-9.739082036886561131e-07
-4.464196071702266235e-07,-1.197094620988055156e-06
-3.205734050709231619e-07,-1.505137878636665084e-06
-2.639176877551183555e-07,-1.816424974533447215e-06
-7.843189634120894913e-07,-1.100474981784968378e-06
-7.258969546070677426e-07,-1.515517505727548160e-06
-4.780719472315408110e-07,-2.036865038905970294e-06
-7.564844898948766899e-07,-2.252085292714443928e-06
-1.078322747786702545e-06,-2.456413133377026640e-06
-1.092281461294184379e-06,-1.617630578047723046e-06
-1.083032512015331334e-06,-1.229603102785938236e-06
-1.014918160179766683e-06,-2.044815799963202798e-06
-1.456728212204574571e-06,-2.615121016340815313e-06
-1.881836099256934215e-06,-2.739344063961683130e-06
-1.414051262730453008e-06,-1.708238848690071713e-06
-1.448540781764573231e-06,-1.322267666549668530e-06
-2.334277295142854379e-06,-2.810819952804211412e-06
-1.806226433179963822e-06,-2.100269335986430293e-06
-1.865785678374496691e-06,-1.364833458996928209e-06
-2.429420983234051268e-06,-2.179137692773771330e-06
-2.880054884163922044e-06,-2.864747203617787813e-06
-2.319137727458305930e-06,-1.360867277802174246e-06
-3.675929613148597518e-06,-2.919399830327176185e-06
-3.024589741191594373e-06,-1.806567052373051213e-06
-2.876481935038669719e-06,-1.309065513046657788e-06
-4.878441354806063276e-06,-3.003796559929250891e-06
-4.259235584916488097e-06,-2.017690995511470065e-06
-3.676746084177578526e-06,-1.241045886620852775e-06
-6.621277183954625991e-06,-3.096321300925033332e-06
-5.723870151046409134e-06,-2.086740784716335759e-06
-4.878382100478575766e-06,-1.162803609446536472e-06
-8.587390510119144316e-06,-3.176245166496050357e-06
-7.580113253895891680e-06,-2.088199941194976260e-06
-6.620864032615552789e-06,-1.077696693523242576e-06
-1.068633894041783360e-05,-3.244592414617789449e-06
-9.615787923454261900e-06,-2.090290774506452766e-06
-8.586744687255373117e-06,-1.002147203219275365e-06
-1.289888761436242807e-05,-3.301918026052068441e-06
-1.177489283690729973e-05,-2.092320040843118514e-06
-1.068567817077185055e-05,-9.380552618034102063e-07
-1.520497705666902463e-05,-3.348500667612222905e-06
-1.403758884568262232e-05,-2.094174844299298682e-06
-1.289826787294197873e-05,-8.845806072174070222e-07
-1.758390622029760208e-05,-3.383774543509747591e-06
-1.638368226096195834e-05,-2.095897708082996806e-06
-1.520435749309131643e-05,-8.416697121184097595e-07
-2.001541128017657597e-05,-3.408834208180008348e-06
-1.879215822549930117e-05,-2.097340883100104457e-06
-1.758343976526933976e-05,-8.095362975962241580e-07
-2.248250348801521890e-05,-3.425914836793657718e-06
-2.124396772768524769e-05,-2.098580633537685142e-06
-2.001504135206232541e-05,-7.870988641638766909e-07
-2.497244666199324072e-05,-3.436764820739321418e-06
-2.372437152872097102e-05,-2.099575924879306275e-06
-2.248223519071182154e-05,-7.722250854090237782e-07
-3.034062498288263361e-05,-3.296588364364103520e-06
-2.998448586041313669e-05,-3.444065891089915749e-06
-2.609234216346509287e-05,-2.100290626731836165e-06
-2.747602995096239760e-05,-3.442542140165497580e-06
-2.497221557694939277e-05,-7.631451356635561698e-07
-3.048814717725741488e-05,-2.940507298385797306e-06
-2.964508208346836734e-05,-2.100969900706908241e-06
-2.747583143069765984e-05,-7.586768997493289563e-07
-3.048812111699688440e-05,-1.261472305858991917e-06
-2.998439997053969986e-05,-7.578318924154270291e-07
-3.034058148975109944e-05,-9.053375809737185717e-07
