Size 192,2
5.919057050944822365e-05,-8.415538465711282603e-06
5.943213233817601083e-05,-7.832435029464351591e-06
5.943247960939960876e-05,-5.083607669406560243e-06
5.919096738704187900e-05,-4.500545731696067452e-06
5.860742181581117874e-05,-8.657061183479862793e-06
5.751383640439521641e-05,-6.458070868977885817e-06
5.860789097690618924e-05,-4.259039053783346557e-06
5.450131234985625128e-05,-8.656511199614976953e-06
5.450187359007781864e-05,-4.259480759201780000e-06
5.223470068391011220e-05,-6.457847742458489612e-06
5.039645895320167925e-05,-8.653290192708318397e-06
5.039723140904379495e-05,-4.262509854528760969e-06
4.834659083000831164e-05,-6.458091982453243073e-06
4.630124658139176216e-05,-8.644617893667565936e-06
4.630186573358314550e-05,-4.271772972548296407e-06
4.425979423107211563e-05,-6.458215502586972622e-06
4.222876320078257031e-05,-8.626821551578938623e-06
4.222979177271000961e-05,-4.289955909845727297e-06
4.020536497401701082e-05,-6.458449974856693448e-06
3.819925570901025214e-05,-8.598495120218461663e-06
3.820022788260473399e-05,-4.318485254434781491e-06
3.620434931868139007e-05,-6.458632404121631923e-06
3.423368988188393538e-05,-8.559469659551489714e-06
3.423431091955532463e-05,-4.357691191950297836e-06
3.227715091508013168e-05,-6.458731434712510549e-06
3.035050992847653883e-05,-8.511288163525537870e-06
3.035080379337792207e-05,-4.406019883715042406e-06
2.844047913819724622e-05,-6.458751675049885194e-06
2.656492556143582158e-05,-8.455570317816542080e-06
2.656501306476645951e-05,-4.461688407803259949e-06
2.470811929275325530e-05,-6.458679459830242019e-06
2.289045335535493130e-05,-8.392499506220455800e-06
2.289024160260838539e-05,-4.524510802760082955e-06
2.109313692803237511e-05,-6.458432301613867685e-06
1.933971212560145388e-05,-8.321547004651035992e-06
1.933920051279418276e-05,-4.595156131421953554e-06
1.767740379432187965e-05,-6.457558162633892642e-06
1.606163906340355574e-05,-8.244011221056403199e-06
1.606073486835382693e-05,-4.674462347034314774e-06
1.486245773562451072e-05,-6.592545779122181250e-06
1.368193868009913075e-05,-8.174385968021340951e-06
1.367985982867397274e-05,-4.744749013014735295e-06
1.201520183294460483e-05,-8.115137325221185929e-06
1.232250776072479800e-05,-7.029272513122682884e-06
1.201212420977268525e-05,-4.788347986629258837e-06
1.083556074228372911e-05,-4.834386636587956962e-06
-1.555966606580727270e-06,-7.346032402093919716e-07
-1.587772821121970890e-06,-6.579181459125928197e-07
-1.587534702675582400e-06,-3.728511467573833853e-07
-1.555907917484867310e-06,-2.975217511894787612e-07
1.083143212215966615e-05,-8.073967696291578210e-06
9.792980674545654466e-06,-7.977560107504015830e-06
1.058211399973689276e-05,-6.051926321921157334e-06
9.779283861895754620e-06,-4.791407002490912528e-06
-1.479648145859228990e-06,-7.664365497311468769e-07
-1.402882194410136044e-06,-4.540103768449844124e-07
-1.480476324717978728e-06,-2.662771353695305204e-07
9.452819840782519020e-06,-6.986948296517029585e-06
8.789248713757388541e-06,-7.757368230521556935e-06
7.842747908932834878e-06,-7.441698692564154607e-06
9.140994109370537038e-06,-5.656183554602761778e-06
8.793820595585875584e-06,-4.585397598173904481e-06
-9.630064162498170296e-07,-7.756755091222669122e-07
-9.629979181563912916e-07,-2.588872343974434587e-07
-6.956464134639211862e-07,-5.178097413249215368e-07
6.967258262627657114e-06,-7.017608786464375491e-06
7.708028458082391993e-06,-6.446628928803548968e-06
8.030639729511558183e-06,-5.225234676906025794e-06
7.895201988064168074e-06,-4.232796785424313567e-06
-4.065142273300287980e-07,-8.227457115580039029e-07
-4.069106703922041312e-07,-2.140680816922480366e-07
-7.921493624034913685e-08,-5.189618221554194563e-07
6.160101971115289820e-06,-6.516257204023882048e-06
5.444916137845365713e-06,-5.946343774433124269e-06
6.914374326101017643e-06,-5.040409020774646524e-06
7.105483639593156455e-06,-3.744936077847094601e-06
2.951211325810911131e-07,-9.233511061417419721e-07
2.948910398188420753e-07,-1.155749936988781121e-07
5.627159229098129938e-06,-5.093609467400317472e-06
4.824596809914384039e-06,-5.306228286764904234e-06
5.925384862728889201e-06,-4.159797249223810714e-06
6.441272495858425882e-06,-3.162616511700076836e-06
7.054969126501582235e-07,-5.200587766797580946e-07
1.191656318797639600e-06,-1.067670905628198576e-06
1.190465595446955041e-06,2.760864776293186903e-08
4.285908496729503974e-06,-4.621071525845557038e-06
3.857527441261355227e-06,-3.919309800469805001e-06
3.531366020794012243e-06,-3.185300853690522691e-06
5.321416558891809354e-06,-3.339225806192666065e-06
5.913123529042183394e-06,-2.517772666641649065e-06
1.581265587727002029e-06,-5.227718651570166192e-07
2.057114758752474983e-06,-1.208443421605616496e-06
2.057195098062602277e-06,1.730223578673163924e-07
4.251960202915996209e-06,-3.179880472501516490e-06
3.289993412198583569e-06,-2.444985092108891607e-06
2.830552383547632860e-06,-1.326375714644127171e-06
3.049578688470939492e-06,-1.448531496373511766e-06
3.159716744733092373e-06,-1.702442258910912759e-06
4.904749954970301197e-06,-2.424588758915195941e-06
5.517948989387940957e-06,-1.841955920198125540e-06
2.483805742175690003e-06,-6.246562490412489513e-07
2.850895540204739734e-06,2.783849784501049840e-07
3.790953330110265165e-06,-1.925516692856436724e-06
3.073421452784283027e-06,-9.617816211658619460e-07
3.333122811472929157e-06,-1.360957741032772436e-06
4.614314819521611030e-06,-1.633970040826644757e-06
5.265252350107960658e-06,-1.167197538669813735e-06
3.104032345878035378e-06,-1.822574220432130113e-07
3.083396671824009199e-06,3.933302401856214067e-07
3.948769345661733764e-06,-7.857497184516851774e-07
5.169836982964613548e-06,-5.040392092465556158e-07
5.204005923015936982e-06,1.346616412974122067e-07
3.572366055626729937e-06,2.418925449962054758e-07
3.221392617904870884e-06,6.353303437420643219e-07
3.395737280129493204e-06,1.293939089761759211e-06
4.573417876641085526e-06,2.236746707709340681e-07
3.645032677965336020e-06,1.916917353798514445e-06
5.371942760420415776e-06,7.731011745121926486e-07
3.996683439095236103e-06,1.321815981047243097e-06
4.866022101580113487e-06,1.370564270361350863e-06
3.959731595046406305e-06,2.504799604162712887e-06
5.652349864949575295e-06,1.371271642215422657e-06
5.397960098688561257e-06,1.948559209104240548e-06
4.816984445344675503e-06,2.304766708482214884e-06
4.338276113126671761e-06,3.051875104310365005e-06
4.775932891558315279e-06,3.552273693546655193e-06
6.034274419173621886e-06,1.915324374627746929e-06
5.746103197770128688e-06,2.582506896550020710e-06
5.409912777509601858e-06,3.350861230346484483e-06
5.267534806938311140e-06,3.999726929543026648e-06
6.504563011514687841e-06,2.385186482285877785e-06
6.358024869857164572e-06,3.343151924884598131e-06
5.806671060544578104e-06,4.388466590664496215e-06
6.386205654284337439e-06,4.713275357448667120e-06
6.998543910466721330e-06,4.969743862980652512e-06
7.052059470068901407e-06,3.545415366477398375e-06
7.048893806419418687e-06,2.766429423615716721e-06
6.915687691701756683e-06,4.311835835513259219e-06
7.635632311303569198e-06,5.155088150224048254e-06
8.289106985875592572e-06,5.266753336350235676e-06
7.600269871499262789e-06,3.718391109383590820e-06
7.650497866076252815e-06,3.047435922880282703e-06
8.950732045252990748e-06,5.303574772334388169e-06
8.216921366020676763e-06,4.335864014526216225e-06
8.291062175528135866e-06,3.219671144064668634e-06
9.097333044945398175e-06,4.433466091680941554e-06
9.677864255482478175e-06,5.302629587427686126e-06
8.951097544732412588e-06,3.277745827801895285e-06
1.067736062866538964e-05,5.301639847687567566e-06
9.889191586414923201e-06,3.939226251003306766e-06
9.678077867448215110e-06,3.278174338224480346e-06
1.204931962352216417e-05,5.300685005858431098e-06
1.137079748220477912e-05,4.210856556090091432e-06
1.067743182749524490e-05,3.278727707251898571e-06
1.385977601878617944e-05,5.300595701738944859e-06
1.295457610357854198e-05,4.289597446147278519e-06
1.204954837484651110e-05,3.278972411699732062e-06
1.574806926967630102e-05,5.301824717269594052e-06
1.480361834498396903e-05,4.289394038061677274e-06
1.386002030494016277e-05,3.278459089584323317e-06
1.763936215374756786e-05,5.304193677483127909e-06
1.669302894650430633e-05,4.289425728364105699e-06
1.574815696198366221e-05,3.277011606110601422e-06
1.953585517074256099e-05,5.307955772132464002e-06
1.858642070257271494e-05,4.289711834330593708e-06
1.763920268419316801e-05,3.274987244777200885e-06
2.144056700593481671e-05,5.313638523912520792e-06
2.048643346276186601e-05,4.290056810123530059e-06
1.953566281774768372e-05,3.271789624773726702e-06
2.335648865023613418e-05,5.320149663275829872e-06
2.239640023865053126e-05,4.290526992839733555e-06
2.144033659902507200e-05,3.267011745610152514e-06
2.528406992050790132e-05,5.326246556134163917e-06
2.431839296184944800e-05,4.291029555407132988e-06
2.335629270496181195e-05,3.261397679426553053e-06
2.722147605945126510e-05,5.331385234341503263e-06
2.625126355518920488e-05,4.291537894915154662e-06
2.528396021490215994e-05,3.256322658147203618e-06
2.916629326072222293e-05,5.335233465361671130e-06
2.819280532686701840e-05,4.292038138178759328e-06
2.722141721363190059e-05,3.252065039762814665e-06
3.334617251324010492e-05,5.223621688432289360e-06
3.306888931211309548e-05,5.338446199427758393e-06
3.003912009759213749e-05,4.292474128431089101e-06
3.111633758565666568e-05,5.337610809307999893e-06
2.916615655916016548e-05,3.249305822979237964e-06
3.346103005700414409e-05,4.946380440202596696e-06
3.280471937770896554e-05,4.292758558156748976e-06
3.111622373289089531e-05,3.247594701937595789e-06
3.346101452711283344e-05,3.639153826167454424e-06
3.306883810955548689e-05,3.247043591844177434e-06
3.334614643614748478e-05,3.361882870856513642e-06
