Size 192,2
1.266190142769893182e-05,-5.612110431406896106e-08
1.274261996767100752e-05,1.387267300998926290e-07
1.274268417259884865e-05,1.057133002534104752e-06
1.266197621222887991e-05,1.251948440373528390e-06
1.246703978703804516e-05,-1.368293031747576683e-07
1.210162146095795596e-05,5.978905042856587818e-07
1.246713682220919976e-05,1.332637804830332080e-06
1.109503038816484382e-05,-1.368338466975148140e-07
1.109526966396346785e-05,1.332081474158279807e-06
1.033808344024875942e-05,5.973307954312019092e-07
9.724337973661876424e-06,-1.359883284754047973e-07
9.724558280964157588e-06,1.330296349736980906e-06
9.039741999565523690e-06,5.967536396966475533e-07
8.356534434141846390e-06,-1.338865837927743816e-07
8.356625126586665655e-06,1.326789496514830605e-06
7.674316722331671673e-06,5.960037943581466943e-07
6.995383804876426775e-06,-1.288009989557568084e-07
6.995335796305803889e-06,1.320012386126640636e-06
6.318625629930973550e-06,5.950860795441278586e-07
5.648934461115701097e-06,-1.178765966923593917e-07
5.648862342326539048e-06,1.307100011590834159e-06
4.983625468274130861e-06,5.941128191648525957e-07
4.330617665350804316e-06,-9.846991633819760498e-08
4.330718660378989884e-06,1.285631833669175282e-06
3.685424772797670383e-06,5.932199819421855032e-07
3.059298708691142519e-06,-6.756378338101168768e-08
3.059664153319707073e-06,1.253126029736959950e-06
2.445471828392702269e-06,5.924732581496178057e-07
1.858962203139514071e-06,-2.279693031692490433e-08
1.859101151561170932e-06,1.207417315015424995e-06
1.289089783390124070e-06,5.920281513806564519e-07
7.562071360263427314e-07,3.662174101668900624e-08
7.559129935665829341e-07,1.147281428977667218e-06
2.439440078418676107e-07,5.918530885183619034e-07
-2.219368105233924939e-07,1.106617413147778402e-07
-2.225603709979530902e-07,1.072559047723445230e-06
-6.467889590658090262e-07,5.923517474273119403e-07
-1.019417740295918491e-06,1.969224840027446814e-07
-1.020193280766394317e-06,9.828931513430440860e-07
-1.284683301899387256e-06,5.661322339348827592e-07
-1.504525590973802258e-06,2.767755383747997786e-07
-1.506698783627576496e-06,9.004885967567505918e-07
-1.781300486648347458e-06,3.452215358137448964e-07
-1.749252719611399856e-06,4.997734339774343514e-07
-1.784410583962870817e-06,8.484592239551073658e-07
-1.943779195174024981e-06,7.935444354614576650e-07
6.896122523581438560e-07,-2.869788603229547502e-07
7.036560031509445490e-07,-3.206259731356886793e-07
7.036479545257457475e-07,-4.465609749757620856e-07
6.896517250872809702e-07,-4.800206487315649934e-07
-1.949402243887403076e-06,3.926919894744121621e-07
-2.058024443304540821e-06,4.418055913801595084e-07
-1.995134647360077697e-06,6.405582382076132553e-07
-2.075742219654299739e-06,7.463261730091270192e-07
6.560809215097371104e-07,-2.731505439246564678e-07
6.220080162171936460e-07,-4.113306645478380317e-07
6.561996965015548056e-07,-4.941338292769316628e-07
-2.105551413121452714e-06,5.549379373360841965e-07
-2.140370155013997353e-06,5.104194794388820251e-07
-2.183986139036138218e-06,5.674220030786518213e-07
-2.137569056721014839e-06,6.624144809886104933e-07
-2.157737371539406505e-06,6.999355928411828122e-07
4.278410278391865284e-07,-2.706908997714721847e-07
4.272903494655953288e-07,-4.991304514458057666e-07
3.092194228998402964e-07,-3.854931001072155925e-07
-2.188082611252846519e-06,6.320919628866181991e-07
-2.202419747657319199e-06,6.318985491499292433e-07
-2.193519308446554071e-06,6.669274073448544505e-07
-2.203842785147734045e-06,6.449910195367592707e-07
1.816626592609838583e-07,-2.519169448984625384e-07
1.814636040350304859e-07,-5.198879253401055615e-07
3.755181003497096954e-08,-3.862651646856878458e-07
-2.167924731544334774e-06,6.736471127752111240e-07
-2.109911700775035568e-06,6.899118236269859211e-07
-2.200927196208204029e-06,6.593517043471275735e-07
-2.219206702513830758e-06,5.827115828641759704e-07
-1.262384265919078994e-07,-2.101675712809177476e-07
-1.264298652770689648e-07,-5.630200490045570777e-07
-2.122224191578746660e-06,6.706687979266278788e-07
-2.023773451660373085e-06,6.913364135823674510e-07
-2.153420513087841741e-06,6.009572177594940697e-07
-2.211793775926401751e-06,4.862717799829667210e-07
-3.052333766933040956e-07,-3.868455344984223489e-07
-5.163963996672497860e-07,-1.489655547314210584e-07
-5.163801916966204102e-07,-6.253503944690291664e-07
-1.932898543701078224e-06,6.588108143231491004e-07
-1.815651828441549801e-06,5.732488820279348776e-07
-1.687423072196544233e-06,4.613583449918461715e-07
-2.079587880916838668e-06,5.014094047810816880e-07
-2.192800405884213969e-06,3.449556094303880745e-07
-6.859758566893219321e-07,-3.868892308010045994e-07
-8.930412867347236985e-07,-8.776308883595031991e-08
-8.923518551408143296e-07,-6.880164479715033453e-07
-1.875590064660745040e-06,4.721965226694777845e-07
-1.574339191598197833e-06,3.041012925093713145e-07
-1.253937409241895711e-06,-3.419685326769337557e-08
-1.373070540406517686e-06,1.315296979582214798e-08
-1.453536989104909862e-06,1.006497220243896275e-07
-2.016732185544233352e-06,3.197066183863905524e-07
-2.184504944629327422e-06,1.570862390400952323e-07
-1.080028821970786448e-06,-3.445381739848116210e-07
-1.210569338304477693e-06,-7.301078690716996085e-07
-1.699604082533847792e-06,1.823899047903919631e-07
-1.358829539057925110e-06,-1.874298990140656263e-07
-1.498486798895932052e-06,-1.968493901721635923e-08
-1.950578047363270087e-06,9.482905229200608367e-08
-2.196559287079476762e-06,-7.833018366152061135e-08
-1.328178084803118481e-06,-5.234375150684856505e-07
-1.284207613257748850e-06,-7.828730718293211620e-07
-1.721182347750024541e-06,-2.215769649784764212e-07
-2.223316538822398285e-06,-3.459271483548593235e-07
-2.337411939919265439e-06,-6.486015059607558863e-07
-1.507290664314107312e-06,-6.996965284430580039e-07
-1.318307688797787174e-06,-9.123976042101036983e-07
-1.345200028622889975e-06,-1.301777453110194142e-06
-2.007428353948019899e-06,-6.644051429407036325e-07
-1.420838023084539590e-06,-1.733830999841350765e-06
-2.519975829953894942e-06,-9.723306603067453957e-07
-1.674657979784794412e-06,-1.298146863459948383e-06
-2.219416815710859263e-06,-1.331086721510951086e-06
-1.579596658624049442e-06,-2.169814414971251119e-06
-2.792677142812878725e-06,-1.332559149294568306e-06
-2.629546864901810718e-06,-1.734384775919289735e-06
-2.180661390334696234e-06,-2.005962280492635960e-06
-1.804244592497094834e-06,-2.635932117158975772e-06
-2.127745969045488813e-06,-3.106901184306514874e-06
-3.176165816585289875e-06,-1.693975866921248192e-06
-2.936849894474257482e-06,-2.240692881288775876e-06
-2.644698249358038457e-06,-2.930383920812753145e-06
-2.517079452951995161e-06,-3.573322936086846216e-06
-3.656951043350461005e-06,-2.042219391444042458e-06
-3.524944736457084374e-06,-2.938383815144267022e-06
-2.997861759438503458e-06,-3.998520997402644480e-06
-3.572132267179149920e-06,-4.391154661712103302e-06
-4.212473920358306113e-06,-4.743154654441876554e-06
-4.251935532769158896e-06,-3.144259150293004320e-06
-4.240097928581638432e-06,-2.355267104750547659e-06
-4.102028338054575132e-06,-3.975441086175976439e-06
-4.930966642208784096e-06,-5.011089999527173835e-06
-5.713171919462406388e-06,-5.207561082351508489e-06
-4.865258029645949795e-06,-3.324381740316894645e-06
-4.927888570269360406e-06,-2.582385886689176377e-06
-6.531926899483785773e-06,-5.309606145448371499e-06
-5.591925043939938152e-06,-4.051861069638763037e-06
-5.694725667652178012e-06,-2.703719768528048147e-06
-6.707229209316017295e-06,-4.187202931814038530e-06
-7.491402551880088841e-06,-5.375184431373486228e-06
-6.513844773250969824e-06,-2.721919380485760410e-06
-8.866682087163442721e-06,-5.441759404327518683e-06
-7.753228845254619026e-06,-3.532390119252748804e-06
-7.487467854051350057e-06,-2.658211196293410706e-06
-1.089045807450491498e-05,-5.545397001394037092e-06
-9.859475300750990400e-06,-3.899351823235286835e-06
-8.868101765375362866e-06,-2.574203403711295089e-06
-1.375520853554927479e-05,-5.659836859098184232e-06
-1.229066501498537995e-05,-4.014955786474909365e-06
-1.089097816283098398e-05,-2.476879142708891501e-06
-1.692808601073767384e-05,-5.759226384973056892e-06
-1.531150178110372455e-05,-4.016003145272844601e-06
-1.375513429023076683e-05,-2.370002682662350074e-06
-2.026860591177349625e-05,-5.845014628506710421e-06
-1.857179910100176842e-05,-4.017511273566049029e-06
-1.692779394040997622e-05,-2.274407676984443379e-06
-2.375497068819777623e-05,-5.918833043465971130e-06
-2.198879009207539982e-05,-4.018883443058967834e-06
-2.026810582085747126e-05,-2.191559675452239629e-06
-2.736609099196439916e-05,-5.981066312170675429e-06
-2.554103352823344439e-05,-4.020024126206060358e-06
-2.375440483320016236e-05,-2.120190585542534859e-06
-3.108145253967412594e-05,-6.031412188967559096e-06
-2.920796901473005617e-05,-4.020723052417701249e-06
-2.736576523532995321e-05,-2.059646144991008046e-06
-3.487840601983662164e-05,-6.069124932573458527e-06
-3.296820966325440946e-05,-4.021207545853225905e-06
-3.108130986796379681e-05,-2.010496947059961568e-06
-3.873367184140686514e-05,-6.094923914706001971e-06
-3.679814645499567563e-05,-4.021417756009759282e-06
-3.487847589564885032e-05,-1.973451730107007639e-06
-4.262543065311507652e-05,-6.109947106866464021e-06
-4.067511909308954928e-05,-4.021540037204849650e-06
-3.873373186397277573e-05,-1.948074281949049401e-06
-5.100577961273599178e-05,-5.887499003695989021e-06
-5.044992735936581682e-05,-6.117703320350636986e-06
-4.437506850480186897e-05,-4.021632038094084318e-06
-4.653518640631599542e-05,-6.116389080160044112e-06
-4.262535356120409659e-05,-1.933280766211671506e-06
-5.123602456471977400e-05,-5.331702043996848535e-06
-4.992039158220332515e-05,-4.021499654343887932e-06
-4.653521278119142362e-05,-1.926787614933509596e-06
-5.123598513988102772e-05,-2.711306362351704367e-06
-5.044990450168856548e-05,-1.925336471715257349e-06
-5.100574298506966485e-05,-2.155530722418353600e-06
