Size 192,2
-5.780315263745205724e-05,8.173877265179058324e-06
-5.801878133000263585e-05,7.653232248579755866e-06
-5.801885919931087314e-05,5.198993965104876793e-06
-5.780323905899759557e-05,4.678348376391730608e-06
-5.728256539652882857e-05,8.389550771306499233e-06
-5.630627686375369031e-05,6.426128389131095015e-06
-5.728266050629086785e-05,4.462674924796451262e-06
-5.361685708808219787e-05,8.390266166831392733e-06
-5.361703172774000834e-05,4.461925758336898093e-06
-5.159256398976967109e-05,6.425954403159988274e-06
-4.994861856400822534e-05,8.391827348950442494e-06
-4.994885168161756155e-05,4.459700381233923663e-06
-4.811336862407951490e-05,6.425629151828124119e-06
-4.627582150337826265e-05,8.393781257420794201e-06
-4.627551237864331813e-05,4.456506477037484714e-06
-4.443734935601509968e-05,6.424735208561537426e-06
-4.259750523112954186e-05,8.394121378388203739e-06
-4.259670982945986257e-05,4.453889290625453092e-06
-4.075687139279320970e-05,6.423397442786625123e-06
-3.891786321028641303e-05,8.389871760608986166e-06
-3.891703717384185874e-05,4.455498112149509660e-06
-3.707990899116136887e-05,6.421856753686746799e-06
-3.524844085091395965e-05,8.377886070270097152e-06
-3.524801386355724635e-05,4.464369552715435012e-06
-3.342140512085315512e-05,6.420288941324221107e-06
-3.160697922361515309e-05,8.356579100128928321e-06
-3.160663911953216120e-05,4.482439127132942468e-06
-2.979992048767007867e-05,6.418805585877473294e-06
-2.801143521231361930e-05,8.326300532087430777e-06
-2.801075459064025547e-05,4.509524355652084210e-06
-2.623244865307094490e-05,6.417106116942749887e-06
-2.447755846115697050e-05,8.287736623731638944e-06
-2.447653833163234102e-05,4.544604101202738207e-06
-2.273394913122064336e-05,6.415157591443381100e-06
-2.101925953900923811e-05,8.241289933563583525e-06
-2.101811348274014329e-05,4.587348410646202450e-06
-1.938611494079215471e-05,6.412805482078470844e-06
-1.778478265596274849e-05,8.188342796107848302e-06
-1.778348420025131080e-05,4.638010918647464685e-06
-1.659173828335426217e-05,6.547196084669284306e-06
-1.540388800968655412e-05,8.140499953576344475e-06
-1.540181967127046393e-05,4.684200085086156982e-06
-1.371497402111836319e-05,8.100451101829341137e-06
-1.403281311680325941e-05,6.991189509867998742e-06
-1.371267957363204617e-05,4.712834342595977745e-06
-1.250898493374963886e-05,4.742865547924529267e-06
1.994113146732114860e-06,-1.516287224328912604e-07
2.033843462106256278e-06,-2.470362460378103944e-07
2.033672131411090844e-06,-6.030615111677771398e-07
1.994113147637089943e-06,-6.974419672488637512e-07
-1.250625377626983171e-05,8.073095717953173239e-06
-1.143234476529539032e-05,7.987516863091568544e-06
-1.225568987069530576e-05,5.993509403435576315e-06
-1.142482883606842869e-05,4.679706538464262208e-06
1.899089423320997553e-06,-1.122707407115260422e-07
1.803032677650263583e-06,-5.028172527092207756e-07
1.899683713343242205e-06,-7.370027981274422285e-07
-1.108500866321868309e-05,6.966001416598986908e-06
-1.038579693523891173e-05,7.776728410979050600e-06
-9.386543436821411318e-06,7.459982425730969770e-06
-1.076314259902425010e-05,5.577040586912032328e-06
-1.039895286089149072e-05,4.441073499147894741e-06
1.254067614359294256e-06,-1.032503301851422984e-07
1.253152775296903500e-06,-7.495291532628740946e-07
9.192283576057994218e-07,-4.271517171108238765e-07
-8.447120765629136078e-06,7.030262518769386321e-06
-9.249406411156827702e-06,6.415837214419178972e-06
-9.593370734685160138e-06,5.116345921950396873e-06
-9.453106562062738087e-06,4.040188687195670564e-06
5.573018538009262895e-07,-4.568520038756440439e-08
5.570133887653263401e-07,-8.098284837972130591e-07
1.460060656859594562e-07,-4.283951624247078496e-07
-7.571595729940061440e-06,6.509174235454751769e-06
-6.778588856330747743e-06,5.904225163453996167e-06
-8.397420828676157618e-06,4.915652149730989607e-06
-8.612267990602179266e-06,3.489651900199807688e-06
-3.249454696343052114e-07,8.085405872115278946e-08
-3.253861595082117419e-07,-9.389950860761992884e-07
-6.980278778525006897e-06,4.979390657280800332e-06
-6.073726413364886511e-06,5.217550906389785321e-06
-7.315654751018334849e-06,3.944758443661780102e-06
-7.897280563675134046e-06,2.821549383528753219e-06
-8.432778540969466949e-07,-4.295608357380501955e-07
-1.458621221055652926e-06,2.648950731864524566e-07
-1.457974312562115254e-06,-1.126575787000959778e-06
-5.454132153852661552e-06,4.468242683858773445e-06
-4.939449940471622846e-06,3.676127343074412294e-06
-4.527665384383009321e-06,2.836412493924399206e-06
-6.634661250795062415e-06,3.019268171522212639e-06
-7.323781407130821778e-06,2.064190189505331340e-06
-1.953117979669336112e-06,-4.285551662072762761e-07
-2.559522139882121462e-06,4.470689254185976049e-07
-2.559946457148336760e-06,-1.318259586138285627e-06
-5.391080313386470629e-06,2.835757733231555844e-06
-4.213687433346399669e-06,1.967908507283738549e-06
-3.561908874378251822e-06,6.026147602971867269e-07
-3.855480246920252484e-06,7.576654875632310858e-07
-4.013722909952540418e-06,1.073157443174621187e-06
-6.159551920906153669e-06,1.953195265421327604e-06
-6.898875556634309072e-06,1.250158700824382242e-06
-3.104917831902610702e-06,-3.007424620940263372e-07
-3.560571770889983164e-06,-1.457083630812815682e-06
-4.811443090146790421e-06,1.352527947589376132e-06
-3.873110182361655232e-06,1.377327947751969834e-07
-4.221257696286482208e-06,6.482891651345838793e-07
-5.817016381433254368e-06,9.976706916160346528e-07
-6.637143684908430993e-06,4.123307159133156444e-07
-3.889120368921083894e-06,-8.629245955034230136e-07
-3.843815935396543811e-06,-1.608477482723335841e-06
-4.990722062744250700e-06,-6.632112819841600199e-08
-6.550693660455071943e-06,-4.304678027804329007e-07
-6.648544743562784098e-06,-1.266876722268852857e-06
-4.479207034805456473e-06,-1.405583225392479879e-06
-4.007303597864954439e-06,-1.935559055275643118e-06
-4.204996508426545476e-06,-2.843240215603466956e-06
-5.804905436842026055e-06,-1.368936654878526598e-06
-4.508886526230409665e-06,-3.735103133844569210e-06
-6.924744054324067913e-06,-2.116207657995883205e-06
-5.017354177173722781e-06,-2.870924454496620809e-06
-6.228551336220045224e-06,-2.941115626751606457e-06
-4.927224250218062388e-06,-4.591967063155928486e-06
-7.367765300219517815e-06,-2.943279671710724488e-06
-7.011190027334701075e-06,-3.770389258446407681e-06
-6.156411478978303960e-06,-4.292689235642655350e-06
-5.448460249492393509e-06,-5.420709958672912148e-06
-6.085176816769307890e-06,-6.202133227024019972e-06
-7.976707158258704327e-06,-3.714256959069967457e-06
-7.543975501090385262e-06,-4.713341798810877818e-06
-7.032598505926716928e-06,-5.894925152710045547e-06
-6.813939146215354329e-06,-6.923937724284053289e-06
-8.730399601776145626e-06,-4.399466090600055502e-06
-8.505289634287198377e-06,-5.891567036496698336e-06
-7.641406108874730860e-06,-7.561313972206311178e-06
-8.560514751379947923e-06,-8.112874602019662021e-06
-9.548581345307648221e-06,-8.569289947448512746e-06
-9.626192847150368933e-06,-6.215786005743781969e-06
-9.616298248474413989e-06,-4.971548768541888107e-06
-9.402707463433954734e-06,-7.467505427006365841e-06
-1.060363952418421126e-05,-8.905672760608661357e-06
-1.170773642627537332e-05,-9.124938885432578033e-06
-1.053175131470519040e-05,-6.495212712137827966e-06
-1.061737819014476053e-05,-5.392102020249719426e-06
-1.283913940443400425e-05,-9.214889168086455121e-06
-1.156880908668342030e-05,-7.532933985501660609e-06
-1.170036620135486904e-05,-5.642205467668136609e-06
-1.308698307906946554e-05,-7.707370770598286213e-06
-1.411048984923202579e-05,-9.243917787387305774e-06
-1.283042883481698551e-05,-5.716559205336431923e-06
-1.588316771195739298e-05,-9.272283204509743361e-06
-1.447228150304131217e-05,-6.844019471044525177e-06
-1.410863726132883965e-05,-5.688328790252794297e-06
-1.837302051682030693e-05,-9.313611525626700464e-06
-1.712946217388386190e-05,-7.322917437163963824e-06
-1.588356682780622280e-05,-5.653013424287598510e-06
-2.173084882496392395e-05,-9.356186853917709321e-06
-2.004012144225752708e-05,-7.466018466002434407e-06
-1.837288030699964141e-05,-5.614980354417110487e-06
-2.529605541814451632e-05,-9.391321526954988705e-06
-2.350279887042950417e-05,-7.466723909336335005e-06
-2.173040037113858994e-05,-5.576010132598737490e-06
-2.891917898994208862e-05,-9.421139051549424308e-06
-2.709833201162907654e-05,-7.467574938664676724e-06
-2.529559461797793762e-05,-5.542818603892348720e-06
-3.259198182523772262e-05,-9.445583299373912017e-06
-3.074801937404664904e-05,-7.468299730253231305e-06
-2.891895578542921577e-05,-5.514564276362625083e-06
-3.630327817252581370e-05,-9.463947013942707333e-06
-3.444212423093487887e-05,-7.468985424739945580e-06
-3.259186785265482539e-05,-5.491626397285589024e-06
-4.004206139911460031e-05,-9.477060487952131731e-06
-3.816882385877432395e-05,-7.469628664421634607e-06
-3.630326255268131167e-05,-5.474706282643355397e-06
-4.379967670020520123e-05,-9.486274513585027341e-06
-4.191813829455797575e-05,-7.470192346568159252e-06
-4.004193073677613456e-05,-5.462891663551923883e-06
-4.757085378827801927e-05,-9.492977923304380506e-06
-4.568313336044959200e-05,-7.470603533781823372e-06
-4.379941836958922187e-05,-5.454586708673983168e-06
-5.135188322332049970e-05,-9.497511622205788491e-06
-4.945992078007163711e-05,-7.470860523347774749e-06
-4.757054643368830983e-05,-5.448490948540679974e-06
-5.946753665514311292e-05,-9.277494753966087271e-06
-5.892931775491331485e-05,-9.500417467099181275e-06
-5.304771840380394975e-05,-7.470844340378445871e-06
-5.513922293469250460e-05,-9.499986472979376494e-06
-5.135186684477623369e-05,-5.444079634294191190e-06
-5.969047920581860772e-05,-8.739303880862000877e-06
-5.841683110645074802e-05,-7.470759443572215708e-06
-5.513932827968601592e-05,-5.441669286690838060e-06
-5.969056165151085552e-05,-6.202164897240856916e-06
-5.892942078387506039e-05,-5.441063031493813990e-06
-5.946762830254760852e-05,-5.663980855291071871e-06
