Size 192,2
-2.130420034599097176e-05,4.002733132582509781e-06
-2.136548003990796336e-05,3.854842432194979892e-06
-2.136554336036026216e-05,3.157668873349912612e-06
-2.130427664800967088e-05,3.009801589008718628e-06
-2.115627334873555884e-05,4.063984938434685203e-06
-2.087879051141655883e-05,3.506259121926740911e-06
-2.115637396004313006e-05,2.948559910166627552e-06
-2.011461114463390702e-05,4.063489445558677386e-06
-2.011479940269704739e-05,2.949059444138825854e-06
-1.954038592778728199e-05,3.506252913476934579e-06
-1.907539574044515705e-05,4.061237104173381813e-06
-1.907550328365181037e-05,2.951059348367752404e-06
-1.855736175510565704e-05,3.506184097016071397e-06
-1.804226961207041588e-05,4.057242962573605289e-06
-1.804170521206118738e-05,2.954485728785042149e-06
-1.752769676065947361e-05,3.505753258123373759e-06
-1.701748283360853727e-05,4.052660784265649238e-06
-1.701652886779660341e-05,2.958053511685243433e-06
-1.650682427847061432e-05,3.505173754505098662e-06
-1.600007771819170747e-05,4.049303336778414550e-06
-1.599891833210897020e-05,2.960280778347554769e-06
-1.549200427567242686e-05,3.504440310652427729e-06
-1.498547058369869508e-05,4.049243364861228678e-06
-1.498438083738861353e-05,2.958958849544772709e-06
-1.447673288578035324e-05,3.503556997903778622e-06
-1.396586655866949951e-05,4.053675832033413161e-06
-1.396521825941950237e-05,2.952631656224042718e-06
-1.345200631356388470e-05,3.502612707574699753e-06
-1.293220113870704480e-05,4.063289309896767961e-06
-1.293195616185935360e-05,2.940980024624489277e-06
-1.240809780797998412e-05,3.501563098308683619e-06
-1.187335985447455017e-05,4.079726204031720390e-06
-1.187337525911001332e-05,2.922503065363194147e-06
-1.133228460789818831e-05,3.500550704712078471e-06
-1.077543381354788880e-05,4.104344243511459997e-06
-1.077552176581596682e-05,2.895568558316557326e-06
-1.023287197754058933e-05,3.499719811481858095e-06
-9.670100762896375978e-06,4.136883748746875603e-06
-9.670207166203836067e-06,2.859526548529262669e-06
-9.242135829052207984e-06,3.550589041265919106e-06
-8.783854650573770281e-06,4.169130224951383994e-06
-8.784516029548843406e-06,2.824399858936049466e-06
-8.106524837279654289e-06,4.197477055760696077e-06
-8.248401864714255101e-06,3.733218708726529162e-06
-8.107350832370259304e-06,2.801787792741796920e-06
-7.596727921617251120e-06,2.778284652028501343e-06
1.439747814871269282e-06,-4.145101792985302356e-07
1.468456707974512227e-06,-4.833515392808341653e-07
1.468372714433126391e-06,-7.405789984425740761e-07
1.439780988277727098e-06,-8.088477434942425189e-07
-7.599793850238653217e-06,4.217053604743254129e-06
-7.120356347384988953e-06,4.207235182419123832e-06
-7.501972204261685631e-06,3.316902183936581628e-06
-7.128045453361286454e-06,2.712563050325028655e-06
1.371164680808058937e-06,-3.861787651144372228e-07
1.301717601123624001e-06,-6.684632298984886687e-07
1.371501870033304832e-06,-8.375737719441707612e-07
-6.973865859936519627e-06,3.758655448795747504e-06
-6.637113984197006587e-06,4.145804546256934262e-06
-6.151365635958979415e-06,4.020936262644962595e-06
-6.829005459598500532e-06,3.117041499508051052e-06
-6.654254156984680996e-06,2.557946115967932284e-06
9.050918568152901986e-07,-3.800847025005431710e-07
9.043009261675233591e-07,-8.473172528129210550e-07
6.627997552091742475e-07,-6.143045025105471112e-07
-5.670804754107224283e-06,3.842586998122530002e-06
-6.092798514824217943e-06,3.526895010528126698e-06
-6.263239000172595283e-06,2.882681017756103125e-06
-6.196933610453294410e-06,2.315485054198749394e-06
4.006858288289334184e-07,-3.379003062262655552e-07
4.006203881460789063e-07,-8.912322292943702664e-07
1.027225705104070999e-07,-6.147179227066572680e-07
-5.206958543391124599e-06,3.601179947863651870e-06
-4.761931256610959758e-06,3.300305033219878237e-06
-5.652192599109448312e-06,2.773823898006011073e-06
-5.773100935420121933e-06,1.992465938414749559e-06
-2.385466239793689354e-07,-2.458171548198262089e-07
-2.385602591031492105e-07,-9.836929405381035276e-07
-4.873074815150620877e-06,2.812801765753743211e-06
-4.345440071703671905e-06,2.947910622949361692e-06
-5.064307272716337525e-06,2.237234754054282123e-06
-5.399013738726303611e-06,1.588341346607136229e-06
-6.135163972836242280e-07,-6.146463941015577252e-07
-1.058304086376267168e-06,-1.128533633739932015e-07
-1.057637072937587605e-06,-1.116999866172832203e-06
-3.969992820037210053e-06,2.541408688233117122e-06
-3.633171747316689001e-06,2.080739176057845215e-06
-3.343517359855130814e-06,1.579865447076009586e-06
-4.667094571676202987e-06,1.698843524362058790e-06
-5.090371540948354282e-06,1.111802291356177184e-06
-1.415415692249530395e-06,-6.131680563025478535e-07
-1.853029885362661785e-06,1.846673106648985576e-08
-1.852498010233613837e-06,-1.252185285567269122e-06
-3.902146697220012329e-06,1.586054985729281202e-06
-3.113613935218004231e-06,1.037033367499089812e-06
-2.586473074786872094e-06,1.305351944803060221e-07
-2.809000828477439179e-06,2.386557327383007277e-07
-2.938533099513125156e-06,4.535779107338665972e-07
-4.383041510771906442e-06,1.038976464520624660e-06
-4.864675047748044437e-06,5.788589161438215574e-07
-2.246766865538775851e-06,-5.210307789438077493e-07
-2.560177748924040765e-06,-1.347377730411738173e-06
-3.497113074216102814e-06,6.464617772680998183e-07
-2.809769146425525496e-06,-2.009196763232854680e-07
-3.072542179168157665e-06,1.625216338285616963e-07
-4.165952627567136632e-06,4.110552701000704019e-07
-4.735276914286070247e-06,5.972885994100398158e-09
-2.800022128529250847e-06,-9.174112953942748779e-07
-2.750703394826198912e-06,-1.456187244697994986e-06
-3.602318060127628896e-06,-3.266954669102539490e-07
-4.705454627096205090e-06,-5.879925624443334092e-07
-4.822348830541350480e-06,-1.198793449813228624e-06
-3.211042559869105095e-06,-1.301726904743896670e-06
-2.855538240596612984e-06,-1.700884510386127191e-06
-2.973653882892647579e-06,-2.398305746261922771e-06
-4.191682032128129056e-06,-1.261223717959116420e-06
-3.174937925188794873e-06,-3.113527707097087500e-06
-5.072150601465163564e-06,-1.827845234895320253e-06
-3.587491911573620395e-06,-2.410254522442409985e-06
-4.534906006912322629e-06,-2.465182261048249166e-06
-3.484031975360396493e-06,-3.813045234202087805e-06
-5.462045941524498964e-06,-2.466626158060822940e-06
-5.181416672536251029e-06,-3.130662950542038416e-06
-4.473989780658410196e-06,-3.561276957085172395e-06
-3.885349010621039053e-06,-4.517067105118471026e-06
-4.405166530531111798e-06,-5.200134446237261763e-06
-6.004212103545858109e-06,-3.077128756904955456e-06
-5.638605054285536940e-06,-3.916786618620069493e-06
-5.200713465623287563e-06,-4.936536670834434512e-06
-5.011891182224492339e-06,-5.850879485622117089e-06
-6.679764575206176196e-06,-3.635949381415579432e-06
-6.484716305490167060e-06,-4.939234993927360746e-06
-5.724579550612098130e-06,-6.433832473814399817e-06
-6.541395095934425842e-06,-6.953865854584529436e-06
-7.434095603525609290e-06,-7.401498427119970042e-06
-7.497616963581646329e-06,-5.228916900174154134e-06
-7.485510077907633681e-06,-4.116052528192189261e-06
-7.292291734961890956e-06,-6.372260652902461038e-06
-8.409241485738566487e-06,-7.736788570079823561e-06
-9.449142277641657767e-06,-7.969222196906449257e-06
-8.332372320726387938e-06,-5.480298821439293868e-06
-8.414440831765073036e-06,-4.466699663252110135e-06
-1.052572972710496498e-05,-8.078100962301632346e-06
-9.303831391455595962e-06,-6.452239521181408551e-06
-9.434076147009016661e-06,-4.666127948432973856e-06
-1.075905625078288073e-05,-6.623578448323513386e-06
-1.176059759228460926e-05,-8.133934094745119179e-06
-1.051018530286551438e-05,-4.713689262405378621e-06
-1.350642094160416194e-05,-8.189888731959900960e-06
-1.210507047099811162e-05,-5.782477389785346231e-06
-1.175752106268720888e-05,-4.658713883137377344e-06
-1.601791542155141032e-05,-8.275581648151227927e-06
-1.475075172849979739e-05,-6.250264066378334880e-06
-1.350798143259499964e-05,-4.587085162639949329e-06
-1.949147126098413793e-05,-8.367635897431041755e-06
-1.772869971931744054e-05,-6.392961436318790915e-06
-1.601853915308832613e-05,-4.505179507925369060e-06
-2.326142527448719869e-05,-8.445495053132403554e-06
-2.135266135144298194e-05,-6.392413579472727616e-06
-1.949164275735284244e-05,-4.416781021545360766e-06
-2.716358298760056803e-05,-8.512286763979938514e-06
-2.519174965441242929e-05,-6.392328872302651963e-06
-2.326142822108741417e-05,-4.339216996964893481e-06
-3.118194283036748114e-05,-8.570943605017970716e-06
-2.915442607589832731e-05,-6.392089585633362939e-06
-2.716371844281549732e-05,-4.272157607613275997e-06
-3.530352579467107817e-05,-8.622290730950691627e-06
-3.322649360444676874e-05,-6.391733347840109392e-06
-3.118205417740514359e-05,-4.212911708529184308e-06
-3.951552758341197937e-05,-8.666088035005310716e-06
-3.739561053142188347e-05,-6.391257738979721417e-06
-3.530366127379374279e-05,-4.160686599379285280e-06
-4.380279902987894227e-05,-8.701277862410325179e-06
-4.164801713720724677e-05,-6.390769613228539300e-06
-3.951570315729958162e-05,-4.115896203817098532e-06
-4.814801283753661012e-05,-8.727046545155951694e-06
-4.596723409616216882e-05,-6.390380519968861698e-06
-4.380291571602267441e-05,-4.079865615116479728e-06
-5.253275571719283527e-05,-8.743152077663866420e-06
-5.033541601824467260e-05,-6.389980841643410543e-06
-4.814814273057239062e-05,-4.053338247188426871e-06
-6.197794689116437430e-05,-8.492575789109506074e-06
-6.135147461471864982e-05,-8.752036803433964633e-06
-5.450443653588997450e-05,-6.389677563766264994e-06
-5.693900585036267969e-05,-8.750640980178032475e-06
-5.253285313124511706e-05,-4.036484842023157125e-06
-6.223744537090735677e-05,-7.866156256469237506e-06
-6.075468134948744500e-05,-6.389507461625574747e-06
-5.693904849540991575e-05,-4.028521422175580236e-06
-6.223746121356809040e-05,-4.912849197157359506e-06
-6.135150128493898974e-05,-4.026981167402070999e-06
-6.197796640022546183e-05,-4.286437740599850364e-06
