Size 192,2
-8.838703969266169334e-05,1.295337784515945515e-05
-8.873559774911533859e-05,1.211204353350603578e-05
-8.873601270138083944e-05,8.145684013177615317e-06
-8.838750969020220003e-05,7.304385211874376581e-06
-8.754560037117683482e-05,1.330185318081381788e-05
-8.596737016574188873e-05,1.012894077032518442e-05
-8.754614526139705940e-05,6.955924336670607788e-06
-8.162048372775874386e-05,1.330054814861408081e-05
-8.162115296502881010e-05,6.957229932721165347e-06
-7.835125121864260458e-05,1.012870670013025446e-05
-7.570078150348727333e-05,1.329410887982943672e-05
-7.570156029483343695e-05,6.963136462582613617e-06
-7.274575122108588895e-05,1.012872049911571914e-05
-6.979749845847409086e-05,1.328121356386404070e-05
-6.979784536142195960e-05,6.975811229263845845e-06
-6.685493647644827505e-05,1.012834773020651362e-05
-6.392452222485115148e-05,1.326003768972543027e-05
-6.392522525778504918e-05,6.996521960381571285e-06
-6.100297445003137036e-05,1.012812714056873376e-05
-5.809942140601315327e-05,1.322915048245735126e-05
-5.810029437219792572e-05,7.026973982871574538e-06
-5.520779688109466886e-05,1.012790117117868855e-05
-5.234031803755086133e-05,1.318837192858111504e-05
-5.234131979669999143e-05,7.067194557035344484e-06
-4.948813715654401394e-05,1.012772220812002681e-05
-4.666650787659422465e-05,1.313757490973153889e-05
-4.666713705025983869e-05,7.117398877831687128e-06
-4.386302164866647153e-05,1.012760021934562192e-05
-4.109684799833816262e-05,1.307664793170674120e-05
-4.109672057161641392e-05,7.177934116000211767e-06
-3.835104670610520308e-05,1.012742086810426606e-05
-3.564954972625070985e-05,1.300575331605037783e-05
-3.564889618370959377e-05,7.248621625723845907e-06
-3.297060059582108710e-05,1.012707197259332071e-05
-3.034242288806494734e-05,1.292438062207721519e-05
-3.034153221513640240e-05,7.329928951884933858e-06
-2.784344873138775553e-05,1.012609251344993180e-05
-2.539955270289678474e-05,1.283257995449453731e-05
-2.539843817208841900e-05,7.424257089208441141e-06
-2.358142849330739163e-05,1.033217450122571870e-05
-2.177900441201621612e-05,1.274723977247479200e-05
-2.177632586620943293e-05,7.511638872356199145e-06
-1.922538639720763263e-05,1.267239222800518148e-05
-1.970097400602961976e-05,1.100328592933538890e-05
-1.922126132487693404e-05,7.567552785338927014e-06
-1.741029078506025699e-05,7.627643524769025818e-06
2.617125901334889448e-06,9.309608114840767850e-07
2.669228211921837976e-06,8.054280701423212485e-07
2.668805778527111321e-06,3.386376963007581859e-07
2.616988342691714161e-06,2.152345319347956727e-07
-1.740477440073391179e-05,1.261946167912182838e-05
-1.579925504118752922e-05,1.247959162847664962e-05
-1.702394914301054115e-05,9.502999160463882495e-06
-1.578215426413756870e-05,7.550563518061582027e-06
2.492201705072998762e-06,9.830077953937311500e-07
2.366610855460698697e-06,4.711971410816472951e-07
2.493439035919538927e-06,1.639247647298922856e-07
-1.527611755703114731e-05,1.095097872102939718e-05
-1.424308434297391701e-05,1.214938997958714657e-05
-1.276886100243894733e-05,1.166719637132255051e-05
-1.479428937513816130e-05,8.888364921430789536e-06
-1.425472101194316627e-05,7.218931412456923086e-06
1.646552985036397071e-06,9.979504936717444560e-07
1.646306649526224827e-06,1.503346328696550708e-07
1.207853540178761363e-06,5.745815108734555302e-07
-1.139754256798167188e-05,1.101682503613103165e-05
-1.256178672957906495e-05,1.012153567093818598e-05
-1.306607498895578990e-05,8.215136969583170410e-06
-1.285660116248357159e-05,6.655545074228332853e-06
7.323946472952273297e-07,1.076987764227537931e-06
7.326479852178993139e-07,7.303944967155342004e-08
1.919258891906121008e-07,5.753554885812460019e-07
-1.012835771944976171e-05,1.024111188842876809e-05
-8.994772494397040139e-06,9.352730677331727371e-06
-1.131857314622059717e-05,7.925137072987573029e-06
-1.162311018336827206e-05,5.877849375448011750e-06
-4.279946586392651543e-07,1.246258363230094047e-06
-4.278461815169015118e-07,-9.491013692438555560e-08
-9.283409639771594339e-06,8.012616349277024735e-06
-8.002338433022333289e-06,8.351075629199521125e-06
-9.758729561149465982e-06,6.533210015524954588e-06
-1.058178423765533113e-05,4.943473116340865191e-06
-1.109608522541561453e-06,5.761617266482766197e-07
-1.919088231189776199e-06,1.489606247418552014e-06
-1.917569222643128845e-06,-3.386046386475699932e-07
-7.136374779169137308e-06,7.271526688592093819e-06
-6.435279853119524508e-06,6.152163309986174983e-06
-5.889808786152334032e-06,4.974888828460409977e-06
-8.795367743526446311e-06,5.224960791637912073e-06
-9.751532587820064567e-06,3.898856454786951062e-06
-2.568866238313476953e-06,5.794125269154374515e-07
-3.365375811756961609e-06,1.728773866559561118e-06
-3.365749874411531056e-06,-5.879510762110774402e-07
-7.068242610383648036e-06,4.969274862776655185e-06
-5.480730631780123845e-06,3.775289610450535436e-06
-4.671128578281542908e-06,1.931258343257380511e-06
-5.046987032574817408e-06,2.136425485533169978e-06
-5.242276039712214723e-06,2.558310825884339155e-06
-8.127850561006491080e-06,3.747362458058716624e-06
-9.133086694760230782e-06,2.792333616875330523e-06
-4.080657839756543368e-06,7.487794445712711079e-07
-4.688753928138540347e-06,-7.692334331195822312e-07
-6.298397760662467054e-06,2.930110430903978174e-06
-5.079308043517097806e-06,1.319758503545967133e-06
-5.525534792438240314e-06,1.991013619380988258e-06
-7.655791624865767344e-06,2.450572407888900782e-06
-8.743505128497043363e-06,1.672662792503988853e-06
-5.116643688244377834e-06,7.340778951484631243e-09
-5.070337501332830538e-06,-9.657856293011028427e-07
-6.550160726729171308e-06,1.036543824217347692e-06
-8.603573599171963503e-06,5.607599165577252042e-07
-8.692895589258850105e-06,-5.250838742451498753e-07
-5.898407038787621683e-06,-7.060964517743445436e-07
-5.294138090865620825e-06,-1.384170296180679170e-06
-5.571211451246392831e-06,-2.532646768042509552e-06
-7.609626308167468673e-06,-6.677897437586989983e-07
-5.980961610022848151e-06,-3.638909430049617193e-06
-9.011828282676242040e-06,-1.619388551046614323e-06
-6.608511087220016391e-06,-2.574714461186403511e-06
-8.130698081865772765e-06,-2.661707521488131466e-06
-6.519684762169698830e-06,-4.692153638852367038e-06
-9.533738600008007989e-06,-2.663827009027240422e-06
-9.086589383958908726e-06,-3.689449552098186745e-06
-8.041946522642446558e-06,-4.329313662343690397e-06
-7.178673442938522237e-06,-5.690916730810769274e-06
-7.961003996449474837e-06,-6.618367200592812577e-06
-1.024800381593562067e-05,-3.625562049247516940e-06
-9.724322454759424053e-06,-4.836645536803642416e-06
-9.109605521894210996e-06,-6.249701758644439061e-06
-8.847912644188136332e-06,-7.461544636409493180e-06
-1.112984771691416499e-05,-4.467777469300898428e-06
-1.086014579655733678e-05,-6.240935353467917580e-06
-9.837237729553688055e-06,-8.200382778587258397e-06
-1.091839770976147541e-05,-8.829460357116444158e-06
-1.207137797292783850e-05,-9.339711454898539286e-06
-1.216724344648700964e-05,-6.621026923427390112e-06
-1.215888459810367344e-05,-5.160638247071557893e-06
-1.190789174873674765e-05,-8.074752428012485245e-06
-1.328729013931280815e-05,-9.713082890308918628e-06
-1.454918863556489552e-05,-9.949543215655253620e-06
-1.321186612226804380e-05,-6.947404351310523099e-06
-1.330962840599479110e-05,-5.670342315533708708e-06
-1.583545332998838564e-05,-1.003996126161905359e-05
-1.439856547722072801e-05,-8.137659823250765459e-06
-1.454594995594181253e-05,-5.977469491573023211e-06
-1.611815834696627358e-05,-8.333481747054108344e-06
-1.726826658983827986e-05,-1.006050509418002470e-05
-1.582944583688220371e-05,-6.074496025150341054e-06
-1.925600577178899152e-05,-1.008193162728474076e-05
-1.767846954467001394e-05,-7.359812071959008678e-06
-1.726628298234005881e-05,-6.056062046249752843e-06
-2.202906697293654714e-05,-1.011623320469658251e-05
-2.064710611472331194e-05,-7.899984488085981697e-06
-1.925559171123591141e-05,-6.031256370712461525e-06
-2.575173061969377808e-05,-1.015584408016241438e-05
-2.387927594519507221e-05,-8.061173901021136102e-06
-2.202824528298077860e-05,-6.001668797231955590e-06
-2.969495120797658241e-05,-1.019179295594100908e-05
-2.771261600602113373e-05,-8.063356674975989392e-06
-2.575098764188282345e-05,-5.968125792131130066e-06
-3.369676861538332561e-05,-1.022375407650805218e-05
-3.168624647203990201e-05,-8.065606996934508456e-06
-2.969429175726812583e-05,-5.937221570562464381e-06
-3.775096189842246824e-05,-1.025246085999422280e-05
-3.571518390986695582e-05,-8.067399127708869115e-06
-3.369619473265791351e-05,-5.909399380784909423e-06
-4.185387935548380892e-05,-1.027912014643512972e-05
-3.979414705444461574e-05,-8.068770043746850554e-06
-3.775043621089244251e-05,-5.883826159409529441e-06
-4.600405301392555401e-05,-1.030453255258037989e-05
-4.392099536636099574e-05,-8.069921087881212806e-06
-4.185340762953734356e-05,-5.859504150030263208e-06
-5.019800058104048119e-05,-1.032651807928846827e-05
-4.809411620436647298e-05,-8.070974140606098764e-06
-4.600373873619474771e-05,-5.836314141524212466e-06
-5.442622766903974557e-05,-1.034172294308417255e-05
-5.230734231580890382e-05,-8.071913289577949203e-06
-5.019766817293872495e-05,-5.816441971885705731e-06
-5.867449556845464112e-05,-1.034949600186495868e-05
-5.654813686760756054e-05,-8.072628281645234126e-06
-5.442593567228065751e-05,-5.802942715955185505e-06
-6.778821884203815504e-05,-1.010157688340353675e-05
-6.718403082329506022e-05,-1.035184735862725139e-05
-6.058008672374366423e-05,-8.072948750123789050e-06
-6.292947182342194636e-05,-1.035166849410924839e-05
-5.867439825485169840e-05,-5.796152140252082205e-06
-6.803848070507779555e-05,-9.497378543110808529e-06
-6.660876739009891784e-05,-8.073249201116882202e-06
-6.292940796613164119e-05,-5.794521964383054358e-06
-6.803847139049520236e-05,-6.649138263147336292e-06
-6.718400316412847715e-05,-5.794641620813137401e-06
-6.778820423474941491e-05,-6.044922099551305097e-06
