Size 192,2
6.018362942364543632e-05,-7.845798803401195795e-06
6.043708150978702913e-05,-7.233949024707092366e-06
6.043723115526883311e-05,-4.349534930720713972e-06
6.018379720092934389e-05,-3.737688938803183870e-06
5.957175605254211515e-05,-8.099230334883353321e-06
5.842420225993316885e-05,-5.791764671276862492e-06
5.957194486499867701e-05,-3.484258670544187791e-06
5.526364421351250738e-05,-8.098959119932514159e-06
5.526391926877943420e-05,-3.484592627267651926e-06
5.288533872028386261e-05,-5.791836936900962175e-06
5.095582581837324797e-05,-8.097694589254062611e-06
5.095608520864069194e-05,-3.486050446839067861e-06
4.880292431271481197e-05,-5.792127261350047048e-06
4.665194753229683734e-05,-8.093859435273436680e-06
4.665204836367007008e-05,-3.490507024820173470e-06
4.450275318749617910e-05,-5.792393269146892297e-06
4.235904694441317898e-05,-8.084661151549634670e-06
4.235900992428379212e-05,-3.500089160223350114e-06
4.021891640417196825e-05,-5.792454444678477141e-06
3.808903535556551511e-05,-8.068087623134459266e-06
3.808877128434761967e-05,-3.516638384994906514e-06
3.596503159468773445e-05,-5.792346278839236811e-06
3.385704796163297440e-05,-8.042350500652341446e-06
3.385647707960484816e-05,-3.542072603240302584e-06
3.175771120056035889e-05,-5.791927542340411253e-06
2.968147293380307054e-05,-8.004725804309379417e-06
2.968105968405826588e-05,-3.579003446553521168e-06
2.761823819443427164e-05,-5.791376959580618323e-06
2.558714100217021685e-05,-7.952017401271546237e-06
2.558722161207520175e-05,-3.630519803427334641e-06
2.357472529593720951e-05,-5.790709245150253339e-06
2.160486197101258419e-05,-7.882251108014061593e-06
2.160547643142452849e-05,-3.698830753014244255e-06
1.965938015794104185e-05,-5.790066809752909836e-06
1.776709127190516895e-05,-7.794143292774196975e-06
1.776762574052306119e-05,-3.785905388992062878e-06
1.597820243854359813e-05,-5.788889622627103816e-06
1.425112891277358807e-05,-7.688827876468257475e-06
1.425088390819899332e-05,-3.894421231545869509e-06
1.297368073512143919e-05,-5.931082402849874068e-06
1.173312535963425968e-05,-7.587390888578846607e-06
1.173035709504199024e-05,-3.999009786516400291e-06
9.999005888600761161e-06,-7.495821082360422164e-06
1.030853775346288880e-05,-6.381948060572127662e-06
9.993960020884561348e-06,-4.067805677422626655e-06
8.788993400250703786e-06,-4.142923816232521306e-06
-1.006484232210055485e-06,-9.980587100102304216e-07
-1.025935119513398120e-06,-9.509768116113914870e-07
-1.025699476093251324e-06,-7.769419057314182399e-07
-1.006409300909192327e-06,-7.311220702284085649e-07
8.782234563476865654e-06,-7.430091845087472436e-06
7.738063817632567603e-06,-7.310253207025544293e-06
8.519583875309880844e-06,-5.379566829959049640e-06
7.713813966986783006e-06,-4.131550322776221381e-06
-9.596865232260739666e-07,-1.017729868544087318e-06
-9.130846751709220230e-07,-8.270597757612622587e-07
-9.604839212898150405e-07,-7.123281279694158758e-07
7.388811141316088088e-06,-6.310217095219170647e-06
6.743754757292774202e-06,-7.061067067651931725e-06
5.827571887756947704e-06,-6.728772301138543312e-06
7.075071788221973426e-06,-4.995268790087033403e-06
6.735951014806536237e-06,-3.968610633588499360e-06
-6.441340454185590483e-07,-1.025364335216899588e-06
-6.447236715376212822e-07,-7.093620704505846674e-07
-4.813580787573499787e-07,-8.686502187886183618e-07
5.004669619741987026e-06,-6.289462963204226520e-06
5.689125369151409997e-06,-5.754941470637684129e-06
5.997113735696229843e-06,-4.589208935197830420e-06
5.863178366266654142e-06,-3.675215920034146572e-06
-3.038716391863581509e-07,-1.057822010994320400e-06
-3.046585819226686656e-07,-6.821551328832281327e-07
-1.021140247846569825e-07,-8.713008269874820796e-07
4.261867407384448611e-06,-5.792861726746709009e-06
3.630943160394985977e-06,-5.249182001306364091e-06
4.946416539443874642e-06,-4.421557761499841480e-06
5.113302179103800702e-06,-3.260633537892744100e-06
1.313474426142807938e-07,-1.126278249142000096e-06
1.305706468237502595e-07,-6.190691089913206597e-07
3.793360927458880313e-06,-4.464304874499454961e-06
3.107340451609597514e-06,-4.649726483106909283e-06
4.052089111672376151e-06,-3.637156211260261208e-06
4.496677702711104783e-06,-2.780518632600773503e-06
3.891062080662546297e-07,-8.741041096558641771e-07
6.983497466624570383e-07,-1.224946132533927395e-06
6.967494909999020572e-07,-5.251416660834814606e-07
2.663193120190876124e-06,-4.031033072818380084e-06
2.339349602399847335e-06,-3.431854667628458323e-06
2.117396254099740682e-06,-2.819466680421941529e-06
3.535895990535616159e-06,-2.936377187888010178e-06
4.015536483114106585e-06,-2.271087794104785316e-06
9.462798896289816211e-07,-8.779992707627929790e-07
1.252843371931090154e-06,-1.321086941019852229e-06
1.252905667330672152e-06,-4.276806203224200221e-07
2.668850633201176617e-06,-2.807313779488302113e-06
1.964521887331927100e-06,-2.230561733937396404e-06
1.738993080524997677e-06,-1.401470727770922225e-06
1.867334511840793529e-06,-1.486551099994807212e-06
1.919309014717917461e-06,-1.668224585694936853e-06
3.187589772721319643e-06,-2.201078587991659928e-06
3.652272362077296910e-06,-1.762568032106409726e-06
1.526841246424532754e-06,-9.462478000068023161e-07
1.783016341093603708e-06,-3.538734216078185612e-07
2.351395816837139300e-06,-1.824352192905098814e-06
1.897560878165569121e-06,-1.160995339593530928e-06
2.051955757669065316e-06,-1.426773105154775363e-06
2.958968313880503561e-06,-1.609116264632415232e-06
3.409839534089129462e-06,-1.285053907173695720e-06
1.943499196958774964e-06,-6.498886586676058062e-07
1.950172737614747371e-06,-2.794159596246022564e-07
2.483757744496961717e-06,-1.021170152626324749e-06
3.305097818743865441e-06,-8.387213334322733122e-07
3.269079128711835750e-06,-4.358453225617245098e-07
2.264797620190655840e-06,-3.679022343800028125e-07
2.055195094907431079e-06,-1.339722165175005689e-07
2.196259066016572624e-06,2.398647020952104094e-07
2.886271213855988921e-06,-3.641894780085895425e-07
2.377066488898145518e-06,5.585615827607341748e-07
3.317062875205004927e-06,-4.460662524185090197e-08
2.552224834970900907e-06,2.665852884433176294e-07
3.029587297906116620e-06,2.909432789567232004e-07
2.569551053846650232e-06,8.434873716610454598e-07
3.417311605171871817e-06,2.899032786139837445e-07
3.279187935386605581e-06,5.841188360750178749e-07
3.005270275519072492e-06,7.539475627929182839e-07
2.783066974143183224e-06,1.077492239889729937e-06
2.995762151470451628e-06,1.268200384763228676e-06
3.549265996460678719e-06,5.754248058281272910e-07
3.421749748129244347e-06,8.724433764409607068e-07
3.279465657687761893e-06,1.183996776621572224e-06
3.221354137898942675e-06,1.416458909236148159e-06
3.709027244131297011e-06,8.024101505789162200e-07
3.648899488981388214e-06,1.172025807934562662e-06
3.440855887112099011e-06,1.535301212255621513e-06
3.648555693281112231e-06,1.616388133278513685e-06
3.851905520229064001e-06,1.660311322275317684e-06
3.878101588831866420e-06,1.241023270015556800e-06
3.881689063845540755e-06,9.703295537559885527e-07
3.836052566396522049e-06,1.480823327439664197e-06
4.038167405764510727e-06,1.685401398760682365e-06
4.207234656482594973e-06,1.683305494069423313e-06
4.040447665446252425e-06,1.298279890353115145e-06
4.052323321888166074e-06,1.095382224444240220e-06
4.365767001943228603e-06,1.663993966841343215e-06
4.205606171514796619e-06,1.463159519059103030e-06
4.217971731790994249e-06,1.180528752198270372e-06
4.404258808536072743e-06,1.478900110989439849e-06
4.510802767680818459e-06,1.629763880023203934e-06
4.375161995730124130e-06,1.220262424444917450e-06
4.681914585954425591e-06,1.593955363203434525e-06
4.562194693213242492e-06,1.382162959600247221e-06
4.513544153855679922e-06,1.252036577099202226e-06
4.843879708121821960e-06,1.535898648626123527e-06
4.780734333699665046e-06,1.431072756984654845e-06
4.681719061755519513e-06,1.295617429164630324e-06
4.946123891896087499e-06,1.468448260880426730e-06
4.914373251555288085e-06,1.439757622939711453e-06
4.844450086802140565e-06,1.348947340850431354e-06
4.939769840387202884e-06,1.408360381295940499e-06
4.961493421333559472e-06,1.438152680058876550e-06
4.946859369753310778e-06,1.410175527119988059e-06
4.833426729349601033e-06,1.357853635217377245e-06
4.902197383483035553e-06,1.436152950485364821e-06
4.940488036445360368e-06,1.466072157985835959e-06
4.646628898428371790e-06,1.318476364842531156e-06
4.751995098399227163e-06,1.434130388320226599e-06
4.833953984219420236e-06,1.512414209155124658e-06
4.400629082100501403e-06,1.290211337083961601e-06
4.532044881528710812e-06,1.432234851357552647e-06
4.647061804668237721e-06,1.547849637442982125e-06
4.114841036958408639e-06,1.271699615028591404e-06
4.263101477729387756e-06,1.430587777022601523e-06
4.400972299535685105e-06,1.572616117408747930e-06
3.806556637613327919e-06,1.261792357774876591e-06
3.963405417431546866e-06,1.429054944032884402e-06
4.115258245218926099e-06,1.587949197639977570e-06
3.489990521011411932e-06,1.258820798574064908e-06
3.648830513569030962e-06,1.427914016103294545e-06
3.806844501945337986e-06,1.595142887233116403e-06
3.174953144553150586e-06,1.259799368791421874e-06
3.331788071855233545e-06,1.427067524329315608e-06
3.490175733094552609e-06,1.596076731131192734e-06
2.517714386569164145e-06,1.280667497833026852e-06
2.561049418761129016e-06,1.262690199340749622e-06
3.035581470863144057e-06,1.426482526115529315e-06
2.865802513620383298e-06,1.261892556912631453e-06
3.175014919327197925e-06,1.593647844284442340e-06
2.499765670623541570e-06,1.324041056239428483e-06
2.602079069746473859e-06,1.426148679324727942e-06
2.865793929415478607e-06,1.590603091932077760e-06
2.499680320195955722e-06,1.528310498082053575e-06
2.560969801231732711e-06,1.589687245720948494e-06
2.517627025213308658e-06,1.571702373242881778e-06
