Size 192,2
5.789409662150415796e-05,-7.122709174097496074e-06
5.813607688183661113e-05,-6.538524629515900276e-06
5.813650018601510455e-05,-3.784832057442930774e-06
5.789457775979157256e-05,-3.200698745539869698e-06
5.730992619583013062e-05,-7.364697041597256210e-06
5.621457072628816351e-05,-5.161766246456670215e-06
5.731049086625078878e-05,-2.958734139048815783e-06
5.319638843021705138e-05,-7.364967579008728699e-06
5.319713879722362532e-05,-2.958645233753087682e-06
5.092519930800851728e-05,-5.161690624063927204e-06
4.908244164183584970e-05,-7.362702889133253143e-06
4.908307927278854658e-05,-2.960400224803737736e-06
4.702688848472286008e-05,-5.161701643172314654e-06
4.497477864455980590e-05,-7.355738192796278933e-06
4.497474393309446185e-05,-2.967679426192705598e-06
4.292600159853883534e-05,-5.161581560596638019e-06
4.088606339215467917e-05,-7.340365563147573226e-06
4.088632272837113474e-05,-2.983120961518998248e-06
3.885336395774676896e-05,-5.161605811316576724e-06
3.683541918912110007e-05,-7.314610942700843014e-06
3.683608131587751816e-05,-3.008807276205797692e-06
3.482823778396697457e-05,-5.161536380318907784e-06
3.284183999237095446e-05,-7.278561263247351254e-06
3.284285561145667979e-05,-3.044229544574429822e-06
3.086939292107174925e-05,-5.161320382550359299e-06
2.892464475896886758e-05,-7.232048786144301493e-06
2.892541752737131110e-05,-3.089859360227860138e-06
2.699636131112468954e-05,-5.160979107289076177e-06
2.510345691704500177e-05,-7.173913919572772390e-06
2.510368195003510766e-05,-3.147210052853403223e-06
2.322995921036207311e-05,-5.160687258700329947e-06
2.140096374703007862e-05,-7.102592758650205116e-06
2.140048746976500171e-05,-3.218219402209764562e-06
1.959546656454144812e-05,-5.160377779593451333e-06
1.784402039660851232e-05,-7.016377801129691448e-06
1.784307350080224471e-05,-3.304594782354839051e-06
1.618883955330006791e-05,-5.159457336677701462e-06
1.459372020142408953e-05,-6.917381358517913606e-06
1.459248602235517103e-05,-3.406710224742006959e-06
1.341386674632577552e-05,-5.291333104518844391e-06
1.226703453605875736e-05,-6.827120953791323081e-06
1.226422834729293602e-05,-3.499204509811345376e-06
1.065886567538249110e-05,-6.751074427276742737e-06
1.094921606915082171e-05,-5.711257966822777361e-06
1.065535300395767447e-05,-3.556558561494128839e-06
9.532556206876547562e-06,-3.616206760130203105e-06
-1.295392727067115609e-06,-1.146740792985021071e-07
-1.321574147434053884e-06,-5.171850626773940807e-08
-1.321403078997557805e-06,1.830029130185062038e-07
-1.295333004658404835e-06,2.451617188364424857e-07
9.526491622135499512e-06,-6.698932258269211056e-06
8.545138158909358763e-06,-6.596215137885552415e-06
9.285239546200150222e-06,-4.775437107448603134e-06
8.528198793056647131e-06,-3.591525112601578764e-06
-1.232705144835197031e-06,-1.406931008332863371e-07
-1.169367587863240317e-06,1.167128298965167272e-07
-1.233125867959494591e-06,2.711416471453915347e-07
8.220220947453786412e-06,-5.656751026997216762e-06
7.603145034541009880e-06,-6.374856833017839522e-06
6.725059027460405519e-06,-6.070246601025683609e-06
7.926508900434416872e-06,-4.407559654108382443e-06
7.603915759118616211e-06,-3.416698898333894315e-06
-8.074612984233194349e-07,-1.468037893097490146e-07
-8.069531781328890372e-07,2.789772874939427429e-07
-5.868336998143815137e-07,6.660185165734275618e-08
5.921930745475393045e-06,-5.664732985289442022e-06
6.596959617294782765e-06,-5.141195393175993670e-06
6.895541579993005140e-06,-4.012392279269461039e-06
6.769728110632951581e-06,-3.108695431323705956e-06
-3.487996364962079971e-07,-1.837293743144197918e-07
-3.484001436970701171e-07,3.181719182079386134e-07
-7.870355965415088226e-08,6.796797233868842142e-08
5.188021569342928831e-06,-5.195521283880926839e-06
4.547328199335487702e-06,-4.670128054030648079e-06
5.871703192572398370e-06,-3.846142435480851492e-06
6.043607478684229252e-06,-2.677530523325047689e-06
2.298055716131210059e-07,-2.649003183258518660e-07
2.303522741102192473e-07,4.025192980836445317e-07
4.711686824345606158e-06,-3.893667733425743574e-06
3.998928059020589024e-06,-4.084084280574244439e-06
4.978436178298927458e-06,-3.054363774990569477e-06
5.438563641458053013e-06,-2.166946749155398383e-06
5.690635452478191657e-07,6.955581661345049480e-08
9.706519102227990132e-07,-3.825232041698854698e-07
9.704761489569896244e-07,5.245840380087583601e-07
3.526093824739494960e-06,-3.465312478729832216e-06
3.158746178912447546e-06,-2.842371427958162713e-06
2.885791986843361813e-06,-2.194888629872190764e-06
4.442849491346085919e-06,-2.326311101582330070e-06
4.961208664248245152e-06,-1.607615074171150329e-06
1.293442645292372883e-06,6.969459906400332252e-08
1.687732501992544955e-06,-4.981804496219359191e-07
1.688908932792296451e-06,6.492406038997003698e-07
3.507089104738158428e-06,-2.187732679745762846e-06
2.686951981771287921e-06,-1.550478736676076465e-06
2.326173313197898162e-06,-5.949871300048551145e-07
2.504144629640404645e-06,-6.972770644053047339e-07
2.589993669475558590e-06,-9.122190289431844412e-07
4.075982909973814474e-06,-1.528386053121038009e-06
4.603863793108315537e-06,-1.028035561470833723e-06
2.042029624552373043e-06,-1.304448570651428739e-08
2.352890286967744115e-06,7.408637061519811380e-07
3.119979577289953900e-06,-1.100231165485544634e-06
2.528366583956903094e-06,-2.907233326981504048e-07
2.739574266579955018e-06,-6.233579535994599115e-07
3.824187708567607410e-06,-8.505708859006987379e-07
4.372858585929200329e-06,-4.567421950144654373e-07
2.561806754248252565e-06,3.589514055521560913e-07
2.551195256849450774e-06,8.374041042676361324e-07
3.259903968996361794e-06,-1.358604654673715180e-07
4.282029148611362231e-06,9.965347972586317970e-08
4.292600260640256833e-06,6.286979587250233726e-07
2.956607612292111034e-06,7.153041820690959541e-07
2.671035426579575834e-06,1.036174517421747572e-06
2.826222454991460184e-06,1.568336210574156350e-06
3.777682677321593428e-06,7.069860829767631187e-07
3.041994064758807176e-06,2.056715818517174740e-06
4.411257383897392979e-06,1.155146859526068452e-06
3.314627126569624078e-06,1.595400293749096149e-06
4.005635777074172029e-06,1.635763524262575875e-06
3.302366696068602286e-06,2.511786601113567451e-06
4.613284092859830604e-06,1.637712236143526057e-06
4.411879859157105926e-06,2.090283514172128784e-06
3.970250811408481106e-06,2.362149697482378036e-06
3.607774040044796035e-06,2.919087522708039055e-06
3.945779659293517662e-06,3.280070677959037791e-06
4.882664459859965231e-06,2.070228424319964449e-06
4.668125232688735494e-06,2.571984998460280778e-06
4.421854917374951637e-06,3.132730462928280192e-06
4.318362633563792223e-06,3.589059142057467681e-06
5.209780640414069245e-06,2.435671476729979458e-06
5.104041634132557911e-06,3.125085011072505486e-06
4.712499482286143624e-06,3.851769702351713184e-06
5.118953883277635515e-06,4.060032909453460714e-06
5.538107295517347672e-06,4.211660294494165814e-06
5.579293275237082353e-06,3.267181111470934243e-06
5.579271240547567792e-06,2.724416256353632666e-06
5.488466290653010263e-06,3.784210047635283433e-06
5.958268654182876310e-06,4.317490183798141596e-06
6.375610533680898850e-06,4.371283947257029053e-06
5.942522567206804449e-06,3.387326582518855776e-06
5.973594312938205438e-06,2.939079601984867190e-06
6.789727904293733217e-06,4.379009633541666161e-06
6.339658320107153955e-06,3.787499686687408821e-06
6.382319750536109742e-06,3.076656178788042372e-06
6.882720857616823723e-06,3.846148934386199760e-06
7.227554608730448745e-06,4.361099687034537641e-06
6.794479788102828817e-06,3.130510131155417355e-06
7.813809986510761776e-06,4.344660455949534420e-06
7.358411039356071954e-06,3.549562973731861997e-06
7.227536519764924814e-06,3.150516758056378264e-06
8.585992594291583962e-06,4.322411314699941090e-06
8.210125496374049450e-06,3.713702187328584522e-06
7.812385352295206400e-06,3.174646381199631335e-06
9.566613845488084264e-06,4.303745335015351413e-06
9.081449904565894841e-06,3.760810304295468553e-06
8.584857150763243976e-06,3.198640610256630968e-06
1.056150628526895863e-05,4.293499240204878054e-06
1.006723263576941493e-05,3.762872422939349926e-06
9.565813092885961329e-06,3.220105102970972893e-06
1.154161976804573077e-05,4.289680360213723033e-06
1.105291592902379163e-05,3.764757526556248888e-06
1.056086397473670431e-05,3.234084578363554425e-06
1.251607833289397898e-05,4.289663411303017703e-06
1.202902980430632232e-05,3.766621737094839780e-06
1.154111008558587699e-05,3.241679193768028952e-06
1.348989358287786242e-05,4.290892514057569889e-06
1.300270510013159537e-05,3.768498240283733985e-06
1.251551474031211763e-05,3.245485416330207034e-06
1.446337166662946471e-05,4.291620743606423166e-06
1.397664368336281079e-05,3.770277335349338599e-06
1.348938833749088811e-05,3.247908586744837446e-06
1.543376975475460949e-05,4.291070324370126094e-06
1.494904324715565692e-05,3.771913574382461368e-06
1.446283258419764865e-05,3.250615723782200433e-06
1.639875662010374988e-05,4.289339444800119281e-06
1.591709298780360441e-05,3.773296801894585041e-06
1.543329295231399422e-05,3.254207594048356186e-06
1.735860677913912288e-05,4.288369194124768959e-06
1.687914945532803578e-05,3.774409759942757576e-06
1.639835732197001796e-05,3.258469503798119155e-06
1.940842100464266161e-05,4.232063145247749652e-06
1.927253337486865332e-05,4.288358363780617244e-06
1.778744892746200170e-05,3.775240530260227724e-06
1.831571651521114638e-05,4.288385611048237569e-06
1.735835070462083662e-05,3.261360594432832790e-06
1.946470829974383373e-05,4.096164831486793079e-06
1.914321210594594535e-05,3.775867946928456221e-06
1.831562165620864732e-05,3.262798425970853519e-06
1.946475677369437831e-05,3.455555298460258484e-06
1.927254763571383683e-05,3.263300154148768719e-06
1.940846223130568876e-05,3.319615846941882044e-06
