Size 192,2
6.658984232940770359e-05,-8.979147693467991878e-06
6.686605312458861064e-05,-8.312408227407797778e-06
6.686617222157855756e-05,-5.169257705822395293e-06
6.658997583657629438e-05,-4.502520939030728157e-06
6.592303867602196507e-05,-9.255307769921717375e-06
6.467236780502651401e-05,-6.740845876094850626e-06
6.592318909041350555e-05,-4.226360906079017327e-06
6.122800388687846685e-05,-9.254503037213607287e-06
6.122817484766987528e-05,-4.227066532344555935e-06
5.863659204568318897e-05,-6.740695063553739411e-06
5.653568028475561085e-05,-9.250923142247341355e-06
5.653573257953697689e-05,-4.230208312473849968e-06
5.419164834588737715e-05,-6.740521604942368310e-06
5.185256601954648384e-05,-9.243148007205864413e-06
5.185222929824887000e-05,-4.237553393048829448e-06
4.951554871245262749e-05,-6.740096925779487812e-06
4.718768123539730368e-05,-9.228989015891726354e-06
4.718713271940606999e-05,-4.250571374943162861e-06
4.486384955209070450e-05,-6.739489642102398585e-06
4.255434859032952759e-05,-9.206913858315323235e-06
4.255338873962764357e-05,-4.271070678591667979e-06
4.025108945889619431e-05,-6.738665979135549731e-06
3.796830038563725544e-05,-9.175470193103511923e-06
3.796714122430097524e-05,-4.300827110069333727e-06
3.569458265009879617e-05,-6.737666728273018515e-06
3.344830458865074462e-05,-9.132477569679247226e-06
3.344727418749407981e-05,-4.341805336866483750e-06
3.121495102667747658e-05,-6.736360406172270561e-06
2.901711006378416378e-05,-9.075572329812925341e-06
2.901680918012398996e-05,-4.396072991173829902e-06
2.683781711939366353e-05,-6.734844844198007421e-06
2.470331899613448698e-05,-9.002445840676166747e-06
2.470360854726947155e-05,-4.465917246533533321e-06
2.259343274830883855e-05,-6.733072756625934290e-06
2.053828647269763708e-05,-8.911414646592967010e-06
2.053825389005364320e-05,-4.553223274186674437e-06
1.859354742636856164e-05,-6.730373919546216730e-06
1.671095144980772482e-05,-8.804862703096896429e-06
1.671015470891445946e-05,-4.659530821312836288e-06
1.531673395841084653e-05,-6.885006480043327368e-06
1.395543186437442732e-05,-8.705277726160734022e-06
1.395213380788008600e-05,-4.758869119553953383e-06
1.204387140669192156e-05,-8.618025616868495991e-06
1.238986407423226625e-05,-7.382540872184844689e-06
1.203863493689955992e-05,-4.822538321754375570e-06
1.070075504333911448e-05,-4.891327273618213998e-06
-1.344057722740262249e-06,-9.208178382347765178e-07
-1.370421669220571593e-06,-8.571324989846442047e-07
-1.370224570072498401e-06,-6.212404777291330080e-07
-1.344074034279147768e-06,-5.590174211479720509e-07
1.069538476255287165e-05,-8.556199704636329383e-06
9.526224283114173740e-06,-8.433118982369662355e-06
1.040678318888535064e-05,-6.269348497104680044e-06
9.503526659388888896e-06,-4.861887872740533839e-06
-1.280735904821378950e-06,-9.473344036433757176e-07
-1.217580308702897301e-06,-6.887503203735398020e-07
-1.281758211498237994e-06,-5.333433126667855341e-07
9.138619517007289160e-06,-7.315280747635477799e-06
8.405478362361915471e-06,-8.167472118182994711e-06
7.361784520594447021e-06,-7.801964319311975642e-06
8.786900855705076074e-06,-5.831427530158388702e-06
8.401688509746274241e-06,-4.656783955771074804e-06
-8.532391080132373542e-07,-9.572214593239121121e-07
-8.538917403427954948e-07,-5.284267370490006407e-07
-6.318177009932015819e-07,-7.445416354064836704e-07
6.412387688888260608e-06,-7.315401808564504340e-06
7.207886317237675194e-06,-6.698049269404049932e-06
7.560265199530470400e-06,-5.362319806399422993e-06
7.408485951402917325e-06,-4.298086158946009973e-06
-3.904671283387020450e-07,-1.001484230112699041e-06
-3.916107744356663665e-07,-4.914902521224403893e-07
-1.164111744833712414e-07,-7.485545433194050915e-07
5.547215497451821570e-06,-6.754357907188458012e-06
4.798972860786107075e-06,-6.130167160626986144e-06
6.348398419444010805e-06,-5.164645791182158934e-06
6.546294577026565100e-06,-3.797434848707798989e-06
2.001050919107519173e-07,-1.093647703968830073e-06
1.988619873159172199e-07,-4.078254157577027985e-07
4.990406893813891111e-06,-5.216158276214667772e-06
4.166787732299199601e-06,-5.436571900850448071e-06
5.298490373129617941e-06,-4.237388301555879869e-06
5.829730548365474091e-06,-3.210531736975521004e-06
5.483377140520404514e-07,-7.529386933567553364e-07
9.651525089084629286e-07,-1.225310476658246282e-06
9.628542547730784961e-07,-2.837188466867624004e-07
3.625228427410116335e-06,-4.709175613236227431e-06
3.215914030694009944e-06,-3.988761737366620680e-06
2.922846828304819026e-06,-3.245818173005973356e-06
4.678014837165696872e-06,-3.394304108559193708e-06
5.265733165373412956e-06,-2.577559889205384077e-06
1.298862483357941862e-06,-7.585445871100624863e-07
1.710718553619205067e-06,-1.353617943715382451e-06
1.710402940524772103e-06,-1.551075700799421393e-07
3.615034476036848292e-06,-3.234940185176379064e-06
2.714703963063602121e-06,-2.516962832482492476e-06
2.370768453065292733e-06,-1.460790501340904937e-06
2.550469436353702390e-06,-1.572192274874113320e-06
2.631172265955478555e-06,-1.807113677406956752e-06
4.255453081299310644e-06,-2.488014986129722339e-06
4.840479014041039561e-06,-1.933322974937328239e-06
2.079077956369626758e-06,-8.498111969352945827e-07
2.412686636634995203e-06,-5.931575537880607563e-08
3.198503758872834240e-06,-2.010934552875833831e-06
2.582722817290084574e-06,-1.140620616018847082e-06
2.797711525976911582e-06,-1.493871521777452930e-06
3.971456561031030503e-06,-1.737038756547862852e-06
4.559949191494522811e-06,-1.313648628881363629e-06
2.629878549727842725e-06,-4.578822676033556892e-07
2.628142531024829603e-06,4.068204022039769439e-08
3.358358633095023625e-06,-9.676568601378292696e-07
4.443144252665367124e-06,-7.225754066611971087e-07
4.426121354068326785e-06,-1.750651127810039982e-07
3.051291385300729197e-06,-8.316592730336244621e-08
2.760768073286860852e-06,2.421334558744844359e-07
2.935435862120812896e-06,7.723891042838598803e-07
3.898939543403691702e-06,-8.632190162824520571e-08
3.168426324598368859e-06,1.244597229391333372e-06
4.522301130945012172e-06,3.631937365773775317e-07
3.430520407536671642e-06,8.040341313855142185e-07
4.115641296477186932e-06,8.413586981559255305e-07
3.433599716614077569e-06,1.677239676158616599e-06
4.698262906693399267e-06,8.414215510795039298e-07
4.499196617328515758e-06,1.278365043703952826e-06
4.080009325306336828e-06,1.537125629698022250e-06
3.737271019079972825e-06,2.052415219559920409e-06
4.059292288686940560e-06,2.375317401556417067e-06
4.932726728272739297e-06,1.261208330273267896e-06
4.732288074321342417e-06,1.728576797789939180e-06
4.504194947802892783e-06,2.239478856132064579e-06
4.409253564485118616e-06,2.643557512609454622e-06
5.217664176208026737e-06,1.607184864290870887e-06
5.120064288020789107e-06,2.227586744660893485e-06
4.768292901316167884e-06,2.867616399805971078e-06
5.128112100036903035e-06,3.038270361876269289e-06
5.493710154878284023e-06,3.155133600269281931e-06
5.533221306537598065e-06,2.351028875879275096e-06
5.535620315043539285e-06,1.873719507526459866e-06
5.454771127317195878e-06,2.796451674895461700e-06
5.850619062228213811e-06,3.234118694433733734e-06
6.197653341419687053e-06,3.267485477675076996e-06
5.842155773090339581e-06,2.454758460082453858e-06
5.868063098674666354e-06,2.071193424229024195e-06
6.537341918942874601e-06,3.263611692497125367e-06
6.173868386244387398e-06,2.788925279270372494e-06
6.207486472338538231e-06,2.199221385709251197e-06
6.614927723170834535e-06,2.833511113775171976e-06
6.886730875064728502e-06,3.237248794746301115e-06
6.545182563294352408e-06,2.251618883355083583e-06
7.345436343859146602e-06,3.211596273456204976e-06
6.994747806663052427e-06,2.596014027638696684e-06
6.888348625649666084e-06,2.277798337790285370e-06
7.926577581813153684e-06,3.174816332684361148e-06
7.649499151846975538e-06,2.724350581106799740e-06
7.345054874269059786e-06,2.310423538636467314e-06
8.629754509506488424e-06,3.137652446538980743e-06
8.288563286026728709e-06,2.758674004212682864e-06
7.926632471430449648e-06,2.345008957290909423e-06
9.304261804161623146e-06,3.107076230082591465e-06
8.976324393397116792e-06,2.758760299635157225e-06
8.629968103448090996e-06,2.380346962708963395e-06
9.927403401369491837e-06,3.081055437046071869e-06
9.623933915671304719e-06,2.758464413545420939e-06
9.304434247841338818e-06,2.410299816840976448e-06
1.050692688195757809e-05,3.060025056538856710e-06
1.022365336808591061e-05,2.758226157980796422e-06
9.927404492138558296e-06,2.435728569046050227e-06
1.105240069363711798e-05,3.044436253482465867e-06
1.078441368447726888e-05,2.758151150164272459e-06
1.050672188440188400e-05,2.456359681541841538e-06
1.157363348781984452e-05,3.033366191243561264e-06
1.131635997062542206e-05,2.758170593640230344e-06
1.105226352546014448e-05,2.471871091707845375e-06
1.207828755440276459e-05,3.026030697733402828e-06
1.182816064019930267e-05,2.758135655702274343e-06
1.157356426323676275e-05,2.482914342795235735e-06
1.257294100153707173e-05,3.021838300884194440e-06
1.232679409312049376e-05,2.758017959473410239e-06
1.207829187016583845e-05,2.490111991079987516e-06
1.306271205777732415e-05,3.019560631857032469e-06
1.281838530702749990e-05,2.757784379187004405e-06
1.257300205115371919e-05,2.493930069115567565e-06
1.410616262689737496e-05,2.989362184996234581e-06
1.403700773298491818e-05,3.018013671952372386e-06
1.328133306223481201e-05,2.757551581639846661e-06
1.355025907538459148e-05,3.018306990901467645e-06
1.306267061752657235e-05,2.495747800296081483e-06
1.413480418664853788e-05,2.920195586603980111e-06
1.397118781799495573e-05,2.757204959506759413e-06
1.355028352267251519e-05,2.496417904601408298e-06
1.413472112636842983e-05,2.594249514626282943e-06
1.403694406735458249e-05,2.496477240315869775e-06
1.410608126450958872e-05,2.525114210835170525e-06
