Size 192,2
-7.966704182442349005e-05,1.167564141724567965e-05
-7.995849250743306620e-05,1.097197981236829350e-05
-7.995833604945366791e-05,7.654791362596663316e-06
-7.966686048444107182e-05,6.951079610750249876e-06
-7.896340253626828426e-05,1.196711082249005412e-05
-7.764351587365432941e-05,9.313315074344502372e-06
-7.896317552568091354e-05,6.659583232493934450e-06
-7.400884587651813539e-05,1.196700895068875934e-05
-7.400849063381345725e-05,6.659037703843952476e-06
-7.127332074403703633e-05,9.312756013858859653e-06
-6.905375109346211556e-05,1.196673939101449483e-05
-6.905332115021338782e-05,6.658110704264087629e-06
-6.657601919095476834e-05,9.312081724849017065e-06
-6.409774627366411452e-05,1.196671169315843676e-05
-6.409729559561874886e-05,6.656354549766386624e-06
-6.161900480712164080e-05,9.311192264779185389e-06
-5.913939716508913725e-05,1.196705944632473699e-05
-5.913841476796208394e-05,6.654000643505479672e-06
-5.665857548223429327e-05,9.310054434731145824e-06
-5.417771151094092415e-05,1.196600978784370782e-05
-5.417652693745038373e-05,6.652947789429529455e-06
-5.169606695878209369e-05,9.308820447204696396e-06
-4.921752037474977381e-05,1.196002848983721769e-05
-4.921669424425109441e-05,6.656843020391574160e-06
-4.674083761971261388e-05,9.307724876440287595e-06
-4.427263761397429989e-05,1.194546255568080192e-05
-4.427221379602520082e-05,6.669339588908042895e-06
-4.180979192242932461e-05,9.306824727369356342e-06
-3.936210412209818462e-05,1.192041454243634379e-05
-3.936171846834272655e-05,6.692450902166967842e-06
-3.692326746462034227e-05,9.305912489939912661e-06
-3.450692854933716319e-05,1.188405485564860838e-05
-3.450635923270460267e-05,6.726709470034219446e-06
-3.210254794370031971e-05,9.304785395548413076e-06
-2.972789698886319951e-05,1.183611808086048680e-05
-2.972732966112191926e-05,6.772471281741357397e-06
-2.746315291311682161e-05,9.303169186942691722e-06
-2.523282478527714290e-05,1.177844052912906126e-05
-2.523206458609666877e-05,6.829460169012349993e-06
-2.356956351798653349e-05,9.492322477887780161e-06
-2.190531216181246607e-05,1.172433131395514241e-05
-2.190331020562985673e-05,6.882917099814498490e-06
-1.953439199312708859e-05,1.167741941257391554e-05
-1.998341062644588595e-05,1.011717826869115669e-05
-1.953154047674506794e-05,6.916762673393752596e-06
-1.783601484532308754e-05,6.953072896174251102e-06
2.842850007231821424e-06,-6.124535073024951304e-08
2.899223041808783649e-06,-1.967007020284700081e-07
2.898950152897220626e-06,-7.017247055426790081e-07
2.842847573158135763e-06,-8.355375306909781013e-07
-1.783301358112232449e-05,1.164455598922221548e-05
-1.631667527948418668e-05,1.152840078010297496e-05
-1.748131890262770815e-05,8.714716389117444317e-06
-1.630730120608980588e-05,6.858565984869376116e-06
2.707979213802746290e-06,-5.325078197858141354e-09
2.571925716100722382e-06,-5.593788425239304345e-07
2.708960106855577121e-06,-8.915735469464757082e-07
-1.582753675496940951e-05,1.008799598279899332e-05
-1.483703739217874989e-05,1.123563993244143043e-05
-1.342090644593065298e-05,1.079051768369159917e-05
-1.537243227051387958e-05,8.125348452195160572e-06
-1.485628081337697469e-05,6.515983358722250532e-06
1.793265347928158188e-06,8.602295350961205923e-09
1.792215587841902545e-06,-9.091575396372644331e-07
1.317995381970348024e-06,-4.509225732210441334e-07
-1.208757733166605180e-05,1.018518447776974525e-05
-1.322739502107350660e-05,9.313194370556251354e-06
-1.371483919819205504e-05,7.471831100090411375e-06
-1.351595102976765154e-05,5.943438713664353204e-06
8.028895564119562629e-07,9.362307033498341849e-08
8.027248868370597893e-07,-9.962080701548436960e-07
2.157487032391588425e-07,-4.516536881623274409e-07
-1.084329068895899726e-05,9.448229341824865293e-06
-9.714067488917199142e-06,8.590636307447080142e-06
-1.201724037708128736e-05,7.186383162502097456e-06
-1.232272436473704620e-05,5.158550677661646823e-06
-4.583783569399537564e-07,2.784520861605499122e-07
-4.585775521620620012e-07,-1.182408301013570780e-06
-1.000086379490714433e-05,7.277131596596909214e-06
-8.708844638446522614e-06,7.616166249184190587e-06
-1.047828812647360283e-05,5.805213108569757167e-06
-1.130667076285020775e-05,4.205303839051473609e-06
-1.201369768105509887e-06,-4.520555615733470502e-07
-2.084858396259391982e-06,5.453298440724856287e-07
-2.083530298336697336e-06,-1.451748649056867657e-06
-7.824478167535670734e-06,6.550805460811461728e-06
-7.088189656321690323e-06,5.422329042339260255e-06
-6.497651267889470988e-06,4.225155093361180200e-06
-9.507362615390538342e-06,4.486592101165764765e-06
-1.049084135467220395e-05,3.123612191133485097e-06
-2.794760082282132857e-06,-4.494123637373851090e-07
-3.665944144050700388e-06,8.082695972171236526e-07
-3.666107200271343833e-06,-1.725807198576827657e-06
-7.732027036962171903e-06,4.224689347932977119e-06
-6.046630294168522117e-06,2.985227220612126443e-06
-5.106196000614499764e-06,1.032039562835058623e-06
-5.528608787267903497e-06,1.254347868907065773e-06
-5.757097767702889494e-06,1.706083843949585349e-06
-8.829386149516033812e-06,2.964892344957838358e-06
-9.886420301133674255e-06,1.959681034593122620e-06
-4.449141690534486820e-06,-2.649308396802438518e-07
-5.101861854891991895e-06,-1.923262190016555823e-06
-6.900836402536228371e-06,2.106214404996660893e-06
-5.552850560916405828e-06,3.651131065449758193e-07
-6.053712907905161085e-06,1.097611626086922642e-06
-8.339735103727857876e-06,1.598532755926562084e-06
-9.514749802824892948e-06,7.602171442477994657e-07
-5.573883432453357598e-06,-1.070337862265180037e-06
-5.507174897220058600e-06,-2.139802135579904642e-06
-7.156162950471857330e-06,7.439988552625533408e-08
-9.392941734585779482e-06,-4.472690978315873685e-07
-9.537511764882994217e-06,-1.647036512886391349e-06
-6.419180782494476073e-06,-1.847456433888081148e-06
-5.740416543124673615e-06,-2.609093101592070522e-06
-6.021053407407709896e-06,-3.914291101616709188e-06
-8.324675002561439540e-06,-1.792443392627847976e-06
-6.454027432206342247e-06,-5.201764603467546446e-06
-9.939410321390284547e-06,-2.865357043541885778e-06
-7.189355111871083227e-06,-3.952621700827139120e-06
-8.936233075685073371e-06,-4.052471900875206832e-06
-7.053497315988772050e-06,-6.440266746233512855e-06
-1.058430748057382804e-05,-4.054482485597753468e-06
-1.006965670085608304e-05,-5.248333034434144600e-06
-8.830122544423671478e-06,-6.005417159869170381e-06
-7.803104989170670447e-06,-7.644174542779706312e-06
-8.723668689732566012e-06,-8.783232204553711753e-06
-1.147364862620630052e-05,-5.164492287083906166e-06
-1.084426500894398158e-05,-6.614282744850599393e-06
-1.009891876241572469e-05,-8.335519819428979059e-06
-9.779975235624597453e-06,-9.841139957428351860e-06
-1.257688725978685408e-05,-6.153195603519761492e-06
-1.224750995342871561e-05,-8.330126493941961992e-06
-1.098433430220394959e-05,-1.077754414933771087e-05
-1.232903026392844659e-05,-1.159267420761184844e-05
-1.377958906996940317e-05,-1.227357428963047957e-05
-1.389236668768175833e-05,-8.803422571336655040e-06
-1.387783489877216846e-05,-6.980872100370712819e-06
-1.356242939517465985e-05,-1.064506741621228034e-05
-1.533509726492027775e-05,-1.277743795145232319e-05
-1.697048564412162927e-05,-1.311124756609757809e-05
-1.522638768673112500e-05,-9.212000999856155472e-06
-1.535437085015980106e-05,-7.587206307438263397e-06
-1.865032685396157962e-05,-1.325309664169964603e-05
-1.675960219499273419e-05,-1.074624036968884777e-05
-1.695758851329694710e-05,-7.943191438887135821e-06
-1.901767604403013147e-05,-1.100606360263114485e-05
-2.054814856442960518e-05,-1.330678840192193096e-05
-1.863551625840579318e-05,-8.043495744668549514e-06
-2.320465839703787477e-05,-1.335973517608839454e-05
-2.108591981774001986e-05,-9.714819272527357803e-06
-2.054571326363942941e-05,-7.989164582157944695e-06
-2.696129400943381499e-05,-1.343887346587851629e-05
-2.508005446518497009e-05,-1.042920977172778426e-05
-2.320658987645949758e-05,-7.919604961389393804e-06
-3.206369411920163842e-05,-1.352020020515707671e-05
-2.948946729805698843e-05,-1.064264803110811171e-05
-2.696223802063034606e-05,-7.842627651815299412e-06
-3.751093220208359029e-05,-1.358431116382046454e-05
-3.476747506993438798e-05,-1.064120258966177058e-05
-3.206401878223061628e-05,-7.762689260591359254e-06
-4.306318854839027722e-05,-1.363261492319574313e-05
-4.027178732032629248e-05,-1.064031144570221013e-05
-3.751106061018984119e-05,-7.697059930527382706e-06
-4.869262217705648500e-05,-1.366619296487377802e-05
-4.586744171885504901e-05,-1.063944192710209488e-05
-4.306346792516731344e-05,-7.646995477283322583e-06
-5.437232142379711116e-05,-1.368653465038884092e-05
-5.152626567505675721e-05,-1.063853785496459706e-05
-4.869302472588551972e-05,-7.611786172399604667e-06
-6.008023019280630481e-05,-1.369720484351982815e-05
-5.722321054465135873e-05,-1.063754240909896416e-05
-5.437283524899979334e-05,-7.589505311334736649e-06
-6.580179274657963276e-05,-1.370209053285913665e-05
-6.293957059979122723e-05,-1.063665858738174924e-05
-6.008058414140332609e-05,-7.577111449998694382e-06
-7.152983777411536586e-05,-1.370399285080237028e-05
-6.866513782723086411e-05,-1.063576262200449947e-05
-6.580199834881120247e-05,-7.570399802299313805e-06
-7.726123055154050974e-05,-1.370457914147435335e-05
-7.439519709405958742e-05,-1.063489091967416222e-05
-7.152998042324654779e-05,-7.566670198874709334e-06
-8.954246253525566549e-05,-1.336719898451460324e-05
-8.872812428773835334e-05,-1.370450810562455879e-05
-7.982930326860784213e-05,-1.063408775724317037e-05
-8.299441779631917305e-05,-1.370465530750358822e-05
-7.726148907003466484e-05,-7.564188298562971177e-06
-8.987977400916922837e-05,-1.255286528739265196e-05
-8.795288285120708520e-05,-1.063352185059658244e-05
-8.299461063448924719e-05,-7.562961204160196516e-06
-8.987981788981162063e-05,-8.714139434108036334e-06
-8.872822121271644734e-05,-7.562562686286751761e-06
-8.954252287940083291e-05,-7.899849068283563611e-06
