Size 192,2
-6.552084103557654596e-05,9.631006121291802279e-06
-6.575764460601247574e-05,9.059331563048014126e-06
-6.575796562872671938e-05,6.364553809893256870e-06
-6.552120927214397799e-05,5.792920799889119269e-06
-6.494916462861094605e-05,9.867803299955363373e-06
-6.387730135840833257e-05,7.712000475613944885e-06
-6.494960291560140052e-05,5.556140989350177372e-06
-6.092438232415110609e-05,9.867930022021256987e-06
-6.092497531013112735e-05,5.555988748730399145e-06
-5.870229335898107697e-05,7.711782870746995306e-06
-5.689854909988971269e-05,9.867980978820721177e-06
-5.689916435657419314e-05,5.555420200422679396e-06
-5.488564871762233855e-05,7.711777556130179555e-06
-5.287253076754949081e-05,9.867226356266161095e-06
-5.287271608598783366e-05,5.556071109854921538e-06
-5.086009300929188908e-05,7.711470410830315703e-06
-4.884851162573415319e-05,9.864295784606471037e-06
-4.884886094182934739e-05,5.558514365394342681e-06
-4.683891529288977397e-05,7.711118412850877671e-06
-4.483168110171698256e-05,9.858335853061928752e-06
-4.483233187211733246e-05,5.563904838227107506e-06
-4.282796755926757804e-05,7.710880220665365531e-06
-4.082927467621068904e-05,9.848190600189486984e-06
-4.083016883666260087e-05,5.573464907901948581e-06
-3.883547553979544499e-05,7.710791897942935368e-06
-3.684940588137746370e-05,9.834446270188010553e-06
-3.685007723665920825e-05,5.586812873330010842e-06
-3.486845961283758133e-05,7.710836344908471269e-06
-3.289751236390762860e-05,9.817924701260478067e-06
-3.289777147385844979e-05,5.603226379654906461e-06
-3.093197805323035692e-05,7.710803053916483611e-06
-2.897918683098720267e-05,9.797638672227489866e-06
-2.897879919948847502e-05,5.623442546612504968e-06
-2.703239371426392743e-05,7.710577141152151159e-06
-2.510208307839908084e-05,9.771847443381065325e-06
-2.510130629830537941e-05,5.649141742288633100e-06
-2.325690293938523716e-05,7.710023178444253418e-06
-2.143137278729056108e-05,9.740141499048709487e-06
-2.143039098968163713e-05,5.681384965189090709e-06
-2.006724006503178055e-05,7.866378753251701859e-06
-1.869385517579736589e-05,9.709528516049621368e-06
-1.869262641343564214e-05,5.711762970493869576e-06
-1.673062982727026391e-05,9.682167580586553321e-06
-1.710610785509057642e-05,8.385371327722529342e-06
-1.672886843941986026e-05,5.731289511771481252e-06
-1.531781635561547473e-05,5.752421325623580929e-06
2.476690158345903713e-06,-3.123556160474688956e-07
2.526107589439859281e-06,-4.309871802124439209e-07
2.525966692399740600e-06,-8.737517773290641336e-07
2.476771919545128424e-06,-9.911657990922682072e-07
-1.531622308755840265e-05,9.662611284729986008e-06
-1.404831948845938006e-05,9.572472307060189166e-06
-1.502575255955692898e-05,7.220232516313035137e-06
-1.404328567278909545e-05,5.664192553336649330e-06
2.358532145381385038e-06,-2.634414153919271537e-07
2.239135038833482668e-06,-7.491849036075245747e-07
2.359308652784443197e-06,-1.040426587778920501e-06
-1.364142037899785433e-05,8.370123383207933387e-06
-1.280736561673672827e-05,9.335545965794508859e-06
-1.161375198864659826e-05,8.967172489668672302e-06
-1.326048372864305193e-05,6.724254329414712377e-06
-1.282566624259967055e-05,5.366234970834297786e-06
1.556521007679779851e-06,-2.521412712780524729e-07
1.555312834283027938e-06,-1.056357277811338859e-06
1.139941626603185183e-06,-6.552272944386759307e-07
-1.048454092281434611e-05,8.463988825880790806e-06
-1.145238014085744488e-05,7.725454033522158960e-06
-1.186356073456566245e-05,6.170849787625018557e-06
-1.169577175742225677e-05,4.872909133272202887e-06
6.891493352221308137e-07,-1.793214168765946834e-07
6.889097755704172625e-07,-1.132376785532320731e-06
1.758912941785938307e-07,-6.563923280705957403e-07
-9.426953964671845349e-06,7.845171854458222424e-06
-8.462115596835460021e-06,7.120429547756099063e-06
-1.042542500600520801e-05,5.927373524815656606e-06
-1.068555522259273016e-05,4.199487068593189327e-06
-4.127978572805782864e-07,-1.924203471318545153e-08
-4.130921278631688603e-07,-1.294433112080034969e-06
-8.706394212240507331e-06,6.005003308595172604e-06
-7.599587590979391299e-06,6.294596800471851651e-06
-9.114018525584274510e-06,4.749155141441795445e-06
-9.822173335176751318e-06,3.379853859753660743e-06
-1.061251070244828171e-06,-6.570316452710336416e-07
-1.831667593712796694e-06,2.124195079239794623e-07
-1.830567974999960268e-06,-1.528612242362462346e-06
-6.839061792138468479e-06,5.386921529521982889e-06
-6.201844670036712214e-06,4.420195628998317549e-06
-5.688048675443398104e-06,3.392779220938076654e-06
-8.281488413025286935e-06,3.619360277801807983e-06
-9.126850281425816358e-06,2.447113705754813393e-06
-2.450682195532339025e-06,-6.549071465305052609e-07
-3.209905594564751310e-06,4.408741243177031401e-07
-3.209926715420430302e-06,-1.766574164192195838e-06
-6.754081756075295032e-06,3.393491893276432504e-06
-5.294334758038077045e-06,2.324765441544664271e-06
-4.466324509611505892e-06,6.352881538537139096e-07
-4.835956081133141064e-06,8.282318620644856011e-07
-5.037364290658477585e-06,1.219700430807954891e-06
-7.698793770067815937e-06,2.309366798526299598e-06
-8.611688098809376282e-06,1.440688932151220695e-06
-3.892484463992441897e-06,-4.943049007163662164e-07
-4.458713809689633672e-06,-1.937309812040726702e-06
-6.031330128379651374e-06,1.566944018554463100e-06
-4.855269331622611297e-06,5.490967548514293702e-08
-5.293354651056114171e-06,6.920759658739015353e-07
-7.276226358953222931e-06,1.127964295438373444e-06
-8.296036721757228365e-06,4.005528685327330584e-07
-4.870359377038123590e-06,-1.194260095604990664e-06
-4.809705219175398780e-06,-2.125547626737665736e-06
-6.249753792898888259e-06,-1.950714529561505757e-07
-8.194133902531264551e-06,-6.487645579138109145e-07
-8.326208277040855217e-06,-1.694182018676765993e-06
-5.604186782803383828e-06,-1.869614129346899769e-06
-5.010788957540102108e-06,-2.535116856594960001e-06
-5.251001946746796195e-06,-3.677351781493399272e-06
-7.266983956861333276e-06,-1.819271657056679302e-06
-5.624552132578841042e-06,-4.809427818984805364e-06
-8.683348599948147661e-06,-2.756721276200174533e-06
-6.272259654059366461e-06,-3.709254200634001289e-06
-7.804397863621719385e-06,-3.796339456043347710e-06
-6.146735059449978807e-06,-5.900395658646743960e-06
-9.255887454160184296e-06,-3.797696121491343785e-06
-8.803993203506772105e-06,-4.847349168165840373e-06
-7.709785877250653757e-06,-5.515550730355879166e-06
-6.802576186178825284e-06,-6.966177311888982962e-06
-7.613118808537382734e-06,-7.978098045758234572e-06
-1.004739191376930447e-05,-4.771536246182747733e-06
-9.490084462071179310e-06,-6.053338570463131431e-06
-8.828838180267611669e-06,-7.580895712084283409e-06
-8.545581833482003708e-06,-8.922670730167045537e-06
-1.103091214318297714e-05,-5.641449321853626649e-06
-1.073772669702194862e-05,-7.576552743848228755e-06
-9.613301894875346106e-06,-9.760703464009691180e-06
-1.081112071361633229e-05,-1.049406525835301708e-05
-1.210708417531311205e-05,-1.111153699422889836e-05
-1.220688544737519516e-05,-7.998170453429767789e-06
-1.219379047117274548e-05,-6.372122003658351944e-06
-1.191069634684280226e-05,-9.647392626072976430e-06
-1.350186514483258769e-05,-1.157022074998706060e-05
-1.497451656343078444e-05,-1.187874088270766908e-05
-1.340233380635159026e-05,-8.362533632158430743e-06
-1.351849761106105006e-05,-6.906056837936335481e-06
-1.649022164663354513e-05,-1.201427854208050771e-05
-1.478034458927107557e-05,-9.742713325788234321e-06
-1.496112163195824838e-05,-7.215830504558063552e-06
-1.682090104180169554e-05,-9.978629164051590206e-06
-1.821136509818508523e-05,-1.207281283636879077e-05
-1.647491529083541144e-05,-7.298570913644324129e-06
-2.062973734994074686e-05,-1.213176128209986729e-05
-1.869645446936938976e-05,-8.805606298027250531e-06
-1.820876680753042519e-05,-7.239497381342755717e-06
-2.407427432153313733e-05,-1.222254031801743046e-05
-2.234369503311424201e-05,-9.454615297153925348e-06
-2.063182093288148738e-05,-7.161751094915979339e-06
-2.879096268308595476e-05,-1.231839914395509365e-05
-2.640522178205658230e-05,-9.649780716054735539e-06
-2.407526030028454389e-05,-7.072694269665365053e-06
-3.386157736059711626e-05,-1.239531612645512265e-05
-3.130250234744235690e-05,-9.648262836394713002e-06
-2.879131493332216031e-05,-6.978603455076541200e-06
-3.905839891289082937e-05,-1.245539353327784750e-05
-3.644126770959894721e-05,-9.647608425942163357e-06
-3.386159330116656445e-05,-6.900367811428324499e-06
-4.435319353894904117e-05,-1.250140072607807585e-05
-4.169163593442797190e-05,-9.647167936390606158e-06
-3.905865086024218466e-05,-6.839238589902202532e-06
-4.972244758232690324e-05,-1.253661056025444419e-05
-4.702703573156012153e-05,-9.646914349631916414e-06
-4.435347595830504963e-05,-6.792563655529111798e-06
-5.514815566652863906e-05,-1.256309199204465114e-05
-5.242715806828361207e-05,-9.646922597735046336e-06
-4.972264821599521275e-05,-6.757211892182341434e-06
-6.061513677294471709e-05,-1.258181546404522960e-05
-5.787583231943452868e-05,-9.646984174437598083e-06
-5.514815256498281090e-05,-6.730855559719787050e-06
-6.610992065053612667e-05,-1.259359321437656984e-05
-6.335889632709322094e-05,-9.646961976878674130e-06
-6.061506665926511830e-05,-6.712162170116101611e-06
-7.162033703879564438e-05,-1.259970775484950269e-05
-6.886336817639459890e-05,-9.646916759739039037e-06
-6.610987914779216325e-05,-6.700278706609281472e-06
-8.343988185826894282e-05,-1.227777537027096395e-05
-8.265614701101122320e-05,-1.260239916508032675e-05
-7.409119298662241620e-05,-9.646863122088575687e-06
-7.713760621523929281e-05,-1.260208905825508982e-05
-7.162044402888148901e-05,-6.694021909569069291e-06
-8.376451917165920178e-05,-1.149405854594953205e-05
-8.190996280728788065e-05,-9.646805586109746087e-06
-7.713769800126940384e-05,-6.691665224815009892e-06
-8.376460213828425413e-05,-7.799494661217041646e-06
-8.265624883275705514e-05,-6.691164595123527885e-06
-8.343997348548469950e-05,-7.015783625960876738e-06
