Size 192,2
4.847254954849076520e-05,-5.185819344495229082e-06
4.868616172789102235e-05,-4.670213028037781925e-06
4.868623318866132727e-05,-2.239358864322471761e-06
4.847263253351731695e-05,-1.723772980067063986e-06
4.795686931494632825e-05,-5.399376163084393661e-06
4.698944746246639227e-05,-3.454810800223693508e-06
4.795697237775847159e-05,-1.510227522344726371e-06
4.432550417259050363e-05,-5.398419485752875190e-06
4.432577291056468576e-05,-1.511486487534616127e-06
4.232202914862663340e-05,-3.455085649158849697e-06
4.069844995064536200e-05,-5.393918059251346553e-06
4.069884971365124985e-05,-1.516640970926710351e-06
3.888857814051692360e-05,-3.455606657658894126e-06
3.708466474343702552e-05,-5.384544191206658856e-06
3.708488199192706998e-05,-1.527405705813032649e-06
3.528441315609907105e-05,-3.456405343937094215e-06
3.349462840320897329e-05,-5.369332177656889860e-06
3.349461928172908895e-05,-1.544375882968237598e-06
3.170992989493249652e-05,-3.457347024103198924e-06
2.994037074352678499e-05,-5.347204235820317986e-06
2.994041128259836244e-05,-1.568507659909825021e-06
2.817819396921760053e-05,-3.458381842632776162e-06
2.643567668674137356e-05,-5.317273634222755868e-06
2.643575267860370906e-05,-1.600535434213211498e-06
2.470344806053554668e-05,-3.459485461533482701e-06
2.299605553191655708e-05,-5.278475133433261431e-06
2.299627467736916565e-05,-1.641726373871915966e-06
2.130228121836440840e-05,-3.460769240573040005e-06
1.963989086340082974e-05,-5.228748819643789691e-06
1.964026292070918933e-05,-1.694392379808685457e-06
1.799507477660710310e-05,-3.462285120926822281e-06
1.639010243495060489e-05,-5.165318310704363002e-06
1.639091681991161262e-05,-1.761264872349982606e-06
1.480783474693541868e-05,-3.464064109170773423e-06
1.327529264165415726e-05,-5.084732776273623924e-06
1.327616725667161990e-05,-1.845959159994823640e-06
1.183076035291771154e-05,-3.465483392161315310e-06
1.044488462220436031e-05,-4.986614282136212815e-06
1.044509695948477372e-05,-1.952466581029525608e-06
9.423138533004843709e-06,-3.580485073769854504e-06
8.440858517552617127e-06,-4.891089046618411057e-06
8.438765950189514237e-06,-2.055048893070317740e-06
7.076973965601697125e-06,-4.804944019476839797e-06
7.315573259949947004e-06,-3.935555679908223362e-06
7.073131830916503773e-06,-2.122627899206467561e-06
6.135561600009129961e-06,-2.195168900883100049e-06
-6.177817115921257700e-07,-1.184013665734340328e-07
-6.292029144788004399e-07,-9.093973153166872008e-08
-6.291109298797177070e-07,1.125240736510115361e-08
-6.177446272714404171e-07,3.828981250715941582e-08
6.128028424540968824e-06,-4.743578657368406573e-06
5.323986162423306162e-06,-4.641593034851754827e-06
5.921051548943362558e-06,-3.154512622510810714e-06
5.302176359571832931e-06,-2.201232605050149642e-06
-5.904423028764693780e-07,-1.297607685149028039e-07
-5.629985474406313787e-07,-1.766226972570900294e-08
-5.906646438825530398e-07,4.956891122718725970e-08
5.052095672602234343e-06,-3.869198447599045552e-06
4.564323452396380522e-06,-4.438324392951815897e-06
3.873687358339958320e-06,-4.177277901050692378e-06
4.811523385048999193e-06,-2.865111118645850542e-06
4.555335315636478051e-06,-2.094275471804876613e-06
-4.056466827586880632e-07,-1.328105527338705896e-07
-4.054810056671645426e-07,5.301116808449656373e-08
-3.098232607258797845e-07,-3.980449265688428938e-08
3.262112057691750291e-06,-3.835205504514845887e-06
3.766395026738240472e-06,-3.438244297797131303e-06
3.997919850656631892e-06,-2.564007776981612692e-06
3.896708568513445171e-06,-1.891942295808728264e-06
-2.054024893019038528e-07,-1.511850334043585479e-07
-2.053421580348988997e-07,7.180204055685212152e-08
-8.530228082185510635e-08,-3.950315992513749218e-08
2.716400662376083069e-06,-3.457400007509931888e-06
2.262801987171361404e-06,-3.051129352520638182e-06
3.216936209166285291e-06,-2.443052211677994317e-06
3.337513742701720529e-06,-1.600702302489705606e-06
5.409384146258223547e-08,-1.919768922258147530e-07
5.432252327583289736e-08,1.136345733363473578e-07
2.380655524760908702e-06,-2.473878220478303752e-06
1.894251140247756519e-06,-2.607121885153479905e-06
2.566135220651751354e-06,-1.876839769850369965e-06
2.883419064464679218e-06,-1.268096395443225374e-06
2.099168710616260623e-07,-3.885242219485061706e-08
3.974640759381430128e-07,-2.514559864239074859e-07
3.972225783365186599e-07,1.753589970592367110e-07
1.585442695797885207e-06,-2.157440843282000047e-06
1.370572861573625084e-06,-1.733512393295758456e-06
1.231864113460167548e-06,-1.304821366931926810e-06
2.201034267941362007e-06,-1.381458927700042882e-06
2.533139737262458647e-06,-9.224605041111992709e-07
5.489151353526267002e-07,-3.909848004668889074e-08
7.366247744274813762e-07,-3.099176231644086899e-07
7.377146179107966601e-07,2.392583521530919843e-07
1.601835032240447541e-06,-1.293537489632808704e-06
1.140623665390250008e-06,-9.027320793718970767e-07
1.030544397878545886e-06,-3.582510921722720084e-07
1.104221826215543763e-06,-4.116402788269992430e-07
1.128561733022237661e-06,-5.284241471002202217e-07
1.957757065446431808e-06,-8.770313382566144502e-07
2.268833342215734442e-06,-5.853985424487486779e-07
9.050590071845406102e-07,-7.956394831724729018e-08
1.070231850261934202e-06,2.885031300465851654e-07
1.401557907666563197e-06,-6.276106283185290110e-07
1.128649267614578281e-06,-2.087433458219168976e-07
1.217643050067669557e-06,-3.733935732751929854e-07
1.802883737091435842e-06,-4.852383610482463148e-07
2.090729262089504917e-06,-2.786680020866015997e-07
1.167409660909104084e-06,1.075339947977437890e-07
1.179728770166006468e-06,3.349222991691573622e-07
1.495528157652884403e-06,-1.118503166507563622e-07
2.011069514418429040e-06,1.389759222425448038e-09
1.966996137668314753e-06,2.453805559770791258e-07
1.372310123401938475e-06,2.847807525821796822e-07
1.250815221821926469e-06,4.206479453862252209e-07
1.349871492827573757e-06,6.306526652249400597e-07
1.742387249245557022e-06,2.946091499652234769e-07
1.470535368378957369e-06,7.918061585647554924e-07
1.972262944346564793e-06,4.788503948473499787e-07
1.555491217750501031e-06,6.513065592343507083e-07
1.812924972847654240e-06,6.650781507482220372e-07
1.586523281238070083e-06,9.275187100124563762e-07
1.999305200371908324e-06,6.651994700053685848e-07
1.926188626163780078e-06,8.136867061739761117e-07
1.803632378061223656e-06,8.908776298991990290e-07
1.706456533954875136e-06,1.018068365066233697e-06
1.808230475521665585e-06,1.074663796678525505e-06
2.028472274581520036e-06,8.159549209872371799e-07
1.977764520477069689e-06,9.391308273941961650e-07
1.926508476238057274e-06,1.044743222838662155e-06
1.907081232056914073e-06,1.097452421704433009e-06
2.058563663989178289e-06,9.256865415799187501e-07
2.039505819395346862e-06,1.035832168502516809e-06
1.983692139932533856e-06,1.105097390717526769e-06
2.031077995462745778e-06,1.088460278780810796e-06
2.060048889262205369e-06,1.048604823113096929e-06
2.072111690348578073e-06,1.049869111164334948e-06
2.076524117907969418e-06,9.970218334814201179e-07
2.070785064320442481e-06,1.067394256297885034e-06
2.058050226429252483e-06,1.011053060817306458e-06
2.026646520540036002e-06,9.656973521011254119e-07
2.073683520566164956e-06,1.059346173569659364e-06
2.069137823836193786e-06,1.052850993256887633e-06
1.977945761938605708e-06,9.267444515150796218e-07
2.052283428270871659e-06,1.037606363854409890e-06
2.039008532569657517e-06,1.099594672353819607e-06
1.970994052757148223e-06,1.021890680776481858e-06
1.885376698669913433e-06,8.831818785492128619e-07
1.989184136699141839e-06,1.130988887024325176e-06
1.720693130299834797e-06,8.384760997725594930e-07
1.869554833557929185e-06,1.088389036987170172e-06
1.887533386828752827e-06,1.174245682675354221e-06
1.400822611722518430e-06,7.664335006138294827e-07
1.579929787490756128e-06,1.049432411960859569e-06
1.719147026772743602e-06,1.232658236833581834e-06
8.368349052729982573e-07,6.834221152010093461e-07
1.142728523828488542e-06,1.033021475586766588e-06
1.400009345751010176e-06,1.303112337307564897e-06
1.049747333703501176e-07,6.084418741045205132e-07
4.943126626997604458e-07,1.033998481406078888e-06
8.364948633627651065e-07,1.384412513568908836e-06
-7.583332749377657465e-07,5.439710793917804947e-07
-3.062650916964985520e-07,1.034302196928612294e-06
1.049024582403418424e-07,1.459937116907864262e-06
-1.731501996293479235e-06,4.915148692043437527e-07
-1.228500165861960883e-06,1.034403986031973010e-06
-7.583830995786857203e-07,1.524780105076514534e-06
-2.790977944874189328e-06,4.505334730678490301e-07
-2.248527157085756886e-06,1.034298231944358336e-06
-1.731455064642942379e-06,1.577203631721651588e-06
-3.916117530712040814e-06,4.195682871490081013e-07
-3.343994538436966476e-06,1.034105760854959176e-06
-2.790916772969181553e-06,1.617891916087091616e-06
-5.089668096332874679e-06,3.973817214335538387e-07
-4.496019325982419658e-06,1.033822567678493690e-06
-3.916016816437386089e-06,1.648363796699947506e-06
-6.295765467769875996e-06,3.835749914375743476e-07
-5.688536463166717752e-06,1.033568293396471782e-06
-5.089594451165423664e-06,1.670001474224873217e-06
-7.519030565222715609e-06,3.769272948980389473e-07
-6.905566821335810689e-06,1.033291183972281605e-06
-6.295670146729611781e-06,1.683288862520655782e-06
-1.015079771707635955e-05,4.471618291519813806e-07
-9.976395327838662131e-06,3.749152419335580708e-07
-8.069210518030213669e-06,1.033030312415424503e-06
-8.748054516914355877e-06,3.750854210792990841e-07
-7.518946430351377423e-06,1.689377971755402090e-06
-1.022303621930739121e-05,6.215751237414896527e-07
-9.810310144727244983e-06,1.032708581146523758e-06
-8.747964961946891555e-06,1.690679462456102469e-06
-1.022302371157346283e-05,1.443820943750089709e-06
-9.976356027416106358e-06,1.690518434477939092e-06
-1.015077741571372796e-05,1.618258737827195605e-06
