Size 192,2
-1.970614522745705976e-06,1.579655618228567643e-06
-1.954042407862484141e-06,1.619688422003895147e-06
-1.954097683394694716e-06,1.808304648726586807e-06
-1.970672904720072876e-06,1.848322512945912268e-06
-2.010629867396748849e-06,1.563068913155605571e-06
-2.085719441746811058e-06,1.714013767157024966e-06
-2.010685374632903192e-06,1.864902232851920513e-06
-2.292654363968098761e-06,1.562926931241760214e-06
-2.292668697295161270e-06,1.864991638245016442e-06
-2.448662225891267161e-06,1.713829778349702029e-06
-2.575083999650276724e-06,1.563255648303108807e-06
-2.575067503002866873e-06,1.864173828128641235e-06
-2.716036655316730186e-06,1.713529764445521287e-06
-2.855373088005646755e-06,1.565806502360866509e-06
-2.855532039874803226e-06,1.861142421380215192e-06
-2.993543337789070256e-06,1.713226837108427639e-06
-3.127611774867839109e-06,1.571625800778341232e-06
-3.127859210532917764e-06,1.854637868791225267e-06
-3.259387101087501664e-06,1.712882673026727150e-06
-3.385063170635239151e-06,1.580571393399842163e-06
-3.385246416747132642e-06,1.844885811037123121e-06
-3.507698782673998435e-06,1.712584214452496899e-06
-3.623109131770631283e-06,1.592124582535794069e-06
-3.623106472676459420e-06,1.832693611971858980e-06
-3.734620580147995614e-06,1.712389405722435786e-06
-3.837101147294210224e-06,1.607598416574664891e-06
-3.837235024928660106e-06,1.817144437362578680e-06
-3.934136236395524470e-06,1.712451142715523801e-06
-4.017387461391274169e-06,1.630576441729317272e-06
-4.017869635342634321e-06,1.794562422173099648e-06
-4.092537120478317142e-06,1.712712009517816834e-06
-4.146782330419376925e-06,1.663812052731552022e-06
-4.147716238427099362e-06,1.761981135968926805e-06
-4.190097944543904498e-06,1.713075191554622626e-06
-4.205384076411903490e-06,1.707601617057357478e-06
-4.206560629684577852e-06,1.718790149514519694e-06
-4.207635741862460923e-06,1.713892242361259588e-06
-4.177836247274879905e-06,1.759828121023388184e-06
-4.178966736176268155e-06,1.665487310655062779e-06
-4.147670025883417367e-06,1.720753820935421987e-06
-4.085313344409056562e-06,1.808860968557217478e-06
-4.086989884751054103e-06,1.615364730130487529e-06
-3.970986215602656576e-06,1.851780038306985077e-06
-4.007288647920209554e-06,1.756308031493861964e-06
-3.973141150640551411e-06,1.583252955917066126e-06
-3.863925359721313515e-06,1.548870431251788273e-06
9.045748763935813884e-07,-2.126223273245821565e-07
9.226660789293082782e-07,-2.559947397080233956e-07
9.226238970221807626e-07,-4.180618844061361825e-07
9.046053294928195928e-07,-4.610726065047658482e-07
-3.867300901931567682e-06,1.882033678845153090e-06
-3.744847278292314351e-06,1.902614903182592946e-06
-3.853991042372272016e-06,1.672242168715933767e-06
-3.756909655226632514e-06,1.502170801481092325e-06
8.613487261313783615e-07,-1.947655122015856508e-07
8.175524423022383784e-07,-3.725586172951541972e-07
8.615738281238781129e-07,-4.791429745638599096e-07
-3.714532889470674134e-06,1.793299058363342428e-06
-3.607728843187098896e-06,1.914176361642107236e-06
-3.450537156575906952e-06,1.897158713449887222e-06
-3.677622067287843242e-06,1.609944428732970482e-06
-3.623757623362888871e-06,1.422293739511564883e-06
5.676055073059054647e-07,-1.910467494235558270e-07
5.671543601841878237e-07,-4.849227394677834876e-07
4.153329294207902829e-07,-3.383960024859582755e-07
-3.274566797214180011e-06,1.864571278460035350e-06
-3.438485220469682257e-06,1.747114582584398659e-06
-3.497496503752415229e-06,1.526071747667889705e-06
-3.478877251352517763e-06,1.304584829340307444e-06
2.510158844513800777e-07,-1.654705947533126124e-07
2.508042203202577619e-07,-5.120780858044864345e-07
6.439517362336734044e-08,-3.391578982824610026e-07
-3.092437379387568810e-06,1.797289156756703214e-06
-2.896979269211942929e-06,1.694642037906636926e-06
-3.275428255150008388e-06,1.482501474397875986e-06
-3.330589364939562287e-06,1.152312390356536722e-06
-1.487867139774289168e-07,-1.090825141931234412e-07
-1.490026469694564064e-07,-5.699911494948859043e-07
-2.944938872824349765e-06,1.503682880722209348e-06
-2.696466239356032055e-06,1.565013642872406017e-06
-3.032920574861087865e-06,1.253111119206636346e-06
-3.188642084230328626e-06,9.510779915818436424e-07
-3.828966121449002979e-07,-3.397983869764990550e-07
-6.604213797699340032e-07,-2.652303579622371552e-08
-6.603406219828653990e-07,-6.541309493530551344e-07
-2.508496461310675561e-06,1.397391420250760674e-06
-2.320164174243685548e-06,1.180854097763630088e-06
-2.142799926964942044e-06,9.349270260755731593e-07
-2.846285901275607751e-06,1.000441795551224561e-06
-3.064674340086427589e-06,6.981947182903905773e-07
-8.835243677337815440e-07,-3.397614665740714883e-07
-1.157064176165149581e-06,5.575337402497013734e-08
-1.156797600043626285e-06,-7.399653321476538658e-07
-2.452271357600834325e-06,9.431483144807933148e-07
-1.995691553010847495e-06,6.484783129840605494e-07
-1.624619050264074109e-06,1.272661220961450575e-07
-1.772160336773568360e-06,1.934890687480820305e-07
-1.864319029179006840e-06,3.211714477578255198e-07
-2.707273691865659483e-06,6.576513784783468075e-07
-2.977245168714279594e-06,3.985214706102112006e-07
-1.403914905053896900e-06,-2.833239976725568843e-07
-1.590694475386205776e-06,-7.998487797177366204e-07
-2.206040191124033500e-06,4.374860484910197514e-07
-1.764403835491607585e-06,-7.894642476881108294e-08
-1.938417216360680739e-06,1.475156712325232560e-07
-2.590914962073690918e-06,3.025020099128714922e-07
-2.936591258017771410e-06,5.771186059652430564e-08
-1.743533943228182317e-06,-5.280447753495806276e-07
-1.700807920343865115e-06,-8.697154092733600884e-07
-2.256411059119870511e-06,-1.439195249106846424e-07
-2.940627050300868572e-06,-3.089771350911954197e-07
-3.047338395403805670e-06,-7.015911478882431675e-07
-1.993609011660122033e-06,-7.672268430967206852e-07
-1.757924643062447996e-06,-1.032426829244696674e-06
-1.815651285965928459e-06,-1.506672414385751721e-06
-2.631936376646822289e-06,-7.331288032134989953e-07
-1.931392582582211307e-06,-2.010819982222569914e-06
-3.240940017665805130e-06,-1.113521607493083647e-06
-2.224612712665591506e-06,-1.509121943677214657e-06
-2.875992060360795452e-06,-1.548073670665723047e-06
-2.133315838679309450e-06,-2.511401669976417887e-06
-3.535828929520500797e-06,-1.549647777092856773e-06
-3.341678764353821080e-06,-2.018069681468951134e-06
-2.831873574372248117e-06,-2.327674282017300495e-06
-2.405758297655872997e-06,-3.029987855820895089e-06
-2.776651474454649989e-06,-3.543422016719810354e-06
-3.947964260396120560e-06,-1.976126411735596662e-06
-3.680306324254365064e-06,-2.589444645195920620e-06
-3.356657198425874126e-06,-3.348339969783188922e-06
-3.216090946310742069e-06,-4.042285100010553165e-06
-4.462909056769345522e-06,-2.375978450319356581e-06
-4.317503992351642165e-06,-3.353980872346309481e-06
-3.745080814441600637e-06,-4.493275667086155708e-06
-4.364122612934001774e-06,-4.903087605317724117e-06
-5.048029936864960352e-06,-5.264224762649691391e-06
-5.093322038909060016e-06,-3.575238257665256561e-06
-5.082590755688044729e-06,-2.727026925526240868e-06
-4.934424099616623888e-06,-4.458187689527158222e-06
-5.805541755631915905e-06,-5.537575222782924668e-06
-6.623155557908706262e-06,-5.734108484480982305e-06
-5.740567975321501644e-06,-3.768023381952343465e-06
-5.805814933709501293e-06,-2.982307501555450976e-06
-7.474810859991206949e-06,-5.832956866228956302e-06
-6.501443598766353156e-06,-4.531187408884384538e-06
-6.606918525550774254e-06,-3.122531812481841420e-06
-7.657761659180558326e-06,-4.670490329153448883e-06
-8.465018141631889867e-06,-5.893264013400236385e-06
-7.458433400583091190e-06,-3.149344819248520863e-06
-9.878054406025021686e-06,-5.955220431147407728e-06
-8.736895683229051109e-06,-3.994596078820593035e-06
-8.461128488197128473e-06,-3.091821718731012296e-06
-1.194529655086793283e-05,-6.053320667651894166e-06
-1.089427175522482728e-05,-4.373433839273270573e-06
-9.879213195681535317e-06,-3.014777044746741359e-06
-1.485862271765822809e-05,-6.163426985897123183e-06
-1.337090019484752828e-05,-4.492333794220816134e-06
-1.194546349101307823e-05,-2.923621421777595664e-06
-1.807614228360567154e-05,-6.260032913432000837e-06
-1.643793207074738488e-05,-4.493841627900722538e-06
-1.485829528031647643e-05,-2.821748221452630615e-06
-2.145656644708236087e-05,-6.343205930282013492e-06
-1.974052003052373673e-05,-4.496010218975227394e-06
-1.807549720801350258e-05,-2.729801305124847225e-06
-2.497556285599214816e-05,-6.412348303937231780e-06
-2.319459912525543796e-05,-4.498201483338158381e-06
-2.145578812758328665e-05,-2.651146608201041573e-06
-2.860661299152247454e-05,-6.467208293214346777e-06
-2.677413419311306097e-05,-4.500086270536953534e-06
-2.497481362164391986e-05,-2.586080301883704934e-06
-3.232386227385275175e-05,-6.508467487639248919e-06
-3.045251345594808697e-05,-4.501640425047777550e-06
-2.860593240278252420e-05,-2.534634572115607180e-06
-3.610329058777399355e-05,-6.537223509985285141e-06
-3.420480781079531315e-05,-4.502905637131172079e-06
-3.232335225781439117e-05,-2.496134654793884852e-06
-3.992288614708500659e-05,-6.555069000030430001e-06
-3.800778851249308284e-05,-4.503882488237780981e-06
-3.610290021785117135e-05,-2.469624889563284118e-06
-4.376456947332245097e-05,-6.564517779523619474e-06
-4.184110181531310599e-05,-4.504551814093302315e-06
-3.992264145896626113e-05,-2.453415018003085888e-06
-5.201775808625668575e-05,-6.342827552799636015e-06
-5.147043762048520576e-05,-6.569513925216805666e-06
-4.548875823647981057e-05,-4.505110556944822091e-06
-4.761610311821601224e-05,-6.568597027838724829e-06
-4.376423526667439070e-05,-2.445251772498699202e-06
-5.224446600587655666e-05,-5.795536957026767882e-06
-5.094911603375590304e-05,-4.505419379278950168e-06
-4.761596509224883743e-05,-2.441920871732013365e-06
-5.224437619863667843e-05,-3.215357704408549451e-06
-5.147032015895546550e-05,-2.441357887006132786e-06
-5.201765686367980233e-05,-2.668053327446868024e-06
