Size 192,2
7.673512939914041301e-05,-1.058632808934786998e-05
7.703877466405900480e-05,-9.853240808318186833e-06
7.703859089219623302e-05,-6.397497142902363000e-06
7.673492683798450824e-05,-5.664420299035459739e-06
7.600205484330546982e-05,-1.088998795602150687e-05
7.462689038796897550e-05,-8.125354292172367771e-06
7.600183612053713856e-05,-5.360768020338908070e-06
7.083979631926308387e-05,-1.088995715042996125e-05
7.083963549329380194e-05,-5.361081685068627203e-06
6.798984798460902047e-05,-8.125728122580125375e-06
6.567889191617713545e-05,-1.088742201641548360e-05
6.567844431956374352e-05,-5.364022713131735150e-06
6.309981956815337398e-05,-8.125912457744816579e-06
6.052586499692810313e-05,-1.087988207548900239e-05
6.052516616239503517e-05,-5.371651218266791270e-06
5.795387066837822727e-05,-8.125876400971011822e-06
5.539225742018551038e-05,-1.086526036616522265e-05
5.539140437361696705e-05,-5.386310790244335086e-06
5.283484347554141548e-05,-8.125659949068184733e-06
5.029315345145787434e-05,-1.084209865893809061e-05
5.029261548681967196e-05,-5.409372166742631345e-06
4.775862344307513864e-05,-8.125444511899923753e-06
4.524454241999400762e-05,-1.081020317500657683e-05
4.524446958582767011e-05,-5.440833472668395331e-06
4.274104717519126016e-05,-8.125246486252763955e-06
4.026329810222258466e-05,-1.076910201782163801e-05
4.026336419112962314e-05,-5.481464290711371946e-06
3.779931139745112094e-05,-8.125164847679641243e-06
3.536742032628959782e-05,-1.071765172504033656e-05
3.536733769070321554e-05,-5.532665888161416014e-06
3.295247371785816579e-05,-8.125106289099360968e-06
3.057727859518004262e-05,-1.065435511891151422e-05
3.057682567891595202e-05,-5.595567077207155621e-06
2.822269490270639704e-05,-8.124762965466848910e-06
2.591577620009893787e-05,-1.057775076989937641e-05
2.591529354057226959e-05,-5.671874320078183556e-06
2.372474577001863118e-05,-8.123832960221156243e-06
2.158677570960834628e-05,-1.048885856301330032e-05
2.158603835492247191e-05,-5.763303578234456609e-06
1.999826156428586636e-05,-8.303598442233927273e-06
1.842859131667634595e-05,-1.040627139088257062e-05
1.842615832808345509e-05,-5.848274670604583527e-06
1.620895926971005385e-05,-1.033422227185116910e-05
1.662008313900818684e-05,-8.886511853441202597e-06
1.620526674177217899e-05,-5.902654258749361709e-06
1.463510847138687445e-05,-5.960806673446591053e-06
-2.146996915202167151e-06,-4.035404741165254205e-07
-2.190004934755362490e-06,-3.000641841393615220e-07
-2.189720001459219336e-06,8.532763103242655831e-08
-2.146920591990243332e-06,1.873419213337084974e-07
1.462978469331226753e-05,-1.028336630232552115e-05
1.324160661781426310e-05,-1.015794650460544211e-05
1.429803381075088855e-05,-7.585132019428154633e-06
1.322465721220287963e-05,-5.900743461543590274e-06
-2.043976435436969052e-06,-4.463576807531306990e-07
-1.940083230428962270e-06,-2.374943471220934569e-08
-2.044812661257978253e-06,2.299050932297074336e-07
1.278782803549773767e-05,-8.835426866032947867e-06
1.189891775699097873e-05,-9.867024939301141895e-06
1.063096773962178012e-05,-9.447046363320739271e-06
1.237101872983456322e-05,-7.056497497386736434e-06
1.190624751817879027e-05,-5.622848860261155056e-06
-1.345466746459061727e-06,-4.573209720294078196e-07
-1.344839365997996020e-06,2.421647072349950182e-07
-9.832181976307322944e-07,-1.071766778814640561e-07
9.456511901692010545e-06,-8.881928990618044321e-06
1.045117690441684446e-05,-8.115780843726804605e-06
1.088388821731844375e-05,-6.479723826181718014e-06
1.070291811798714407e-05,-5.148230060480086723e-06
-5.917612279335224793e-07,-5.196647603832141608e-07
-5.914791907099436026e-07,3.062987779896545487e-07
-1.472481484372453460e-07,-1.060210115634901575e-07
8.372656748699452406e-06,-8.212333691291326447e-06
7.410415016137025015e-06,-7.449816831653999201e-06
9.386637020108162805e-06,-6.232549512849846868e-06
9.644422573808891029e-06,-4.491690513730153746e-06
3.613151388933775616e-07,-6.553804552787532943e-07
3.618558445009696934e-07,4.450605877189678139e-07
7.655579982478022660e-06,-6.305742777343322033e-06
6.573172221516931442e-06,-6.592422693729048697e-06
8.057702907792256610e-06,-5.049878756000529548e-06
8.753527022845287322e-06,-3.706163570679326745e-06
9.206199482195568337e-07,-1.043945620561235449e-07
1.583612983458719532e-06,-8.515251170632366981e-07
1.583171415540653195e-06,6.465275991409683370e-07
5.844893996828833140e-06,-5.673137340523052456e-06
5.261944287208281802e-06,-4.727802329407042690e-06
4.814058113221279086e-06,-3.736932378642678720e-06
7.243415741936673810e-06,-3.944885412244065915e-06
8.045064563364820212e-06,-2.833313691924561290e-06
2.116422370028740479e-06,-1.048463657915209078e-07
2.768167636399030808e-06,-1.044738750367761895e-06
2.769441240366862463e-06,8.521909524503176238e-07
5.794729907766549507e-06,-3.730449246435866658e-06
4.480565979726666466e-06,-2.734023453784812711e-06
3.834069220200901818e-06,-1.208068453974671645e-06
4.138516670292399976e-06,-1.375935428033740085e-06
4.293981845255647239e-06,-1.723414410134233184e-06
6.680808877826859549e-06,-2.707508698752159663e-06
7.516332270886293661e-06,-1.914380437095875147e-06
3.354084588249827916e-06,-2.418584540561601638e-07
3.856116877229404834e-06,1.002237147636915711e-06
5.161537531902742653e-06,-2.029107159580173954e-06
4.168378840988658638e-06,-7.066875630950028294e-07
4.529654692012362008e-06,-1.255930011793671815e-06
6.286335760143988375e-06,-1.631338265785033260e-06
7.180756586274904321e-06,-9.911933787369638167e-07
4.205127766107273240e-06,3.677010573915973206e-07
4.172320386308064929e-06,1.163055040639468259e-06
5.373793553515793008e-06,-4.682931200710739607e-07
7.056868604287862637e-06,-7.873648437195718755e-08
7.115653715380381569e-06,8.065663296082368628e-07
4.848226084447377159e-06,9.533238393648181679e-07
4.359252556680304017e-06,1.502335361616082901e-06
4.593425920670141910e-06,2.427616133089605316e-06
6.237870433143949677e-06,9.266084036814680104e-07
4.934151962916094228e-06,3.308378322570156813e-06
7.360040247773155405e-06,1.696224802102806010e-06
5.431899666812495908e-06,2.464730101453710780e-06
6.651415720071571555e-06,2.534896457107250709e-06
5.372271926230115368e-06,4.142726176930304159e-06
7.763159159011489400e-06,2.537034332462219572e-06
7.405346495356725231e-06,3.353637136462131004e-06
6.582076398516409926e-06,3.858450872164188943e-06
5.902718088281704323e-06,4.923734299545327417e-06
6.522324404200765670e-06,5.641832408881797465e-06
8.311917699827247875e-06,3.306417000316943271e-06
7.902115418030044189e-06,4.256826852897573760e-06
7.423498177635656516e-06,5.355001779144742865e-06
7.220301041865503347e-06,6.286295432808101416e-06
8.987217922458209788e-06,3.974808800482242316e-06
8.778351063161533979e-06,5.346852578378157150e-06
7.989850845267894321e-06,6.847531018386005355e-06
8.820360182032371113e-06,7.318669199832240881e-06
9.699665679881068614e-06,7.693020663772621068e-06
9.775220643795540592e-06,5.638959658920204432e-06
9.769939053086769572e-06,4.519737402428981580e-06
9.579245500978508554e-06,6.742608050525924257e-06
1.061734483736473312e-05,7.964662944278287166e-06
1.156103030184453298e-05,8.130742025696131712e-06
1.056463563273152064e-05,5.888972165508146503e-06
1.063696804566299640e-05,4.922021223714354620e-06
1.251774368751670555e-05,8.188658157243338792e-06
1.145451954061932627e-05,6.782624111773616346e-06
1.156166020674948233e-05,5.168575385051581677e-06
1.272872398317259404e-05,6.926840332171944816e-06
1.357272683456817045e-05,8.193343695409503771e-06
1.251595709021671601e-05,5.251584934591006674e-06
1.502677855913857936e-05,8.199600128929531267e-06
1.387702413896793882e-05,6.210678892471067820e-06
1.357119689024270895e-05,5.250119846366656980e-06
1.703517480031104155e-05,8.211856707579143392e-06
1.603797085037679873e-05,6.609120269760408271e-06
1.502560650676899947e-05,5.246682349088278957e-06
1.970872707358239289e-05,8.230163932224014402e-06
1.836691558299421704e-05,6.727965921889716783e-06
1.703393491612781611e-05,5.240040656829905842e-06
2.252506381534739050e-05,8.251227696915144953e-06
2.111080659794565095e-05,6.731328665388437814e-06
1.970758136625467354e-05,5.228941741510723318e-06
2.537718839218683781e-05,8.273924862027366229e-06
2.394435216516860852e-05,6.734467928694342744e-06
2.252410835502604539e-05,5.214660794662774586e-06
2.826784472746411386e-05,8.296959193729812931e-06
2.681554408080531485e-05,6.737174590116297620e-06
2.537632298348837598e-05,5.197801861413459967e-06
3.119684289080678404e-05,8.318372561420660853e-06
2.972579413386388367e-05,6.739585643712579528e-06
2.826704638376761086e-05,5.179830363843375533e-06
3.416008663432036196e-05,8.336889223509312590e-06
3.267290773550060492e-05,6.741757542398086761e-06
3.119612745773631151e-05,5.162971400477799392e-06
3.715079468199115285e-05,8.351488380788823349e-06
3.565117039481693033e-05,6.743683912475197761e-06
3.415948994891620507e-05,5.148589564975154278e-06
4.016148904198072980e-05,8.361871038594401677e-06
3.865311800079489657e-05,6.745400514655432185e-06
3.715023544441671132e-05,5.137679944392112774e-06
4.318547503721218355e-05,8.368561813602838517e-06
4.167160284682394839e-05,6.746711440762086683e-06
4.016104443844792729e-05,5.130345615288649995e-06
4.968249302676766918e-05,8.194495523764546360e-06
4.925162028078631534e-05,8.372955155391690251e-06
4.454252276686309757e-05,6.747514419495510976e-06
4.621706853684644028e-05,8.372185588232150441e-06
4.318520800561600771e-05,5.125777768050904927e-06
4.986096901112624976e-05,7.763646157499510704e-06
4.884122885470942979e-05,6.748030814561648691e-06
4.621695861846515180e-05,5.123395687814705157e-06
4.986097152076209336e-05,5.732426110242257786e-06
4.925158837385808463e-05,5.123065754739507400e-06
4.968248624332712000e-05,5.301542890508517420e-06
