Size 192,2
-1.797371915573048597e-05,4.117710651773768167e-06
-1.801241543036154498e-05,4.024079570584830875e-06
-1.801221398952169937e-05,3.583140091190780938e-06
-1.797349869532506835e-05,3.489522173212244933e-06
-1.788023935567604501e-05,4.156524053826689589e-06
-1.770519949084422415e-05,3.803568967810064694e-06
-1.788000470735902269e-05,3.450715206002207102e-06
-1.722252122130813075e-05,4.158444623735574052e-06
-1.722229171653019632e-05,3.448738788955203502e-06
-1.685694731664131535e-05,3.803615137576387766e-06
-1.655693356972193035e-05,4.165428291112022005e-06
-1.655643248862889963e-05,3.441660986898866863e-06
-1.621819787155537622e-05,3.803443727547075066e-06
-1.587299304378392536e-05,4.176632226380711419e-06
-1.587248024508055653e-05,3.429924373002309626e-06
-1.552261839148695474e-05,3.803058777013868814e-06
-1.516396717057439604e-05,4.191095720464919577e-06
-1.516354130399222050e-05,3.414693458922969752e-06
-1.479924273067126292e-05,3.802449299351171823e-06
-1.442481438503633891e-05,4.207522709864896084e-06
-1.442483818731511582e-05,3.397003985934247901e-06
-1.404421451293788089e-05,3.801755477088112948e-06
-1.365173016541206558e-05,4.226462396202964835e-06
-1.365195002195650748e-05,3.376432775565195407e-06
-1.325262432248446377e-05,3.800987443778095463e-06
-1.283917961050315724e-05,4.248662416622979721e-06
-1.283909926710804796e-05,3.352377666394222220e-06
-1.241785068433006288e-05,3.800107522151218056e-06
-1.198033545924203996e-05,4.274069956760529015e-06
-1.197989157292645900e-05,3.325137766545233974e-06
-1.153362605517845730e-05,3.799151991292429230e-06
-1.106906735569206561e-05,4.302494699698300137e-06
-1.106835018155466703e-05,3.294760211583477343e-06
-1.059441927841011937e-05,3.798188487828736364e-06
-1.010070380774726397e-05,4.333700180931870840e-06
-1.010012817686130610e-05,3.261468025379865878e-06
-9.617235236158005877e-06,3.797405345240731915e-06
-9.113431477917719969e-06,4.368003285711299619e-06
-9.113146553222611942e-06,3.223895154854724172e-06
-8.729699002046856186e-06,3.843223598809219863e-06
-8.317699669522153849e-06,4.399973547875306147e-06
-8.318133741607893871e-06,3.189650889971785839e-06
-7.707278536541710553e-06,4.428317267700482354e-06
-7.836051705019756055e-06,4.008322358626170184e-06
-7.708515856081666573e-06,3.167430546256853850e-06
-7.247197179407736119e-06,3.143426202899135021e-06
1.409780004422885358e-06,4.211171524843370990e-08
1.437476396625331531e-06,-2.444583166385247221e-08
1.437367911619667657e-06,-2.724499909479841847e-07
1.409818916119871937e-06,-3.381389519910819532e-07
-7.249752680235105752e-06,4.448435120913982400e-06
-6.814644981872221540e-06,4.442071804750096800e-06
-7.162559871556480798e-06,3.631867781583345476e-06
-6.823435515863148540e-06,3.080290432284424758e-06
1.343507934359119008e-06,6.960375953960062352e-08
1.276749627245139717e-06,-2.024347192082720731e-07
1.344083309617896442e-06,-3.655917706406562235e-07
-6.682588459578177002e-06,4.034946897021813934e-06
-6.374023302476547847e-06,4.389794679710167413e-06
-5.928758969961820752e-06,4.278827230054916009e-06
-6.551720611385278659e-06,3.448797574144256705e-06
-6.392456711021898748e-06,2.934293340263388698e-06
8.943599376273866161e-07,7.687038778099882818e-08
8.940948919233525630e-07,-3.733580472638021767e-07
6.614654334248976765e-07,-1.479888125120199243e-07
-5.484490111674658338e-06,4.119388057898475888e-06
-5.876332436336919525e-06,3.826833005959671936e-06
-6.033885553329443674e-06,3.232728751621323852e-06
-5.974278629916158461e-06,2.705171375162596002e-06
4.089808975671593101e-07,1.193292481428697311e-07
4.093960309018114133e-07,-4.141244291966903983e-07
1.222641522210544872e-07,-1.466853708142438371e-07
-5.053697611694685084e-06,3.900319142757294821e-06
-4.635672093262388599e-06,3.623684127773598839e-06
-5.469628113139624832e-06,3.131961524547625876e-06
-5.584485945827195232e-06,2.399667879882203161e-06
-2.075825345750854132e-07,2.118315693704998729e-07
-2.071213501475288315e-07,-5.035774814601345363e-07
-4.740179021787959997e-06,3.170095032457408931e-06
-4.240153626918323255e-06,3.297833977141779668e-06
-4.921422667541089060e-06,2.629039015079162762e-06
-5.238832762484068081e-06,2.014617976208566762e-06
-5.707664315950949536e-07,-1.450264379773940059e-07
-1.004165041601302107e-06,3.460782041233379325e-07
-1.003106170969631984e-06,-6.353459636831120096e-07
-3.881961862929558724e-06,2.918559434134456225e-06
-3.555461789759886677e-06,2.482059831012551759e-06
-3.270286022280880532e-06,2.004611623345401573e-06
-4.545940381821205867e-06,2.119341867143816156e-06
-4.952678406150373598e-06,1.556169105645413774e-06
-1.352420574847760179e-06,-1.424083592514451374e-07
-1.782193748054253350e-06,4.795420501481688162e-07
-1.781150578220847182e-06,-7.706374210534281772e-07
-3.812152330811641563e-06,2.011810175887433149e-06
-3.042119347777597044e-06,1.482150768250184205e-06
-2.507643219192635307e-06,5.948828964542601834e-07
-2.730516849459425562e-06,7.028373791273431788e-07
-2.862334380448030337e-06,9.145671519126313657e-07
-4.276270452672619547e-06,1.485976296047413761e-06
-4.744990450080840161e-06,1.038698553949478454e-06
-2.168909172950612713e-06,-5.083766627335064893e-08
-2.474709426213068906e-06,-8.666223801270798947e-07
-3.413849926944962115e-06,1.104738117082587701e-06
-2.728182389089952304e-06,2.682137788293156492e-07
-2.992244988865589798e-06,6.286698944707021015e-07
-4.067363356999264955e-06,8.756124803227024932e-07
-4.629792137024740857e-06,4.770762744141862646e-07
-2.712869869010720228e-06,-4.409085679798559044e-07
-2.658970234270995586e-06,-9.756075493111873998e-07
-3.513804003063511742e-06,1.496698654987281582e-07
-4.608531056995925253e-06,-1.091642066658249953e-07
-4.739053205952834616e-06,-7.176898821984681427e-07
-3.117625243031175684e-06,-8.204263029390202233e-07
-2.758998258193311980e-06,-1.222691821713163453e-06
-2.867901455144465687e-06,-1.931439642083447847e-06
-4.103262159679910608e-06,-7.761067398444756047e-07
-3.061569982676382701e-06,-2.668674926607183136e-06
-5.005114534891985137e-06,-1.347923393415320677e-06
-3.488761079360413270e-06,-1.940351588711308859e-06
-4.457969321434408808e-06,-1.995926546432110652e-06
-3.370981190471669611e-06,-3.393578264414500159e-06
-5.418716807003623584e-06,-1.996747668341548666e-06
-5.131070039732716682e-06,-2.680997948668092585e-06
-4.393460281430325529e-06,-3.129474364032495604e-06
-3.778752583928933176e-06,-4.133307792854359977e-06
-4.317577717088041792e-06,-4.857709571415059040e-06
-5.997087095477734231e-06,-2.622020460434697041e-06
-5.613012975194320832e-06,-3.501228273191050823e-06
-5.150773584963611557e-06,-4.579255338006137515e-06
-4.950932260292948068e-06,-5.555667813583552382e-06
-6.720208071443352925e-06,-3.199831754933700131e-06
-6.513135780414123870e-06,-4.583108648615140137e-06
-5.703547773275603428e-06,-6.183981168442959141e-06
-6.575858113211580360e-06,-6.750374619682383435e-06
-7.535054549202069293e-06,-7.244699498412750626e-06
-7.601350131596977195e-06,-4.892286327568920478e-06
-7.587566883768720764e-06,-3.701089880771657336e-06
-7.378956061401692411e-06,-6.125700829292676992e-06
-8.591123477080935835e-06,-7.617009254307278128e-06
-9.725416240477123206e-06,-7.880335277781182622e-06
-8.504507503238285045e-06,-5.161378372000699797e-06
-8.594892783424848268e-06,-4.065725018540582996e-06
-1.090408810222991075e-05,-8.008234250385417972e-06
-9.561475369371401681e-06,-6.218783886369656890e-06
-9.706511936178717430e-06,-4.268583501212126973e-06
-1.115882548789264357e-05,-6.407736160917353156e-06
-1.226633347434119828e-05,-8.079972892466434850e-06
-1.088476657280492083e-05,-4.310906678331385938e-06
-1.420185287450363252e-05,-8.151831211082999340e-06
-1.264385212357247764e-05,-5.478532206732896400e-06
-1.226282011872580820e-05,-4.238895669955998275e-06
-1.700844069659118569e-05,-8.261531426701934383e-06
-1.558811065125116272e-05,-5.994534141141200416e-06
-1.420426379795282690e-05,-4.144799825555608937e-06
-2.091598028277705997e-05,-8.376141182277041435e-06
-1.892968873963306916e-05,-6.152603615413379455e-06
-1.700952367220681733e-05,-4.038077462430576616e-06
-2.517210525018211392e-05,-8.467705298990850456e-06
-2.301596127864560077e-05,-6.150910651224873316e-06
-2.091653904010128283e-05,-3.926074885889602959e-06
-2.957879344787978356e-05,-8.539161691035117530e-06
-2.735312142277199080e-05,-6.149972770120571429e-06
-2.517243194094853967e-05,-3.833087273299094621e-06
-3.410313278288463801e-05,-8.593500878413097099e-06
-3.182391571718461219e-05,-6.149046103414197384e-06
-2.957910980885811495e-05,-3.759840742815163513e-06
-3.871548316873084594e-05,-8.632690811215541267e-06
-3.639697809705757229e-05,-6.148153503525644356e-06
-3.410341872761372804e-05,-3.703719037824753574e-06
-4.338841256849194846e-05,-8.658204437603706072e-06
-4.104399736521978392e-05,-6.147341364593173903e-06
-3.871567551640374405e-05,-3.662797690570906758e-06
-4.809790905552047911e-05,-8.672144162150571383e-06
-4.573893119273321435e-05,-6.146431923680377523e-06
-4.338874452583259928e-05,-3.635545806282585967e-06
-5.282467763408680401e-05,-8.677948640206510660e-06
-5.045970553648327343e-05,-6.145698920178082517e-06
-4.809815513505689955e-05,-3.619919102519770654e-06
-5.755669140701226644e-05,-8.679457313011812854e-06
-5.519038603602180508e-05,-6.145233488792262504e-06
-5.282483054680494299e-05,-3.612954501780661125e-06
-6.769447626214097772e-05,-8.401049789593117661e-06
-6.702229005723194574e-05,-8.679475159345102257e-06
-5.967670252184219558e-05,-6.144894588625336985e-06
-6.228949439541760311e-05,-8.679538325617595945e-06
-5.755679594755279730e-05,-3.610653267959397791e-06
-6.797290569909859696e-05,-7.728869734282091118e-06
-6.638235249333348815e-05,-6.144547655717573243e-06
-6.228958699880503150e-05,-3.609916748661447741e-06
-6.797291938253725645e-05,-4.560205430450305990e-06
-6.702233143391149418e-05,-3.609638421275529294e-06
-6.769449805694116812e-05,-3.888050444885678303e-06
