Size 192,2
2.267757234937732428e-05,-1.513333906663697900e-06
2.279397353472665996e-05,-1.232430100283321269e-06
2.279441911511673958e-05,9.186006786160475435e-08
2.267807900394150331e-05,3.727070754338121964e-07
2.239660053950065613e-05,-1.629680349054569265e-06
2.186971342290004768e-05,-5.703812266684540000e-07
2.239719567168210347e-05,4.890264557751196751e-07
2.041777878205174005e-05,-1.629031842870169528e-06
2.041865651197220002e-05,4.879822537253558435e-07
1.932672066118010573e-05,-5.706151514035486212e-07
1.844293676176532635e-05,-1.624544247901577172e-06
1.844366429989077066e-05,4.833108103852212983e-07
1.745916218846468154e-05,-5.711165725990456296e-07
1.648092477483638438e-05,-1.615465307347044297e-06
1.648105940924860511e-05,4.728966884672386293e-07
1.550655965295287699e-05,-5.717088667880287823e-07
1.454192638352668778e-05,-1.600968148352231531e-06
1.454263125447240931e-05,4.562847985957527298e-07
1.358347727009831551e-05,-5.729040469284295453e-07
1.263762979156524382e-05,-1.581405151316359140e-06
1.263898492371134682e-05,4.338999263182889192e-07
1.169977798532054550e-05,-5.744569505382150818e-07
1.077621205935267240e-05,-1.558027774960907535e-06
1.077794802225743925e-05,4.071875074456058138e-07
9.862292379575091317e-06,-5.764150769534573973e-07
8.965231567229819517e-06,-1.530260090854240405e-06
8.966688950549881078e-06,3.753808281821046750e-07
8.079341310725970780e-06,-5.788036486680743338e-07
7.214930996252782101e-06,-1.496037581799143194e-06
7.215937752895348089e-06,3.359735391265905927e-07
6.363661768231590629e-06,-5.816196134479644536e-07
5.540530849978759413e-06,-1.452412498916563634e-06
5.541158642343019643e-06,2.863685602144137979e-07
4.733296323404375609e-06,-5.846622752771759044e-07
3.962005113934985196e-06,-1.396476702986130656e-06
3.962249184750087967e-06,2.236562195766531498e-07
3.239882857542822823e-06,-5.873066231687405718e-07
2.560863541946483619e-06,-1.326210227659392112e-06
2.560782315553490733e-06,1.439609207927488312e-07
2.063908848550935388e-06,-6.431617241079409061e-07
1.602350482264081632e-06,-1.255061873523349400e-06
1.601048269529650205e-06,6.516212904895431173e-08
9.772693983988202772e-07,-1.188470602151938878e-06
1.077453212606189248e-06,-8.039690662421097223e-07
9.744306096100086804e-07,1.188246409419484067e-08
5.619059169923555731e-07,-4.621559035627358856e-08
3.112025525377627161e-07,-1.823168528690512211e-07
3.175638489129239861e-07,-1.975303348656171577e-07
3.175434820960413615e-07,-2.545743139619136015e-07
3.111974532015018915e-07,-2.697404236583002733e-07
5.557039152146446541e-07,-1.139821973154532541e-06
2.196168482805692926e-07,-1.075567991422453401e-06
4.582504137311780901e-07,-4.591773349218382684e-07
2.009529899957559444e-07,-7.914798278367979554e-08
2.960280025177562902e-07,-1.760788734493830472e-07
2.805221788714903215e-07,-2.386723926096817693e-07
2.960306904599424897e-07,-2.761487376700254735e-07
9.916501468001631361e-08,-7.490654968792221484e-07
-8.372593341145467143e-08,-9.642204895743289045e-07
-3.387628894089572429e-07,-8.406210936504059088e-07
-1.665826472011876355e-09,-3.513698738043078824e-07
-9.980669492145155804e-08,-7.657975857184840403e-08
1.925014433529998458e-07,-1.752278701221468005e-07
1.922833277045658671e-07,-2.783317627159644097e-07
1.390152091481505837e-07,-2.270435741476514957e-07
-5.393842833320426612e-07,-6.848378593662033648e-07
-3.867426732890551706e-07,-5.572077733657483695e-07
-3.061149865080602224e-07,-2.511982034285069459e-07
-3.471976827063781974e-07,-5.110093952477855361e-08
8.178131670464782489e-08,-1.673975398998669415e-07
8.160765428278412077e-08,-2.872143764728807408e-07
1.762823764768042136e-08,-2.275657965466680651e-07
-7.016583670729907911e-07,-5.331375852024462702e-07
-8.060345902098103780e-07,-3.905965741089088263e-07
-5.648058635143268375e-07,-2.176448673734946336e-07
-5.403500610582988963e-07,-3.475906738731660598e-09
-5.490043216012740372e-08,-1.496497322732482766e-07
-5.495779430520734064e-08,-3.058570491788097168e-07
-7.774310950166708746e-07,-2.191201369270169017e-07
-8.614774640927664340e-07,-2.467542879769629799e-07
-7.412750580671961270e-07,-7.879309912671813862e-08
-6.828404536235888792e-07,3.162885683194664720e-08
-1.338955522769366407e-07,-2.278931946422110668e-07
-2.268665707521236378e-07,-1.226779972461398840e-07
-2.270561222731555897e-07,-3.333404768195535295e-07
-8.940092908544410593e-07,-1.260210204993919186e-07
-8.759707786344154399e-07,-5.339567823594713577e-08
-8.247790486670383851e-07,9.200854826668001034e-10
-8.050345570710739156e-07,6.393465794624169901e-09
-7.829492108920544948e-07,3.668570745314652421e-08
-3.015866053464814830e-07,-2.282149914937600717e-07
-3.932489073881290351e-07,-9.461184629144199872e-08
-3.925857956944252345e-07,-3.614943712107788186e-07
-8.463996994880260021e-07,1.275412559920658979e-08
-7.696711491222616570e-07,1.224879721225984824e-08
-5.659284917182584932e-07,-6.825278989304157799e-08
-6.310389187492172753e-07,-4.927854440207145326e-08
-6.832843862189299488e-07,-2.061874318002129368e-08
-8.374565724284785401e-07,3.232567437577505278e-08
-8.632100308242490461e-07,3.973461670277331163e-09
-4.767341487419563066e-07,-2.101402676199156110e-07
-5.205827630274184408e-07,-3.793933614366843689e-07
-7.797447067036806585e-07,9.188390883855191196e-09
-6.124011902595533745e-07,-1.341499452966326380e-07
-6.883453187110924205e-07,-6.117980496724159960e-08
-8.384126752877594496e-07,-1.051177520327468023e-08
-9.307426278669092986e-07,-7.426501559535734157e-08
-5.768119970163310395e-07,-2.836900817100887869e-07
-5.398491231191884429e-07,-4.049162805842863520e-07
-7.657367715103154465e-07,-1.281032926489184453e-07
-9.773142899137848627e-07,-1.852728275421011940e-07
-1.078356363777963252e-06,-3.345321265210544363e-07
-6.452470515316263398e-07,-3.592507749602223233e-07
-5.423976567495983836e-07,-4.757183331092630304e-07
-5.306749421033758253e-07,-7.026160774572548923e-07
-9.022070825118788248e-07,-3.302462994101912729e-07
-5.491527802121693555e-07,-9.764600937134622736e-07
-1.214792280032030286e-06,-5.038014990426864201e-07
-7.127935292008052625e-07,-6.934449358468951480e-07
-1.039968132922576866e-06,-7.144446039514590917e-07
-6.320006034573398872e-07,-1.261364932042956810e-06
-1.411385392277578521e-06,-7.159271823505010962e-07
-1.312202822231143410e-06,-9.709497124877630854e-07
-1.014432885335871164e-06,-1.150196706067995284e-06
-7.629778224500031483e-07,-1.582353343295193028e-06
-9.736562500081177525e-07,-1.917316023939606917e-06
-1.689642701448461897e-06,-9.402509605760495385e-07
-1.526367076556452269e-06,-1.311375774062897759e-06
-1.323820948194613975e-06,-1.794623576508991958e-06
-1.234434860648934199e-06,-2.258887594639838716e-06
-2.039991435758031287e-06,-1.167331752384153172e-06
-1.947293773296619229e-06,-1.803412896973814877e-06
-1.570496808952172079e-06,-2.574180905797054972e-06
-1.985196131453908131e-06,-2.872298512861259408e-06
-2.454803807178684701e-06,-3.147045276114590451e-06
-2.480565761257761243e-06,-1.952825081989394193e-06
-2.470355828808218887e-06,-1.379656598465974425e-06
-2.369046005497055042e-06,-2.568147757872897463e-06
-2.992219878898398107e-06,-3.358250775078979837e-06
-3.585865362161555625e-06,-3.518206385778322712e-06
-2.938302156949737048e-06,-2.084380533265237682e-06
-2.986392833051991361e-06,-1.532304845556020407e-06
-4.212145842403569628e-06,-3.605570566472956940e-06
-3.487735284174076031e-06,-2.633959687513257165e-06
-3.568436236657863968e-06,-1.608786547381648233e-06
-4.345347100344588989e-06,-2.739430758289100772e-06
-4.956214311926000991e-06,-3.666595858601325822e-06
-4.195448812646433657e-06,-1.613009406942115656e-06
-6.031453506046389757e-06,-3.728171223304884481e-06
-5.156888717561163735e-06,-2.230864952472037932e-06
-4.952921864141611364e-06,-1.552886667731634036e-06
-7.633768336732132918e-06,-3.823847980127462057e-06
-6.813678427587161832e-06,-2.515749306728551919e-06
-6.033278859085782389e-06,-1.473917752432508791e-06
-9.928662899270295522e-06,-3.929665622214456735e-06
-8.751409084028326579e-06,-2.605995397535606296e-06
-7.634756025957978364e-06,-1.382406092198562483e-06
-1.249691679970426237e-05,-4.022939612056954673e-06
-1.118419121941046371e-05,-2.605530697785548678e-06
-9.928988154165102126e-06,-1.280864193989852773e-06
-1.522749519049065995e-05,-4.105021467041997299e-06
-1.383638791341175276e-05,-2.605581735132212535e-06
-1.249692850827698424e-05,-1.188213809634880122e-06
-1.810136257526524022e-05,-4.175454309230877720e-06
-1.664216074611953773e-05,-2.605685782248686948e-06
-1.522740691726165239e-05,-1.106360446037407508e-06
-2.109477817062673009e-05,-4.232541403323111810e-06
-1.958009951705222106e-05,-2.605928046160339308e-06
-1.810114699822054009e-05,-1.036184176147475542e-06
-2.418072090848642945e-05,-4.275582405211393804e-06
-2.262437320749217492e-05,-2.606316745843959070e-06
-2.109451456582146569e-05,-9.796980658136187547e-07
-2.733304266136048826e-05,-4.305822890584014130e-06
-2.574768832100244906e-05,-2.606714205654909921e-06
-2.418058966279995419e-05,-9.373908633858957290e-07
-3.052919173336620225e-05,-4.325354369941447563e-06
-2.892529872999553879e-05,-2.607208522172874762e-06
-2.733293160838067096e-05,-9.080552438060172780e-07
-3.375150351630445917e-05,-4.336468100830109033e-06
-3.213710804534285567e-05,-2.607592657866283646e-06
-3.052906564012077879e-05,-8.894951762943659605e-07
-4.068564455634950442e-05,-4.151946252781122423e-06
-4.022572721217671578e-05,-4.342422103713011531e-06
-3.519943330594805397e-05,-2.607855082747838991e-06
-3.698679767569518516e-05,-4.341334144856707362e-06
-3.375133802387335309e-05,-8.790843616991841914e-07
-4.087615011702383239e-05,-3.692068427882634282e-06
-3.978759156988884274e-05,-2.607959226423341945e-06
-3.698673131355559247e-05,-8.744621862617996714e-07
-4.087608737168730444e-05,-1.523889400382908672e-06
-4.022565339863163654e-05,-8.735314671859275323e-07
-4.068557612062141844e-05,-1.064009757729363582e-06
