Size 192,2
7.421506337530003699e-05,-9.964967528047542517e-06
7.452655926632775860e-05,-9.212952881929588374e-06
7.452615721248944357e-05,-5.667676384794834388e-06
7.421460306181172867e-05,-4.915602597401957786e-06
7.346303124284426058e-05,-1.027645423278587017e-05
7.205206831480274251e-05,-7.440226892619412399e-06
7.346248312201725456e-05,-4.604088226653349500e-06
6.816749126516904740e-05,-1.027577362335478703e-05
6.816666375260874112e-05,-4.604430302067316601e-06
6.524325688921272712e-05,-7.440113420228150132e-06
6.287267020398679411e-05,-1.027260328896295426e-05
6.287199556619140471e-05,-4.607741376954186963e-06
6.022713407634864733e-05,-7.439903927973340032e-06
5.758800853208597206e-05,-1.026215112835345958e-05
5.758771464105384941e-05,-4.617538391969009371e-06
5.495236691329410489e-05,-7.439710404372840341e-06
5.233018278307273718e-05,-1.024099566104322675e-05
5.232936964489253508e-05,-4.637772280702255656e-06
4.971489218450686817e-05,-7.439095845796209830e-06
4.712137288233975645e-05,-1.020767161661421500e-05
4.712025520687191418e-05,-4.669804721857593151e-06
4.453847181772856297e-05,-7.438412241849173873e-06
4.198527631359404719e-05,-1.016177816532617560e-05
4.198402407198607302e-05,-4.714291052294377044e-06
3.944608654703772642e-05,-7.437564136530052126e-06
3.694469707507715557e-05,-1.010241270270570355e-05
3.694375395443867823e-05,-4.771858141245445255e-06
3.446160692804750016e-05,-7.436426313716664112e-06
3.202533634459673169e-05,-1.002799564276368366e-05
3.202492850782382675e-05,-4.843785456661342863e-06
2.961287274870364603e-05,-7.435022592354353448e-06
2.725745325364613289e-05,-9.936353443280694915e-06
2.725749584036332935e-05,-4.932331761093391839e-06
2.493201643504004339e-05,-7.433337049831532752e-06
2.267378742132809024e-05,-9.826176958067033866e-06
2.267360354230700073e-05,-5.039213019346105997e-06
2.053925973904070817e-05,-7.430793845275204903e-06
1.847833321904979038e-05,-9.701217686673910810e-06
1.847748849809150508e-05,-5.165332030658025859e-06
1.695358124005636190e-05,-7.600275848550905517e-06
1.546879931753307932e-05,-9.586695903303806270e-06
1.546540945933664381e-05,-5.280880364776875796e-06
1.338637145057948134e-05,-9.488300548957347280e-06
1.376230959413964461e-05,-8.142908425326914867e-06
1.338120911978038547e-05,-5.353892119381975857e-06
1.192641299197804954e-05,-5.431516414476610235e-06
-1.564443879054609101e-06,-1.019334009278523008e-06
-1.595168398594840026e-06,-9.451455645653034015e-07
-1.594894321984666709e-06,-6.700766993174285802e-07
-1.564383100942783357e-06,-5.974875766905007625e-07
1.191940455010241428e-05,-9.419616785514481667e-06
1.064913971286469982e-05,-9.285109737070885969e-06
1.160578811672793207e-05,-6.931160690859908843e-06
1.062542315350440936e-05,-5.401373351979558946e-06
-1.490661650637498793e-06,-1.050204800986308208e-06
-1.416877885217558583e-06,-7.487013483418103457e-07
-1.491678862771481025e-06,-5.674878482672723893e-07
1.022791507809346141e-05,-8.069543528384077687e-06
9.431315223217809942e-06,-8.996244337631509382e-06
8.297676218867814163e-06,-8.600120854932639695e-06
9.846902169502948937e-06,-6.456032924435451274e-06
9.429444665397153854e-06,-5.178877210630089810e-06
-9.922498628935393278e-07,-1.060755518929449119e-06
-9.925962783039440939e-07,-5.609454636781116647e-07
-7.340715358579722365e-07,-8.120262852608899293e-07
7.264448885479661677e-06,-8.073160721128404456e-06
8.131151598175265664e-06,-7.400399389277845991e-06
8.515312313313281602e-06,-5.946736637461471154e-06
8.351924247501713708e-06,-4.787190796104998790e-06
-4.532835276591082347e-07,-1.110121769064751488e-06
-4.540772971286203009e-07,-5.164909958173288757e-07
-1.340216722251228106e-07,-8.145430626855560983e-07
6.322299379038195241e-06,-7.465568507354383700e-06
5.504511952767357357e-06,-6.787975918706328229e-06
7.197747039352682272e-06,-5.732757098690864211e-06
7.416283780916629906e-06,-4.238997713294551528e-06
2.337239443478484439e-07,-1.214272107415627950e-06
2.331223188879506506e-07,-4.171698056791024749e-07
5.714385234307985721e-06,-5.791675111246244327e-06
4.809250300442575963e-06,-6.033906245237754996e-06
6.053681757376291795e-06,-4.720596193597742911e-06
6.638345264589015185e-06,-3.592887475258654990e-06
6.389013467866505583e-07,-8.169636742858713080e-07
1.122451817007336439e-06,-1.363793495719669246e-06
1.120747893597873025e-06,-2.710712840133256848e-07
4.211879902343402835e-06,-5.241277678583742742e-06
3.754237106743723849e-06,-4.450229842677530447e-06
3.419810531637653644e-06,-3.631079117529102737e-06
5.373303565062795622e-06,-3.795529467431286491e-06
6.025962714152178409e-06,-2.890363085508114865e-06
1.510321045466300710e-06,-8.209065808080477184e-07
1.987534869137808651e-06,-1.509800045406062286e-06
1.987710102618947782e-06,-1.208975755951411200e-07
4.194934440876578147e-06,-3.620498064594054347e-06
3.178895334465235366e-06,-2.821576603827086331e-06
2.757536461595827838e-06,-1.632314590668512717e-06
2.970444572847779054e-06,-1.759297285673097943e-06
3.070260369204000454e-06,-2.025568343579332601e-06
4.908875358177213159e-06,-2.791247698115774234e-06
5.566459714308024549e-06,-2.168309292499824710e-06
2.415146712660306236e-06,-9.245669202923214173e-07
2.795732549582805668e-06,-9.741262258598369812e-09
3.720134376537549918e-06,-2.257411004010930832e-06
3.002939077646553227e-06,-1.262546467679180327e-06
3.256888326219155698e-06,-1.669422386053957854e-06
4.593399668051058297e-06,-1.948058489696618226e-06
5.267371731655503349e-06,-1.464502157923751905e-06
3.048829515579979505e-06,-4.726723996568530638e-07
3.039602346188111956e-06,1.069658796681652422e-07
3.897142841020749135e-06,-1.070242489732045693e-06
5.147360492414680531e-06,-7.853777134121477806e-07
5.149542330136270258e-06,-1.462321823631263139e-07
3.532078000391099945e-06,-3.994083753767819561e-08
3.187948861944766685e-06,3.457397424898721229e-07
3.380592850906814819e-06,9.821190578691594360e-07
4.527295084774603374e-06,-4.863895745135816123e-08
3.644424820076283821e-06,1.562866811955676454e-06
5.284874175020476200e-06,4.871427488771503906e-07
3.968839342969934679e-06,1.015655395585289339e-06
4.797370575937366150e-06,1.061853601314047294e-06
3.957103234178258364e-06,2.101703053712816438e-06
5.520901223154679903e-06,1.062598126944363575e-06
5.279676652914429708e-06,1.600234428868047092e-06
4.753599932493405024e-06,1.923751453787352787e-06
4.322234636028902201e-06,2.583051029724162784e-06
4.723820995009595632e-06,3.008639446967068979e-06
5.837757276258896318e-06,1.575474899988654628e-06
5.582586964369968177e-06,2.169538170223828790e-06
5.289179060214943891e-06,2.833358733612171428e-06
5.166207005359782834e-06,3.373323338488264644e-06
6.224516712478829345e-06,2.006915225279885378e-06
6.098620008727912257e-06,2.822204292438965677e-06
5.633468347665374018e-06,3.683217520241379587e-06
6.115991001872081663e-06,3.928990467359945201e-06
6.613928103174194324e-06,4.107854992048733495e-06
6.662650866094312916e-06,2.989105256872397673e-06
6.662560453512657341e-06,2.346926047512391478e-06
6.554822752838296502e-06,3.601425039129481512e-06
7.113957518533571722e-06,4.232013905231782340e-06
7.609713969244887731e-06,4.293524434196239712e-06
7.094695430335523052e-06,3.130436069800722691e-06
7.131472702504061373e-06,2.599358949797244459e-06
8.102123399694089893e-06,4.299678381511590882e-06
7.567703604946502071e-06,3.603354561972919736e-06
7.618235256853952525e-06,2.761368232625510011e-06
8.213668689940170200e-06,3.670773365073963252e-06
8.620350690059513531e-06,4.272814633487633501e-06
8.109133604832671852e-06,2.825131861784596158e-06
9.310168379146153831e-06,4.244694243878310241e-06
8.778033981489061560e-06,3.320632948150942227e-06
8.622305334777448862e-06,2.850707515264361021e-06
1.019968464304265089e-05,4.199497589647947832e-06
9.772959518687083662e-06,3.510732185748302234e-06
9.309911670619835616e-06,2.885817399034628484e-06
1.128779246155352525e-05,4.149216009777711733e-06
1.075821028300833978e-05,3.561986578922172144e-06
1.020006478894933561e-05,2.928054519950080274e-06
1.233963594572312964e-05,4.106735806463407992e-06
1.182669670521277976e-05,3.561368126359656653e-06
1.128809214874760935e-05,2.974769021532885841e-06
1.332185476453013008e-05,4.071614397289803572e-06
1.284150023084152722e-05,3.560357343745275269e-06
1.233996073278690280e-05,3.015114569027798306e-06
1.424743282454651562e-05,4.043062943199122440e-06
1.379333395433360293e-05,3.559251079325613495e-06
1.332217133740716006e-05,3.048048881507909805e-06
1.512779370901874756e-05,4.020424949469780835e-06
1.469455238496013212e-05,3.558096284526335200e-06
1.424783290883324551e-05,3.074221284729547632e-06
1.597291992667856028e-05,4.002892795054945810e-06
1.555568915994215575e-05,3.557038092005599842e-06
1.512821157615107925e-05,3.094661204656179561e-06
1.679205894806686761e-05,3.990355093430122053e-06
1.638629272954207516e-05,3.556131734462669570e-06
1.597327722226393778e-05,3.110245913839670423e-06
1.759410448536102142e-05,3.982898433949155630e-06
1.719528291703483180e-05,3.555514469001982015e-06
1.679227682590316438e-05,3.121289516987401299e-06
1.838723656123269167e-05,3.978999251587137270e-06
1.799171784291653557e-05,3.554972133506619595e-06
1.759429293338599792e-05,3.127610863619337831e-06
2.007857634992741213e-05,3.930885496993201859e-06
1.996639072527269134e-05,3.977349440727692573e-06
1.874133116900811237e-05,3.554621386967037287e-06
1.917705225694895407e-05,3.977525373850660008e-06
1.838737641457135561e-05,3.130610680809648226e-06
2.012504493504611974e-05,3.818704397898978226e-06
1.985964521342992596e-05,3.554306404806130514e-06
1.917712748442097190e-05,3.131418473741165460e-06
2.012503766756330398e-05,3.289899954075678248e-06
1.996640871978423894e-05,3.131293648684478247e-06
2.007857563796551671e-05,3.177744451404055122e-06
