Size 192,2
7.065420849575651248e-05,-1.090100144795930056e-05
7.090010087803817057e-05,-1.030725061198236178e-05
7.090021207252131643e-05,-7.508567576446717238e-06
7.065433800635564335e-05,-6.914844597567678250e-06
7.006054782485414141e-05,-1.114696017635530123e-05
6.894749555173121706e-05,-8.907935294679845796e-06
7.006070904870754157e-05,-6.668898315823417387e-06
6.588116844816462535e-05,-1.114830753432851079e-05
6.588134467844308317e-05,-6.667612097577880245e-06
6.357237577971003642e-05,-8.907956967060758047e-06
6.169583497983813117e-05,-1.115380161757837028e-05
6.169610998313527020e-05,-6.662235500540392575e-06
5.959947621658437833e-05,-8.908180118546945886e-06
5.749645646958309277e-05,-1.116296113766553374e-05
5.749685171881104549e-05,-6.653559564708352038e-06
5.539084391818679389e-05,-8.908417651755183965e-06
5.327723825397355528e-05,-1.117324925945328892e-05
5.327782628211725000e-05,-6.643835101745593112e-06
5.116141506592561324e-05,-8.908821713508666615e-06
4.903882861236828197e-05,-1.118194253567970610e-05
4.903915497676159679e-05,-6.635896705022384197e-06
4.691487157249033229e-05,-8.909205738272051346e-06
4.478794795447301234e-05,-1.118555404120691886e-05
4.478796362173977200e-05,-6.633223451443573280e-06
4.266127699166450603e-05,-8.909612887772285733e-06
4.053691550687788772e-05,-1.118158125815969557e-05
4.053688406398124795e-05,-6.638319964732762733e-06
3.841523773110237241e-05,-8.910087173482626234e-06
3.630119519649783067e-05,-1.116968910221684005e-05
3.630154493836281620e-05,-6.651447522531780603e-06
3.419300251121856472e-05,-8.910798644996951892e-06
3.209739913164974951e-05,-1.114996048079222883e-05
3.209789482326478265e-05,-6.672461763927847895e-06
3.000983170498540683e-05,-8.911566016376697480e-06
2.793901135032750228e-05,-1.112324722558408530e-05
2.793944970145392949e-05,-6.700597930186822184e-06
2.596079914312555704e-05,-8.912008403712008760e-06
2.400131697448955965e-05,-1.109229400184789293e-05
2.400170482229328179e-05,-6.733613486170067489e-06
2.253806585318559249e-05,-9.081206773739615068e-06
2.106152069430424975e-05,-1.106453702588987212e-05
2.106109385562383477e-05,-6.762400361303913493e-06
1.894807443980436963e-05,-1.104205267042129827e-05
1.935468323558401293e-05,-9.641855751546172840e-06
1.894729299369717179e-05,-6.779448582399730193e-06
1.742441894410283964e-05,-6.796684864306646910e-06
-2.930581523797703383e-06,1.698407260767638206e-07
-2.988519108722652640e-06,3.089989236407641572e-07
-2.988210809296453661e-06,8.281282583079390118e-07
-2.930517137884834284e-06,9.657255991408227505e-07
1.742253388727708677e-05,-1.102716839220855790e-05
1.604958766973551819e-05,-1.093583966745466566e-05
1.711129727497996803e-05,-8.384700954619900452e-06
1.604770753989779905e-05,-6.693821709429314467e-06
-2.792002200126290548e-06,1.124236536070907611e-07
-2.652051111696381984e-06,6.819751577752746230e-07
-2.792837160427101839e-06,1.023422881158636470e-06
1.561102611039373751e-05,-9.634313900860311296e-06
1.470130961531570951e-05,-1.068746168675188138e-05
1.339876715670937338e-05,-1.029401253051691240e-05
1.519945915217409912e-05,-7.844424587265141804e-06
1.472690987121557613e-05,-6.359100505252252610e-06
-1.851878846674119780e-06,9.900152611566454907e-08
-1.850381640221242673e-06,1.042557830653930084e-06
-1.363130055996012906e-06,5.721597038216033679e-07
1.215787391880369761e-05,-9.754555388279562500e-06
1.322563117629060479e-05,-8.941406886074632337e-06
1.367703819677752600e-05,-7.238099903973316627e-06
1.349635303379132725e-05,-5.805542611215482885e-06
-8.336783636238594879e-07,1.282272730670822053e-08
-8.330672799503956473e-07,1.133896609002643527e-06
-2.295260985591592957e-07,5.746310589222238279e-07
1.099089567275158806e-05,-9.084304165121149605e-06
9.916246966653592153e-06,-8.291895908408008307e-06
1.209855198733290183e-05,-6.970119647741831658e-06
1.239138147934151088e-05,-5.050351186775097533e-06
4.636959905842289733e-07,-1.757497545465001285e-07
4.645790260724915766e-07,1.327801998639534505e-06
1.018872757376191411e-05,-7.060266486428991439e-06
8.945203138677691238e-06,-7.384774455913874208e-06
1.064690545148712447e-05,-5.660875025418079174e-06
1.144307394726474800e-05,-4.124226157256306408e-06
1.228671138612093644e-06,5.771507741500381274e-07
2.138119489589385625e-06,-4.495776848874019511e-07
2.137530552497149201e-06,1.608292469844110492e-06
8.084715352058333111e-06,-6.379911744373941262e-06
7.350790178359584694e-06,-5.294543392043851475e-06
6.746822531356341708e-06,-4.133890687352165090e-06
9.713355649856295662e-06,-4.393127385549636339e-06
1.067694945063409122e-05,-3.059020085466129188e-06
2.869770724761239237e-06,5.764868518159482754e-07
3.768024669134727562e-06,-7.205854889314015715e-07
3.768428497323493453e-06,1.893684373635049328e-06
7.975311400696536752e-06,-4.137974491423424915e-06
6.278747372547260384e-06,-2.914196097243170572e-06
5.263488120198922069e-06,-9.522992010563594920e-07
5.708544449575128007e-06,-1.179633482625844071e-06
5.956487171192042490e-06,-1.637481504657987501e-06
9.056995845771741803e-06,-2.901341867149570356e-06
1.011268677354078644e-05,-1.896734881485789478e-06
4.576639195746432885e-06,3.881544465854447409e-07
5.239953350233596641e-06,2.098457091301598992e-06
7.126972343280646429e-06,-2.044779929556896876e-06
5.724473054981449321e-06,-2.657128677737366840e-07
6.251606759367646237e-06,-1.019701355838334869e-06
8.573901962345556728e-06,-1.534710993373012410e-06
9.774235717937881698e-06,-6.799630357710381107e-07
5.730036200383343616e-06,1.215571580727197147e-06
5.648238956172713244e-06,2.324043674406693060e-06
7.373943932479260925e-06,1.920553874902884473e-08
9.674445796873050167e-06,5.594261515029554466e-07
9.861651886581229050e-06,1.808757718805253350e-06
6.594597093441730091e-06,2.016097470845879277e-06
5.879732882519510997e-06,2.819089973829411467e-06
6.152152289340141519e-06,4.207889696491530550e-06
8.587475499422401464e-06,1.950151669317311560e-06
6.588683291216709748e-06,5.598345342788916942e-06
1.031816535844508327e-05,3.086606764928157306e-06
7.385307759118102782e-06,4.242169744893935020e-06
9.252005392440575474e-06,4.351038447034856843e-06
7.218018680780734163e-06,6.945136598930315548e-06
1.103971742361667613e-05,4.354584908490585055e-06
1.048886074906127551e-05,5.644610350941097423e-06
9.137606620431130728e-06,6.468667959029640146e-06
8.016160698410671173e-06,8.271203616145482240e-06
9.016997695282724377e-06,9.538261173596153104e-06
1.203602306683838312e-05,5.550107149463255885e-06
1.134569021138748181e-05,7.140798547007352472e-06
1.052488486347273127e-05,9.044696571835570409e-06
1.017254530963165994e-05,1.072506903720163306e-05
1.327223324851598713e-05,6.627008894688073350e-06
1.290920900380042130e-05,9.044504889303052955e-06
1.150504131913318960e-05,1.178000180020816305e-05
1.300611122133765340e-05,1.270577603014752269e-05
1.463180813611907177e-05,1.348606101057637813e-05
1.475361665576947653e-05,9.575580053181169144e-06
1.473450017122873617e-05,7.537828319112862042e-06
1.438344361271037734e-05,1.164526286239802616e-05
1.638567404801983282e-05,1.406568140450091724e-05
1.823701086610589550e-05,1.445526884820412560e-05
1.625708152600334564e-05,1.003463461419249927e-05
1.640175319405548623e-05,8.205641505375880978e-06
2.014319103603442405e-05,1.462671371919663147e-05
1.799179763444520893e-05,1.177073152025173121e-05
1.821752404864446719e-05,8.595235938817375802e-06
2.055847105915819433e-05,1.206945154164147721e-05
2.230627858378399434e-05,1.470005177668791067e-05
2.012222626169168593e-05,8.701331647725072215e-06
2.534301876746872714e-05,1.477341543689137043e-05
2.291573976677064442e-05,1.059817417459127827e-05
2.230181809850596060e-05,8.630240706975822652e-06
2.966077264827585887e-05,1.488477081044013100e-05
2.749277987820992745e-05,1.141635526601668889e-05
2.534457091676490669e-05,8.538441432624703539e-06
3.556235385867543712e-05,1.500292473732949943e-05
3.257845975899237767e-05,1.166404626899165298e-05
2.966128959035452037e-05,8.434871228837985516e-06
4.189928412764472440e-05,1.509942937952603686e-05
3.870161117098943552e-05,1.166542624772566601e-05
3.556204074229149450e-05,8.325225955974214687e-06
4.839117489898881049e-05,1.517604715426802388e-05
4.512170942389328465e-05,1.166748111413451263e-05
4.189868150852884106e-05,8.233397606776639234e-06
5.500448208089052404e-05,1.523579707549425174e-05
5.167966797373956461e-05,1.166962399847804767e-05
4.839048752505480707e-05,8.161017931905440332e-06
6.170988718661001287e-05,1.528132429727359679e-05
5.834339984958070553e-05,1.167174749443554107e-05
5.500372166214003480e-05,8.105630367122351041e-06
6.848433527716639880e-05,1.531520561603298724e-05
6.508686451567961806e-05,1.167363794090403097e-05
6.170921654247201122e-05,8.064039457065640481e-06
7.530889140502930392e-05,1.533916290532163116e-05
7.188940266468606133e-05,1.167526078564572561e-05
6.848378456652798438e-05,8.033758603996141162e-06
8.216714815841575357e-05,1.535478608181463367e-05
7.873347615277099989e-05,1.167658838806641327e-05
7.530853233045898773e-05,8.012695379221969883e-06
8.904409047908350475e-05,1.536290312995782542e-05
8.560347865599390990e-05,1.167777537684188199e-05
8.216689429299961088e-05,7.999639977438918173e-06
1.037894271359441191e-04,1.496143405609861104e-05
1.028117669242042259e-04,1.536638591370157706e-05
9.212694919452776507e-05,1.167872605757243637e-05
9.592775538140126048e-05,1.536581777640398010e-05
8.904373842444997158e-05,7.993706443443314159e-06
1.041943867548758183e-04,1.398378362842941877e-05
1.018808682691488743e-04,1.167933788007174995e-05
9.592759636736874183e-05,7.992303432101619676e-06
1.041943407898849851e-04,9.374924137876707489e-06
1.028116813856743398e-04,7.992272202097082124e-06
1.037893683539901376e-04,8.397241650020185577e-06
