Size 192,2
6.858142872614682783e-05,-1.002359366786750579e-05
6.884672793892368233e-05,-9.383274728438093307e-06
6.884701959029496240e-05,-6.364534036007552164e-06
6.858175806872598295e-05,-5.724226240078233312e-06
6.794099248869218640e-05,-1.028879891549917944e-05
6.673980578503022488e-05,-7.873925947171873474e-06
6.794136868758517372e-05,-5.459022434473391908e-06
6.343173801125113369e-05,-1.028725960211590159e-05
6.343224625386373447e-05,-5.460209413900903386e-06
6.094433427376362176e-05,-7.873441022798415606e-06
5.892803532431099703e-05,-1.028200967393503948e-05
5.892856365393545174e-05,-5.464287969796905763e-06
5.667958975097281958e-05,-7.873127208927618466e-06
5.443570679047796107e-05,-1.027379163849348325e-05
5.443568485936870903e-05,-5.471754897745000246e-06
5.219447409816718020e-05,-7.872594146286237380e-06
4.996024336567410557e-05,-1.026148701538725747e-05
4.996021786955474322e-05,-5.483207791260141887e-06
4.773023488416128007e-05,-7.872152775087113203e-06
4.551156966571394559e-05,-1.024195530799456589e-05
4.551176894857994547e-05,-5.502028877256991958e-06
4.330019375491666759e-05,-7.871556865519065881e-06
4.110629927856202491e-05,-1.021245671899416677e-05
4.110700363097552983e-05,-5.530279863398505840e-06
3.892362632408789629e-05,-7.870840284766077039e-06
3.676508247212319046e-05,-1.017238771513740718e-05
3.676590774327152534e-05,-5.568467384479437145e-06
3.462103185658353259e-05,-7.869882876942283452e-06
3.250698617461364047e-05,-1.012302741614981962e-05
3.250728653866605727e-05,-5.615285591805840232e-06
3.040931547291734067e-05,-7.868700034859266282e-06
2.834636264495907825e-05,-1.006655299718893744e-05
2.834588694915164000e-05,-5.669015401412031259e-06
2.630080722931106660e-05,-7.867244843147893615e-06
2.429344550430210202e-05,-1.000433970613752248e-05
2.429229595342803153e-05,-5.728427473267873424e-06
2.238416767341470126e-05,-7.865192594251063657e-06
2.051494513903188511e-05,-9.937214626056383411e-06
2.051342770334032618e-05,-5.794468522395898240e-06
1.912332441299546655e-05,-8.022155047358395862e-06
1.774002596288184466e-05,-9.877647130074696191e-06
1.773757121366349688e-05,-5.852735652184131450e-06
1.577498132957574448e-05,-9.827913385686242503e-06
1.614382983174148060e-05,-8.538550227477191098e-06
1.577227242660060680e-05,-5.888405376215011101e-06
1.437332474745205489e-05,-5.925537106616620488e-06
-2.259159479055126152e-06,-3.562978620772434302e-07
-2.305381175206674334e-06,-2.451158326140098776e-07
-2.305142412004590358e-06,1.690911379477068456e-07
-2.259155206131081143e-06,2.787499018249119832e-07
1.437000550117926097e-05,-9.793919436810863939e-06
1.312343063569656586e-05,-9.692542655803950514e-06
1.407813208781097134e-05,-7.378451021726217094e-06
1.311370879561585155e-05,-5.854638857694944426e-06
-2.148445161259720916e-06,-4.022897301606627852e-07
-2.036712517054656392e-06,5.186649044992538602e-08
-2.149397665850709934e-06,3.244851254725373014e-07
1.271961389205005302e-05,-8.506370129286479196e-06
1.190987912580542296e-05,-9.445354645962472453e-06
1.075289184779920075e-05,-9.076036775070978928e-06
1.234583141948842987e-05,-6.895800150341441544e-06
1.192371593436385345e-05,-5.581103839842958584e-06
-1.397591321490967756e-06,-4.141811686444092416e-07
-1.397154937208951860e-06,3.367352390897505233e-07
-1.008719205083706837e-06,-3.891077251434788986e-08
9.667459741088008999e-06,-8.575647195339217949e-06
1.059329183088684189e-05,-7.866112480891577049e-06
1.099091234704520031e-05,-6.362894887073549858e-06
1.082787936393113222e-05,-5.120910925662509461e-06
-5.887166335298993208e-07,-4.812389076799407089e-07
-5.890740879904800110e-07,4.025228442658953158e-07
-1.133530888016005989e-07,-3.989028337308510081e-08
8.657172347683212170e-06,-7.970750575366136718e-06
7.744652227780394503e-06,-7.270296018486528354e-06
9.608507259448958551e-06,-6.130964056604089808e-06
9.854761264638577458e-06,-4.488610521746086149e-06
4.297275231982326412e-07,-6.257848622047855052e-07
4.293727657396571322e-07,5.448277239586668482e-07
7.976583538315732587e-06,-6.202980108003283096e-06
6.936707718594296370e-06,-6.476366546807197763e-06
8.361199957143338558e-06,-5.012554246818251111e-06
9.028169765258700516e-06,-3.723374022649052760e-06
1.024063948992851946e-06,-4.119083795115748890e-08
1.727109638401923243e-06,-8.329205013540191548e-07
1.725634270762330982e-06,7.508624974127314084e-07
6.227822666634335100e-06,-5.612128452379515121e-06
5.643028833486608459e-06,-4.702972165542441008e-06
5.179148783684453156e-06,-3.741445532894792344e-06
7.579524845580543085e-06,-3.950071406222205883e-06
8.365728127051205124e-06,-2.859533710497839798e-06
2.290467294419809936e-06,-4.460593315248814296e-08
2.978023510139351380e-06,-1.035757883643647739e-06
2.977797053602100559e-06,9.600957801302682336e-07
6.159882239397036253e-06,-3.739704443729398791e-06
4.827232096399169875e-06,-2.751024761472149650e-06
4.106854812072775797e-06,-1.206757226120190677e-06
4.434440106277480221e-06,-1.380267191819613470e-06
4.608872596826474766e-06,-1.735874726241185203e-06
7.034963267817265917e-06,-2.732823969693990962e-06
7.873471874719209238e-06,-1.934905669325181896e-06
3.595112924154685556e-06,-1.908099153299884012e-07
4.111463496784048504e-06,1.110550740022498928e-06
5.506607438599521467e-06,-2.050606854622686093e-06
4.457231620656282190e-06,-6.826542526775054509e-07
4.844824572447557343e-06,-1.256227929912527148e-06
6.644707601446122122e-06,-1.648255074786059322e-06
7.567302547794401264e-06,-9.883724850884397326e-07
4.480585544839302929e-06,4.420613777977552651e-07
4.434179073061075778e-06,1.278043071774413581e-06
5.712515162004922627e-06,-4.484243879259649500e-07
7.462457513845917040e-06,-4.030890271091407999e-08
7.559105622971194038e-06,8.944794417821892237e-07
5.145335939705816171e-06,1.051154773574776800e-06
4.621188879409585224e-06,1.639333732143597589e-06
4.849947015426560617e-06,2.639933535440438194e-06
6.621863111664949438e-06,1.012168435421622274e-06
5.194828535522728248e-06,3.616119839420083087e-06
7.853412113293046565e-06,1.839095893067899989e-06
5.750297726547283482e-06,2.672910621246237719e-06
7.084622149901203762e-06,2.749255422204040449e-06
5.660248356467884169e-06,4.550649598949826986e-06
8.329165670840509947e-06,2.751114274650297808e-06
7.936980697100767438e-06,3.656505510378552506e-06
7.005961263085885870e-06,4.225811216038956187e-06
6.235751587759350118e-06,5.447844331589416074e-06
6.930716624147593520e-06,6.288968999198675960e-06
8.982278594344369314e-06,3.596716831127079057e-06
8.512833089685584349e-06,4.680877289821980714e-06
7.959418536414255738e-06,5.956633214186494905e-06
7.723200257148946083e-06,7.061505456326079264e-06
9.789988870294836858e-06,4.343693498657746008e-06
9.546631034501594198e-06,5.950928943621453378e-06
8.616882820093326484e-06,7.741751306467183042e-06
9.603580073725606406e-06,8.327113483074198564e-06
1.066126477227610183e-05,8.808222668844348984e-06
1.074630322903154318e-05,6.298024084018413016e-06
1.073688541421440128e-05,4.963716165148132185e-06
1.050736050407933677e-05,7.635618170182637088e-06
1.178554389641616259e-05,9.161964967479100665e-06
1.295916507508963726e-05,9.390544183149652932e-06
1.171163952060349999e-05,6.596765198905103257e-06
1.180284490920635168e-05,5.419352476105048312e-06
1.415975869295427919e-05,9.482303121809853739e-06
1.281402581579212212e-05,7.700564696278902813e-06
1.295330007586325923e-05,5.691096769743091052e-06
1.442304655288730694e-05,7.884455971762367892e-06
1.550521207296913186e-05,9.509610333834261889e-06
1.415192454720409701e-05,5.773132690227887059e-06
1.737866265856253238e-05,9.536915775920548058e-06
1.588871781305430429e-05,6.969941825853138742e-06
1.550344473563128079e-05,5.746415412416775946e-06
2.000664373355701410e-05,9.578298070878370877e-06
1.869454887207167482e-05,7.476448838971539620e-06
1.737907563066134478e-05,5.711965351954659387e-06
2.355006147686113823e-05,9.622601529631422332e-06
2.176589424382318201e-05,7.627466669726006690e-06
2.000653343734688102e-05,5.673347173034586346e-06
2.731396295637994638e-05,9.660419808490149738e-06
2.542057983332434351e-05,7.628010114494587317e-06
2.354984743649412424e-05,5.632269931483476807e-06
3.114006791312364837e-05,9.692375010162923747e-06
2.921723635613478637e-05,7.628992148335218404e-06
2.731364254314147012e-05,5.596614905986589339e-06
3.501901012097508053e-05,9.719700882404710548e-06
3.307117432229654292e-05,7.629850013609847033e-06
3.113981334177034555e-05,5.566591865170787909e-06
3.894392234198845314e-05,9.743461440826410938e-06
3.697409214325143894e-05,7.630740610732551560e-06
3.501869760126842719e-05,5.540970078900101318e-06
4.290858440451563474e-05,9.763794843930133279e-06
4.091992687748294023e-05,7.631484137233348326e-06
3.894354453088187510e-05,5.518799850038965723e-06
4.690677417756659157e-05,9.780493498010893396e-06
4.490244218767917091e-05,7.631979003430156480e-06
4.290828143792768060e-05,5.499651669109941444e-06
5.093204187140539711e-05,9.793256764736658811e-06
4.891537164993432654e-05,7.632228148308656685e-06
4.690657998884428581e-05,5.483757151918319252e-06
5.497713789754022804e-05,9.801941009501087873e-06
5.295189905714969337e-05,7.632413216333163949e-06
5.093194236433171433e-05,5.471464393628763516e-06
6.367235570968792435e-05,9.568433014832636199e-06
6.309565671543191766e-05,9.807289579381066249e-06
5.679325940809473960e-05,7.632422568401747403e-06
5.903433500428921965e-05,9.806367846694929836e-06
5.497711573664155582e-05,5.462988105500942470e-06
6.391123402938688510e-05,8.991764766435928385e-06
6.254637148017478060e-05,7.632427484251926378e-06
5.903430425923085820e-05,5.458450064452554919e-06
6.391119459170169833e-05,6.273116996983811353e-06
6.309561370089616385e-05,5.457593792178726903e-06
6.367231366434286774e-05,5.696450538084293699e-06
