Size 192,2
-6.903224489435263924e-05,1.072645534451946024e-05
-6.928783156552762118e-05,1.010945965501626665e-05
-6.928776201525368810e-05,7.200713252295529525e-06
-6.903216620939589565e-05,6.583716563450499775e-06
-6.841520996918021410e-05,1.098201267810156400e-05
-6.725776567630166870e-05,8.655088047641559579e-06
-6.841512014409782401e-05,6.328160509059051360e-06
-6.407081667145615679e-05,1.098146534199514531e-05
-6.407071985727516290e-05,6.328911696960744318e-06
-6.167320639940845981e-05,8.655279842676168078e-06
-5.972876118518785995e-05,1.097996020065188201e-05
-5.972888616546921951e-05,6.330906106547011911e-06
-5.755913020539070180e-05,8.655535860197371837e-06
-5.539085864679541932e-05,1.097784280873015470e-05
-5.539115704994416090e-05,6.333713841327388973e-06
-5.322339938570592571e-05,8.656225948305597544e-06
-5.105807298268862294e-05,1.097496215396350187e-05
-5.105787637956327554e-05,6.337820717204019946e-06
-4.889335539301719436e-05,8.656982597821538688e-06
-4.673249087659580610e-05,1.097055680190764572e-05
-4.673190331325312671e-05,6.344084772844367533e-06
-4.457268085737835656e-05,8.657754210798182073e-06
-4.241891094123702641e-05,1.096293009535255216e-05
-4.241848080079380404e-05,6.353592200727679346e-06
-4.026749002916951714e-05,8.658535882340361256e-06
-3.812467619245797320e-05,1.095077198808366977e-05
-3.812476952814495109e-05,6.367582546507720685e-06
-3.598608583271440742e-05,8.659405009944601305e-06
-3.385881255385377812e-05,1.093350517431498269e-05
-3.385940854128231537e-05,6.386610148830053265e-06
-3.173796206147623110e-05,8.660319057085695066e-06
-2.963178834411445348e-05,1.090962932411260263e-05
-2.963279048483967145e-05,6.412263670179379693e-06
-2.753478382284767602e-05,8.661271058027952325e-06
-2.545727561143472348e-05,1.087646016463741843e-05
-2.545810847565221682e-05,6.447184810547436159e-06
-2.347511477564368898e-05,8.661790561128971544e-06
-2.151854810555933842e-05,1.083200436408298378e-05
-2.151882019403688395e-05,6.495064590077358203e-06
-2.005959701635001471e-05,8.829189866319116673e-06
-1.859929404394830807e-05,1.078527068586472679e-05
-1.859822461444530619e-05,6.544689282536394703e-06
-1.652190830905524827e-05,1.074089055398912090e-05
-1.691382480405213354e-05,9.377402398744425716e-06
-1.651951323132724462e-05,6.578750940061075237e-06
-1.503688496475965225e-05,6.616500865911655793e-06
2.345494137474867045e-06,7.743035435750771173e-07
2.392267732469330155e-06,6.616388411209526175e-07
2.391932078889138557e-06,2.426597884064812669e-07
2.345418813183163652e-06,1.318652051501093780e-07
-1.503348238990129695e-05,1.070833409056754789e-05
-1.371164033371948569e-05,1.060285846283464683e-05
-1.472456367364036989e-05,8.153241976149624073e-06
-1.370135404062904473e-05,6.541852907127210321e-06
2.233366353121028196e-06,8.210032451696364250e-07
2.120653152658657240e-06,3.615939265734278567e-07
2.234498304122686098e-06,8.577259845531139789e-08
-1.328376454668478602e-05,9.347570722665999530e-06
-1.242573948060486491e-05,1.034177648289701620e-05
-1.119998977484388441e-05,9.950556016480815473e-06
-1.288680691547917226e-05,7.644117226911458085e-06
-1.243894090878036148e-05,6.254849924475786947e-06
1.474281510463971682e-06,8.345006041086864854e-07
1.474031768838181485e-06,7.349603418540963857e-08
1.080440395269866559e-06,4.544914582512044919e-07
-1.005240804763405558e-05,9.419991790181989782e-06
-1.103039511980228850e-05,8.670275113646822794e-06
-1.145087442832312265e-05,7.081993697494628727e-06
-1.127758514793150822e-05,5.772668187910627039e-06
6.534964711230119267e-07,9.058716786524304596e-07
6.539377621990888201e-07,4.345267824214448863e-09
1.683133521234156248e-07,4.556956175631192228e-07
-8.985382645981592622e-06,8.779671678491055440e-06
-8.024614154453031862e-06,8.040089589408866758e-06
-9.989054915368387159e-06,6.838301199581184917e-06
-1.024815716051718562e-05,5.110004414537789174e-06
-3.882089101615546172e-07,1.058241832839010281e-06
-3.879718428812382130e-07,-1.458229040248043977e-07
-8.268872912826265111e-06,6.914804702316983197e-06
-7.175695971231440386e-06,7.202688120896468100e-06
-8.673702233061325622e-06,5.662764557175562281e-06
-9.375377568448304045e-06,4.309015429113765541e-06
-1.000081703326716889e-06,4.568754105460740660e-07
-1.727237036875534383e-06,1.277748918987831908e-06
-1.725798211036126621e-06,-3.646746417692047504e-07
-6.431526476289891171e-06,6.293545934019979752e-06
-5.819447436474227751e-06,5.339981590826422982e-06
-5.333863253330544741e-06,4.331848798732674985e-06
-7.852137404412526552e-06,4.548583102223561495e-06
-8.677499481657843536e-06,3.405774480691124921e-06
-2.310955866376203517e-06,4.600680256231490090e-07
-3.026851855612728104e-06,1.493344689060370334e-06
-3.026811355127060211e-06,-5.883497274814757749e-07
-6.361913121393349053e-06,4.329497543261745771e-06
-4.965146589848065086e-06,3.295000829267460547e-06
-4.207129487887525197e-06,1.676246997863149712e-06
-4.551313680310881861e-06,1.859042021570806161e-06
-4.735193698270599716e-06,2.231901835070346252e-06
-7.280481887231218870e-06,3.274398589104810383e-06
-8.159953272965701117e-06,2.439195473138948840e-06
-3.670088367481255390e-06,6.121046209632436033e-07
-4.209052532092215034e-06,-7.498817034414345282e-07
-5.677172127863617687e-06,2.561513877592699235e-06
-4.573945454647386731e-06,1.128113268928296975e-06
-4.982155790897430832e-06,1.729674071809883776e-06
-6.871162482207412558e-06,2.140185224841575979e-06
-7.839639336260736905e-06,1.449514687010091414e-06
-4.595962075738391957e-06,-5.028923452151292774e-08
-4.544873929118646523e-06,-9.269422679667211168e-07
-5.892400840585561697e-06,8.846914607236832632e-07
-7.731485913376861521e-06,4.571235933412388334e-07
-7.838922296119285124e-06,-5.241679257213120869e-07
-5.292389209647962061e-06,-6.885884557764865453e-07
-4.739096871719368410e-06,-1.309122006202219676e-06
-4.974419191398905105e-06,-2.368822860821944259e-06
-6.849519373063608887e-06,-6.460091590722901516e-07
-5.332826040476236244e-06,-3.408582554155100514e-06
-8.156949900888313894e-06,-1.518739375135339945e-06
-5.925831982465659170e-06,-2.401834068619131898e-06
-7.342088113343171957e-06,-2.482408682054109830e-06
-5.822226444643621930e-06,-4.406287779695614255e-06
-8.670495403584383050e-06,-2.483909171577995347e-06
-8.253647938852242297e-06,-3.448070950821253013e-06
-7.256621482296448728e-06,-4.057350451036390487e-06
-6.430945193190281350e-06,-5.370943744053075904e-06
-7.172728737515270799e-06,-6.280014479711479425e-06
-9.378044774208216619e-06,-3.382049372164365398e-06
-8.873369985707061069e-06,-4.545609718835138104e-06
-8.276690093941982217e-06,-5.921761611281089971e-06
-8.021654700894655042e-06,-7.120446223518369878e-06
-1.025505706345671007e-05,-4.179138778758297134e-06
-9.992029640520495133e-06,-5.916702445507078719e-06
-8.985028112444893748e-06,-7.862716342090422784e-06
-1.005552542029968195e-05,-8.505768656343599510e-06
-1.120722570968463896e-05,-9.039335743893654236e-06
-1.129786967673054853e-05,-6.293569391918147936e-06
-1.128686962984668665e-05,-4.844048092087577366e-06
-1.103682634404538127e-05,-7.753198910014058430e-06
-1.243753942043697772e-05,-9.433192402133566850e-06
-1.372705031234011888e-05,-9.691649116647056477e-06
-1.235337410934825861e-05,-6.618439622161300454e-06
-1.245397997717186743e-05,-5.331823067228175704e-06
-1.504934558123490439e-05,-9.799270226033065333e-06
-1.356340102789377311e-05,-7.829848209401530726e-06
-1.371815507396771162e-05,-5.620093850416934304e-06
-1.533869404891612860e-05,-8.033835163042553058e-06
-1.653841097539783064e-05,-9.837076790934933044e-06
-1.503873166673826798e-05,-5.703856840029836591e-06
-1.861874202403707729e-05,-9.874696369462259275e-06
-1.696125009151737623e-05,-7.021038842503835808e-06
-1.653634111942151001e-05,-5.666623540788588877e-06
-2.155229062434068022e-05,-9.931499362907133033e-06
-2.008470127510272882e-05,-7.582246280265788955e-06
-1.861982111140479031e-05,-5.618633492726210290e-06
-2.552740970821549261e-05,-9.990832837774355532e-06
-2.352329384628107991e-05,-7.750104884346039279e-06
-2.155285410437586779e-05,-5.564860792954261326e-06
-2.976333278030198845e-05,-1.003791965330029107e-05
-2.763115004065472922e-05,-7.750230306366407356e-06
-2.552763867677066475e-05,-5.508887477651409938e-06
-3.407415792734657387e-05,-1.007409565847985936e-05
-3.190761746949255371e-05,-7.750849240309175788e-06
-2.976325878362917545e-05,-5.463167577241956730e-06
-3.844081259498567551e-05,-1.010069440007164007e-05
-3.624935081154395623e-05,-7.751727538294043662e-06
-3.407377368900640647e-05,-5.428597651233432170e-06
-4.284697423356944408e-05,-1.011965177738034548e-05
-4.063812935910127725e-05,-7.752559737965307609e-06
-3.844036555069291043e-05,-5.403663586180505553e-06
-4.728041901242771567e-05,-1.013271827835806201e-05
-4.505972399206045921e-05,-7.753407117636352606e-06
-4.284647669823169955e-05,-5.386334631483570628e-06
-5.173176365878855891e-05,-1.014128575431362876e-05
-4.950354567916978165e-05,-7.754329130789199259e-06
-4.727998591299203333e-05,-5.374969124231165045e-06
-5.619372127660838824e-05,-1.014623304478571830e-05
-5.396138613927428321e-05,-7.755138881113485887e-06
-5.173149273014493731e-05,-5.368159842313812502e-06
-6.066034825636080027e-05,-1.014818603844461019e-05
-5.842665185926183309e-05,-7.755648411062890794e-06
-5.619370225216482125e-05,-5.364561775109132779e-06
-7.022650819944722055e-05,-9.885422778233592713e-06
-6.959233926627733744e-05,-1.014811929162530267e-05
-6.266120935515838756e-05,-7.756096890270090533e-06
-6.512710630831318773e-05,-1.014819387087843213e-05
-6.066011679176684190e-05,-5.363724917507079303e-06
-7.048918347917127770e-05,-9.251226740544417354e-06
-6.898854424813246646e-05,-7.756388357520682146e-06
-6.512691661266172113e-05,-5.364237818667610189e-06
-7.048904412457229112e-05,-6.261634888710409746e-06
-6.959216309418543524e-05,-5.364717718981231519e-06
-7.022635276286201382e-05,-5.627424386113300666e-06
