Size 192,2
-1.338105209595322892e-04,1.847356088888009776e-05
-1.343532363950264983e-04,1.716348985892792833e-05
-1.343529515541108871e-04,1.098722933872755549e-05
-1.338101922168426976e-04,9.677103034304428570e-06
-1.325003187222682452e-04,1.901618101129300307e-05
-1.300421915382851776e-04,1.407529297626138979e-05
-1.324999196265892146e-04,9.134456564078460603e-06
-1.232741615906772124e-04,1.901392307249093693e-05
-1.232735254893855637e-04,9.136363631030314665e-06
-1.181822215609706347e-04,1.407509375453241710e-05
-1.140561105345804785e-04,1.900398924039199542e-05
-1.140550535196925618e-04,9.145797602835435526e-06
-1.094532600039358589e-04,1.407464952991445877e-05
-1.048642774481789512e-04,1.898240051680407430e-05
-1.048633389934065628e-04,9.166572345840741598e-06
-1.002822462202971346e-04,1.407436292325967632e-05
-9.572358098263924065e-05,1.894676222065520219e-05
-9.572251389846574935e-05,9.201647053363806185e-06
-9.117640162347821753e-05,1.407400314551513000e-05
-8.666305707798608910e-05,1.889467705637282865e-05
-8.666201707754500356e-05,9.252947402680260379e-06
-8.216632599870125875e-05,1.407364936212155806e-05
-7.771398848029900316e-05,1.882563513617888340e-05
-7.771295794970455029e-05,9.321696546791742881e-06
-7.328399024747719371e-05,1.407348903303023605e-05
-6.890941576254799286e-05,1.873802867973510300e-05
-6.890891223651869006e-05,9.409422476619659520e-06
-6.456417429019581519e-05,1.407355372618135090e-05
-6.028699291194233433e-05,1.862889694457846377e-05
-6.028726460323323227e-05,9.518833733990928280e-06
-5.604716054501201821e-05,1.407381167861954875e-05
-5.188964616811325605e-05,1.849649144771869545e-05
-5.189018048841032937e-05,9.651618023758713562e-06
-4.777675542152032522e-05,1.407417020624592034e-05
-4.376061982431756435e-05,1.833988898548468465e-05
-4.376040497318468755e-05,9.809344324130201350e-06
-3.995368272553353919e-05,1.407335874861204364e-05
-3.625329252678509623e-05,1.816200633678814641e-05
-3.625202451113858647e-05,9.994396779927008782e-06
-3.350799626458663896e-05,1.438345521700257422e-05
-3.080879128624260512e-05,1.799808125212459586e-05
-3.080417908430536017e-05,1.016394943284892348e-05
-2.700280681000634340e-05,1.785600791540631644e-05
-2.770179678127021253e-05,1.538136805809505296e-05
-2.699595709677132829e-05,1.027169467993013887e-05
-2.431562597556306140e-05,1.038609548004794554e-05
3.500857248527726241e-06,1.250146376217665223e-06
3.571446985693528862e-06,1.080099417515710656e-06
3.570958355489965372e-06,4.476331064768975318e-07
3.500761173081860740e-06,2.803914882557867804e-07
-2.430441718607843446e-05,1.775643410330426152e-05
-2.194458343990267506e-05,1.753154994298226503e-05
-2.373493099998458418e-05,1.315636787702301239e-05
-2.191176878965294823e-05,1.029923044519197389e-05
3.331603117888433567e-06,1.320648753505129620e-06
3.161294427005213831e-06,6.272888678173538329e-07
3.333322434137097134e-06,2.108612745742324996e-07
-2.116974374414242458e-05,1.527973867790529189e-05
-1.966825963915729998e-05,1.702390124766211437e-05
-1.752844365785371269e-05,1.630376451563689657e-05
-2.046215510443285599e-05,1.226302883085914374e-05
-1.967734900588830150e-05,9.845413543806418884e-06
2.185217895621135682e-06,1.340553505333670556e-06
2.184884061968467113e-06,1.929905871172043408e-07
1.591271256703064489e-06,7.674223460370236106e-07
-1.555505056853807830e-05,1.533843965195441419e-05
-1.722210683194140400e-05,1.405120319518514624e-05
-1.795178929601601902e-05,1.129359304115370961e-05
-1.764651196190852587e-05,9.062036247593591054e-06
9.486787100958978686e-07,1.445416124223580703e-06
9.492203112463674096e-07,9.102176802517515414e-08
2.200562126093332908e-07,7.688989529805895750e-07
-1.374015504014472969e-05,1.420445378730678293e-05
-1.213776144970162395e-05,1.292050711021685225e-05
-1.543658052663707595e-05,1.088113663623697887e-05
-1.586726127172480473e-05,7.973678884255838305e-06
-6.140090973456547008e-07,1.670280385453416120e-06
-6.138672742500908601e-07,-1.315643976269943647e-07
-1.254739378840830826e-05,1.100304143944516030e-05
-1.074996377056352177e-05,1.148062151604163712e-05
-1.321751983258318899e-05,8.908304232087623872e-06
-1.437545887010068335e-05,6.675037597541406042e-06
-1.529469883480571391e-06,7.699415306577726623e-07
-2.614756543277219857e-06,1.993068861826099418e-06
-2.612664239008650716e-06,-4.553057200842780884e-07
-9.545909610304096978e-06,9.944830268720637162e-06
-8.589856163294401576e-06,8.375071074624103586e-06
-7.860807152721526259e-06,6.733145285441473373e-06
-1.186691743624514402e-05,7.073884464194190474e-06
-1.319279377991835705e-05,5.236815273388234391e-06
-3.485316418164963432e-06,7.743044096441319728e-07
-4.549903660168187273e-06,2.309215741461781276e-06
-4.550757558280932139e-06,-7.855709172739051538e-07
-9.473331362425629448e-06,6.720351481269606915e-06
-7.320553589196196486e-06,5.078757110966453617e-06
-6.284712615391271480e-06,2.575198527720031985e-06
-6.777512244018233085e-06,2.849299847055728367e-06
-7.026228067181798702e-06,3.417893462974399730e-06
-1.093633605011862857e-05,5.030995752309534248e-06
-1.231043918094027449e-05,3.727802362129947143e-06
-5.505410271822205922e-06,1.000879897550003530e-06
-6.327115333416587305e-06,-1.026320840673917225e-06
-8.441834989109024980e-06,3.917219694216063734e-06
-6.829523543987528569e-06,1.757702130415934702e-06
-7.414235395282042338e-06,2.653162028067218596e-06
-1.028755478826545449e-05,3.264137351827054700e-06
-1.174925369328188743e-05,2.218126921348693526e-06
-6.895424671915271090e-06,7.527002711249308288e-09
-6.846432817230373623e-06,-1.286474398164125521e-06
-8.795533414337773217e-06,1.364602653594085846e-06
-1.154010650203821466e-05,7.307821528342832030e-07
-1.162532161997926333e-05,-7.066415432484184238e-07
-7.946380421764635992e-06,-9.459464862245140054e-07
-7.154418122490874168e-06,-1.834384045415282256e-06
-7.542380494695426500e-06,-3.326464371177914476e-06
-1.020252758873110025e-05,-9.045184207865395367e-07
-8.101080234522916120e-06,-4.741535684593336944e-06
-1.201233712848566854e-05,-2.147596913183529288e-06
-8.899989898565284282e-06,-3.388308850874728326e-06
-1.086820707538058029e-05,-3.500319778492720900e-06
-8.811979050326568152e-06,-6.079109670711763148e-06
-1.265457710319171446e-05,-3.503125170181533141e-06
-1.207845746317527655e-05,-4.814704244677944396e-06
-1.075793855379843309e-05,-5.624080155953034229e-06
-9.669352752727107311e-06,-7.326320420627616277e-06
-1.066485552350628247e-05,-8.469253316002913810e-06
-1.352825003310692186e-05,-4.739651249715901439e-06
-1.287288150525785309e-05,-6.259293739092075649e-06
-1.210813324333702313e-05,-8.010823691700458228e-06
-1.178395095353049888e-05,-9.491402225368872903e-06
-1.460264656325138603e-05,-5.810388232050362855e-06
-1.426979731471526294e-05,-7.995434547346186381e-06
-1.301334969457582278e-05,-1.037973784485412894e-05
-1.433559083611109411e-05,-1.112210475838846148e-05
-1.573243559894760635e-05,-1.170761009858753375e-05
-1.585369192926366037e-05,-8.458371567378057985e-06
-1.584557817399000266e-05,-6.680806100893147274e-06
-1.554324876207283061e-05,-1.020687507957917611e-05
-1.718623437233548481e-05,-1.213041763243115793e-05
-1.867592726052365735e-05,-1.238397434361675278e-05
-1.710494162550568802e-05,-8.854275605436915262e-06
-1.721869561802130455e-05,-7.323594333561980258e-06
-2.018382592750691144e-05,-1.246665883370611765e-05
-1.851203229182325958e-05,-1.026330042233568138e-05
-1.867973524434843167e-05,-7.719505734502153530e-06
-2.051789562106980715e-05,-1.048676657615380933e-05
-2.183835318235795929e-05,-1.246214069713526291e-05
-2.018425040996677124e-05,-7.855166788525665256e-06
-2.410896674138215444e-05,-1.245738655208088473e-05
-2.231953018433192060e-05,-9.364569999233860080e-06
-2.183805097251477983e-05,-7.860656191365117767e-06
-2.721624710539731655e-05,-1.244950739570168614e-05
-2.568136519810949896e-05,-9.984095332974825921e-06
-2.410827411279091041e-05,-7.868793287644718968e-06
-3.130023700427610368e-05,-1.244206522430043656e-05
-2.926054834124841567e-05,-1.016446528380930885e-05
-2.721573542510387104e-05,-7.878538846177625060e-06
-3.554389079897646823e-05,-1.243815379046874979e-05
-3.342342555589779361e-05,-1.016575786815105836e-05
-3.129980488203887995e-05,-7.888274313370458146e-06
-3.978124294339353573e-05,-1.243800388053518915e-05
-3.766282186987507320e-05,-1.016691431858958202e-05
-3.554346125287693227e-05,-7.894558692212147295e-06
-4.401998354450212193e-05,-1.244215780197851595e-05
-4.189945095804583491e-05,-1.016808147755316391e-05
-3.978081262424454899e-05,-7.896977189118478837e-06
-4.826878025612485327e-05,-1.245010842084672894e-05
-4.614192890300927144e-05,-1.016917599647822521e-05
-4.401967626573508854e-05,-7.895108450186878301e-06
-5.253420441877622673e-05,-1.245982075756363555e-05
-5.039839190117030983e-05,-1.017003302900941085e-05
-4.826863437749688253e-05,-7.889107232677087186e-06
-5.681744549063801958e-05,-1.246875795207182320e-05
-5.467292701752214721e-05,-1.017074987581193493e-05
-5.253401392215142489e-05,-7.880982880490704990e-06
-6.111499438675426497e-05,-1.247489033446601685e-05
-5.896423991912475525e-05,-1.017123481940026575e-05
-5.681723839425993465e-05,-7.873224232340873249e-06
-6.541967413920786792e-05,-1.247727637873565365e-05
-6.326668795360703215e-05,-1.017160548812811601e-05
-6.111476557673666053e-05,-7.867968759325483165e-06
-7.463971881845360044e-05,-1.222365147868611016e-05
-7.402854073311642183e-05,-1.247683003683056729e-05
-6.734841032196669088e-05,-1.017178844479043312e-05
-6.972516633926943979e-05,-1.247719995609462289e-05
-6.541959776807030453e-05,-7.866119661373931183e-06
-7.489287503810125037e-05,-1.161244448517262986e-05
-7.344676278524271261e-05,-1.017188044409411443e-05
-6.972518084888697340e-05,-7.866505361512322216e-06
-7.489289525056153660e-05,-8.731305239129228215e-06
-7.402856374014444012e-05,-7.866917687569227645e-06
-7.463974070651875907e-05,-8.120096905548193452e-06
