Size 192,2
1.428900068477625599e-05,-7.084056198886758580e-07
1.438289426820746964e-05,-4.818788756216495699e-07
1.438301721066491127e-05,5.862866764521284560e-07
1.428914198803153119e-05,8.127938167140154091e-07
1.406236421013124671e-05,-8.022145790217312344e-07
1.363698024711794263e-05,5.218805323651287814e-08
1.406253394702238967e-05,9.065950399054197045e-07
1.246581364361018113e-05,-8.005135610681326433e-07
1.246601146132838082e-05,9.049521763135887155e-07
1.158581474345120419e-05,5.224628188773696700e-08
1.087566722766767343e-05,-7.923440154414210751e-07
1.087549091517652132e-05,8.971223442766668034e-07
1.008637573074051130e-05,5.227116698873641624e-08
9.308173182105098582e-06,-7.745055332825535818e-07
9.307489244537659864e-06,8.795235536050543761e-07
8.536719332986708017e-06,5.249052348462673777e-08
7.783402652115329226e-06,-7.458244096364404892e-07
7.782616484592302090e-06,8.513870377662720624e-07
7.040572373884647594e-06,5.295814044922906047e-08
6.321787305795514904e-06,-7.072883390082991618e-07
6.321007523073213711e-06,8.140224974182172614e-07
5.616078353828145001e-06,5.372357763014965091e-08
4.939523308163398742e-06,-6.607667418921692587e-07
4.938581713514977055e-06,7.691414805055766938e-07
4.277550753677587292e-06,5.492248643149406464e-08
3.649114288678912664e-06,-6.072734133001889036e-07
3.648412773858886053e-06,7.181637726085404891e-07
3.036956616037359723e-06,5.645862583939540247e-08
2.461940042224124787e-06,-5.472812062383987416e-07
2.461437660391067573e-06,6.617640345932988677e-07
1.905161476532482817e-06,5.843127417855335107e-08
1.389158229757018505e-06,-4.810379257160589576e-07
1.388525666615093576e-06,5.999680717247845819e-07
8.928502670683122214e-07,6.069965380817926089e-08
4.401926439714904943e-07,-4.090960637291059394e-07
4.392109772065205794e-07,5.327117854304013429e-07
2.486101727905385853e-08,6.346671061177869346e-08
-3.453610423815458172e-07,-3.325343462752883179e-07
-3.466701986321295682e-07,4.579252085303293460e-07
-6.118108802771720368e-07,3.829954088833932067e-08
-8.411182008234576239e-07,-2.641546616772950221e-07
-8.435942114026157514e-07,3.906447907585635001e-07
-1.138579127135414712e-06,-2.051689041899355694e-07
-1.099312301674675345e-06,-3.280602117057627527e-08
-1.142132573590392063e-06,3.480493113039267888e-07
-1.323350895163343917e-06,3.021556877397594790e-07
5.508628851817332818e-07,-4.814449130895154307e-07
5.617428234849738717e-07,-5.074022367518483233e-07
5.617127790710216358e-07,-6.050257682197830398e-07
5.508289889434505999e-07,-6.310426700490726044e-07
-1.327139000201000478e-06,-1.636713863296512810e-07
-1.460591389498576339e-06,-1.182926115173245694e-07
-1.376033232576990259e-06,1.253898100678002614e-07
-1.476877240931228466e-06,2.656901688159378047e-07
5.249627332672513602e-07,-4.708451369081828983e-07
4.984388537329142928e-07,-5.780440453459919045e-07
5.248187353987220466e-07,-6.421444970476266631e-07
-1.514440896647885094e-06,1.682168799450213065e-08
-1.570354146605054409e-06,-5.124898449604349045e-08
-1.645432741357504259e-06,1.040171677833721690e-08
-1.554622392555831519e-06,1.608644594398449671e-07
-1.586220717757091421e-06,2.358804723837668686e-07
3.482867106043216193e-07,-4.701372308904856947e-07
3.473744986172540621e-07,-6.475078461837949537e-07
2.560574356626563649e-07,-5.601802233729926448e-07
-1.683418620022592108e-06,8.316846064058932112e-08
-1.666791572011667664e-06,1.050195946380372618e-07
-1.647008483229265593e-06,1.830316093703600791e-07
-1.661818772079743103e-06,2.037177419583885158e-07
1.569563024406567177e-07,-4.564967954022717347e-07
1.561672933250672657e-07,-6.666855086797328828e-07
4.347644290114860536e-08,-5.631443634018511145e-07
-1.697958786296149276e-06,1.396757568512178999e-07
-1.675746016980757593e-06,1.771755832885045244e-07
-1.697679695409602896e-06,1.850931316912026818e-07
-1.706892467456104593e-06,1.697810099389734069e-07
-8.562680544547006919e-08,-4.244806386478659990e-07
-8.673044212404647794e-08,-7.054159269045363378e-07
-1.679568555800147712e-06,1.943577824573260078e-07
-1.624234965087439149e-06,2.045676845023454370e-07
-1.695866063823692706e-06,1.703249084332504128e-07
-1.727644803636520044e-06,1.091659011691852205e-07
-2.287140682513413050e-07,-5.667064833943730586e-07
-3.976923442858753558e-07,-3.763406869532826366e-07
-3.987883442566400917e-07,-7.609280792717244553e-07
-1.565090136419955399e-06,2.045006539632555270e-07
-1.477270842683398387e-06,1.577549320557369023e-07
-1.373986600480348134e-06,8.824473477816778723e-08
-1.655069622937947708e-06,1.165395441246048432e-07
-1.733300933399914204e-06,1.021223682437367922e-08
-5.347501287329588729e-07,-5.697447234417537796e-07
-7.026330489322290874e-07,-3.267760346729725255e-07
-7.029834154181271858e-07,-8.169148792666423100e-07
-1.514943357318324444e-06,9.817169408618925748e-08
-1.280369220350870692e-06,-2.183455750064951830e-08
-1.001550868333803552e-06,-2.822249394097393418e-07
-1.102851137484736575e-06,-2.439267418382646454e-07
-1.173310457391514701e-06,-1.748710255631877756e-07
-1.616509160625959132e-06,-7.552192735348874216e-09
-1.744218482340225484e-06,-1.304775053069561008e-07
-8.555023250136258691e-07,-5.376325764836138364e-07
-9.588595377917163085e-07,-8.550716384821918280e-07
-1.373181460109615930e-06,-1.097897246730246102e-07
-1.087792811482514285e-06,-4.075385132243214966e-07
-1.206745202365143716e-06,-2.703022060974751621e-07
-1.568948960717723273e-06,-1.774366427821276193e-07
-1.768746849352709294e-06,-3.163118322412725504e-07
-1.056452191295424625e-06,-6.844619320930840998e-07
-1.015027264466743350e-06,-9.005128257673175504e-07
-1.385857208336656560e-06,-4.306248425442166724e-07
-1.800004151719527643e-06,-5.341975913316204419e-07
-1.908788231907112170e-06,-7.885092804189396833e-07
-1.201500044811158567e-06,-8.300897738591255742e-07
-1.039371954538864219e-06,-1.013002743034795243e-06
-1.054213562264989247e-06,-1.353339681480094967e-06
-1.626324305380777487e-06,-7.981302741651769853e-07
-1.112457856321811059e-06,-1.736515543566178812e-06
-2.076370890402511965e-06,-1.064986314222324423e-06
-1.338194302512466615e-06,-1.348261274747243354e-06
-1.814830377359374212e-06,-1.378038501127819587e-06
-1.247991701389340623e-06,-2.125624810918815207e-06
-2.324441458895238409e-06,-1.379873719239691026e-06
-2.181232600363472491e-06,-1.736325457573816457e-06
-1.780448523616602796e-06,-1.978642216354353513e-06
-1.443732267047407047e-06,-2.545718436256070341e-06
-1.731955545357424496e-06,-2.972989861421182177e-06
-2.673447847356747116e-06,-1.699670159393952344e-06
-2.458641119758737632e-06,-2.190944272392095934e-06
-2.195773262365495566e-06,-2.814048780430033542e-06
-2.080639274987790330e-06,-3.398029473590697473e-06
-3.110826738074290867e-06,-2.011176380998609266e-06
-2.991937538557214383e-06,-2.822958526255394430e-06
-2.514784946174636877e-06,-3.786354874159566468e-06
-3.035989440971565898e-06,-4.146193295247679349e-06
-3.618416242635125419e-06,-4.469984687962350994e-06
-3.653407426366836499e-06,-3.010874157632227091e-06
-3.642098044907881181e-06,-2.293497553258534845e-06
-3.516988912494929788e-06,-3.768389792212000512e-06
-4.273913583309292070e-06,-4.716906480631831838e-06
-4.988977014565622190e-06,-4.898948322445837875e-06
-4.212862086041628959e-06,-3.175383905008450080e-06
-4.269985841658530400e-06,-2.498592275544344588e-06
-5.738215154348244134e-06,-4.994568816008869244e-06
-4.876905473915247583e-06,-3.840870754485293488e-06
-4.971007695283025887e-06,-2.607895489125980581e-06
-5.898117614169208447e-06,-3.966069367393148196e-06
-6.617829299628761092e-06,-5.057435134730928268e-06
-5.720534227295001538e-06,-2.623804219790977506e-06
-7.880232487029208407e-06,-5.121831009279184567e-06
-6.856762012929094336e-06,-3.366296314195403973e-06
-6.613342033326931180e-06,-2.564389592621238003e-06
-9.743346025484750966e-06,-5.222446728457583568e-06
-8.792623636791335531e-06,-3.704577730400652481e-06
-7.880959258486243318e-06,-2.485582772125214072e-06
-1.238864241235382807e-05,-5.333852013618678129e-06
-1.103466473499186687e-05,-3.812542873931697607e-06
-9.743044035038698716e-06,-2.393666375811746559e-06
-1.532551775175345420e-05,-5.430226840997648183e-06
-1.382783651477991330e-05,-3.815195032721393498e-06
-1.238780068552056279e-05,-2.292730513196025154e-06
-1.842097870728904348e-05,-5.511455740296099471e-06
-1.684824261626878590e-05,-3.818461536231027569e-06
-1.532444150651268933e-05,-2.203382689399788686e-06
-2.164815878662774702e-05,-5.577657344816080072e-06
-2.001429828138183141e-05,-3.821541309085333901e-06
-1.841998919835369960e-05,-2.128582063859545409e-06
-2.497960654984165982e-05,-5.629303427549660306e-06
-2.329815405071622051e-05,-3.824357431903573693e-06
-2.164725044227567687e-05,-2.068289407236644031e-06
-2.838919497258734280e-05,-5.667028609798723303e-06
-2.667299321456723297e-05,-3.826801525666491966e-06
-2.497879976500555095e-05,-2.021937818672435989e-06
-3.185290288225662946e-05,-5.691968818419829400e-06
-3.011359424542778230e-05,-3.828651154329949746e-06
-2.838861248273504137e-05,-1.988518896047312336e-06
-3.534869873103772494e-05,-5.705782354789875811e-06
-3.359689521988569732e-05,-3.830032339722593073e-06
-3.185247595064801299e-05,-1.966770316069995689e-06
-3.885812927767951023e-05,-5.711423384199854227e-06
-3.710210471268802221e-05,-3.831152337427168091e-06
-3.534832988712196058e-05,-1.955446401612683095e-06
-4.637915625283431798e-05,-5.506167976414556335e-06
-4.588060969555165570e-05,-5.712682644974224785e-06
-4.043119716479040749e-05,-3.831920675140885545e-06
-4.237013068546236616e-05,-5.712631286347360100e-06
-3.885786942959902531e-05,-1.951741293624018977e-06
-4.658565950811927438e-05,-5.007605995396092051e-06
-4.540596769601888037e-05,-3.832462758395405091e-06
-4.237000421188507509e-05,-1.951776716757607361e-06
-4.658565240735681860e-05,-2.657336886160362955e-06
-4.588056456680719144e-05,-1.952205492180595618e-06
-4.637913846557009597e-05,-2.158738952849478784e-06
