Size 192,2
7.968675272131547644e-05,-1.083838889834768884e-05
8.002157280677651020e-05,-1.003023108650286950e-05
8.002129889331451604e-05,-6.219723899436466244e-06
7.968643505446885923e-05,-5.411508552081552634e-06
7.887845130610914165e-05,-1.117310480938628068e-05
7.736152933151004105e-05,-8.124923460247283536e-06
7.887806196995909792e-05,-5.076766236482698833e-06
7.318604102079545755e-05,-1.117068741761988161e-05
7.318542098653775616e-05,-5.078920926954820938e-06
7.004509828632330521e-05,-8.124752989058084597e-06
6.750168049663475285e-05,-1.116071929918494070e-05
6.750113920016641126e-05,-5.088685954264653494e-06
6.466676706920149946e-05,-8.124441061973912832e-06
6.184445121393787603e-05,-1.113904886064830313e-05
6.184444669271437899e-05,-5.109570126138239602e-06
5.903088880675316764e-05,-8.124287210498304675e-06
5.623881312109565522e-05,-1.110383730243023714e-05
5.623855793906266660e-05,-5.144454397799212115e-06
5.345996818243987074e-05,-8.124181767530067822e-06
5.071192264518055573e-05,-1.105508547635824208e-05
5.071138341049312236e-05,-5.193161438705963611e-06
4.798113503583701820e-05,-8.124172832966233132e-06
4.528927258551034940e-05,-1.099408374968882809e-05
4.528861254309906540e-05,-5.254226884519408364e-06
4.261761864526851263e-05,-8.124027733158257277e-06
3.999113733549925252e-05,-1.092292223279040226e-05
3.999063477434181566e-05,-5.325117549115428651e-06
3.738722806041799618e-05,-8.123708487297934323e-06
3.483327257019690562e-05,-1.084326898479291617e-05
3.483318979946643692e-05,-5.404130690928922193e-06
3.230443720523671648e-05,-8.123379647605667080e-06
2.983079277899748608e-05,-1.075419539903744079e-05
2.983113845182021543e-05,-5.492389463356785233e-06
2.738575457990024875e-05,-8.122942364252144472e-06
2.500295036072741292e-05,-1.065206110728681181e-05
2.500317888131737277e-05,-5.593760571614578238e-06
2.274640680522518248e-05,-8.121616816580527900e-06
2.055784264023762875e-05,-1.053673283602599751e-05
2.055747235168153825e-05,-5.711842817544347299e-06
1.893598941396130455e-05,-8.303646671348497305e-06
1.734698209496322443e-05,-1.043041280312830270e-05
1.734412018324435009e-05,-5.820469354238316967e-06
1.511128191809129862e-05,-1.033827472549208748e-05
1.551915495128418989e-05,-8.888319509439203978e-06
1.510650324193827991e-05,-5.889347020945114685e-06
1.353662705213981168e-05,-5.962822446793775968e-06
-1.852074010651986857e-06,-8.997101916549373684e-07
-1.888817853219980692e-06,-8.110950759108198010e-07
-1.888496985865379864e-06,-4.819276912366035826e-07
-1.851969835332167110e-06,-3.949646008052795648e-07
1.352994229735810971e-05,-1.027364341291060332e-05
1.215230423582406216e-05,-1.013650873632215182e-05
1.319426439718854144e-05,-7.583520855817370124e-06
1.213005182285660279e-05,-5.919172883060930474e-06
-1.763912474329575118e-06,-9.365085766705931610e-07
-1.675413844680472296e-06,-5.756558379871323498e-07
-1.764891446273912165e-06,-3.588856056406111221e-07
1.169812088180516295e-05,-8.820570451315332101e-06
1.082663330472842496e-05,-9.833334061260442450e-06
9.585167306925197918e-06,-9.408903954358961103e-06
1.128453250305249908e-05,-7.064325652992989164e-06
1.082813934694274082e-05,-5.663825180841355451e-06
-1.167412792440292238e-06,-9.476800481939461813e-07
-1.167351352592140367e-06,-3.497748549912745255e-07
-8.581911851231530792e-07,-6.492136365745109844e-07
8.446223342797545778e-06,-8.841551337094939850e-06
9.405395905440826917e-06,-8.099443230398153999e-06
9.827094866938914121e-06,-6.503748428406632569e-06
9.648587424553022255e-06,-5.220278621130752317e-06
-5.227807085884788937e-07,-1.004049832727022745e-06
-5.230714227510291821e-07,-2.952775645173398635e-07
-1.412571813774246203e-07,-6.499697541665530384e-07
7.402405852625467025e-06,-8.179864347237020755e-06
6.487922804232842043e-06,-7.435697286112587957e-06
8.374646187675470848e-06,-6.266031876541164085e-06
8.618710114357606522e-06,-4.602773682064606840e-06
2.967143459238145252e-07,-1.124346883101603827e-06
2.966960472417482427e-07,-1.759236728995353139e-07
6.721719132225928993e-06,-6.332868077726469766e-06
5.703393039142111110e-06,-6.604097736272982892e-06
7.101730610573132127e-06,-5.137486367345977950e-06
7.757830949284824152e-06,-3.870870163572640801e-06
7.789276275522488805e-07,-6.504193429838976084e-07
1.352282676601905003e-06,-1.297576599510535557e-06
1.351157448732703078e-06,-1.977384147017207938e-09
5.025982035778031930e-06,-5.722798453308769634e-06
4.497989115138093023e-06,-4.833054109338858726e-06
4.104542812147072153e-06,-3.907526233994734361e-06
6.335500862075692244e-06,-4.097032029165489004e-06
7.076892567764369087e-06,-3.068402540337838697e-06
1.812639614328264800e-06,-6.527277397226931159e-07
2.377298699412314600e-06,-1.467485700711939596e-06
2.378077300043231685e-06,1.763576988911100401e-07
4.995614474792600771e-06,-3.897880173425847885e-06
3.817291402061787462e-06,-2.984458283591548696e-06
3.293519329019549542e-06,-1.610655527013947904e-06
3.550340804949893999e-06,-1.758950502668299286e-06
3.675220782354857447e-06,-2.068510599360344955e-06
5.809770689231382006e-06,-2.954001782495877559e-06
6.566474205362364999e-06,-2.236391318706077711e-06
2.884103858292249094e-06,-7.733151555818260774e-07
3.328340976302806606e-06,3.075710844524897737e-07
4.437914190338076596e-06,-2.339168673299174742e-06
3.583745650066570320e-06,-1.174166046296228586e-06
3.889463994437638450e-06,-1.653456275251951245e-06
5.448223078491308603e-06,-1.981519632615601589e-06
6.236759119134847418e-06,-1.416180590925595242e-06
3.628992119698333564e-06,-2.409514970232472703e-07
3.610975207355067513e-06,4.462044170521584297e-07
4.636735673692657091e-06,-9.547908575217285944e-07
6.107903138052090568e-06,-6.177749099715223047e-07
6.129266168349457850e-06,1.426795182596585882e-07
4.194886567995542743e-06,2.692464960842813138e-07
3.780985914877840202e-06,7.333328294022836949e-07
3.998534361788813351e-06,1.505793715114115682e-06
5.383191346537266358e-06,2.536983820049537753e-07
4.303483394062322219e-06,2.223583429286583547e-06
6.309761791208306704e-06,9.005056782250422018e-07
4.706698713932247919e-06,1.542335856177077196e-06
5.717722986472736355e-06,1.599189386605494631e-06
4.676768959590050355e-06,2.895557317476309844e-06
6.617196760160476361e-06,1.600216967801728094e-06
6.321659250783935089e-06,2.265106830453321155e-06
5.661967473509032306e-06,2.670263599558485525e-06
5.119491909611375724e-06,3.508960515501902820e-06
5.619486012056159788e-06,4.061329546764801936e-06
7.033275211219261292e-06,2.230789716228281581e-06
6.709363494312679257e-06,2.983016137111793158e-06
6.334132781454228470e-06,3.836945379879730142e-06
6.175982153741360279e-06,4.545585540733685330e-06
7.543660951821840277e-06,2.768880261896188965e-06
7.381297053409959034e-06,3.826182133808973410e-06
6.775717481051218787e-06,4.962146252704673771e-06
7.408479289794255203e-06,5.302191967350971498e-06
8.069759285928920512e-06,5.561361333199079896e-06
8.130556365560408569e-06,4.046698129764443881e-06
8.128591625696283095e-06,3.199586643042405193e-06
7.985291710502366149e-06,4.868052926299273414e-06
8.746740152503331971e-06,5.745618881773686543e-06
9.430443347324463769e-06,5.848574459725342260e-06
8.714098932893497013e-06,4.234445546609596383e-06
8.765677273798770519e-06,3.518450929796406256e-06
1.011671283443398477e-05,5.874149329121824423e-06
9.362631804440285722e-06,4.884137953374249111e-06
9.436358653859418076e-06,3.718751988522158313e-06
1.027005377964087136e-05,4.982901801903719191e-06
1.085669405432254463e-05,5.857706291403281597e-06
1.012081392351729016e-05,3.792366434077602934e-06
1.186011172958773652e-05,5.840938186533737146e-06
1.107574738978077756e-05,4.481522681191391120e-06
1.085753679644109313e-05,3.808989994512217970e-06
1.320341743323681655e-05,5.814852626703092300e-06
1.254658763506572426e-05,4.757089378379978090e-06
1.185963317783915585e-05,3.831310862408631429e-06
1.492720732730137855e-05,5.787245290316769158e-06
1.407337292877237193e-05,4.835327613795523395e-06
1.320351005801788483e-05,3.857103885397845763e-06
1.667885294442566886e-05,5.765489099095461096e-06
1.580984205074634411e-05,4.835695019262044849e-06
1.492730036402867402e-05,3.884196789123262893e-06
1.839560565059705283e-05,5.749269152968369641e-06
1.754226188684363441e-05,4.835756160798074164e-06
1.667894669844776224e-05,3.906121102634267020e-06
2.008745002731644351e-05,5.738183088644571771e-06
1.924486076870515424e-05,4.835796165485622513e-06
1.839551016623020336e-05,3.922425337130746131e-06
2.176324676284655381e-05,5.731201794999483437e-06
2.092741016075375107e-05,4.835769716955373734e-06
2.008737505802501468e-05,3.933364040710627081e-06
2.342986575519185328e-05,5.726866080893301225e-06
2.259773368592067291e-05,4.835642519724050216e-06
2.176329541676986481e-05,3.940153412441249926e-06
2.509105793452968896e-05,5.723372161345950531e-06
2.426146211617030861e-05,4.835393542418308048e-06
2.343004171050142744e-05,3.944151498484349849e-06
2.674583111664091808e-05,5.719536135461995001e-06
2.591971890410319588e-05,4.835246458191177518e-06
2.509116275427921827e-05,3.947368269751687196e-06
2.839273633500998594e-05,5.715558362071636444e-06
2.757060412341455461e-05,4.835129254944541804e-06
2.674589769875461819e-05,3.950946754704530377e-06
3.190343688746763234e-05,5.616252369973175031e-06
3.167075884001122727e-05,5.712642510547254851e-06
2.912824836623482841e-05,4.835114645184129886e-06
3.003312966634744477e-05,5.713124747031380528e-06
2.839273868708841109e-05,3.954732959481438529e-06
3.199981275196128245e-05,5.383553331218153139e-06
3.144937697353904433e-05,4.835123145522810845e-06
3.003312608185583417e-05,3.957119998529319041e-06
3.199980022600200195e-05,4.286699571883608892e-06
3.167074807194661211e-05,3.957614313283839637e-06
3.190342433675880129e-05,4.054003429810681796e-06
