Size 192,2
-8.333601755858977131e-05,1.281274690445002019e-05
-8.365077268798104982e-05,1.205306592141022843e-05
-8.365112725719119687e-05,8.471665501794736956e-06
-8.333641917343680866e-05,7.712008939974467729e-06
-8.257619778811157605e-05,1.312739230855601226e-05
-8.115103754745086229e-05,1.026241648221074313e-05
-8.257666136070735937e-05,7.397372778691194804e-06
-7.722588119847244715e-05,1.312563508483507873e-05
-7.722655986595972706e-05,7.399127536088230298e-06
-7.427439788356679290e-05,1.026227096217593584e-05
-7.188265568717377334e-05,1.311815148378671860e-05
-7.188357016129806024e-05,7.406388513082698455e-06
-6.921681794824184879e-05,1.026237788823234075e-05
-6.655955937702341793e-05,1.310373577574597204e-05
-6.656010102410195252e-05,7.420977861613575234e-06
-6.390815779426486291e-05,1.026223393927238563e-05
-6.127030613160372409e-05,1.308214904487212471e-05
-6.127111746450831131e-05,7.442433557153538021e-06
-5.864066834684637325e-05,1.026222118678147192e-05
-5.602776136615515083e-05,1.305521051357016274e-05
-5.602874312528021702e-05,7.469274494146318817e-06
-5.342455346447761290e-05,1.026212385226612938e-05
-5.083958703435020621e-05,1.302518955104483275e-05
-5.084047720747413994e-05,7.498618559742949289e-06
-4.826460637740104731e-05,1.026182673155087575e-05
-4.570873217584623451e-05,1.299370556886493973e-05
-4.570915136678160916e-05,7.528994782259099925e-06
-4.316239625002509932e-05,1.026130126795488222e-05
-4.063666151795568369e-05,1.296056544890127024e-05
-4.063644770831086967e-05,7.561143982951235788e-06
-3.812034314546335246e-05,1.026081860982551168e-05
-3.562674388349635349e-05,1.292443879825803906e-05
-3.562620024687692197e-05,7.596677002918236917e-06
-3.314359138076531909e-05,1.026047216933918376e-05
-3.068633223048599853e-05,1.288254466458405392e-05
-3.068570179652080766e-05,7.638443191914251021e-06
-2.834012158065491642e-05,1.025990174367138445e-05
-2.602365579124477199e-05,1.283225156448075557e-05
-2.602284362161175923e-05,7.690548063285114534e-06
-2.429453398869800779e-05,1.045778178652961228e-05
-2.256041574037502548e-05,1.278238615726364692e-05
-2.255886286778693956e-05,7.742084159702994768e-06
-2.008894865919573202e-05,1.273605760994608306e-05
-2.055749488912443474e-05,1.111027746069362017e-05
-2.008627746235744881e-05,7.776897928772411175e-06
-1.831773580105772501e-05,7.815321763741450093e-06
2.891018950683382224e-06,6.718811628662489864e-07
2.949175586406708188e-06,5.318855648756944070e-07
2.948800509912263889e-06,1.081391756752835698e-08
2.890954795809107007e-06,-1.270525241146876655e-07
-1.831445776101256164e-05,1.270212971674541495e-05
-1.673349468122909238e-05,1.258062907897349000e-05
-1.794746633642325259e-05,9.650255830482330026e-06
-1.672313372342713295e-05,7.718921272808233747e-06
2.751667502358076310e-06,7.298455118207935696e-07
2.611335081860536326e-06,1.584629457511417435e-07
2.752961977343491952e-06,-1.844920517637458999e-07
-1.622320796511428671e-05,1.108017019872663390e-05
-1.519252262944767009e-05,1.227388514516574161e-05
-1.371923329632442331e-05,1.180852974487351459e-05
-1.574822589681949185e-05,9.038183482691783808e-06
-1.521023984934194942e-05,7.366388616162352178e-06
1.807419422899795042e-06,7.457939024245608946e-07
1.806995927772565797e-06,-2.000180727872307879e-07
1.317652128583481491e-06,2.733146975740721813e-07
-1.233559551236816872e-05,1.117590136828103526e-05
-1.351674984036442413e-05,1.027187134571649373e-05
-1.402257221808105854e-05,8.360026610351691648e-06
-1.381430408480906048e-05,6.777609846558430667e-06
7.874868167866099679e-07,8.328598952338555241e-07
7.879830105658389785e-07,-2.848371798346036245e-07
1.861252255185907898e-07,2.747082905798209924e-07
-1.104608324652825591e-05,1.040773261400660711e-05
-9.880472176116711363e-06,9.516723548294250094e-06
-1.225964272060634797e-05,8.064467938710033826e-06
-1.257328528551953047e-05,5.970608755648271322e-06
-5.027586435028734926e-07,1.019699636212777332e-06
-5.024136484644902186e-07,-4.689345674222349666e-07
-1.017614653206776739e-05,8.156928193747690258e-06
-8.847596168189503582e-06,8.506020102322715988e-06
-1.066689698127093731e-05,6.638829613914525832e-06
-1.151839558479919484e-05,4.993714416384358913e-06
-1.259089928193643204e-06,2.761932467200910403e-07
-2.156322683800499730e-06,1.287958927723771626e-06
-2.154580301805981172e-06,-7.363730208445639707e-07
-7.940791861042518802e-06,7.404611798676119519e-06
-7.191597272711403649e-06,6.244814015572782769e-06
-6.595638353455954136e-06,5.017379664471718946e-06
-9.667695269667408054e-06,5.283441084756267070e-06
-1.067290040567528728e-05,3.890208715459356128e-06
-2.876229159403488896e-06,2.801653991873339219e-07
-3.757379201221702463e-06,1.550964494907072134e-06
-3.757257814041675795e-06,-1.008546044574160130e-06
-7.851587373300783270e-06,5.015416659566087211e-06
-6.142460119418166529e-06,3.751907532940696400e-06
-5.208432437145888513e-06,1.773143812562279229e-06
-5.631350182315910158e-06,1.996459015508356510e-06
-5.857871655867842481e-06,2.452631664630804614e-06
-8.971261647227907215e-06,3.728723965497058822e-06
-1.004531361519822957e-05,2.707649078433344246e-06
-4.548851691803380223e-06,4.671898614813152642e-07
-5.210163187192030075e-06,-1.204307990544017316e-06
-7.011832072581969041e-06,2.856409581575039876e-06
-5.658715149861055077e-06,1.100239253982696127e-06
-6.159617930190122366e-06,1.837565523965068651e-06
-8.471315506545173089e-06,2.341155705597353328e-06
-9.656575752797214843e-06,1.494889643200183415e-06
-5.685137566358938791e-06,-3.453161474221466862e-07
-5.622347823414893560e-06,-1.420636464377515523e-06
-7.273652103923594480e-06,8.022303165390906112e-07
-9.525158531682696174e-06,2.778627497974642027e-07
-9.656785170708896921e-06,-9.257330767092087286e-07
-6.538366597183292642e-06,-1.127841941951592408e-06
-5.860459968455886359e-06,-1.888198898617893177e-06
-6.149355626869225757e-06,-3.185439521092322069e-06
-8.445194935312249374e-06,-1.075279533469396732e-06
-6.588988724275583975e-06,-4.457600914134031138e-06
-1.004529538566993008e-05,-2.144510072705955878e-06
-7.314370767546087388e-06,-3.226039374049402356e-06
-9.047707077261639950e-06,-3.324687036424630847e-06
-7.188698515152146708e-06,-5.678067095800859135e-06
-1.067254969486774623e-05,-3.326609610624725731e-06
-1.016232909381444215e-05,-4.506482221784107459e-06
-8.943388940807431517e-06,-5.251562211380854041e-06
-7.934168650651109760e-06,-6.857082141601073505e-06
-8.841545107867468685e-06,-7.967319976360813565e-06
-1.153630530402544969e-05,-4.426109866457720369e-06
-1.091953656133606729e-05,-5.848596945817598165e-06
-1.019081968112610927e-05,-7.529729584846635523e-06
-9.879386025400706126e-06,-8.992749815582422678e-06
-1.260657219236635494e-05,-5.401332761739249702e-06
-1.228517796800041869e-05,-7.523301747614173551e-06
-1.105591367562769297e-05,-9.898082800791150387e-06
-1.236199860153638942e-05,-1.068176357439293875e-05
-1.376666589533002468e-05,-1.133162616636429395e-05
-1.387796880569052007e-05,-7.983032063232043407e-06
-1.386495947667007949e-05,-6.214084817697152815e-06
-1.355930328736784067e-05,-9.763590558601623626e-06
-1.526623691929870642e-05,-1.181135501409050185e-05
-1.683799609679122004e-05,-1.212621864334941127e-05
-1.516463303921407544e-05,-8.379261723965541044e-06
-1.528749309631235198e-05,-6.810149093462825920e-06
-1.844904781216733062e-05,-1.225752157168619702e-05
-1.663887301552954986e-05,-9.856191318539830851e-06
-1.682769046986631046e-05,-7.162214901806145356e-06
-1.880147801618750026e-05,-1.010470537304598532e-05
-2.026358500801994772e-05,-1.230465530369470452e-05
-1.843629255621710692e-05,-7.264189507205444451e-06
-2.279978962032767369e-05,-1.235275149704066038e-05
-2.077814900814349761e-05,-8.869122478696012837e-06
-2.026086030778443930e-05,-7.217714600346097629e-06
-2.638345851051924343e-05,-1.242857146444713062e-05
-2.458845826044188431e-05,-9.553039552818461851e-06
-2.280106352806861978e-05,-7.155644130958016640e-06
-3.125858366651402349e-05,-1.251356989301718363e-05
-2.879677410841836126e-05,-9.757783964808260698e-06
-2.638399945315600374e-05,-7.082492260443705331e-06
-3.648235184397097145e-05,-1.258877420715834921e-05
-3.384737387321215053e-05,-9.757334382133327376e-06
-3.125879232238504036e-05,-7.000601126261081390e-06
-4.183631699015597053e-05,-1.265424299624958801e-05
-3.913880633316728602e-05,-9.757230442743913929e-06
-3.648245420420746928e-05,-6.925855869028677938e-06
-4.730430623530149401e-05,-1.271080363427542184e-05
-4.455251192063122755e-05,-9.757030754511299893e-06
-4.183633586389420226e-05,-6.860153184911722956e-06
-5.287020317250338490e-05,-1.275867373470601396e-05
-5.007215172763589188e-05,-9.756887432143852309e-06
-4.730429522522678579e-05,-6.803124347671102980e-06
-5.851750183316692925e-05,-1.279774595881630465e-05
-5.568154009316544678e-05,-9.756871891790256667e-06
-5.287011716915245962e-05,-6.754996947631849051e-06
-6.422897865858096867e-05,-1.282745394254160770e-05
-6.136396843108266974e-05,-9.757057068076785918e-06
-5.851744246833975437e-05,-6.716083963933188387e-06
-6.998562592003126101e-05,-1.284754459068574474e-05
-6.710119173054264995e-05,-9.757540901951883974e-06
-6.422880473853501474e-05,-6.687188173870214847e-06
-7.576955837575437844e-05,-1.285925026151895311e-05
-7.287421451122764939e-05,-9.758075065075099084e-06
-6.998544782522120279e-05,-6.668144752523145626e-06
-8.819116514407892313e-05,-1.252430028764706919e-05
-8.736741700977857482e-05,-1.286548276146454203e-05
-7.836508051418949886e-05,-9.758548944475855827e-06
-8.156681444725440058e-05,-1.286440999090533512e-05
-7.576939056820624794e-05,-6.657470446108664950e-06
-8.853237637718932857e-05,-1.170058906471877646e-05
-8.658295261952448816e-05,-9.758919944028205556e-06
-8.156672745434709738e-05,-6.653061948541302670e-06
-8.853239572184811086e-05,-7.817252576465857550e-06
-8.736740622958541686e-05,-6.652311556945014988e-06
-8.819117708402520145e-05,-6.993509786423419665e-06
