Size 192,2
-5.768278550412999515e-06,2.068884974956899180e-06
-5.769211307979102542e-06,2.066592910975447535e-06
-5.768894064951962127e-06,2.055618846156373534e-06
-5.767913289720388502e-06,2.053270106307145664e-06
-5.766001814197942658e-06,2.069833202930045585e-06
-5.761476683928598022e-06,2.061045077887697495e-06
-5.765560756452214647e-06,2.052296315374490313e-06
-5.750034497307672112e-06,2.069919511803202826e-06
-5.749401354649853842e-06,2.052028436243573036e-06
-5.740830194628103939e-06,2.060992988539079105e-06
-5.733168667735444364e-06,2.071415062943490078e-06
-5.732345126768475462e-06,2.050266804447916901e-06
-5.723237164155534126e-06,2.060650639316016777e-06
-5.711317246835907110e-06,2.075027086115866733e-06
-5.710633050231770492e-06,2.045869532898497172e-06
-5.697327025230953437e-06,2.060311124012958021e-06
-5.679905743041562007e-06,2.080833919016368442e-06
-5.678896552930727580e-06,2.039039854784159623e-06
-5.659443498195390599e-06,2.059607554244143508e-06
-5.634332625988349034e-06,2.088629912417921273e-06
-5.633161765053762685e-06,2.029684191655410970e-06
-5.605410971636257937e-06,2.058636705504190143e-06
-5.571066522381747809e-06,2.097772533219364858e-06
-5.569834345213503110e-06,2.018558756425919008e-06
-5.532215564797094715e-06,2.057437863629475720e-06
-5.487473116629026859e-06,2.107909873051236490e-06
-5.486441963084930689e-06,2.005851921982726049e-06
-5.437841549997375050e-06,2.056001623569758352e-06
-5.381485805713069735e-06,2.119569758505309564e-06
-5.380993853322759640e-06,1.991112753555047006e-06
-5.320201805530971064e-06,2.054346378241859524e-06
-5.249806554120361652e-06,2.134473967096637743e-06
-5.249569165775332830e-06,1.972547402122213689e-06
-5.173314104734899766e-06,2.052624674900470119e-06
-5.082962593681917868e-06,2.156565365335258462e-06
-5.082694122602569197e-06,1.946657999038257232e-06
-4.988333072060649955e-06,2.051148946422286193e-06
-4.874382984101329256e-06,2.188586955264814161e-06
-4.874139884526834057e-06,1.909780218449980684e-06
-4.782990621460187447e-06,2.062746844986335408e-06
-4.667212607543591509e-06,2.223502424772832732e-06
-4.667748798216291126e-06,1.870995949473752285e-06
-4.479906353807104394e-06,2.257338870127929232e-06
-4.527914614133148662e-06,2.115653965179515192e-06
-4.481495980210800690e-06,1.844161085981385326e-06
-4.323933610404320973e-06,1.814503326365416734e-06
9.665069857773496762e-07,-6.367188527429099577e-08
9.869569064208779572e-07,-1.127712936985856738e-07
9.868882471067960963e-07,-2.961859115615103673e-07
9.665156894949766537e-07,-3.448233921052292945e-07
-4.326890848294422585e-06,2.282287405374905776e-06
-4.163495918816508257e-06,2.296272151172774209e-06
-4.302567006971600218e-06,1.988585973124569057e-06
-4.174210848374038056e-06,1.768296171324344856e-06
9.175731460719511149e-07,-4.341479645484941660e-08
8.678807974230898792e-07,-2.444873446959879025e-07
9.178421710528774139e-07,-3.651857144249962600e-07
-4.119042224887312472e-06,2.146439454449690294e-06
-3.987547693783954024e-06,2.296460998879142410e-06
-3.795301210116823472e-06,2.265663769353128817e-06
-4.070074881665435906e-06,1.910516415115753937e-06
-4.003342022800998860e-06,1.682402765260530978e-06
5.849259477270402474e-07,-3.932431765499414741e-08
5.844536859707225174e-07,-3.709655616986456230e-07
4.131741715388154217e-07,-2.055538781189435127e-07
-3.587768260346366423e-06,2.215346240835985746e-06
-3.777858297638198766e-06,2.077255775818535986e-06
-3.848755719468118148e-06,1.810443207625533822e-06
-3.825141858205674028e-06,1.553240362608567226e-06
2.287755448760832096e-07,-1.244069025664634499e-08
2.287012856265577678e-07,-3.992180126753741359e-07
2.088378001756666885e-08,-2.060982378804845909e-07
-3.377297168725646076e-06,2.128410360994285940e-06
-3.157786642025337830e-06,2.004452085591916125e-06
-3.586631305238629138e-06,1.760124307489160118e-06
-3.648474523891243728e-06,1.384758819439368349e-06
-2.151029245178677973e-07,4.718943577245474318e-08
-2.153124566055586794e-07,-4.599375761804129581e-07
-3.212123643062595337e-06,1.782928056528749339e-06
-2.937260065027254241e-06,1.851456404038986401e-06
-3.310337023956582295e-06,1.500165779526755080e-06
-3.483461504112772156e-06,1.164745296564791650e-06
-4.726175524037397565e-07,-2.065254303744308377e-07
-7.753655957268889960e-07,1.332385029237750451e-07
-7.751378134078346634e-07,-5.469198738511876363e-07
-2.732334428133448378e-06,1.659990437134642161e-06
-2.531334460274089567e-06,1.420108540256669433e-06
-2.344974267348473517e-06,1.150186858758382468e-06
-3.104307120905275850e-06,1.220243093782006357e-06
-3.341807503338199218e-06,8.916418350512598878e-07
-1.017922685531621010e-06,-2.060820611559157782e-07
-1.311906145472481163e-06,2.170381782225351675e-07
-1.311332376319842996e-06,-6.333072537002767457e-07
-2.676465593650267761e-06,1.157964387054870430e-06
-2.191520406066463515e-06,8.405780361901935154e-07
-1.808336323355791168e-06,2.881780659432184608e-07
-1.962635718273741390e-06,3.567749602380993508e-07
-2.057578789869406085e-06,4.911621107565539894e-07
-2.952390636069366294e-06,8.484424290627651042e-07
-3.241424078030687468e-06,5.712337756730763576e-07
-1.576418932245988659e-06,-1.453110652885356797e-07
-1.776815761579033602e-06,-6.924737635763643610e-07
-2.417466511587977559e-06,6.134944187051523959e-07
-1.956535618511386039e-06,6.923718281581062292e-08
-2.137320265928395953e-06,3.072843493668557226e-07
-2.827549795729984781e-06,4.689298935967363921e-07
-3.192325232804115020e-06,2.098112738349013803e-07
-1.938335912782575830e-06,-4.046813489786518758e-07
-1.896436085344190666e-06,-7.643272641947200008e-07
-2.474339339540857057e-06,-2.904184719893690882e-09
-3.192875515258751383e-06,-1.768766922065834981e-07
-3.297675232469198378e-06,-5.877557310359745904e-07
-2.203539835304288044e-06,-6.568316914269853704e-07
-1.959211942219249538e-06,-9.316065526076071748e-07
-2.025545285999768418e-06,-1.418455684325221501e-06
-2.867185331789007899e-06,-6.227469131810014248e-07
-2.151037278762764759e-06,-1.931601098378514696e-06
-3.491654307474816086e-06,-1.015771015732451490e-06
-2.448583947391197982e-06,-1.422534682122992953e-06
-3.116806465483633376e-06,-1.462396447674447756e-06
-2.361931406085823489e-06,-2.439258901383322619e-06
-3.787726945173006035e-06,-1.464201733615537925e-06
-3.589429096719078857e-06,-1.941036882846656746e-06
-3.073488190869563627e-06,-2.254182614223404713e-06
-2.643178110973823570e-06,-2.960608407338859108e-06
-3.020556156547981740e-06,-3.473681100892402924e-06
-4.199693620811659942e-06,-1.899856845798708510e-06
-3.930502005240510206e-06,-2.517781848312717011e-06
-3.605984662404792729e-06,-3.277927182607622175e-06
-3.465407419230405046e-06,-3.968560340546269466e-06
-4.713040683869275084e-06,-2.305636172557896056e-06
-4.568172055299640134e-06,-3.282571239915029033e-06
-3.996927256308235703e-06,-4.414442423339140851e-06
-4.614163013238957514e-06,-4.816559332345897806e-06
-5.292863790903843353e-06,-5.167039226474271140e-06
-5.338795674437768444e-06,-3.502281770535539182e-06
-5.328133400743027358e-06,-2.659665600207858781e-06
-5.182082289104508967e-06,-4.375031691988521663e-06
-6.040756848301928279e-06,-5.430809726223671413e-06
-6.843284251934938794e-06,-5.616875902444957840e-06
-5.978655251376036485e-06,-3.693392474221498363e-06
-6.042116590205726906e-06,-2.917979271390639455e-06
-7.677093010672564910e-06,-5.706987321780199310e-06
-6.727393314684180118e-06,-4.442037713587988990e-06
-6.829365481166150416e-06,-3.062599324618867045e-06
-7.857256023281371178e-06,-4.576164559168700366e-06
-8.639578917327026621e-06,-5.756805227161262468e-06
-7.663184091706445547e-06,-3.093812502680561920e-06
-1.000550289676201592e-05,-5.806583665956516991e-06
-8.906551494413278390e-06,-3.920596417954551307e-06
-8.636856619960608762e-06,-3.044766551805685407e-06
-1.198178363065923083e-05,-5.882089585241221214e-06
-1.098246257401143438e-05,-4.285950029216190780e-06
-1.000690088563496342e-05,-2.981267124122089115e-06
-1.472868493484358202e-05,-5.962480792892753112e-06
-1.333261557567980949e-05,-4.398223010340227637e-06
-1.198234413236497382e-05,-2.909597612369455735e-06
-1.772165251886217706e-05,-6.030540171610917681e-06
-1.620432058650426915e-05,-4.397997416783655419e-06
-1.472861446727269799e-05,-2.832952467381384918e-06
-2.083006550565260116e-05,-6.088511191976052015e-06
-1.925767587529585349e-05,-4.398085499528415041e-06
-1.772145529381121277e-05,-2.765524354926669366e-06
-2.403859916324841035e-05,-6.137145439091789836e-06
-2.241900397771734915e-05,-4.397922628492736205e-06
-2.083015862155280482e-05,-2.707430515096924663e-06
-2.732989410032998968e-05,-6.175563392662868484e-06
-2.567215118690609760e-05,-4.397556142063791302e-06
-2.403889405325577161e-05,-2.658333660961318600e-06
-3.068326786915254981e-05,-6.202604490632071764e-06
-2.899812000288643497e-05,-4.396978299062793676e-06
-2.733022557837775542e-05,-2.619093464892809627e-06
-3.407730433017693678e-05,-6.219664774480928627e-06
-3.237505832919925283e-05,-4.396464395696410879e-06
-3.068338252569245456e-05,-2.590889456094574954e-06
-3.749536648856171981e-05,-6.229805392415074226e-06
-3.578333362133318208e-05,-4.396002544832580706e-06
-3.407739222232333788e-05,-2.572829452282660679e-06
-4.092773532882937120e-05,-6.235874841612119779e-06
-3.920972323535721975e-05,-4.395547023847865260e-06
-3.749551401423944922e-05,-2.561798910723946613e-06
-4.830398045900055636e-05,-6.037422258551138139e-06
-4.781468507065718496e-05,-6.240058816677318335e-06
-4.246840521119107898e-05,-4.395130043644800754e-06
-4.436933588469882660e-05,-6.239118465826987565e-06
-4.092794539804010920e-05,-2.554854621375382892e-06
-4.850665714884727360e-05,-5.548178607941251483e-06
-4.734865061231764363e-05,-4.394876352002493485e-06
-4.436939264629638502e-05,-2.550870448831070990e-06
-4.850665184439538854e-05,-3.241573381934081588e-06
-4.781469826258948628e-05,-2.549720580659920435e-06
-4.830398002348395013e-05,-2.752348005403898200e-06
