Size 192,2
9.148818447396111987e-05,-1.378976733977111327e-05
9.183336538723054941e-05,-1.295643246379499534e-05
9.183354649806494113e-05,-9.028180104331265323e-06
9.148838759167589264e-05,-8.194835387373166738e-06
9.065485515699463139e-05,-1.413494883333468684e-05
8.909212789753115510e-05,-1.099230846230680822e-05
9.065508106341491068e-05,-7.849643544951991945e-06
8.478766164826822432e-05,-1.413486579874802728e-05
8.478773987712366535e-05,-7.848932224320109355e-06
8.154806167367949536e-05,-1.099131242028007299e-05
7.891912929834875550e-05,-1.413413170114267468e-05
7.891936791633671379e-05,-7.847389031071376237e-06
7.598420909731502034e-05,-1.099014106234697530e-05
7.304970159484246921e-05,-1.413168903108776306e-05
7.304969900179216944e-05,-7.846535372836094526e-06
7.011519137184919640e-05,-1.098820544075929932e-05
6.718289025565963202e-05,-1.412585820007892963e-05
6.718272048785186950e-05,-7.848183865624694324e-06
6.425172219619872300e-05,-1.098580144671021963e-05
6.132659884205239132e-05,-1.411323400420152262e-05
6.132651374776464180e-05,-7.855929516439985713e-06
5.840522973484550738e-05,-1.098311366239206925e-05
5.549582379477029721e-05,-1.409069168123891690e-05
5.549602782715224282e-05,-7.872899755585201193e-06
5.259419594451465388e-05,-1.098029405246487768e-05
4.971200371775437015e-05,-1.405612290409129157e-05
4.971200192172132808e-05,-7.901518298668619601e-06
4.684167798808895725e-05,-1.097763043753050343e-05
4.399951531204478173e-05,-1.400814050384131954e-05
4.399871161294271338e-05,-7.943870473310833368e-06
4.117299923017857856e-05,-1.097484587788242433e-05
3.838442344171520779e-05,-1.394592427852248543e-05
3.838290399437446694e-05,-8.000635588564694025e-06
3.561520125380625355e-05,-1.097195285696485716e-05
3.289314092587224098e-05,-1.386964735567753243e-05
3.289142739976409980e-05,-8.071849883956597671e-06
3.030230055389334973e-05,-1.096868672402991490e-05
2.776391126178049971e-05,-1.378237587576662433e-05
2.776201569309341374e-05,-8.156845398188498840e-06
2.587374389011811186e-05,-1.118195523756528182e-05
2.399351308527312307e-05,-1.370380332285020505e-05
2.399034478518201872e-05,-8.233805451456903361e-06
2.132176709256510840e-05,-1.363784115395012257e-05
2.182375467857826715e-05,-1.188434991889967255e-05
2.131803959405386719e-05,-8.281217675782380052e-06
1.941476877129478306e-05,-8.331030030351471483e-06
-3.037591597050533827e-06,-8.029533480448957591e-07
-3.099424670347781401e-06,-6.540988042530582034e-07
-3.099013846870819680e-06,-9.995625223016243579e-08
-3.037500515294957198e-06,4.665621601372222530e-08
1.941047031503345517e-05,-1.359239988475874044e-05
1.771418104091328913e-05,-1.345490157522103327e-05
1.901342993256615734e-05,-1.030715038982482851e-05
1.770054514645620544e-05,-8.234270256486729461e-06
-2.889398121167424624e-06,-8.646023369206291550e-07
-2.739985960437460670e-06,-2.570690056720075669e-07
-2.890738352502855416e-06,1.077081984432467340e-07
1.716473433930814244e-05,-1.184132361743831672e-05
1.606285256576583188e-05,-1.311878516038807665e-05
1.448826760304554004e-05,-1.261596492145077750e-05
1.665552101789631622e-05,-9.650538153202446791e-06
1.608064837557261087e-05,-7.862548299648758286e-06
-1.884743898418877836e-06,-8.810678017260332366e-07
-1.884262686650387540e-06,1.238243032142706671e-07
-1.364175421438345787e-06,-3.789157594410357907e-07
1.301209999618990382e-05,-1.193444328734739408e-05
1.427079082515239550e-05,-1.096982103375792926e-05
1.481128155627714281e-05,-8.925811280917303220e-06
1.458875591254099161e-05,-7.237954051864733674e-06
-8.018719340910897585e-07,-9.708150746317164626e-07
-8.022131348103167371e-07,2.120461873211642235e-07
-1.657229655459652901e-07,-3.798006324286289155e-07
1.163845182123708544e-05,-1.111070362877061386e-05
1.039910915693130157e-05,-1.015772806439266363e-05
1.293071974876303924e-05,-8.610334966369809036e-06
1.326420851804733874e-05,-6.380161606828959997e-06
5.607196843896780627e-07,-1.163573500364771112e-06
5.606355125430090476e-07,4.033386242677564803e-07
1.071382632652093015e-05,-8.707336726338360940e-06
9.303613571422443657e-06,-9.078158402883661454e-06
1.123524193296355639e-05,-7.091594002336024800e-06
1.213954333826156278e-05,-5.343492096988198485e-06
1.356213253410054937e-06,-3.806126944379820461e-07
2.297715062376436521e-06,-1.441430477888542002e-06
2.295992970953513705e-06,6.815775325784097756e-07
8.343088611217186113e-06,-7.904166704687881371e-06
7.552675178612088959e-06,-6.671466406495116906e-06
6.927632412279165764e-06,-5.368909751504509626e-06
1.017468488225767184e-05,-5.650951999338109109e-06
1.123853036223209452e-05,-4.175097727384873101e-06
3.052702119225645100e-06,-3.843434238644584152e-07
3.975154499958937731e-06,-1.714473707927510897e-06
3.975163715918656628e-06,9.650942765414165460e-07
8.252747463424078586e-06,-5.366004897790542874e-06
6.454234228091570233e-06,-4.029422500823099821e-06
5.490360121724570253e-06,-1.945278004915869275e-06
5.929841068963822553e-06,-2.179187440568615334e-06
6.163126930756925138e-06,-2.658656618729208996e-06
9.436162957232088462e-06,-4.003873940242898368e-06
1.056842042398194198e-05,-2.926784667933810674e-06
4.803435529635849063e-06,-5.800564357052987183e-07
5.498412928548548747e-06,1.169474904621144934e-06
7.372194332229842911e-06,-3.082718140712185608e-06
5.961316891308024767e-06,-1.240745469706250054e-06
6.481737769865149524e-06,-2.012359261220718490e-06
8.907985539920761493e-06,-2.540024355652653893e-06
1.015071860132802377e-05,-1.651371664522499788e-06
5.994164419222584090e-06,2.714953498844578066e-07
5.932894965128796264e-06,1.395281488307889047e-06
7.650666890090874179e-06,-9.242221497266058927e-07
1.000655767774925966e-05,-3.755071504315969465e-07
1.013279489881003594e-05,8.809291323889849675e-07
6.889098339719301904e-06,1.091198108473451338e-06
6.185147480615116753e-06,1.881149896490059620e-06
6.493996412768727402e-06,3.224700411175604037e-06
8.873511124150500762e-06,1.040035094379957413e-06
6.958699087384118157e-06,4.533377658494489081e-06
1.052500263731144402e-05,2.150416221882718086e-06
7.703184378968299347e-06,3.269540126457359960e-06
9.492988394442754746e-06,3.371950522170554269e-06
7.583850890638479754e-06,5.785388051533692249e-06
1.116015778556696231e-05,3.374426199795192093e-06
1.063394826889284824e-05,4.588135201887617112e-06
9.387319409869161147e-06,5.350602328792819493e-06
8.356034156185152868e-06,6.985928092425239493e-06
9.286799105821892374e-06,8.110261281022652764e-06
1.203198047423607259e-05,4.508539511076148239e-06
1.140369746568625698e-05,5.959742013672405801e-06
1.066343658239611091e-05,7.665832122851378011e-06
1.034755470935508867e-05,9.141864209956600642e-06
1.311016743234337009e-05,5.509593765321797012e-06
1.278469473592672925e-05,7.658139024182797859e-06
1.154246303956986968e-05,1.004980439994269037e-05
1.286021182934690547e-05,1.083018218997237748e-05
1.427197478172488127e-05,1.147074751919433925e-05
1.438586180663821934e-05,8.121909812574216049e-06
1.437360264686969825e-05,6.339802824039494531e-06
1.406710356811134141e-05,9.907044845871096429e-06
1.577118189440202857e-05,1.194165281732055432e-05
1.733531350843947049e-05,1.224567677569971830e-05
1.567315200237197312e-05,8.520915276572722975e-06
1.579475539751711599e-05,6.949916331240627869e-06
1.893453165127555028e-05,1.236771492088513683e-05
1.714237341214711616e-05,9.993072048751107649e-06
1.732781621622559102e-05,7.313970087133285925e-06
1.928515317459949879e-05,1.023815311120433434e-05
2.072641418054392440e-05,1.240457026347449178e-05
1.892436657552897208e-05,7.424106735632317897e-06
2.322182866822529337e-05,1.244244953699206679e-05
2.123677773774970519e-05,9.019171554668923009e-06
2.072387255211833841e-05,7.388664639067930595e-06
2.672753795665997202e-05,1.250281787011818628e-05
2.497557585324782466e-05,9.694318565480166869e-06
2.322243964932145741e-05,7.341197715950866886e-06
3.146985109596621151e-05,1.257223786623631501e-05
2.907881875622081642e-05,9.895838791822814560e-06
2.672738257705919480e-05,7.284444350164487263e-06
3.652984769280158905e-05,1.263572771062368384e-05
3.398031674907892085e-05,9.896298380504296380e-06
3.146954413650966057e-05,7.219153715550560594e-06
4.170085576920433054e-05,1.269325161815797050e-05
3.909737819132325787e-05,9.897041617917008824e-06
3.652956704700399253e-05,7.157532104946622917e-06
4.697267206346868201e-05,1.274426188360277237e-05
4.432080587127891090e-05,9.897657161260769304e-06
4.170078747710466021e-05,7.101385855975739957e-06
5.233245318105434846e-05,1.278752123908654351e-05
4.963887589981963563e-05,9.898178349429726571e-06
4.697247889001704814e-05,7.051649753607183625e-06
5.776500110737595720e-05,1.282210520690854369e-05
5.503779540436965617e-05,9.898559859978446458e-06
5.233216715964018087e-05,7.009228039716124341e-06
6.325293231518377827e-05,1.284718363398167712e-05
6.050110979847510349e-05,9.898715403025674264e-06
5.776483999294972706e-05,6.975118583466747024e-06
6.877794824503070969e-05,1.286312527558274091e-05
6.601059661215930691e-05,9.899017566740106884e-06
6.325274569581810623e-05,6.950440948052539201e-06
7.432368558699215216e-05,1.287161452845039697e-05
7.154844284167732307e-05,9.899359574847861062e-06
6.877784688471168652e-05,6.935261321888963718e-06
8.622351366005617140e-05,1.254884520875136197e-05
8.543447066188354026e-05,1.287567248380600484e-05
7.681096956563203642e-05,9.899629773677568286e-06
7.987822282238986251e-05,1.287504915691850854e-05
7.432358938367671021e-05,6.927410112965781242e-06
8.655034548793489474e-05,1.175980920839890253e-05
8.468310680231498676e-05,9.899942916798422683e-06
7.987812089488631570e-05,6.924510814833787886e-06
8.655030529658056752e-05,8.040107707506776856e-06
8.543440645938853530e-05,6.924215864768637161e-06
8.622346523329064408e-05,7.251053595198719257e-06
