Size 192,2
7.874658296846955366e-05,-1.315133943511680901e-05
7.901341132497486438e-05,-1.250709280492800063e-05
7.901336438958701000e-05,-9.470229810837005677e-06
7.874653350656427898e-05,-8.826005765097876690e-06
7.810238610904225915e-05,-1.341820873662028482e-05
7.689411667144763532e-05,-1.098866480034583649e-05
7.810234158519363480e-05,-8.559149614140667303e-06
7.356612788399903796e-05,-1.341878948265251853e-05
7.356619884538806518e-05,-8.558975848233239179e-06
7.106151224564736439e-05,-1.098914173444788936e-05
6.902897577196834289e-05,-1.341915664678672828e-05
6.902926120934364394e-05,-8.559890585644112685e-06
6.676091221840907777e-05,-1.098976428391468074e-05
6.449305091637767536e-05,-1.341835480812133038e-05
6.449360059256441778e-05,-8.562316113330736361e-06
6.222707197984997656e-05,-1.099066491650379727e-05
5.996204690639205941e-05,-1.341649189935398242e-05
5.996256949287298419e-05,-8.565963368108498902e-06
5.769926085305708172e-05,-1.099157574535110398e-05
5.543736116837133781e-05,-1.341420738969476506e-05
5.543810631639117673e-05,-8.570040937234893943e-06
5.317762573242926645e-05,-1.099259033479846438e-05
5.091789078232526977e-05,-1.341284851952043575e-05
5.091897556365702085e-05,-8.573432847376984063e-06
4.866031898661398353e-05,-1.099377169117321527e-05
4.640226667294130496e-05,-1.341251235382511019e-05
4.640316820429102031e-05,-8.575878726369617688e-06
4.414576800176963397e-05,-1.099504589126189952e-05
4.188908938516653014e-05,-1.341269101061246383e-05
4.188937008386642996e-05,-8.578203214911742344e-06
3.963295950539316454e-05,-1.099641802594500833e-05
3.737725900379867841e-05,-1.341362780911078277e-05
3.737688284882662623e-05,-8.580359567529382479e-06
3.512121898320449243e-05,-1.099775941531952013e-05
3.286557777280155776e-05,-1.341551888765328447e-05
3.286519580565623280e-05,-8.581550842870921297e-06
3.070043004674725750e-05,-1.099915634705264036e-05
2.853500117777031452e-05,-1.341810099556695877e-05
2.853493913165856634e-05,-8.582018636912981666e-06
2.691094094780247447e-05,-1.118956554511273356e-05
2.525144022737433911e-05,-1.342046665679102612e-05
2.525190612202548847e-05,-8.582182416093184980e-06
2.286056252609357844e-05,-1.342204620948345740e-05
2.332894601515807001e-05,-1.182761779746943935e-05
2.286096530927461359e-05,-8.582674839321453134e-06
2.112257608067120548e-05,-8.583324093615733334e-06
-3.687404283964947580e-06,-6.349430056952906094e-08
-3.760741937691037672e-06,1.127335056516414250e-07
-3.760361607112332864e-06,7.698494148759955647e-07
-3.687357118209511621e-06,9.439379607102547342e-07
2.112200749228988181e-05,-1.342285522004585120e-05
1.954182099570609923e-05,-1.333331954506036037e-05
2.077173090227684105e-05,-1.039886407755476137e-05
1.954619926317785291e-05,-8.446379603727500454e-06
-3.511910681554686184e-06,-1.362691074352982836e-07
-3.334735961921676800e-06,5.844869369248167412e-07
-3.513141499823790107e-06,1.016778275095176876e-06
1.904170858756221819e-05,-1.184051026052688067e-05
1.798250737021793357e-05,-1.306466372820147967e-05
1.646430227807161247e-05,-1.262086010064350305e-05
1.856774349055492952e-05,-9.771896954784541558e-06
1.801799233596065389e-05,-8.038574475865988112e-06
-2.321576029705022906e-06,-1.537971765388154857e-07
-2.320189932529322473e-06,1.039015178755277601e-06
-1.703902677608135114e-06,4.435917717975266598e-07
1.500679536759004555e-05,-1.200755073898396922e-05
1.626642031443464100e-05,-1.105177245499410839e-05
1.679427543144718660e-05,-9.061549418036568836e-06
1.658465811615695765e-05,-7.372108523575540046e-06
-1.035721135090639090e-06,-2.614293572203967843e-07
-1.035392056106213752e-06,1.150068175331478163e-06
-2.760288485435640387e-07,4.451199002760230097e-07
1.362862988990884152e-05,-1.123323829020654736e-05
1.234779090331563359e-05,-1.030796715606051807e-05
1.494036408436669738e-05,-8.745231155824021788e-06
1.528966939185007120e-05,-6.466955598404175489e-06
5.947682061460108797e-07,-4.971640881975730215e-07
5.953174284522829306e-07,1.389129734990445618e-06
1.267152572626686458e-05,-8.855583379897873902e-06
1.118012221420086308e-05,-9.243446898865650691e-06
1.321914340204995450e-05,-7.190577364717252118e-06
1.417232293932235884e-05,-5.350751423666391471e-06
1.553618382864716261e-06,4.466107296875019656e-07
2.692328723144549714e-06,-8.388142008849509798e-07
2.691326658128214847e-06,1.736253700074060936e-06
1.014081676442358910e-05,-8.053978595616681336e-06
9.241750857282589785e-06,-6.753502857293933454e-06
8.491307889986652403e-06,-5.356191961351564010e-06
1.209924982099050594e-05,-5.672036275453423143e-06
1.326624721326639968e-05,-4.057290784428231610e-06
3.607788491500029245e-06,4.449432506676219950e-07
4.731005086100611552e-06,-1.176888786293756203e-06
4.731083909401554897e-06,2.090401555755019924e-06
9.993716485550469035e-06,-5.364298764392777438e-06
7.904953466788106653e-06,-3.875583485248093325e-06
6.606265933315945565e-06,-1.466023485540145059e-06
7.168341933582468991e-06,-1.747949923971668092e-06
7.486360105361436192e-06,-2.313059818103018757e-06
1.130867695033469180e-05,-3.865088627281438547e-06
1.260162263377196891e-05,-2.634787545086296761e-06
5.742207435735796159e-06,2.095102057025513913e-07
6.562892477612182063e-06,2.343490938740497846e-06
8.940431512776942611e-06,-2.817087315160836240e-06
7.181844197689008493e-06,-6.098795056876519028e-07
7.847008640946702047e-06,-1.549444350950587265e-06
1.072026594992226188e-05,-2.190531597437522783e-06
1.220932444248106101e-05,-1.131862421614468901e-06
7.177137656860220911e-06,1.238965180022484299e-06
7.065518405473665171e-06,2.625259634208133769e-06
9.236806139698517314e-06,-2.652242256050894361e-07
1.210177830814199194e-05,4.092190786632276429e-07
1.236066050755809569e-05,1.974887752224255330e-06
8.249798824101088463e-06,2.235753769809902576e-06
7.347499041296025069e-06,3.248964697663419804e-06
7.674054940959338880e-06,5.009006311966031279e-06
1.075519673744707445e-05,2.145584330058074653e-06
8.209511283642177478e-06,6.788019509805306831e-06
1.295908234927685989e-05,3.581425443435785530e-06
9.231425702176714463e-06,5.047255548506509658e-06
1.160646332040902003e-05,5.185790068159084161e-06
9.000563509055676680e-06,8.517934474314440353e-06
1.390049678755574809e-05,5.190302499714491721e-06
1.319871824975847985e-05,6.841364635598407584e-06
1.145858726216616545e-05,7.901979527736965105e-06
1.001292578023806222e-05,1.023559860190990502e-05
1.129849645934912949e-05,1.188653454700358432e-05
1.520380869425853776e-05,6.716136673534910942e-06
1.431093888808009215e-05,8.771940862135159381e-06
1.324657617392389124e-05,1.124607729194483104e-05
1.278885757429063152e-05,1.344270768797375807e-05
1.682311857182153180e-05,8.099573346217802671e-06
1.635134798289780011e-05,1.124912932818142777e-05
1.451975004811024594e-05,1.483009562270305270e-05
1.648214039876357091e-05,1.605505360846995599e-05
1.861418398159138721e-05,1.709508753811630729e-05
1.877097033261044976e-05,1.194465954369108958e-05
1.874411478600798147e-05,9.277064533756315364e-06
1.828380157302738273e-05,1.466507461386338970e-05
2.092482571956545101e-05,1.786990728571082905e-05
2.337265393437235636e-05,1.839631062515491582e-05
2.075106080172409357e-05,1.254667757668377799e-05
2.094280476173574664e-05,1.013994820979726803e-05
2.589792883136201248e-05,1.863323765754827625e-05
2.304231304536847057e-05,1.483961307553963143e-05
2.334335409683676216e-05,1.063972627104872395e-05
2.644704546083680540e-05,1.523800401175945301e-05
2.877397380406445537e-05,1.874169503763399247e-05
2.586672516667349797e-05,1.077089193337526856e-05
3.282060184394776007e-05,1.885029442060896359e-05
2.958115525256677737e-05,1.328213202893042757e-05
2.876693289422479992e-05,1.066584278528473193e-05
3.859484488083563902e-05,1.901471593896823684e-05
3.569088163272862642e-05,1.437130750114549818e-05
3.282224779284051197e-05,1.053027515356879933e-05
4.651293120619709752e-05,1.918944969584430549e-05
4.250491487584439200e-05,1.470286236144377880e-05
3.859471768857621510e-05,1.037777862479710665e-05
5.504121061137420351e-05,1.933411229817536846e-05
5.073322709197288172e-05,1.470516954009995188e-05
4.651208552420001770e-05,1.021659523216657348e-05
6.380541307492414984e-05,1.945360665132163033e-05
5.938667941855529426e-05,1.470837886645520552e-05
5.504011202771254084e-05,1.007919102770480484e-05
7.276412200088332356e-05,1.955145720295370859e-05
6.825490222601118720e-05,1.471154711843006120e-05
6.380452126466272837e-05,9.966227766289111512e-06
8.188056618216783572e-05,1.963044164666848920e-05
7.729820408643531000e-05,1.471458361306493213e-05
7.276328448992146940e-05,9.874680816825101947e-06
9.112256753243177523e-05,1.969265184807051652e-05
8.648264732281792349e-05,1.471749135102291286e-05
8.187978081999180014e-05,9.801667978703110394e-06
1.004599797362492366e-04,1.973939343244780276e-05
9.577721029151055191e-05,1.472028134864676218e-05
9.112175230219520016e-05,9.745092348403200250e-06
1.098654564634899642e-04,1.977142714077892462e-05
1.051531820214763837e-04,1.472272833728933149e-05
1.004593106825976988e-04,9.703637576272852689e-06
1.193137348780067149e-04,1.979091532404499165e-05
1.145840906270056552e-04,1.472479564178374158e-05
1.098648766906827406e-04,9.676139407021569589e-06
1.396047621535232493e-04,1.924422561980531339e-05
1.382592064326549925e-04,1.980154063472562928e-05
1.235534686495422566e-04,1.472622863792599775e-05
1.287835409685298630e-04,1.979987325567057228e-05
1.193133656286502820e-04,9.660267326334697366e-06
1.401621172758096866e-04,1.789872507479638075e-05
1.369778201332293545e-04,1.472714721957977147e-05
1.287833993203063576e-04,9.653633061074179506e-06
1.401622041684192222e-04,1.155553311864869914e-05
1.382592383669705360e-04,9.652620995565500109e-06
1.396048376402041203e-04,1.020996742895960752e-05
