Size 192,2
-1.087545945885637377e-04,1.534165215743344793e-05
-1.091726026545656328e-04,1.433249831397692938e-05
-1.091728925639974209e-04,9.575423159503203309e-06
-1.087549267040333848e-04,8.566299623277022601e-06
-1.077454483599699255e-04,1.575966312506516990e-05
-1.058529770211755813e-04,1.195399426684027741e-05
-1.077458411005441591e-04,8.148298896426219143e-06
-1.006399731467775264e-04,1.575984005781537277e-05
-1.006404491097556497e-04,8.147834884515494999e-06
-9.671691012833159992e-05,1.195356476489965558e-05
-9.353322480529460583e-05,1.575941649918420094e-05
-9.353362261826319408e-05,8.147457388316908412e-06
-8.997969380832013578e-05,1.195326226339910200e-05
-8.642723713700847983e-05,1.575669538162598903e-05
-8.642723377421070087e-05,8.149511118269474593e-06
-8.287542053657006691e-05,1.195266632146269349e-05
-7.932846043747976612e-05,1.574828262668320146e-05
-7.932886553492070965e-05,8.156704527323568478e-06
-7.578441054200126480e-05,1.195206014453059302e-05
-7.225000790330391440e-05,1.573191494329273182e-05
-7.225054964038871207e-05,8.171512344589202385e-06
-6.872134490658284901e-05,1.195129430290814395e-05
-6.520826199758496657e-05,1.570532903278395914e-05
-6.520882813117394956e-05,8.196028781027656548e-06
-6.170455602733729554e-05,1.195023895895559168e-05
-5.822391121366560603e-05,1.566608937407125624e-05
-5.822421825186762523e-05,8.232770285266737315e-06
-5.475694439263792602e-05,1.194885755843120293e-05
-5.132323363427539496e-05,1.561093270830526513e-05
-5.132304649522697639e-05,8.284809734936531101e-06
-4.790809107502839461e-05,1.194715800637347214e-05
-4.453858055585272651e-05,1.553723178621313803e-05
-4.453766321861775114e-05,8.354998143339406299e-06
-4.119273017203708574e-05,1.194515533197510460e-05
-3.790490010541578146e-05,1.544367223430048315e-05
-3.790349746179831641e-05,8.445376227427539790e-06
-3.477660295216543037e-05,1.194259123909777375e-05
-3.171486919430348858e-05,1.533262466560857492e-05
-3.171315302264591168e-05,8.557348306556917283e-06
-2.943650660587342254e-05,1.219998134464883757e-05
-2.717650538585934724e-05,1.522755812275776587e-05
-2.717307598292049891e-05,8.663463529816250379e-06
-2.397366578121085188e-05,1.513462544183569644e-05
-2.457049318191347357e-05,1.304110842355841168e-05
-2.396840769488314799e-05,8.732151117484713372e-06
-2.169586177713808567e-05,8.806485680375830238e-06
3.203804040637059382e-06,4.604034847814764672e-07
3.267637117057072789e-06,3.068374069286907089e-07
3.267300576753118182e-06,-2.649443047812179952e-07
3.203813017260263399e-06,-4.162916220855693180e-07
-2.168940967359820861e-05,1.506852089259805756e-05
-1.967426930139121334e-05,1.489332020273367326e-05
-2.121137147907717178e-05,1.115901577311126429e-05
-1.965231482976940595e-05,8.709290221177201606e-06
3.050938772881538866e-06,5.239244971402638946e-07
2.897065293732541157e-06,-1.031967669323699342e-07
3.052344996774384353e-06,-4.794431933848515363e-07
-1.901765997259371007e-05,1.297538254505667412e-05
-1.772126458120461712e-05,1.447892104684624678e-05
-1.587083944641097519e-05,1.387323306712018317e-05
-1.841225826579310617e-05,1.038770462705697444e-05
-1.773440520698191746e-05,8.293403899056434349e-06
2.015312068255085821e-06,5.413530845071794835e-07
2.014763790395798069e-06,-4.972081817471534782e-07
1.477855363648755704e-06,2.248633629121566944e-08
-1.415075343945271400e-05,1.305614121535718906e-05
-1.561046916256702972e-05,1.193375592049391525e-05
-1.624258303669031916e-05,9.542875319790295800e-06
-1.597881082519678439e-05,7.588233204399335586e-06
8.950430009504857692e-07,6.391971529039399012e-07
8.956314897278408351e-07,-5.926396263499001104e-07
2.320075326950225535e-07,2.416139174698273173e-08
-1.255922157102678611e-05,1.208177214217106852e-05
-1.113983135337740841e-05,1.096702301808613526e-05
-1.404999703725011475e-05,9.178901151138191682e-06
-1.443023121675201202e-05,6.615718766171433249e-06
-5.298683166098791260e-07,8.503175998342446877e-07
-5.293693508199694565e-07,-8.001335833166158659e-07
-1.150096045445542886e-05,9.287537344957616866e-06
-9.899305234243011592e-06,9.710768112851281454e-06
-1.209489524272452945e-05,7.436124292493257219e-06
-1.312341424071136663e-05,5.449084787557188471e-06
-1.368860693013268734e-06,2.622238646135208752e-08
-2.367451047516441679e-06,1.154158582139692036e-06
-2.365164434184600006e-06,-1.102232827255523558e-06
-8.817741753515560610e-06,8.358034485470365769e-06
-7.945294444989882239e-06,6.959161735725594688e-06
-7.269267078252898009e-06,5.489559858497621478e-06
-1.088980631023292869e-05,5.800885274726613199e-06
-1.208182724457015252e-05,4.147708913841768369e-06
-3.169251060127709500e-06,3.135143689804649975e-08
-4.153862820052016683e-06,1.452388115377760007e-06
-4.153958714699222636e-06,-1.410974606561523254e-06
-8.735362267703443778e-06,5.481770270408487268e-06
-6.763307891275588141e-06,3.995278871974312148e-06
-5.767553124002908132e-06,1.704448586501433762e-06
-6.231546160260598281e-06,1.958992420651473195e-06
-6.471635755551156934e-06,2.482397880658732950e-06
-1.005535285547884899e-05,3.959124907872840940e-06
-1.130512857952614044e-05,2.772180625858961106e-06
-5.037945816490976554e-06,2.417747542379427388e-07
-5.791476386483470361e-06,-1.634970215173479621e-06
-7.780657726256640886e-06,2.943272994977851600e-06
-6.272594560756174739e-06,9.480002064628221622e-07
-6.823826388993288650e-06,1.779002964077095444e-06
-9.466926710993684479e-06,2.347807277025966880e-06
-1.081472502567018392e-05,1.384322923518344419e-06
-6.320663613262622073e-06,-6.750564364226939516e-07
-6.264737449112665683e-06,-1.877515368944457061e-06
-8.094485790562008562e-06,5.960594420613293602e-07
-1.063704424746469420e-05,8.732035578410311195e-09
-1.074266002954292380e-05,-1.331675388627561175e-06
-7.288834240111389176e-06,-1.556777155341364969e-06
-6.542521429733480722e-06,-2.393352061416486404e-06
-6.885929461725636651e-06,-3.808642546834242129e-06
-9.404479183610964756e-06,-1.509223133053110706e-06
-7.391885689487595764e-06,-5.172407411564855472e-06
-1.113364402533491126e-05,-2.680863117695004473e-06
-8.166402068889009095e-06,-3.860415075909197618e-06
-1.004538107227244597e-05,-3.965735613471629965e-06
-8.054954495484198504e-06,-6.470262796946667581e-06
-1.177690065082630889e-05,-3.966724161307622401e-06
-1.122462984275914450e-05,-5.230648266977785095e-06
-9.933531060086966003e-06,-6.021367943441591238e-06
-8.866440819321864351e-06,-7.703911348845702393e-06
-9.830834399018411023e-06,-8.851216709474220293e-06
-1.266059996769697762e-05,-5.149657649997532926e-06
-1.201226263841367856e-05,-6.645257056600111623e-06
-1.125009306372805363e-05,-8.394298730502042024e-06
-1.092558229812888708e-05,-9.898409110974144826e-06
-1.375452949908032302e-05,-6.185291997723214913e-06
-1.341893498523631767e-05,-8.381766699464197304e-06
-1.214907365118760816e-05,-1.081751433101539967e-05
-1.349095886836146407e-05,-1.160366217274201353e-05
-1.492593374850373952e-05,-1.224650697844413758e-05
-1.504477918581006983e-05,-8.851853505252136415e-06
-1.503479672188207882e-05,-7.037777925212516387e-06
-1.472023875289514788e-05,-1.066403959716428569e-05
-1.644439207599940718e-05,-1.271839406723354714e-05
-1.802628797888524844e-05,-1.302133800727519219e-05
-1.634835609273065698e-05,-9.256058155478051974e-06
-1.647209335466208547e-05,-7.662678764870653274e-06
-1.964195230520413604e-05,-1.314082824886430015e-05
-1.783361008602589145e-05,-1.074499002759990343e-05
-1.802133058460958222e-05,-8.035080120113743225e-06
-1.999697728328058644e-05,-1.099038133182685661e-05
-2.145018621040673993e-05,-1.317405769636748234e-05
-1.963377776381399175e-05,-8.147802235601928614e-06
-2.396728567914522919e-05,-1.320746765425807733e-05
-2.196696675963112608e-05,-9.758664078922164536e-06
-2.144911931173326078e-05,-8.113465475792008551e-06
-2.749736575430155179e-05,-1.325968416668911871e-05
-2.573550352176979782e-05,-1.043711536422964739e-05
-2.396907528720160360e-05,-8.067468105330480993e-06
-3.225799317060034618e-05,-1.331524758990024245e-05
-2.986145726506382031e-05,-1.063715176689425856e-05
-2.749836917182501357e-05,-8.013719740233276326e-06
-3.731283523020295726e-05,-1.335919583851534869e-05
-3.477141081249063656e-05,-1.063454756395852053e-05
-3.225875370394453372e-05,-7.955854851848502703e-06
-4.244204790614019359e-05,-1.339104711851196050e-05
-3.986707780794064907e-05,-1.063247095446684532e-05
-3.731338204120013486e-05,-7.907658280082432371e-06
-4.762207993514168224e-05,-1.341058722489554613e-05
-4.502583526129431008e-05,-1.063076010256642050e-05
-4.244260989995761609e-05,-7.872027607562486691e-06
-5.282957854384728836e-05,-1.341918313829153415e-05
-5.022327501103626571e-05,-1.062918857105026544e-05
-4.762274816836462905e-05,-7.849244945112812975e-06
-5.804659039805615419e-05,-1.342066542962682297e-05
-5.543783960931322486e-05,-1.062787644450748965e-05
-5.283025820145255614e-05,-7.837794735906461425e-06
-6.326191081036846773e-05,-1.341822566878840732e-05
-6.065513070991155063e-05,-1.062713418278509364e-05
-5.804688197571775983e-05,-7.834385881276683137e-06
-6.847036980538443493e-05,-1.341425554551502190e-05
-6.586739623331303115e-05,-1.062676918562750739e-05
-6.326195342370354241e-05,-7.835708960547890236e-06
-7.367107870228774909e-05,-1.341078124344788586e-05
-7.107184734841950967e-05,-1.062664325973063065e-05
-6.847023154869315601e-05,-7.839097539520928343e-06
-8.479700782156749858e-05,-1.310289828069905719e-05
-8.405937458764004314e-05,-1.340844326417298917e-05
-7.599884948277666949e-05,-1.062661849693144847e-05
-7.886621703300407675e-05,-1.340887138058666392e-05
-7.367116927012388452e-05,-7.842387715785697688e-06
-8.510254715365797931e-05,-1.236525606853727924e-05
-8.335727928824629266e-05,-1.062668207354727299e-05
-7.886628421353951695e-05,-7.844477248500569022e-06
-8.510264397967111545e-05,-8.888055390104704112e-06
-8.405947652575505608e-05,-7.844855848961450142e-06
-8.479711020896664897e-05,-8.150403723505445720e-06
