Size 192,2
-8.080775153400549264e-05,1.253577720311599174e-05
-8.111170699663223474e-05,1.180213919608869825e-05
-8.111198759527426703e-05,8.343541502203728175e-06
-8.080806873568038547e-05,7.609908246288302306e-06
-8.007399500477048861e-05,1.283963944933957225e-05
-7.869767645358294967e-05,1.007285641397068103e-05
-8.007435629404786024e-05,7.306043646775304660e-06
-7.490705500882500253e-05,1.283797782858367197e-05
-7.490753325010594344e-05,7.307295084041656089e-06
-7.205653092580074914e-05,1.007230304024025509e-05
-6.974644982507920946e-05,1.283086353405295513e-05
-6.974700087287776038e-05,7.313178023486719669e-06
-6.717097576442238233e-05,1.007173838857315541e-05
-6.460324317832780746e-05,1.281743353792627149e-05
-6.460325238381330244e-05,7.325106753211679257e-06
-6.204023016723339914e-05,1.007064480512129638e-05
-5.948954740182293879e-05,1.279729437450529622e-05
-5.948970941347745127e-05,7.343074829330127818e-06
-5.694569663347065394e-05,1.006949280384367631e-05
-5.441772009104760586e-05,1.277091952298556378e-05
-5.441810787379367838e-05,7.366950991533996393e-06
-5.189854416917267783e-05,1.006816963222367384e-05
-4.939800029604940972e-05,1.273973058322851832e-05
-4.939849090621874840e-05,7.395027207642628272e-06
-4.690755328185798834e-05,1.006672736038990858e-05
-4.443768375307124014e-05,1.270579391558477082e-05
-4.443783533297239788e-05,7.425579648892488518e-06
-4.197782328749592436e-05,1.006514955377153866e-05
-3.954003164648018623e-05,1.267023057706407349e-05
-3.953943436157240118e-05,7.457997918294575047e-06
-3.711151393491736661e-05,1.006356648786412498e-05
-3.470612800122749937e-05,1.263333668114239153e-05
-3.470503777688297467e-05,7.492011365986208136e-06
-3.231012681071673354e-05,1.006189474499972224e-05
-2.993879879702467423e-05,1.259312575811038472e-05
-2.993748553812610450e-05,7.529203802690418119e-06
-2.767316991939722823e-05,1.005975293288745310e-05
-2.543469518497346455e-05,1.254667676211043601e-05
-2.543319657990676005e-05,7.573798212113042572e-06
-2.376239682865264444e-05,1.024984414773751481e-05
-2.208292994719475685e-05,1.250165615643670125e-05
-2.208078910137386568e-05,7.617423779588122163e-06
-1.968607885733232335e-05,1.246024600382209106e-05
-2.014176840769733710e-05,1.088158807186845500e-05
-1.968302920440731602e-05,7.646697659722552211e-06
-1.796503503743741701e-05,7.679415682363895134e-06
2.854113452550897530e-06,6.444266047065835259e-07
2.911659182843675691e-06,5.059371231278106896e-07
2.911266747387129368e-06,-9.743978045793574713e-09
2.854006615377014445e-06,-1.462041952015532594e-07
-1.796289172624918211e-05,1.242987147038112104e-05
-1.642448928135241019e-05,1.231407696712043068e-05
-1.760694078356571908e-05,9.462799500260239588e-06
-1.641504840281871790e-05,7.580873205733316888e-06
2.716233236348907062e-06,7.017552438575243578e-07
2.577203823985167153e-06,1.363424932033831514e-07
2.717407945046723967e-06,-2.030699637186872090e-07
-1.592870893197458420e-05,1.085446219503063738e-05
-1.492333652365072665e-05,1.201848500956536605e-05
-1.348554540018875053e-05,1.156679222062602860e-05
-1.546616344484149356e-05,8.864777184329176117e-06
-1.494120979755394605e-05,7.232097444263867929e-06
1.781589962875759039e-06,7.167782637170269314e-07
1.781010882860202676e-06,-2.185259998742748541e-07
1.297253497589365980e-06,2.491781451404964082e-07
-1.213294294789529811e-05,1.095195909453075463e-05
-1.328864692364156074e-05,1.006823594414247810e-05
-1.378234039010300210e-05,8.201151123822965542e-06
-1.357904653863382710e-05,6.652082684169530774e-06
7.738126058561770833e-07,8.007817426185295778e-07
7.740093357144349192e-07,-3.019942983438123077e-07
1.806952017604409599e-07,2.495742042790019929e-07
-1.087075125505964050e-05,1.020285591502919006e-05
-9.727483146341028269e-06,9.332056228329436539e-06
-1.205889181750929818e-05,7.910884249822325707e-06
-1.236608750378185392e-05,5.858608014772668290e-06
-4.977969261848670486e-07,9.826826325625840642e-07
-4.977349321576466963e-07,-4.831660058744863621e-07
-1.001713781999924419e-05,8.001093162537287301e-06
-8.712935016565314883e-06,8.343334258488443019e-06
-1.049823538670508543e-05,6.512549853576300263e-06
-1.133345053862353053e-05,4.897488003183945815e-06
-1.242234614979559651e-06,2.501719819082585093e-07
-2.124593642712104382e-06,1.245229262675161290e-06
-2.123027729278864786e-06,-7.462520537833593478e-07
-7.821526094491542105e-06,7.263723304758427640e-06
-7.083316414662141798e-06,6.124514329344514738e-06
-6.495368303193079889e-06,4.918226558062070333e-06
-9.516874380244906995e-06,5.181035195867417547e-06
-1.050461961809118478e-05,3.810968483410679836e-06
-2.832546110159506640e-06,2.535938161316662508e-07
-3.699128917104374417e-06,1.503956695883400999e-06
-3.699093298012383533e-06,-1.014729637436258008e-06
-7.731592456764961772e-06,4.916800566334049277e-06
-6.048080184813096430e-06,3.672794311789550349e-06
-5.126977601837348563e-06,1.723380532346805347e-06
-5.543442474965231168e-06,1.943644008507691947e-06
-5.766786377727487400e-06,2.393285383474129279e-06
-8.832133446647357731e-06,3.651278558498728367e-06
-9.888810558316312230e-06,2.645965331698912163e-06
-4.477631433638998384e-06,4.374125957529235508e-07
-5.128254592481321516e-06,-1.208241988505874953e-06
-6.903533559071087588e-06,2.791430109169626739e-06
-5.570148540140914667e-06,1.060947116753695318e-06
-6.063697641326141017e-06,1.787359592993917130e-06
-8.339846289296715492e-06,2.284479955193369285e-06
-9.506882640486508733e-06,1.450799626930239390e-06
-5.595703792894858807e-06,-3.626410940135787535e-07
-5.533610934620982628e-06,-1.421618363139071678e-06
-7.160204643729853219e-06,7.679186309956228717e-07
-9.377489604667265858e-06,2.515285288052839476e-07
-9.507003241437827937e-06,-9.343581783375192485e-07
-6.435533747702700402e-06,-1.133457039630653873e-06
-5.767758763163111956e-06,-1.882580511013085720e-06
-6.051547691366537298e-06,-3.161154133751145288e-06
-8.313551380610985760e-06,-1.081724710736022517e-06
-6.483974206458015188e-06,-4.414853012252949539e-06
-9.889358531115003515e-06,-2.135190388450830085e-06
-7.199030381252446321e-06,-3.201065736638251979e-06
-8.906286197316855096e-06,-3.298106819158039922e-06
-7.074064387780736786e-06,-5.617596613990971485e-06
-1.050690200232624533e-05,-3.299776347992799279e-06
-1.000387506282119379e-05,-4.462325006483942009e-06
-8.802613800350689733e-06,-5.196966514712138545e-06
-7.807730842472947283e-06,-6.779864408424979027e-06
-8.700794717849262322e-06,-7.874645154658657119e-06
-1.135787896215070309e-05,-4.382552466452578515e-06
-1.074936314882482680e-05,-5.784698437966318915e-06
-1.003019984883997843e-05,-7.442954934187284846e-06
-9.722757736227951287e-06,-8.887418602777288421e-06
-1.241329247848883229e-05,-5.342433362883379536e-06
-1.209527191769288114e-05,-7.436163435732986396e-06
-1.088184337967063374e-05,-9.782248068918417922e-06
-1.217050857549406761e-05,-1.055849274736574359e-05
-1.355834874654102267e-05,-1.120480543877641951e-05
-1.366833241400592851e-05,-7.889722066270204602e-06
-1.365593488757006928e-05,-6.142372746195585703e-06
-1.335246387590328101e-05,-9.651073880560438425e-06
-1.504224245833298667e-05,-1.168285543857039698e-05
-1.660080580808187531e-05,-1.199891290841321595e-05
-1.494096812811317311e-05,-8.280935515604321550e-06
-1.506330657574175361e-05,-6.728111938160640548e-06
-1.820012247106878026e-05,-1.213274986088820799e-05
-1.640130998555113819e-05,-9.744944286426670399e-06
-1.658970802975999435e-05,-7.072364611252347942e-06
-1.854967624626538056e-05,-9.992577504145218266e-06
-2.000554287840142505e-05,-1.218376272340384976e-05
-1.818637074034319849e-05,-7.170241890427340505e-06
-2.253266524780456705e-05,-1.223567852061920779e-05
-2.051649846047813900e-05,-8.763249057454499018e-06
-2.000254697360198669e-05,-7.120179009229799629e-06
-2.611074316913712272e-05,-1.231671591301657281e-05
-2.431700426960013004e-05,-9.444413786222604897e-06
-2.253383238693002915e-05,-7.053615056062294283e-06
-3.098562258644483019e-05,-1.240641099924487395e-05
-2.852272140395279890e-05,-9.649079088034675017e-06
-2.611098042420804876e-05,-6.976146811274091056e-06
-3.621534896984837085e-05,-1.248559485501383207e-05
-3.357622540179985046e-05,-9.648977865932643341e-06
-3.098561247780310974e-05,-6.890594806910755811e-06
-4.158242204395441364e-05,-1.255566685402343842e-05
-3.887694932134311195e-05,-9.649303908508295448e-06
-3.621527383586935607e-05,-6.812620737330010759e-06
-4.707170075977111696e-05,-1.261671738133945957e-05
-4.430784357823610182e-05,-9.649665605800131649e-06
-4.158229291310956200e-05,-6.743343897536913624e-06
-5.266531285260590725e-05,-1.266696235276017970e-05
-4.985263089115747501e-05,-9.650064230412752584e-06
-4.707151223196627895e-05,-6.683050361920920741e-06
-5.834159993870176102e-05,-1.270525620680363764e-05
-5.549146986000118845e-05,-9.650177825461147478e-06
-5.266519528094986953e-05,-6.633294038157167233e-06
-6.407832936046239784e-05,-1.273203348576825174e-05
-6.120163842783772157e-05,-9.649881664309299279e-06
-5.834171429984675200e-05,-6.594867930892740202e-06
-6.985523466746227544e-05,-1.274876088370896181e-05
-6.696160520454285075e-05,-9.649414416596528973e-06
-6.407846210740916065e-05,-6.567367832121472354e-06
-7.565580711493915297e-05,-1.275807114435788690e-05
-7.275270989168867010e-05,-9.648918341182842646e-06
-6.985534100452184876e-05,-6.549631581329417085e-06
-8.810920256339454463e-05,-1.242039169730294935e-05
-8.728337238533496795e-05,-1.276245218932649424e-05
-7.825831836094927882e-05,-9.648463031369432862e-06
-8.146806036512962935e-05,-1.276193516709501246e-05
-7.565595478590881652e-05,-6.539267645333927133e-06
-8.845127537369389700e-05,-1.159457985512883562e-05
-8.649701740698290066e-05,-9.648085971008093440e-06
-8.146817456826400538e-05,-6.534601622021848616e-06
-8.845131801379128259e-05,-7.701562210369037023e-06
-8.728344244475041741e-05,-6.533722069498319778e-06
-8.810925452949785368e-05,-6.875770961478044535e-06
