Size 192,2
1.271338320743923727e-05,-1.936801744542164619e-07
1.279664060974777322e-05,7.293710637975211984e-09
1.279656433512348673e-05,9.547676948864897191e-07
1.271329461289654143e-05,1.155739093745301369e-06
1.251238634755585899e-05,-2.769215109104307088e-07
1.213525756569501065e-05,4.810091713448486602e-07
1.251228242309205545e-05,1.238974672573641142e-06
1.109702821135274747e-05,-2.766393491016228723e-07
1.109693705798157700e-05,1.238143156301299686e-06
1.031584160110461281e-05,4.804095142883906665e-07
9.683361820638173575e-06,-2.745655828316336409e-07
9.683182062824823147e-06,1.234715942879576408e-06
8.978256952538605159e-06,4.797060919384751370e-07
8.277069803788343478e-06,-2.686828626596694184e-07
8.276983680247151297e-06,1.226858908737524159e-06
7.578604132414701310e-06,4.785961157484974455e-07
6.888052582321799996e-06,-2.565798991831937873e-07
6.888046018062193198e-06,1.212150110697254533e-06
6.202931676413920930e-06,4.772208215383528543e-07
5.530874054262131249e-06,-2.361096941883708528e-07
5.531103450400359325e-06,1.188994686436361265e-06
4.867330787262368401e-06,4.758097578856078755e-07
4.222802270118703637e-06,-2.060621437771159610e-07
4.223098180435088663e-06,1.156231809444001881e-06
3.589840207870420135e-06,4.744702286439664525e-07
2.982675320453268600e-06,-1.652618611996720691e-07
2.983213200032225478e-06,1.112832670634515653e-06
2.390622010834873406e-06,4.732952407845288254e-07
1.831157848702537090e-06,-1.132187150731300070e-07
1.832090696138629568e-06,1.058541671800447592e-06
1.290788936813652316e-06,4.721900013167561220e-07
7.894015566797919507e-07,-5.025919397053500856e-08
7.904881472544863718e-07,9.935276158276407706e-07
3.104602272214583704e-07,4.712028656562247477e-07
-1.234997411496363120e-07,2.315606849843417293e-08
-1.230125547240342222e-07,9.180809164585737514e-07
-5.170129901849312100e-07,4.707882846929181791e-07
-8.617029309652919628e-07,1.047574259615635637e-07
-8.619660097355978323e-07,8.315835760228353076e-07
-1.106291422254052404e-06,4.458663618129985708e-07
-1.308726533479538667e-06,1.788935426116848362e-07
-1.310576759272950725e-06,7.538701730748721065e-07
-1.563214673557206745e-06,2.422240575540170471e-07
-1.533895424669461557e-06,3.842679631758210724e-07
-1.565875863324639689e-06,7.050286229339152193e-07
-1.712098914526379694e-06,6.537909800643191172e-07
6.038543882668425694e-07,-3.653662820238020573e-07
6.151853398180361754e-07,-3.924709823467368365e-07
6.151765921004508606e-07,-4.938615180349544067e-07
6.038929884760808263e-07,-5.208092351574683952e-07
-1.717507476410397291e-06,2.861177772104678945e-07
-1.816854591192377327e-06,3.314883032876306282e-07
-1.759522502686972882e-06,5.134398656248836382e-07
-1.833073357063064876e-06,6.096282114764272426e-07
5.768522857354721015e-07,-3.542577777648722667e-07
5.495774937807990869e-07,-4.656489541489107824e-07
5.769550775688222578e-07,-5.322196704075264549e-07
-1.860470793709990905e-06,4.350526801527768994e-07
-1.891827475902945029e-06,3.948049468034911755e-07
-1.930859780174365348e-06,4.471265850679227855e-07
-1.889622892544801968e-06,5.328466349844815950e-07
-1.907755942645845921e-06,5.660619566038739576e-07
3.935292020198630495e-07,-3.518446220926910175e-07
3.931684471538853434e-07,-5.366810888827830198e-07
2.977590203190028578e-07,-4.444851646062775553e-07
-1.933385486251210980e-06,5.063657383515161836e-07
-1.947748597428767231e-06,5.053938534242594292e-07
-1.939871606665482415e-06,5.362384416345759600e-07
-1.949146700862957273e-06,5.144370559761061078e-07
1.932300700205990270e-07,-3.331405218387595674e-07
1.933061459649796850e-07,-5.557406586139017696e-07
7.307957822818177659e-08,-4.442840571640599105e-07
-1.913514987030484105e-06,5.439981450259138564e-07
-1.858707541138385939e-06,5.581025220737487678e-07
-1.945120173514021132e-06,5.287449456293758670e-07
-1.962050858520233302e-06,4.558122197351885522e-07
-6.619745862686588435e-08,-2.922445216595329038e-07
-6.602541851597045551e-08,-5.957208208710836008e-07
-1.870311031990673223e-06,5.390094113800178258e-07
-1.778192612415523515e-06,5.583404626631463731e-07
-1.899387799460349780e-06,4.730611233991440794e-07
-1.953817626656639025e-06,3.655495452357556115e-07
-2.205915892429563518e-07,-4.435889371451509265e-07
-4.059899772352723681e-07,-2.326132771350995238e-07
-4.055447474926979209e-07,-6.537834959113188776e-07
-1.693449511004669150e-06,5.269020937255916717e-07
-1.584804120173706095e-06,4.467615267098882959e-07
-1.466328357291990995e-06,3.423831408053736776e-07
-1.830087212962786401e-06,3.795743228912000093e-07
-1.935076573867934276e-06,2.341966594878982004e-07
-5.552782022632739559e-07,-4.424149447270957191e-07
-7.411436498252446457e-07,-1.724381103483456619e-07
-7.400748952835632356e-07,-7.133410049702062512e-07
-1.640675918401068950e-06,3.523379306742261019e-07
-1.362007968232549870e-06,1.963009115029700700e-07
-1.068091334119586334e-06,-1.189637839131569972e-07
-1.177168153894979375e-06,-7.404397968383706914e-08
-1.251082680900755202e-06,7.524513131929889491e-09
-1.771503275724383234e-06,2.107829060461672317e-07
-1.926585338372240776e-06,6.068590989118201742e-08
-9.089158352218238945e-07,-4.030754877740490623e-07
-1.026817505618740979e-06,-7.539591467412735073e-07
-1.478157778483336305e-06,8.336256910245042335e-08
-1.163551664813205801e-06,-2.582260981028094019e-07
-1.292545292908907948e-06,-1.034166818643181234e-07
-1.710014037580781406e-06,3.221228986987421340e-09
-1.937258411504487401e-06,-1.558951700542811687e-07
-1.134247482734960913e-06,-5.656692586550572880e-07
-1.092554377782603302e-06,-8.031038802467334754e-07
-1.497675835711790989e-06,-2.878787837400557434e-07
-1.962081208907889980e-06,-4.012327083454304417e-07
-2.069851253228168191e-06,-6.790928512888798393e-07
-1.298093685895789618e-06,-7.266228619872528788e-07
-1.122561516121852897e-06,-9.236737551403115646e-07
-1.143918529697187683e-06,-1.286674741114961706e-06
-1.762881634704293461e-06,-6.928085084498364430e-07
-1.210463436520127382e-06,-1.693320210817254226e-06
-2.243113405545374859e-06,-9.773787144826228840e-07
-1.450533556619802689e-06,-1.282029853239836898e-06
-1.961522643156639960e-06,-1.311711623831005597e-06
-1.355919394463546887e-06,-2.104700188704940405e-06
-2.503409392680768228e-06,-1.312034599613871813e-06
-2.349868515900812311e-06,-1.689880948306185509e-06
-1.922981003578658886e-06,-1.948074428863797868e-06
-1.564605216559771559e-06,-2.549388530620322675e-06
-1.869746994551034821e-06,-3.001533113079389990e-06
-2.872350582752249863e-06,-1.649363885989219926e-06
-2.643150585487191916e-06,-2.169911688770634614e-06
-2.362167101295793647e-06,-2.831887485172369687e-06
-2.239307840245300270e-06,-3.453896789182961423e-06
-3.337333404209066207e-06,-1.976294440556451713e-06
-3.209316765509316741e-06,-2.838939620962220726e-06
-2.699780737773405745e-06,-3.867886332080828784e-06
-3.255323723071947152e-06,-4.253526378325580607e-06
-3.878496090848796694e-06,-4.603587544020935249e-06
-3.916254208712062486e-06,-3.037184784474473320e-06
-3.904862549530221525e-06,-2.272256991561676213e-06
-3.768899049011289120e-06,-3.848842938452430800e-06
-4.582567227877163377e-06,-4.871212719734445458e-06
-5.354151988876357468e-06,-5.070381940637916508e-06
-4.516522797798046790e-06,-3.211190684036914480e-06
-4.579118276108725716e-06,-2.485337741097741835e-06
-6.164431535458329051e-06,-5.176015101108779054e-06
-5.231465626204550246e-06,-3.926515480317917564e-06
-5.335006042766305898e-06,-2.595511717528242794e-06
-6.337707215805957699e-06,-4.060496667354205676e-06
-7.120054101718819338e-06,-5.246603916384805481e-06
-6.145695896032210780e-06,-2.607029315758977012e-06
-8.495429171873233426e-06,-5.317656547510885335e-06
-7.379965387427534351e-06,-3.406765852619211518e-06
-7.116801888416726083e-06,-2.536250935972934833e-06
-1.053188736543311137e-05,-5.427972599368444698e-06
-9.492483570814858900e-06,-3.770541618719881582e-06
-8.498080369533364200e-06,-2.442951506331474279e-06
-1.342877376605801412e-05,-5.547012602816375622e-06
-1.194629976219213001e-05,-3.884080874892154051e-06
-1.053321021023267973e-05,-2.335038418351758710e-06
-1.664430878958000459e-05,-5.645715372372711722e-06
-1.500590365004296160e-05,-3.882085388345672877e-06
-1.342931477385589590e-05,-2.217983683950669948e-06
-2.002628025260897259e-05,-5.725244659217066750e-06
-1.831030319043067028e-05,-3.880805326368613723e-06
-1.664461378248257084e-05,-2.117000205715880927e-06
-2.354145843806520634e-05,-5.787961141245086301e-06
-2.176432784956609567e-05,-3.879660391697294770e-06
-2.002674209870632560e-05,-2.035080193491502562e-06
-2.716087349792206923e-05,-5.836577127034704512e-06
-2.533608987437837882e-05,-3.878450033579869139e-06
-2.354211968524869695e-05,-1.970041165188964496e-06
-3.086134415949938291e-05,-5.874201330606135902e-06
-2.899937432791429187e-05,-3.877355495031766650e-06
-2.716149575329886886e-05,-1.919204210643983485e-06
-3.462385420532578710e-05,-5.901992756629677486e-06
-3.273387230893463906e-05,-3.876523783218241054e-06
-3.086179532827578023e-05,-1.879710770164563548e-06
-3.843006186355131949e-05,-5.920113672711815059e-06
-3.652128179033243996e-05,-3.875934477286270925e-06
-3.462418094205028257e-05,-1.850485792641664757e-06
-4.226146114060706451e-05,-5.929310086303449217e-06
-4.034306979747143531e-05,-3.875463203546771653e-06
-3.843023857341638293e-05,-1.831312996549656482e-06
-5.049060860014824997e-05,-5.706414011912663827e-06
-4.994499103982919587e-05,-5.932413572025064388e-06
-4.398161082194091065e-05,-3.875052723845467728e-06
-4.610289259330540033e-05,-5.932209884386696371e-06
-4.226177708649005946e-05,-1.821151213877529076e-06
-5.071661446444822936e-05,-5.160804497959690344e-06
-4.942552817847295190e-05,-3.874792151961111084e-06
-4.610306118112249415e-05,-1.817704227818157976e-06
-5.071674464848804036e-05,-2.588697112362065496e-06
-4.994515423927938587e-05,-1.817110136758706112e-06
-5.049075337461250387e-05,-2.043100358111161003e-06
