Size 192,2
-1.401402635241371329e-04,1.948819282305082107e-05
-1.407004308182830169e-04,1.813598775166465555e-05
-1.407007164002156577e-04,1.176131424803959240e-05
-1.401405891540956502e-04,1.040915628151121353e-05
-1.387879477879830771e-04,2.004827390669796020e-05
-1.362514853106690325e-04,1.494874270627886806e-05
-1.387883347477436981e-04,9.849100081559720264e-06
-1.292661108633912266e-04,2.004701661960587496e-05
-1.292666965255484795e-04,9.851026101532430430e-06
-1.240113198219676990e-04,1.494928504645067863e-05
-1.197500147292900909e-04,2.004129607833602923e-05
-1.197507232713434486e-04,9.858075632087901074e-06
-1.149967434966504576e-04,1.495017533172616220e-05
-1.102505675169966501e-04,2.002920879746344058e-05
-1.102513099534674454e-04,9.872598579537561164e-06
-1.055099951121523164e-04,1.495131980410587547e-05
-1.007826293949567916e-04,2.000739282595717750e-05
-1.007840162849058809e-04,9.896926180355758657e-06
-9.606474968478698054e-05,1.495274646277547919e-05
-9.136807660403074610e-05,1.997247578628111905e-05
-9.136957491840232625e-05,9.934243427097500044e-06
-8.668547435695719817e-05,1.495417351561085017e-05
-8.203387549593615653e-05,1.992205417522505636e-05
-8.203488620239871715e-05,9.987109114384724358e-06
-7.740121483783621434e-05,1.495543584891515093e-05
-7.281081048439106958e-05,1.985372317498593678e-05
-7.281136677906377690e-05,1.005779651788060048e-05
-6.824515122218899462e-05,1.495644605945206399e-05
-6.373517710112519986e-05,1.976367528481039697e-05
-6.373546887292987409e-05,1.014990868346771154e-05
-5.925687737925220777e-05,1.495732885419170535e-05
-5.485010632737946906e-05,1.964821757592118994e-05
-5.485034587249173755e-05,1.026712171849466357e-05
-5.048303151060473101e-05,1.495808656485508649e-05
-4.620541067549797118e-05,1.950301461939282007e-05
-4.620500098565715554e-05,1.041472364331851139e-05
-4.214487179535817524e-05,1.495769191900612910e-05
-3.818909855729184748e-05,1.932767266650333598e-05
-3.818795363517807996e-05,1.059880691446896609e-05
-3.525235846400971029e-05,1.528979125742604452e-05
-3.236149049487900390e-05,1.915808660895801049e-05
-3.235688476839603276e-05,1.077578636057913325e-05
-2.828569968852049900e-05,1.900603499404453816e-05
-2.903379032162196327e-05,1.635835956379103550e-05
-2.827807121440322274e-05,1.089173330528016404e-05
-2.540874763839270453e-05,1.101691167463735770e-05
3.587293178676935997e-06,1.426314400253451890e-06
3.657645206257112417e-06,1.256778099522933837e-06
3.657119032377410885e-06,6.267793240714769161e-07
3.587187358563363970e-06,4.602693001903753996e-07
-2.539651908916046189e-05,1.889761221114320242e-05
-2.287283922157886789e-05,1.865453925998111919e-05
-2.478607365792103673e-05,1.397901177396243499e-05
-2.283623341287080796e-05,1.092861064666295970e-05
3.418597464674778936e-06,1.496644787655721173e-06
3.249300366244625884e-06,8.058975012849304726e-07
3.420467289239061856e-06,3.911091962979357474e-07
-2.204328493993854557e-05,1.624710813741456929e-05
-2.044132095759968658e-05,1.810778349153551627e-05
-1.815907783572959827e-05,1.733546703998391924e-05
-2.128629462847534664e-05,1.302678944808546244e-05
-2.044828587332564378e-05,1.045114027407240942e-05
2.277291904408321606e-06,1.517911972308749569e-06
2.277239439409363829e-06,3.734832673604312852e-07
1.685585897107150714e-06,9.469543285981293733e-07
-1.605923553892465788e-05,1.630106573334521143e-05
-1.783080849405187582e-05,1.493201746953502845e-05
-1.860777765394552435e-05,1.199533284913497406e-05
-1.828106538738655544e-05,9.625240152632802795e-06
1.043121254538684826e-06,1.627813428653381003e-06
1.044108465341920718e-06,2.690718193652638415e-07
3.122478284815163294e-07,9.498650082420531296e-07
-1.413091291805570613e-05,1.508963201028094154e-05
-1.243422115239272764e-05,1.372208265391204691e-05
-1.593065786675706708e-05,1.155763656671501098e-05
-1.638558698594588253e-05,8.476628648755803292e-06
-5.289426148834276532e-07,1.863598976340652011e-06
-5.283245383372894256e-07,3.870220876025173334e-08
-1.286802553697689725e-05,1.168568583157359773e-05
-1.097016063242911614e-05,1.219070620778906729e-05
-1.357610823184679601e-05,9.467994003596469778e-06
-1.479915490132498568e-05,7.109594517554664271e-06
-1.456594471546998751e-06,9.525812097940504166e-07
-2.562728775007113729e-06,2.203432684338352313e-06
-2.560052922015147453e-06,-2.989419672667678821e-07
-9.702251850691051706e-06,1.056207899537889752e-05
-8.702129545202602658e-06,8.905251543296199140e-06
-7.944733965810988943e-06,7.175350809969870210e-06
-1.214972312389587968e-05,7.531691365961592612e-06
-1.354345409935481072e-05,5.600773598735656545e-06
-3.451222645258621575e-06,9.585829064651196132e-07
-4.544661293852718197e-06,2.537632614773582908e-06
-4.545215641946820630e-06,-6.461392674593324963e-07
-9.633042450468071643e-06,7.160196734441254062e-06
-7.385875597087964559e-06,5.438572880379369744e-06
-6.329064369017065089e-06,2.820134009687404849e-06
-6.835754149191717713e-06,3.107051259477678917e-06
-7.089262577079361189e-06,3.700598851999266312e-06
-1.116872597921192066e-05,5.385709311534385839e-06
-1.260603332666482691e-05,4.023774130648026247e-06
-5.526219789133008125e-06,1.193168040632409377e-06
-6.377281566629006836e-06,-9.008693170910778564e-07
-8.560515779336295151e-06,4.220701783227420192e-06
-6.891701647943766819e-06,1.975815096415796104e-06
-7.495078574349248651e-06,2.904681081914731835e-06
-1.048770373385928895e-05,3.539961724337762914e-06
-1.200809050808262059e-05,2.453277975063044790e-06
-6.963510206891479601e-06,1.656303744360898985e-07
-6.915225159401670414e-06,-1.171641318147233482e-06
-8.931928820906036333e-06,1.566152573217639128e-06
-1.178299868107694815e-05,9.113273298336689849e-07
-1.186306711726911763e-05,-5.742346816114764338e-07
-8.053984505644126525e-06,-8.216312137282482617e-07
-7.235412962339585263e-06,-1.739293518626823024e-06
-7.638399343395008996e-06,-3.281031315340393105e-06
-1.039051118823056683e-05,-7.808002876678209845e-07
-8.217331561580348549e-06,-4.741363210852888689e-06
-1.225817000416076330e-05,-2.063585011844532055e-06
-9.042195900611837693e-06,-3.345419030387605219e-06
-1.107516985545051045e-05,-3.460041427026126248e-06
-8.951235409301538611e-06,-6.120611302100717323e-06
-1.291796943178315692e-05,-3.461995657424160086e-06
-1.232252160674375083e-05,-4.815044040642222226e-06
-1.095956157623726538e-05,-5.650748567466545379e-06
-9.835860377011583893e-06,-7.406921079562114878e-06
-1.086206273264958413e-05,-8.585588350015260883e-06
-1.381774203196431775e-05,-4.736814247413443369e-06
-1.314087224178707597e-05,-6.304499693983146058e-06
-1.235080341299247408e-05,-8.112202501251926750e-06
-1.201594428388822695e-05,-9.641145365105069386e-06
-1.492602593452699781e-05,-5.840019980442524786e-06
-1.458149267911139699e-05,-8.095425388317803171e-06
-1.328376307530880172e-05,-1.055902184310888839e-05
-1.464883812653103869e-05,-1.132735733183982266e-05
-1.609237245549289779e-05,-1.193542485799219488e-05
-1.621777696077871491e-05,-8.572919184019382480e-06
-1.620982928267716592e-05,-6.736629920714125133e-06
-1.589612327142914117e-05,-1.038128936305826368e-05
-1.759643179901751033e-05,-1.237528001056202842e-05
-1.914022828684044689e-05,-1.264101775443504078e-05
-1.751182964399149256e-05,-8.981518868694315179e-06
-1.763022710717770451e-05,-7.397932960017211771e-06
-2.070427860346118034e-05,-1.272956020999764306e-05
-1.896874300098188174e-05,-1.044091549317346773e-05
-1.914370808519493593e-05,-7.803709612859876572e-06
-2.105061880736519553e-05,-1.067301257290040746e-05
-2.242409391065621621e-05,-1.272836949873567953e-05
-2.070410817252233145e-05,-7.941053917422187156e-06
-2.478825405523711777e-05,-1.272663582141960791e-05
-2.292358317224302364e-05,-9.505890132970446605e-06
-2.242391174888253420e-05,-7.942659552781616608e-06
-2.803114898976642649e-05,-1.272230095872240181e-05
-2.642795425005361201e-05,-1.014964111605995368e-05
-2.478787095321825272e-05,-7.945880503723924036e-06
-3.229859188502732647e-05,-1.271492230173816499e-05
-3.016715234167095978e-05,-1.033715120737176068e-05
-2.803069449485747064e-05,-7.951403065454460504e-06
-3.672803477082034913e-05,-1.270576751721976035e-05
-3.451640182335215896e-05,-1.033812727367638493e-05
-3.229812557252105824e-05,-7.960379750474715031e-06
-4.113766144846093409e-05,-1.269698830377342766e-05
-3.893589968306936268e-05,-1.033891900972876517e-05
-3.672770287949645687e-05,-7.971185350115451038e-06
-4.553133919006362471e-05,-1.269090140126179778e-05
-4.333662878782454229e-05,-1.033936783720739661e-05
-4.113761451160597121e-05,-7.981187557521270422e-06
-4.991624681035898960e-05,-1.268845563510073069e-05
-4.772470719705437483e-05,-1.033987950839450441e-05
-4.553139304124489040e-05,-7.988267286975869567e-06
-5.429891347379623253e-05,-1.268847966756767193e-05
-5.210763278197200421e-05,-1.034038543223859120e-05
-4.991632317886881962e-05,-7.991865264806861431e-06
-5.868221022388492905e-05,-1.268936304055210346e-05
-5.649036510377012971e-05,-1.034106290373328974e-05
-5.429885089864183061e-05,-7.993047894780763471e-06
-6.306588837844580569e-05,-1.269010110932984771e-05
-6.087393649490571674e-05,-1.034183318496756226e-05
-5.868198772988350256e-05,-7.993519050753999998e-06
-6.744918563621863403e-05,-1.269051097761194678e-05
-6.525755438911686401e-05,-1.034259578113393934e-05
-6.306563483503696283e-05,-7.994281988872594012e-06
-7.683747849104048731e-05,-1.243296075118254475e-05
-7.621496939440160982e-05,-1.269081010139015165e-05
-6.941254846302562535e-05,-1.034295256427802098e-05
-7.183215230154377175e-05,-1.269077211278684380e-05
-6.744921156541732290e-05,-7.995014896051643957e-06
-7.709533317054725540e-05,-1.181045629202949379e-05
-7.562238358891914820e-05,-1.034319706042584778e-05
-7.183218189504366358e-05,-7.995451817044514081e-06
-7.709543985741117492e-05,-8.875880095483309708e-06
-7.621506927974739970e-05,-7.995495512548099522e-06
-7.683758784994207391e-05,-8.253353758525628636e-06
