Size 192,2
-1.291695756818309504e-04,1.751816757921162998e-05
-1.296840476019299937e-04,1.627620333163676001e-05
-1.296838299301140648e-04,1.042117883996471236e-05
-1.291693250622023847e-04,9.179168758503065248e-06
-1.279275411981101813e-04,1.803258826324728050e-05
-1.255975831010827421e-04,1.334862758378399610e-05
-1.279272370448483601e-04,8.664724717618968485e-06
-1.191819976087952511e-04,1.803123369578328629e-05
-1.191814962581070052e-04,8.665556420444246312e-06
-1.143544965734908872e-04,1.334814507507547262e-05
-1.104401313742903455e-04,1.802611710592360111e-05
-1.104399029243840959e-04,8.670071843152464913e-06
-1.060726617217769524e-04,1.334756876553718490e-05
-1.017114266012183831e-04,1.801464269916368177e-05
-1.017117828118368664e-04,8.680241242364643259e-06
-9.735437098201045491e-05,1.334695908315343343e-05
-9.300878350130609888e-05,1.799431854036416461e-05
-9.300912935503304968e-05,8.698970058855617281e-06
-8.867031541603124156e-05,1.334629254040651658e-05
-8.435138150438853822e-05,1.796166786766318098e-05
-8.435162379746704252e-05,8.730332780995400069e-06
-8.004394077556931000e-05,1.334575747876366320e-05
-7.576657660826054781e-05,1.791285377175682157e-05
-7.576653937676302685e-05,8.778016437949766055e-06
-7.150604073166781085e-05,1.334511018187468001e-05
-6.728777246413891321e-05,1.784485535229405327e-05
-6.728791558953750389e-05,8.844881091975479486e-06
-6.309262097698794148e-05,1.334453170225208791e-05
-5.895290641104976043e-05,1.775554654699388617e-05
-5.895326961742430969e-05,8.932870004890902145e-06
-5.484342998584376146e-05,1.334387837052161257e-05
-5.080415541508390229e-05,1.764225207814633899e-05
-5.080459390720787436e-05,9.044835027612871853e-06
-4.680309432474950745e-05,1.334300603604743921e-05
-4.288814050486744537e-05,1.750157620873501321e-05
-4.288796325251128784e-05,9.184024080103407234e-06
-3.917390754635949383e-05,1.334089102350550310e-05
-3.555756466839109800e-05,1.733654244598712338e-05
-3.555642046894881233e-05,9.353023544629555466e-06
-3.287341592797357636e-05,1.364313751298614413e-05
-3.023037342006327675e-05,1.718194511523652384e-05
-3.022583263494930958e-05,9.510483960728119776e-06
-2.650066719310520755e-05,1.704715939869199745e-05
-2.718712668663583095e-05,1.462029388108200693e-05
-2.649358588766461515e-05,9.610999979057952298e-06
-2.386369958404849611e-05,9.718300977688067131e-06
3.412996382626343999e-06,6.883525825814310384e-07
3.481040538542053322e-06,5.246315989000705306e-07
3.480613837188472327e-06,-8.493475971188069955e-08
3.412918789977778669e-06,-2.462607500104452434e-07
-2.385400674578942203e-05,1.695248489379771450e-05
-2.153569944850106745e-05,1.673434485180159406e-05
-2.329565377759277900e-05,1.243711937272180534e-05
-2.150393006376923589e-05,9.628031960110746036e-06
3.250001136948638894e-06,7.561096441796435033e-07
3.085808862614416865e-06,8.765968008773012331e-08
3.251428944106499437e-06,-3.135341649187187150e-07
-2.077530534400266632e-05,1.452296284425587766e-05
-1.929775323559009651e-05,1.623876381118829159e-05
-1.719121679263114434e-05,1.553240495606051914e-05
-2.007954559876026481e-05,1.155719218962540297e-05
-1.930672724715336844e-05,9.176417076883122941e-06
2.145466346444554800e-06,7.742051329693515116e-07
2.144711955203184824e-06,-3.324819478252961150e-07
1.572726906369727739e-06,2.208308901901848621e-07
-1.524641751348175565e-05,1.458462573494875785e-05
-1.689025707140658398e-05,1.331631282634907798e-05
-1.760820615281329023e-05,1.060093411803041261e-05
-1.730706382813320730e-05,8.400087949613501369e-06
9.524624109482565617e-07,8.762708032952509614e-07
9.525640743799263676e-07,-4.344465589982291593e-07
2.469357478242092645e-07,2.209140783902941544e-07
-1.345613359934450801e-05,1.346838028815457604e-05
-1.187377838730763240e-05,1.220268445109342403e-05
-1.512900714709201753e-05,1.019261874960387073e-05
-1.555290543635588218e-05,7.323598424242551128e-06
-5.624422536357114281e-07,1.097254908683254440e-06
-5.626121953205347389e-07,-6.557297124908312641e-07
-1.227769123916129231e-05,1.031154439644650323e-05
-1.050305470136241339e-05,1.078247077850241016e-05
-1.293823095251968235e-05,8.244204569810539951e-06
-1.408010627027031465e-05,6.039350826066821863e-06
-1.453889414559785542e-06,2.208403949248352635e-07
-2.513174101082717318e-06,1.415717163889543790e-06
-2.511337633394301067e-06,-9.769263189624560999e-07
-9.313574002161371208e-06,9.265597273405791058e-06
-8.369471658856924995e-06,7.715110711286378916e-06
-7.650928520037011103e-06,6.093883201277100637e-06
-1.160350103013111274e-05,6.431580253189658103e-06
-1.291098819203916688e-05,4.618238428315655459e-06
-3.363809772790914225e-06,2.245431148695052253e-07
-4.406272372234862546e-06,1.728207775003950314e-06
-4.407290513214876088e-06,-1.304137510477830817e-06
-9.241248345228179732e-06,6.081283436320594520e-06
-7.119177974869885363e-06,4.460527355646370974e-06
-6.106263007421938923e-06,1.991669391263335721e-06
-6.589078030357770913e-06,2.261994963181868719e-06
-6.832105535234525265e-06,2.822394600713027008e-06
-1.068349684520390091e-05,4.414007749008167572e-06
-1.203730462577215617e-05,3.129160228440797828e-06
-5.342278837513070587e-06,4.464725187832699768e-07
-6.149738321763078595e-06,-1.542667972819596423e-06
-8.224870274235367769e-06,3.314356905301665526e-06
-6.640916454769778452e-06,1.189309417069445640e-06
-7.214506867368649648e-06,2.069544758224351700e-06
-1.004254923146693661e-05,2.671441987338516194e-06
-1.147991280706725226e-05,1.642448338046386012e-06
-6.706984218611450681e-06,-5.289334670935118970e-07
-6.660115871521940493e-06,-1.798516671003555667e-06
-8.573009292557855213e-06,8.020471726018371556e-07
-1.127058410142931691e-05,1.803317051523596725e-07
-1.134973094869429170e-05,-1.229975749671709930e-06
-7.739736405348924650e-06,-1.465293357252222180e-06
-6.963209502184543538e-06,-2.336106481311828051e-06
-7.344752787389828609e-06,-3.798083987617228823e-06
-9.953950512110193861e-06,-1.425325067746748182e-06
-7.893151200281362415e-06,-5.183430934387249045e-06
-1.172583950211797895e-05,-2.642622993254858436e-06
-8.675634246821452050e-06,-3.858967397956824536e-06
-1.060392997565985499e-05,-3.967632220879744849e-06
-8.588918294089652213e-06,-6.492124362942742723e-06
-1.235248569575699100e-05,-3.969392303193630236e-06
-1.178757467179284797e-05,-5.252995370285684176e-06
-1.049412917890667317e-05,-6.046159034776021167e-06
-9.427637756701861147e-06,-7.712938004430096745e-06
-1.040080020440907786e-05,-8.831930745132782708e-06
-1.320679287918111218e-05,-5.178327067085236154e-06
-1.256406317333727395e-05,-6.665998738640694533e-06
-1.181354724476452041e-05,-8.382342514359411370e-06
-1.149540113220810875e-05,-9.835019900977692484e-06
-1.425941892938965608e-05,-6.224054334195726434e-06
-1.393163656898138109e-05,-8.365833952224560225e-06
-1.269857128980207688e-05,-1.070766404555400180e-05
-1.399514162301551929e-05,-1.143924440049332449e-05
-1.536765600925220685e-05,-1.202034035599860175e-05
-1.548690257890680016e-05,-8.818755139461231633e-06
-1.547975456274092908e-05,-7.073696523540999857e-06
-1.518031589656776641e-05,-1.053945664905221559e-05
-1.679925812695709489e-05,-1.244146276019449129e-05
-1.827135167344120381e-05,-1.269794431376304977e-05
-1.671815307611395718e-05,-9.206450926566207577e-06
-1.683168326845746387e-05,-7.699143400226004906e-06
-1.976408890009827380e-05,-1.278542483604402994e-05
-1.810608809257143104e-05,-1.059718883702285719e-05
-1.827427086377281546e-05,-8.080947316542035977e-06
-2.009443295177295826e-05,-1.081871281357304835e-05
-2.140941340648935728e-05,-1.278838720299835981e-05
-1.976350107639637907e-05,-8.208062454664685165e-06
-2.367553105389396073e-05,-1.279111278311018429e-05
-2.188639948757494790e-05,-9.700376119679418463e-06
-2.140959650445553177e-05,-8.204316712583218618e-06
-2.679565694088907460e-05,-1.279543268559311132e-05
-2.525079291758413781e-05,-1.031558425063398574e-05
-2.367604745891997771e-05,-8.199436337806969771e-06
-3.092318705392943588e-05,-1.280091209989746748e-05
-2.885791930682699789e-05,-1.049428249113774424e-05
-2.679619819672843055e-05,-8.193799605348350300e-06
-3.523678561720597314e-05,-1.280790452643575474e-05
-3.307783639807086745e-05,-1.049326274629427295e-05
-3.092370730887692971e-05,-8.186638755849545010e-06
-3.956684973200557765e-05,-1.281705192433620025e-05
-3.739883015772391855e-05,-1.049227073031934140e-05
-3.523725456602790665e-05,-8.177741670878859608e-06
-4.391810583657180833e-05,-1.282889751208461222e-05
-4.173853811545995301e-05,-1.049151570395569473e-05
-3.956705035483443363e-05,-8.166836903540886469e-06
-4.829475467660755130e-05,-1.284277299837188704e-05
-4.610182119554321787e-05,-1.049100370037205699e-05
-4.391804262074968464e-05,-8.153670165733714812e-06
-5.269997918455047753e-05,-1.285740889674824519e-05
-5.049248622273459102e-05,-1.049050838491454031e-05
-4.829475048463471230e-05,-8.138695778930441377e-06
-5.713420464583440273e-05,-1.287126571844495600e-05
-5.491249012817783586e-05,-1.048994946767319395e-05
-5.270010675349006096e-05,-8.122963310241497652e-06
-6.159403565176790819e-05,-1.288276996771277879e-05
-5.936033031229909972e-05,-1.048945528933394785e-05
-5.713434020668668013e-05,-8.108101178757496657e-06
-6.607317111786686762e-05,-1.289060843607041680e-05
-6.383108655640663365e-05,-1.048898671977246151e-05
-6.159420616992250400e-05,-8.095696594990880719e-06
-7.569653985515393602e-05,-1.263116757212481113e-05
-7.505826420325898709e-05,-1.289552111290800573e-05
-6.808345315756470059e-05,-1.048872634013619643e-05
-7.056367071386486804e-05,-1.289454116370940903e-05
-6.607312416725170544e-05,-8.087137314820550969e-06
-7.596092286994432106e-05,-1.199293165229614053e-05
-7.445032718700895212e-05,-1.048844297401346662e-05
-7.056367070319396052e-05,-8.082586755985780164e-06
-7.596083424827264731e-05,-8.983996130795002277e-06
-7.505819009517702490e-05,-8.081445346636165146e-06
-7.569645140420412448e-05,-8.345787014229687705e-06
