Size 192,2
-1.362227522724173442e-04,1.829452566119473599e-05
-1.367696991571296702e-04,1.697418343008986032e-05
-1.367695038376478091e-04,1.074957413601241216e-05
-1.362225240543733264e-04,9.429173687839822389e-06
-1.349023239440891677e-04,1.884141038978477521e-05
-1.324251990180126074e-04,1.386182722480623102e-05
-1.349020368020156758e-04,8.882260625631884315e-06
-1.256043070674452275e-04,1.883981208890772395e-05
-1.256038370299538765e-04,8.883462760167126548e-06
-1.204718997023639939e-04,1.386152204300845656e-05
-1.163113281086485321e-04,1.883223076638532533e-05
-1.163105117569354695e-04,8.890208671581178773e-06
-1.116695104105475990e-04,1.386100696121287980e-05
-1.070382070190198067e-04,1.881482826163687112e-05
-1.070372436121263605e-04,8.906569821484396218e-06
-1.024128837891376525e-04,1.386063100355338847e-05
-9.780677185405135463e-05,1.878443711888617038e-05
-9.780545830559783465e-05,8.936250602150530941e-06
-9.321097965525081195e-05,1.386023601648567014e-05
-8.864469123938512160e-05,1.873843529753438933e-05
-8.864326601194497297e-05,8.981722726002001092e-06
-8.409366572868350671e-05,1.385987486505932094e-05
-7.958299321079442281e-05,1.867537581349349091e-05
-7.958187297212698222e-05,9.044322293448139971e-06
-7.509327778937488452e-05,1.385952077730444939e-05
-7.065460637334424138e-05,1.859449844397953683e-05
-7.065420692196418718e-05,9.124728884126104807e-06
-6.624319330183830404e-05,1.385933810338055270e-05
-6.189348859412360023e-05,1.849516386465055239e-05
-6.189381293777570180e-05,9.223736700215574147e-06
-5.757742516247776887e-05,1.385942372063574597e-05
-5.333496384403292145e-05,1.837621531531156846e-05
-5.333525389033880995e-05,9.342629747430339896e-06
-4.913190046789471472e-05,1.385939430047611542e-05
-4.501579258516190515e-05,1.823474528527118939e-05
-4.501527763322693668e-05,9.484643808414758461e-06
-4.110769934089615835e-05,1.385818349185736768e-05
-3.729768601296251998e-05,1.807010363800985763e-05
-3.729621418791813071e-05,9.655272179797807307e-06
-3.446745215939958325e-05,1.417780452603824917e-05
-3.167644097472944895e-05,1.791371202240020686e-05
-3.167171668248870041e-05,9.816323776227442953e-06
-2.773606175397674582e-05,1.777414096732955496e-05
-2.846191862035521975e-05,1.521058312539949736e-05
-2.772850272704562710e-05,9.921012396370348254e-06
-2.494869081532113806e-05,1.003417711220143162e-05
3.528153706595367542e-06,5.841689181094388422e-07
3.597957793982364884e-06,4.162394187692055815e-07
3.597532226042151406e-06,-2.089951615734233602e-07
3.528091474905071998e-06,-3.744831688288907783e-07
-2.493842323543839256e-05,1.767457310788660813e-05
-2.248852383117241405e-05,1.744374940262950961e-05
-2.434826237731774968e-05,1.290563447120739850e-05
-2.245438066300093634e-05,9.939939408788592886e-06
3.360981603531376758e-06,6.536421306864699303e-07
3.192681312397722117e-06,-3.209043150907874569e-08
3.362448324943281458e-06,-4.435345861333854690e-07
-2.168478340824096250e-05,1.510799515565950189e-05
-2.012496434805530052e-05,1.691890519389210146e-05
-1.790150849852014658e-05,1.617155845411940597e-05
-2.094918892347429594e-05,1.197720236411652629e-05
-2.013288444689043374e-05,9.466040730375429381e-06
2.228428089202790547e-06,6.724215035745881693e-07
2.227638327100134409e-06,-4.633827015455406901e-07
1.640621417503575157e-06,1.045706460499949188e-07
-1.585147610527986288e-05,1.516897146576151236e-05
-1.758307242987038405e-05,1.383246439295521146e-05
-1.834010375971449828e-05,1.096919506347511722e-05
-1.802163938936644002e-05,8.651448446422383630e-06
1.003267741240498033e-06,7.788209518408787670e-07
1.003542298827285773e-06,-5.690529757993824426e-07
2.776989217820815165e-07,1.051630054384642014e-07
-1.396574128969269267e-05,1.398990307920462742e-05
-1.230217869358088612e-05,1.265521891342050768e-05
-1.572622374935068345e-05,1.053943238604452747e-05
-1.617137650514942983e-05,7.521642054109678476e-06
-5.558109162159388071e-07,1.008775823744122944e-06
-5.557781377400258286e-07,-7.980501283825812411e-07
-1.272682411720645664e-05,1.066402953687694198e-05
-1.086390517545468909e-05,1.115880638777793643e-05
-1.342054991828127307e-05,8.490698611227049742e-06
-1.461969715556188855e-05,6.175758456554512115e-06
-1.474374942734272288e-06,1.057802324984696708e-07
-2.567806475725854813e-06,1.341005544721150032e-06
-2.565702067082997198e-06,-1.131903476290480024e-06
-9.616974091500754581e-06,9.563074756507714390e-06
-8.630337095960790078e-06,7.935475757163358481e-06
-7.882075443974638734e-06,6.235095083051821348e-06
-1.201934600566989398e-05,6.588159799221465498e-06
-1.338900597971365557e-05,4.688491478657308458e-06
-3.446252156542118475e-06,1.101615418919244957e-07
-4.525494552721305996e-06,1.668172554889065199e-06
-4.526433047740849429e-06,-1.473988808956860135e-06
-9.544653753217162011e-06,6.221119869375830641e-06
-7.329644440486561499e-06,4.524827615586167317e-06
-6.285931923980158681e-06,1.944854543681754125e-06
-6.785557957670215397e-06,2.227294840017224166e-06
-7.035752726025163948e-06,2.812367172144184372e-06
-1.105425682649858145e-05,4.475041316818959613e-06
-1.246886480815724700e-05,3.132874915527720012e-06
-5.494522774577079629e-06,3.407346506649519799e-07
-6.334296447538291123e-06,-1.724638610277376665e-06
-8.485942057070414618e-06,3.325492130250526729e-06
-6.840850669892997720e-06,1.111902691492228651e-06
-7.435383429696964885e-06,2.027544420507410272e-06
-1.038327476699471687e-05,2.654851214073212912e-06
-1.188057698743560265e-05,1.583053018618273667e-06
-6.912088522679217021e-06,-6.730033878409462303e-07
-6.865420551598814240e-06,-1.991336897898968994e-06
-8.850474346992567729e-06,7.073956464128176831e-07
-1.165802851141783352e-05,6.159796140202687475e-08
-1.173390991427427580e-05,-1.402972361861576460e-06
-7.986920105398397828e-06,-1.646809481302939465e-06
-7.181685618132890491e-06,-2.549869538549717785e-06
-7.580428330123839123e-06,-4.065433633150153106e-06
-1.028556473014522634e-05,-1.607449563184639167e-06
-8.152095036864753346e-06,-5.497567998403005416e-06
-1.211834078222240587e-05,-2.869617152732002890e-06
-8.960569525532232845e-06,-4.129625206025133567e-06
-1.095594960215858716e-05,-4.242165139950312181e-06
-8.874012734418449419e-06,-6.848854368285190319e-06
-1.276104995175755400e-05,-4.244025039645392760e-06
-1.217628441324309242e-05,-5.570791871584109620e-06
-1.084225970697957888e-05,-6.389238751920704722e-06
-9.742502583370065360e-06,-8.106043465426382403e-06
-1.074670463441373285e-05,-9.255965573926296100e-06
-1.363685550630585682e-05,-5.494639004078724420e-06
-1.297460714446408334e-05,-7.027795536245115008e-06
-1.220215105939914168e-05,-8.793392145688953035e-06
-1.187487400564944308e-05,-1.028467015233918684e-05
-1.471582801238641067e-05,-6.574430165176073743e-06
-1.437846021484331400e-05,-8.775903674332836198e-06
-1.311202374958131750e-05,-1.117871918064685442e-05
-1.444246055451099471e-05,-1.192658586285168659e-05
-1.584932235161177664e-05,-1.251883860043063975e-05
-1.597242591093621782e-05,-9.240965237333987755e-06
-1.596563481383171695e-05,-7.450187063073072286e-06
-1.565840156423939865e-05,-1.100401985741088165e-05
-1.731430471773390199e-05,-1.294761497622015195e-05
-1.881886224896429428e-05,-1.320753548062512824e-05
-1.723253311184719231e-05,-9.638910455186231702e-06
-1.734841106406512508e-05,-8.095205897462748199e-06
-2.034327163739540264e-05,-1.329505640326414502e-05
-1.865134850645532767e-05,-1.106165851915290331e-05
-1.882244773896950686e-05,-8.489951899751809641e-06
-2.068067545154901715e-05,-1.128810147313451235e-05
-2.202119012054081605e-05,-1.329619179932837886e-05
-2.034298588480868260e-05,-8.622682775696071696e-06
-2.433021180741885584e-05,-1.329761368221994125e-05
-2.250786901558975012e-05,-1.014824034369182941e-05
-2.202095887381124998e-05,-8.622193263111553420e-06
-2.750532320079865570e-05,-1.330003078015839176e-05
-2.593368074325372926e-05,-1.077693452282606695e-05
-2.433003099543181642e-05,-8.621281857317720878e-06
-3.169961747996279366e-05,-1.330299518775038136e-05
-2.960168176330281160e-05,-1.096055003541990711e-05
-2.750501000372885496e-05,-8.620066881370257891e-06
-3.607405259723757391e-05,-1.330534479927846281e-05
-3.388614996685902021e-05,-1.096149151099056259e-05
-3.169926218579496185e-05,-8.619006685049278242e-06
-4.045059994005358972e-05,-1.330654718142476959e-05
-3.826200018068336329e-05,-1.096244717067597387e-05
-3.607365066965236570e-05,-8.618548253395681450e-06
-4.482592971574896604e-05,-1.330533653712988846e-05
-4.263879858082219145e-05,-1.096332248349049651e-05
-4.045037099474731374e-05,-8.619177102831528586e-06
-4.919495109710550886e-05,-1.330144403298179746e-05
-4.701182769447568958e-05,-1.096406942938175070e-05
-4.482574134047870887e-05,-8.622099315740430625e-06
-5.355325691977823132e-05,-1.329561351743384607e-05
-5.137607894466076952e-05,-1.096458176743348145e-05
-4.919479822253266518e-05,-8.627290884379897599e-06
-5.789881709693466921e-05,-1.328913628160188315e-05
-5.572813308207628935e-05,-1.096491071224286440e-05
-5.355310664020085452e-05,-8.633905667309695525e-06
-6.223116832911196881e-05,-1.328250226358153443e-05
-6.006720792769384054e-05,-1.096516002726002600e-05
-5.789872062799394372e-05,-8.640905267979371977e-06
-6.655108083391579415e-05,-1.327709181837270050e-05
-6.439294971936591081e-05,-1.096535693733538358e-05
-6.223115681924147884e-05,-8.648012610029075085e-06
-7.578113395374602940e-05,-1.301971189919113395e-05
-7.516928287449024142e-05,-1.327317586804543946e-05
-6.848304281665943977e-05,-1.096557698516831343e-05
-7.086199791008313757e-05,-1.327397742491121066e-05
-6.655100563526340828e-05,-8.653895839178846032e-06
-7.603456714714809011e-05,-1.240781895706492176e-05
-7.458698994250842669e-05,-1.096567986524271392e-05
-7.086197037369053786e-05,-8.657309648979138274e-06
-7.603456553842949286e-05,-9.523538382353555852e-06
-7.516927493746607526e-05,-8.658173366441596934e-06
-7.578113048293455480e-05,-8.911639971001045012e-06
