Size 192,2
-1.509193069138143496e-05,3.412279505374399161e-06
-1.512821041212531294e-05,3.324851363023728772e-06
-1.512834181601699035e-05,2.912461701531610952e-06
-1.509208943785513101e-05,2.825079058750456699e-06
-1.500438619425264914e-05,3.448470710205266943e-06
-1.483992115298131696e-05,3.118673902012940420e-06
-1.500459594127160522e-05,2.788906855441467726e-06
-1.438744178028957265e-05,3.446746344251838085e-06
-1.438774444131067058e-05,2.790510840899734644e-06
-1.404942631068577868e-05,3.118482634547158914e-06
-1.377857718847412027e-05,3.439767551537478199e-06
-1.377852962822205963e-05,2.796734587775172412e-06
-1.347905529111040393e-05,3.118141463067669893e-06
-1.318670459731601099e-05,3.429199458231109202e-06
-1.318609387012211488e-05,2.806469795957466940e-06
-1.289724417849482723e-05,3.117466001138351848e-06
-1.261635359672267479e-05,3.417727391516824622e-06
-1.261585951550356742e-05,2.816870681142394212e-06
-1.233789611641681470e-05,3.116794562000231588e-06
-1.206623823915588381e-05,3.408470348148549746e-06
-1.206632364521685748e-05,2.824700931649079572e-06
-1.179608427707194788e-05,3.116067122353635903e-06
-1.152813166531824445e-05,3.404805009720395440e-06
-1.152873128468642346e-05,2.826477990999174838e-06
-1.126029447250369223e-05,3.115177192986839234e-06
-1.098915971965089385e-05,3.408743757703110495e-06
-1.098993131710532474e-05,2.820412324883181720e-06
-1.071622484971699457e-05,3.114219249501809024e-06
-1.043422087720859140e-05,3.421710506253068445e-06
-1.043466287501592202e-05,2.805374516793904239e-06
-1.014692372959388296e-05,3.113276760962319943e-06
-9.844063456632825841e-06,3.445879972761888448e-06
-9.843963493273980142e-06,2.779500970592462011e-06
-9.531597320698566658e-06,3.112316387379608915e-06
-9.196163154227529249e-06,3.482846611959789679e-06
-9.195852028109533600e-06,2.740588757742227280e-06
-8.861524223734295485e-06,3.111719067333377369e-06
-8.498091377284395080e-06,3.530823814075071179e-06
-8.497948657219543518e-06,2.689024700783155046e-06
-8.216712230083872499e-06,3.146491254603896907e-06
-7.899282466250696807e-06,3.577603501080373423e-06
-7.900176897860912984e-06,2.638986333345344155e-06
-7.417262120386888156e-06,3.619090071320358326e-06
-7.525207146314902127e-06,3.278735945246415752e-06
-7.419002428317097319e-06,2.606593958755482298e-06
-7.042796574915038893e-06,2.572021480061190183e-06
1.437971872327973770e-06,-4.388532338383279008e-07
1.467184398910867102e-06,-5.088963588124536026e-07
1.467103386426648063e-06,-7.707863372787672075e-07
1.437989654438532240e-06,-8.403137406197284791e-07
-7.046468893911753809e-06,3.648355435249739509e-06
-6.681684881244943734e-06,3.654126994637757542e-06
-6.979017727332770493e-06,2.974113177067667640e-06
-6.693749472868467816e-06,2.504079729467949635e-06
1.368179912946545407e-06,-4.100332378248793985e-07
1.297409794944289286e-06,-6.973967205436310904e-07
1.368453154885455428e-06,-8.695930037510307965e-07
-6.574401598936777969e-06,3.315462417199312567e-06
-6.305818929317254702e-06,3.623260766645593563e-06
-5.916626893084079310e-06,3.537057546291514364e-06
-6.464572089768767723e-06,2.814813488200723453e-06
-6.326358770210569264e-06,2.361839807825513301e-06
8.938227156145716845e-07,-4.044046837357343420e-07
8.927536992177447694e-07,-8.800220146396182572e-07
6.468745407303845191e-07,-6.434372597441681077e-07
-5.518875573306257486e-06,3.409218054221729468e-06
-5.873950521494748963e-06,3.146610133436983335e-06
-6.013135629934198186e-06,2.621696650377033160e-06
-5.961993530638229035e-06,2.143001535364976566e-06
3.804637987939977989e-07,-3.635085695620136672e-07
3.799168223626540224e-07,-9.255145920445059319e-07
7.748013010662233493e-08,-6.455005823484235055e-07
-5.127474286415068734e-06,3.222317182755690092e-06
-4.738795655729561618e-06,2.977687960537062341e-06
-5.508548612849630391e-06,2.529237900672690817e-06
-5.615722656188335548e-06,1.853956395919046482e-06
-2.683421734885758837e-07,-2.731590721333741925e-07
-2.688021875835177851e-07,-1.019605485680472007e-06
-4.835456867292390730e-06,2.565940815561822347e-06
-4.363758140921991793e-06,2.685329587641321053e-06
-5.005199730058053553e-06,2.063852290330882611e-06
-5.303408951993688953e-06,1.485461357360632868e-06
-6.479281626824986588e-07,-6.470600956798509830e-07
-1.096215214539526008e-06,-1.429115611021315255e-07
-1.096151276810682795e-06,-1.153322072157277560e-06
-4.021106292527454069e-06,2.336797574469218667e-06
-3.700954353198441315e-06,1.924859828144243309e-06
-3.415671653678650156e-06,1.470242029418312108e-06
-4.650681833571214307e-06,1.582698150098936800e-06
-5.041626296583779163e-06,1.040893142742333072e-06
-1.456242114009798068e-06,-6.470869544682614337e-07
-1.895133378085862276e-06,-1.451629626129043970e-08
-1.894803680449298947e-06,-1.287271264238426319e-06
-3.945146792972818236e-06,1.479170489634562941e-06
-3.185188174062080841e-06,9.648929581544921818e-07
-2.634304829897270437e-06,9.511347062195970690e-08
-2.861330672268833767e-06,2.008494756611824340e-07
-2.997257888752024440e-06,4.095632938718598570e-07
-4.393809300068808334e-06,9.718363869769657021e-07
-4.852513593346185109e-06,5.327476303932118399e-07
-2.290415113353669924e-06,-5.561091938747351124e-07
-2.597755359937010599e-06,-1.380221311103319648e-06
-3.547449236109745824e-06,5.981767842663770462e-07
-2.857229396694466487e-06,-2.350455538957261109e-07
-3.124392379686156074e-06,1.256127502631088359e-07
-4.190959739998949942e-06,3.716692201139718515e-07
-4.750176777633182325e-06,-2.580781297724957697e-08
-2.838794543206461356e-06,-9.493770337807633979e-07
-2.782725285905763439e-06,-1.488826297937530833e-06
-3.642919721806921020e-06,-3.523636257078500625e-07
-4.735158324191499762e-06,-6.136656517838823681e-07
-4.871815267426929270e-06,-1.227587240036860958e-06
-3.243529280064685222e-06,-1.331082190388441933e-06
-2.882224663011577575e-06,-1.736987494017304466e-06
-2.990671594700329902e-06,-2.451504148580929884e-06
-4.232901589149659180e-06,-1.285217034411811488e-06
-3.184999994370240831e-06,-3.195099225162154040e-06
-5.142281361460904005e-06,-1.863118929840955647e-06
-3.615384496135669078e-06,-2.460373936819844975e-06
-4.591596813254390663e-06,-2.517199161487601757e-06
-3.497244576017397286e-06,-3.926744899162211420e-06
-5.560145116059761669e-06,-2.518671658589747132e-06
-5.270488553866213227e-06,-3.209179813616507482e-06
-4.527650983934870727e-06,-3.660952412300123609e-06
-3.908634614164186043e-06,-4.672115807545254564e-06
-4.452067336990374003e-06,-5.401539693217307750e-06
-6.142762702233432424e-06,-3.150425777837028808e-06
-5.756235785214023781e-06,-4.036425230843039453e-06
-5.291381129475724524e-06,-5.121451696186413438e-06
-5.090380679898642141e-06,-6.102996453288606571e-06
-6.869913526484390413e-06,-3.733900506341203803e-06
-6.661883448634275002e-06,-5.125681802810696672e-06
-5.848062244098618151e-06,-6.734030735292429259e-06
-6.725061354039175688e-06,-7.302069762221374750e-06
-7.688514088187652125e-06,-7.796647732188577442e-06
-7.755206356915621084e-06,-5.436785211148424749e-06
-7.741259533416854939e-06,-4.239619782495358425e-06
-7.532196059792062904e-06,-6.674779806151761029e-06
-8.748343795584519967e-06,-8.168655592835073778e-06
-9.884983622236928139e-06,-8.430381645374820563e-06
-8.661802892738705613e-06,-5.707425839284834318e-06
-8.752047584979424244e-06,-4.607975528944364580e-06
-1.106543602445607832e-05,-8.556273062325528780e-06
-9.721837604834855436e-06,-6.767348836832225228e-06
-9.866395864707445647e-06,-4.814179792766054870e-06
-1.132074726102067703e-05,-6.956275106083297126e-06
-1.242705073740063421e-05,-8.624889368780009531e-06
-1.104646556099423164e-05,-4.858891378742891977e-06
-1.435841003416803377e-05,-8.692992519935935938e-06
-1.280519477898454041e-05,-6.028554516857553882e-06
-1.242354864160866378e-05,-4.790094307241185737e-06
-1.714960233996898388e-05,-8.796145261149085543e-06
-1.573900716048465799e-05,-6.543930567726887001e-06
-1.436055077560574295e-05,-4.701208761734125891e-06
-2.102336631561325445e-05,-8.905151691826429801e-06
-1.905565401967638091e-05,-6.701537614792262514e-06
-1.715043720948208872e-05,-4.601298976258488184e-06
-2.523722536363284135e-05,-8.994944135941269347e-06
-2.310269348233096433e-05,-6.700190376219156705e-06
-2.102378290471387939e-05,-4.495384793738966346e-06
-2.960244857909398407e-05,-9.068711628863225177e-06
-2.739670167640609252e-05,-6.699412898924068646e-06
-2.523746607640085787e-05,-4.404492422849885509e-06
-3.409255191313066062e-05,-9.128066999737531218e-06
-3.182881465979311677e-05,-6.698476687866446239e-06
-2.960275899450824332e-05,-4.329193131701224436e-06
-3.868232985652041416e-05,-9.174581484087616630e-06
-3.637273700817722841e-05,-6.697344904225326504e-06
-3.409280421392242382e-05,-4.267853875255799621e-06
-4.334971634713218064e-05,-9.210272746730519927e-06
-4.100466222938200410e-05,-6.696282819043806202e-06
-3.868246334256562956e-05,-4.219173525825629036e-06
-4.807590573870432335e-05,-9.236576540005121826e-06
-4.570439068499709790e-05,-6.695358472927287211e-06
-4.334979251228819060e-05,-4.181379637601134238e-06
-5.284414539430654334e-05,-9.254294637094420865e-06
-5.045434433817373281e-05,-6.694486202976650747e-06
-4.807605023889212608e-05,-4.153257145028708046e-06
-5.763936166004599492e-05,-9.264843730222628874e-06
-5.523846886134201940e-05,-6.693693455427164267e-06
-5.284434510910938492e-05,-4.133768958001431879e-06
-6.794528091406371278e-05,-8.987108942227079724e-06
-6.726179170698778833e-05,-9.270205606442989755e-06
-5.979220339934857866e-05,-6.693217537566963318e-06
-6.244846177161290002e-05,-9.269527143180488144e-06
-5.763936757574002954e-05,-4.121960703767579511e-06
-6.822839271001141263e-05,-8.303643837264396347e-06
-6.661085826610021283e-05,-6.692645424022606160e-06
-6.244855981735341244e-05,-4.116324765264335931e-06
-6.822836136460071633e-05,-5.081642424667957820e-06
-6.726179614834116064e-05,-4.115142417503705739e-06
-6.794525786058553253e-05,-4.398218075804002943e-06
