Size 192,2
7.961478253572037305e-05,-1.307922443511097982e-05
7.988453610079317591e-05,-1.242793852720333084e-05
7.988423829799296092e-05,-9.357637888268516429e-06
7.961443421818700100e-05,-8.706276099151568699e-06
7.896351810255179649e-05,-1.334899817478198077e-05
7.774177808169304273e-05,-1.089271741481851057e-05
7.896308280357677606e-05,-8.436466676268982365e-06
7.437782583506486606e-05,-1.334909316061638289e-05
7.437711528318226143e-05,-8.436012081847433049e-06
7.184543468138577594e-05,-1.089247815057065122e-05
6.979098879726279927e-05,-1.334945019911931743e-05
6.979039480957121980e-05,-8.435192138074742402e-06
6.749673155812369550e-05,-1.089193189872047283e-05
6.520262108354108648e-05,-1.334930167745784108e-05
6.520264235954152492e-05,-8.434079901393175859e-06
6.290803614916801103e-05,-1.089154133483793247e-05
6.061426191107137569e-05,-1.334857949732152273e-05
6.061391264820699127e-05,-8.433784753265378495e-06
5.831963634840467669e-05,-1.089106371592436323e-05
5.602680185495952195e-05,-1.334722106114503908e-05
5.602629806317209373e-05,-8.434334571333193981e-06
5.373317977649576867e-05,-1.089070354498442753e-05
5.144163286206452924e-05,-1.334563365936130697e-05
5.144115827626246880e-05,-8.435571900642783969e-06
4.914975545531824957e-05,-1.089052027859810631e-05
4.685952616889766357e-05,-1.334445830617525879e-05
4.685914267185543582e-05,-8.436667996780581092e-06
4.456913571965781550e-05,-1.089063148292064437e-05
4.227907646793335078e-05,-1.334488369162923890e-05
4.227861411195556033e-05,-8.436648353386612306e-06
3.998826945570955305e-05,-1.089095659002653656e-05
3.769666799428852483e-05,-1.334710516625799181e-05
3.769618762311949402e-05,-8.435332543888921628e-06
3.540374490213780886e-05,-1.089147205273610433e-05
3.310908105329961516e-05,-1.335060139628364434e-05
3.310896152675401910e-05,-8.433126578977004486e-06
3.090600957828284042e-05,-1.089214840492356842e-05
2.870148551565493398e-05,-1.335335315899196498e-05
2.870158277173155277e-05,-8.431688594023690678e-06
2.704829176010251009e-05,-1.108513338088694041e-05
2.535932125226150622e-05,-1.335455516598865336e-05
2.535945851583847242e-05,-8.431522039738271887e-06
2.292669571655150436e-05,-1.335407513033151765e-05
2.340261257195669847e-05,-1.173304337046753903e-05
2.292655821876240658e-05,-8.432197717617043601e-06
2.115837844906345527e-05,-8.433524181026025261e-06
-3.650029552376225609e-06,1.088013220004975651e-07
-3.722439509305034979e-06,2.827327875627100228e-07
-3.722088887378485170e-06,9.314915470953853713e-07
-3.649998574703507353e-06,1.103423918455346954e-06
2.115840616327731028e-05,-1.335297227805106626e-05
1.955258248415532910e-05,-1.326014417289091946e-05
2.080125806743197308e-05,-1.027913271203266207e-05
1.955546618462499633e-05,-8.295487593004852460e-06
-3.476808011986657276e-06,3.701450814712084779e-08
-3.301867758070975252e-06,7.486689999186744794e-07
-3.477953308954563800e-06,1.175435663417632863e-06
1.904373688277784650e-05,-1.174274450154645546e-05
1.796889557413173169e-05,-1.298492297618163805e-05
1.642798865525261245e-05,-1.253206883684014135e-05
1.856141937275184787e-05,-9.641820806333467595e-06
1.800277646579110961e-05,-7.883090120780831937e-06
-2.301621786728918179e-06,2.002734559177486895e-08
-2.300068967974856135e-06,1.198060556744610227e-06
-1.691507023690785846e-06,6.103066673255371517e-07
1.495101672457568147e-05,-1.190675672187258465e-05
1.622630215836930252e-05,-1.093885223444129627e-05
1.676099825461166868e-05,-8.920623471671574196e-06
1.654737040467485059e-05,-7.209655606923129417e-06
-1.031348503133910248e-06,-8.638924942198085268e-08
-1.030860132220580254e-06,1.309125501083983484e-06
-2.800476422457984188e-07,6.124941948490300070e-07
1.355557394958009953e-05,-1.111880540329333807e-05
1.226128898384225926e-05,-1.017912633996897226e-05
1.488170239299719787e-05,-8.599130751475105676e-06
1.523340379133224572e-05,-6.295519838573681310e-06
5.812980029345316648e-07,-3.197151910609804223e-07
5.820028610351394785e-07,1.547030936771458931e-06
1.258814638893184884e-05,-8.708363137272382004e-06
1.108484367673889795e-05,-9.099320080686960086e-06
1.313992931452032684e-05,-7.026292129614104499e-06
1.410038993260007121e-05,-5.170756479363680266e-06
1.530418754042508185e-06,6.144401884540488171e-07
2.658143070365297117e-06,-6.588406237253547839e-07
2.657183294377136244e-06,1.891945998805744365e-06
1.003914567998088231e-05,-7.894994626586876514e-06
9.138959155953202006e-06,-6.583250202584325384e-06
8.392057687495653201e-06,-5.176434565733127371e-06
1.201042484808707812e-05,-5.494078377695529526e-06
1.318197129851950227e-05,-3.871715032691379659e-06
3.564925095613464070e-06,6.127021482748480403e-07
4.677937114628337814e-06,-9.947814583258847690e-07
4.677986394066666917e-06,2.243575082471012606e-06
9.895620752124073029e-06,-5.183565144483438544e-06
7.810401383229123516e-06,-3.690098517345427298e-06
6.534114413931138577e-06,-1.282399896623215967e-06
7.089019912732033440e-06,-1.563169137104412144e-06
7.401203868672398069e-06,-2.126744236175198030e-06
1.121377250588726934e-05,-3.678304361534858577e-06
1.250629381197667273e-05,-2.447848661050352620e-06
5.679739026870081478e-06,3.789255111146163566e-07
6.496184700988716713e-06,2.495161813050649734e-06
8.847158660473863412e-06,-2.628935387440760876e-06
7.104810952047038344e-06,-4.329448272055457773e-07
7.762077531146949731e-06,-1.365962781173109090e-06
1.062347094984910520e-05,-2.003510053564762505e-06
1.210429269778715149e-05,-9.499969913781139198e-07
7.104394408682831534e-06,1.400831538594529089e-06
6.997043445967881715e-06,2.774299162057951014e-06
9.145239974828989104e-06,-8.717492915201379220e-08
1.199014658575732675e-05,5.810126572843129509e-07
1.223688859120463840e-05,2.130771922044368008e-06
8.170423598223315999e-06,2.389760830016681440e-06
7.278991983464602157e-06,3.390397442989288329e-06
7.606560269016027475e-06,5.125779970065793378e-06
1.064972072003519047e-05,2.302365121442372035e-06
8.139249594959117480e-06,6.875798964056375483e-06
1.282019072554375599e-05,3.718381502116636725e-06
9.144488584023402204e-06,5.164748426960502311e-06
1.148539134508188735e-05,5.299888785426388067e-06
8.919832545559042090e-06,8.575441462503260325e-06
1.374109697876896137e-05,5.303127370585750457e-06
1.304919953911186558e-05,6.926754805024550155e-06
1.133822021032690090e-05,7.969971938407690920e-06
9.916844909365502160e-06,1.026151085689903688e-05
1.117943015405044332e-05,1.188081273327277611e-05
1.501769804234382561e-05,6.802880354212414906e-06
1.413966675395095998e-05,8.821775799812855122e-06
1.309286606618501992e-05,1.125124524376651724e-05
1.264281929126754138e-05,1.340823918396256586e-05
1.660568498828797877e-05,8.159925440350824491e-06
1.614065137816576595e-05,1.125196350294250792e-05
1.434100868607594408e-05,1.477023939395562651e-05
1.626725881656589486e-05,1.597405561770776582e-05
1.836194436496223610e-05,1.699905739769848280e-05
1.851663509189230115e-05,1.193326261288337327e-05
1.849142713276976264e-05,9.313422959966691187e-06
1.803662201575680462e-05,1.460773221881991487e-05
2.063362587239523822e-05,1.776373305658273020e-05
2.304401051433260079e-05,1.828601299814447572e-05
2.046247055471899786e-05,1.252328793099131407e-05
2.065235289500591965e-05,1.015673781877707169e-05
2.553244781232334796e-05,1.852333441600812863e-05
2.271646624264912057e-05,1.477988855654719020e-05
2.301488420589141732e-05,1.064205032240978028e-05
2.607330883974560951e-05,1.517237783912553491e-05
2.837199278231983696e-05,1.863570649489257387e-05
2.550120905922329041e-05,1.076589283562939129e-05
3.237370427076231036e-05,1.874822056607508585e-05
2.916804605081238681e-05,1.323904014772983985e-05
2.836566001441858352e-05,1.065533974609654677e-05
3.809794839456710118e-05,1.891884876580160043e-05
3.521678708999261139e-05,1.431369442195189377e-05
3.237651803321516376e-05,1.051176760051161053e-05
4.596434302747615027e-05,1.909729035998768146e-05
4.198087118117756628e-05,1.464035228479362896e-05
3.809883719973749394e-05,1.035037813378093242e-05
5.444295834728535706e-05,1.923913729368698504e-05
5.016045963938461910e-05,1.464089681449977185e-05
4.596415008398215733e-05,1.018199301728718955e-05
6.314791297402844639e-05,1.934795694499752674e-05
5.876186319024284378e-05,1.464257152034559561e-05
5.444237090806435821e-05,1.004421272532170291e-05
7.202324755074366875e-05,1.942849247227730779e-05
6.756100628665167251e-05,1.464422431322003281e-05
6.314743148731222645e-05,9.938763663769617987e-06
8.102060529491695185e-05,1.948524119228461042e-05
7.650475899769748080e-05,1.464579499147863435e-05
7.202285563793716684e-05,9.861524950073381456e-06
9.010053329619268259e-05,1.952256058337961298e-05
8.554941476537348524e-05,1.464709305536644236e-05
8.102035563688615803e-05,9.807705415866012393e-06
9.923074645751749859e-05,1.954427370962148378e-05
9.465937795479987930e-05,1.464822147819906797e-05
9.010029166120557109e-05,9.772794606125315953e-06
1.083858368024605355e-04,1.955412612539230533e-05
1.038057492631584477e-04,1.464910611985462482e-05
9.923062989591107589e-05,9.753204928905465668e-06
1.175481556915151341e-04,1.955674331123869513e-05
1.129666761084752115e-04,1.464978695654404293e-05
1.083857529470351786e-04,9.744855667845748722e-06
1.371686270726987919e-04,1.901729747524598881e-05
1.358678557351361452e-04,1.955611555162142321e-05
1.216521615984416527e-04,1.465017844478981342e-05
1.267093411884690748e-04,1.955647604078947387e-05
1.175481753478096976e-04,9.743277292792480382e-06
1.377074232651965614e-04,1.771649599124685767e-05
1.346296000519449690e-04,1.465052442274175568e-05
1.267093040423424054e-04,9.744256188012815530e-06
1.377074907377367303e-04,1.158452604237977064e-05
1.358678994461157510e-04,9.744859287188909402e-06
1.371686909285087003e-04,1.028369233708217485e-05
