Size 192,2
7.558510653794686955e-05,-1.299303590000442590e-05
7.584425864600289095e-05,-1.236733624075888595e-05
7.584429103057060181e-05,-9.417930340970989036e-06
7.558514715429561414e-05,-8.792235202805445191e-06
7.495944886154889367e-05,-1.325221994528043289e-05
7.378608483571661868e-05,-1.089260229360744572e-05
7.495950276818751383e-05,-8.533049043366335400e-06
7.055398234818090913e-05,-1.325266003815858687e-05
7.055402140782644175e-05,-8.532192330919283316e-06
6.812104167378519822e-05,-1.089220905507718758e-05
6.614611781515577029e-05,-1.325347917426034773e-05
6.614611682658246559e-05,-8.530645411869784876e-06
6.394111702852340413e-05,-1.089173885419992684e-05
6.173596187536142864e-05,-1.325302945780294533e-05
6.173588785383060760e-05,-8.529904618953531120e-06
5.953065086278442513e-05,-1.089098109320327469e-05
5.732703249041280752e-05,-1.325028533066418135e-05
5.732715065817491583e-05,-8.531122087461029567e-06
5.512398279648938017e-05,-1.089018177032506507e-05
5.292424976710007902e-05,-1.324501239012045029e-05
5.292458711719941140e-05,-8.534885428299130838e-06
5.072597301727887039e-05,-1.088964197004305499e-05
4.853206313404411708e-05,-1.323777538727117875e-05
4.853256497119541921e-05,-8.541133920721605648e-06
4.634070498644770529e-05,-1.088944534706845947e-05
4.415454486727876860e-05,-1.322893323705235665e-05
4.415505024687476254e-05,-8.549683709650795477e-06
4.197193426169905215e-05,-1.088956245563091563e-05
3.979573216807791666e-05,-1.321843977316747843e-05
3.979583242255781215e-05,-8.560487871357775044e-06
3.762334855969020725e-05,-1.088983602415374128e-05
3.545880825629848376e-05,-1.320687845989596480e-05
3.545819554862449194e-05,-8.572566125057748726e-06
3.329745197525304438e-05,-1.089001854388321476e-05
3.114419557214789146e-05,-1.319607370029317637e-05
3.114333082664013356e-05,-8.584358327498869002e-06
2.908017330822477883e-05,-1.089029312941270463e-05
2.702278283686918440e-05,-1.318737085866526232e-05
2.702206762506958269e-05,-8.594139652763673750e-06
2.548114029374755847e-05,-1.106973498483285439e-05
2.391070499168875175e-05,-1.318197325716695616e-05
2.391041678265737032e-05,-8.599797660140016877e-06
2.164983526004075776e-05,-1.317917043984007963e-05
2.209169050882478695e-05,-1.167180588797742315e-05
2.164999609162781291e-05,-8.601989439686357882e-06
2.000809829606534402e-05,-8.603097226522199781e-06
-3.478178747051838511e-06,-5.014675107523425751e-07
-3.547478017802977181e-06,-3.347631283847159382e-07
-3.547104618604253732e-06,2.861266810206832337e-07
-3.478157357931199864e-06,4.504948510397217428e-07
2.000758812310100772e-05,-1.317807261389181786e-05
1.851572007990242140e-05,-1.309249700378994953e-05
1.967656680880945145e-05,-1.031941388385768979e-05
1.851981664112849980e-05,-8.473113097193001327e-06
-3.312225082142192646e-06,-5.704183641665940064e-07
-3.145053301779543134e-06,1.105152962474553641e-07
-3.313656175559804163e-06,5.191078409906967171e-07
1.804341037551775392e-05,-1.168162677343782849e-05
1.704296504109042908e-05,-1.283841428455730227e-05
1.560861944633552793e-05,-1.241917818885217328e-05
1.759625696167319429e-05,-9.725619783735548144e-06
1.707721200346076239e-05,-8.085566450994327093e-06
-2.187647072603719872e-06,-5.885833148180134905e-07
-2.186699506316182015e-06,5.391249334216571043e-07
-1.603759553142952403e-06,-2.435123934100161514e-08
1.422995756971200388e-05,-1.184010646181216820e-05
1.542200115286420045e-05,-1.093580460647992416e-05
1.592110860503406650e-05,-9.052549108968136623e-06
1.572342699298577416e-05,-7.451948363340394549e-06
-9.713450179968625430e-07,-6.922912479827056399e-07
-9.712465273671045224e-07,6.441447923924778662e-07
-2.517233571198419088e-07,-2.369758045448450107e-08
1.292558052401880544e-05,-1.110810770255478518e-05
1.171141224376324514e-05,-1.023193315604875757e-05
1.416775976112131899e-05,-8.752021336893183237e-06
1.449900936655608380e-05,-6.591609819197780354e-06
5.735181542674383615e-07,-9.168330470792971863e-07
5.738913549755114347e-07,8.704934827688469751e-07
1.201827521067664830e-05,-8.855815234645914266e-06
1.060359486960398650e-05,-9.223347002178160984e-06
1.253746577485407726e-05,-7.276532228104759485e-06
1.344131544851057842e-05,-5.530009469486263759e-06
1.482197349561754358e-06,-2.279581316991465476e-08
2.561581955325637624e-06,-1.241103545280240968e-06
2.560521011694940951e-06,1.199191894887789759e-06
9.617255894261322907e-06,-8.094852897923823169e-06
8.763170793339642898e-06,-6.859406611401812391e-06
8.050847341724484809e-06,-5.531966231015679999e-06
1.147508899066172048e-05,-5.833708264363700761e-06
1.258250621690094820e-05,-4.299709191907518388e-06
3.429190765824456117e-06,-2.472992119087567022e-08
4.493339879963543346e-06,-1.561351388931343901e-06
4.493359391659904533e-06,1.534128168485237817e-06
9.477042180522882940e-06,-5.540000957930759912e-06
7.494810454583795252e-06,-4.124485630168557683e-06
6.268357713554015674e-06,-1.835326323491355250e-06
6.799590548385558490e-06,-2.102887017099331591e-06
7.099634309950783062e-06,-2.639685102943022812e-06
1.072449594113988662e-05,-4.115776698350192655e-06
1.195125765302024986e-05,-2.946917469710183609e-06
5.451069666673947766e-06,-2.481010737013653886e-07
6.229689827157994821e-06,1.773704846045420511e-06
8.477998360148965098e-06,-3.118570262992880589e-06
6.813408750172367434e-06,-1.024092801996082691e-06
7.442171077211040467e-06,-1.914756493032671237e-06
1.016584239866750685e-05,-2.524008643606193113e-06
1.157704063790017092e-05,-1.519183763431935207e-06
6.810938930538055508e-06,7.276469258914934916e-07
6.707240496463987990e-06,2.040539121331368309e-06
8.759422982063132839e-06,-6.959975194282334796e-07
1.147273484581271748e-05,-5.676364557937701500e-08
1.171276918524454459e-05,1.426100074058332666e-06
7.827944848810046511e-06,1.672681083375971645e-06
6.975788517816840397e-06,2.630098957671587808e-06
7.288222662613354548e-06,4.291434158658457720e-06
1.019594194194576106e-05,1.589139512883939792e-06
7.797740563895814184e-06,5.965882479266198310e-06
1.227243682291810025e-05,2.946031744652649259e-06
8.758707819753823093e-06,4.328959595050400624e-06
1.099665678815868278e-05,4.459892147694728649e-06
8.545700923201157028e-06,7.592393498419063049e-06
1.315311147261962537e-05,4.464297751543641595e-06
1.249183228702829715e-05,6.018111239747993444e-06
1.085781662776361196e-05,7.014548267632628787e-06
9.500412176205445976e-06,9.203120008017095428e-06
1.070807378463874310e-05,1.074849150459863564e-05
1.437104619593866422e-05,5.901432311790461255e-06
1.353336416141324938e-05,7.830349969091210746e-06
1.253556194589429676e-05,1.014824633475627361e-05
1.210654409057700615e-05,1.220298391618017025e-05
1.588361267769311180e-05,7.201394170974268326e-06
1.544098826668059907e-05,1.015003079651689987e-05
1.372708884712338149e-05,1.349886465332982959e-05
1.556135716681660206e-05,1.464177704330266011e-05
1.755341550212552356e-05,1.561184843379211472e-05
1.770103408761292585e-05,1.080010129553147536e-05
1.767704466224085882e-05,8.305514158556709273e-06
1.724553434198797949e-05,1.334241066603258269e-05
1.971011646617550246e-05,1.633492335796833569e-05
2.199534051902971672e-05,1.682711329490973917e-05
1.954902951961447029e-05,1.136261565765742695e-05
1.972856641596749556e-05,9.113937824760019884e-06
2.435232893687966374e-05,1.704975573264243949e-05
2.168678315492406818e-05,1.350449440877872491e-05
2.196840694711531879e-05,9.581342543349727112e-06
2.486440325907571667e-05,1.387691864581694871e-05
2.703848420241721333e-05,1.715456556909200216e-05
2.432308742928562388e-05,9.703203118622661749e-06
3.082125141394517255e-05,1.726135315636923980e-05
2.779101429029805939e-05,1.204818433266370837e-05
2.703141891008185754e-05,9.602830319802789201e-06
3.623279450338111638e-05,1.742760086923716953e-05
3.350747468417283778e-05,1.306719139512055760e-05
3.082278170306324553e-05,9.470198357650336915e-06
4.368349430146300328e-05,1.761070139086815792e-05
3.990639885130523490e-05,1.337871658369154060e-05
3.623244440629408739e-05,9.316271467566098380e-06
5.174569078958276912e-05,1.776820819633916985e-05
4.766661056619594402e-05,1.338156278889403907e-05
4.368250311997543613e-05,9.147586857571470641e-06
6.006937154433309790e-05,1.790087317527570392e-05
5.586646107856608481e-05,1.338531723263880707e-05
5.174441357877562845e-05,8.998442173424798553e-06
6.861120495802713729e-05,1.800875445387267105e-05
6.430704872080151506e-05,1.338857280255709128e-05
6.006842750489488917e-05,8.872959689928295801e-06
7.732673326031008038e-05,1.809343848576720434e-05
7.294298793932233057e-05,1.339125619572881725e-05
6.861051344253343940e-05,8.771087423129067051e-06
8.617504666694758976e-05,1.815684883438020627e-05
8.173148994627930128e-05,1.339348077352078571e-05
7.732611982970820645e-05,8.691372959371526622e-06
9.511876389916390192e-05,1.820037637218137485e-05
9.063366949850075764e-05,1.339513529551224032e-05
8.617463493118253273e-05,8.631927717966323939e-06
1.041228641837110586e-04,1.822605182017712476e-05
9.961328010370659660e-05,1.339639584874222146e-05
9.511847754919255233e-05,8.591205344965745374e-06
1.131567491697818735e-04,1.823792039458312753e-05
1.086367408973819195e-04,1.339732227949893254e-05
1.041226545663750778e-04,8.567628771800486163e-06
1.325290642768463148e-04,1.771011693311154447e-05
1.312446696134776550e-04,1.824212882440394298e-05
1.172071492964904717e-04,1.339785930308857545e-05
1.222005632611440954e-04,1.824165034275001025e-05
1.131567180968690218e-04,8.557247543717238892e-06
1.330610803004792571e-04,1.642572814320131881e-05
1.300217783406888781e-04,1.339832620971726305e-05
1.222004905943355440e-04,8.554561313163021620e-06
1.330611462343761085e-04,1.037090048520306689e-05
1.312447000321313349e-04,8.554436944200151312e-06
1.325291232723427911e-04,9.086468997635047107e-06
