Size 192,2
3.452286156499708586e-05,-4.183313084320127486e-06
3.468304020305147255e-05,-3.796692095440093565e-06
3.468323291567826703e-05,-1.974055852226842012e-06
3.452309104009240406e-05,-1.587518171982177266e-06
3.413618258138850482e-05,-4.343448164274790627e-06
3.341085113523804085e-05,-2.885447803009212136e-06
3.413648486575174225e-05,-1.427425836563175478e-06
3.141306637818171122e-05,-4.342856871898713283e-06
3.141367658227695817e-05,-1.428822283218320653e-06
2.991110168856343869e-05,-2.886222565901953300e-06
2.869410780153944403e-05,-4.338939535944971159e-06
2.869454203930314802e-05,-1.434220474598875071e-06
2.733835119653666001e-05,-2.887258355767188759e-06
2.598805690145740169e-05,-4.330431282390858957e-06
2.598810307710501714e-05,-1.445194529965180177e-06
2.464155833352147588e-05,-2.888420785331411873e-06
2.330459851265230021e-05,-4.316187199296722533e-06
2.330477916633170071e-05,-1.462213958725906362e-06
2.197337915945424161e-05,-2.889784467809911236e-06
2.065616467385308222e-05,-4.294748312499007079e-06
2.065631036795432908e-05,-1.486106671947531718e-06
1.934693047605644820e-05,-2.891010839349293912e-06
1.805705695325930506e-05,-4.264862381923214498e-06
1.805711973926549995e-05,-1.518231282884243212e-06
1.677778905704193334e-05,-2.892182099166271713e-06
1.552418946533057977e-05,-4.225347155062124861e-06
1.552413976162149165e-05,-1.559956409272434645e-06
1.428393849745844805e-05,-2.893157626987346832e-06
1.307600770304097557e-05,-4.175498742291210745e-06
1.307610972534536293e-05,-1.611662080339093595e-06
1.188450591358051070e-05,-2.894035237456651952e-06
1.073190819239875322e-05,-4.114779351646068589e-06
1.073208194150564876e-05,-1.674048175753136522e-06
9.599398069355577265e-06,-2.894617661509293172e-06
8.512627408060108775e-06,-4.041488342082644616e-06
8.512470260445731112e-06,-1.748809309012475613e-06
7.491712020390555639e-06,-2.894621450039218771e-06
6.521651236504477887e-06,-3.956610803548829769e-06
6.521148017720217852e-06,-1.838366630700103351e-06
5.808496392005780146e-06,-2.973376931416789813e-06
5.131453349517567611e-06,-3.876383057234717606e-06
5.129454316440396632e-06,-1.922246671288134766e-06
4.197347532179970442e-06,-3.805997652034465367e-06
4.357248206534682065e-06,-3.214920389673193913e-06
4.194125619983639959e-06,-1.976417201190975724e-06
3.558308137061265539e-06,-2.034104591855978423e-06
-2.617279738647136028e-07,-9.084321312457261010e-07
-2.665143402532911103e-07,-8.966040711072559364e-07
-2.663865522339022501e-07,-8.538736650189222553e-07
-2.616853988394220831e-07,-8.428086200345120774e-07
3.552504046902958231e-06,-3.756375009561357558e-06
3.013082026552939954e-06,-3.680449974689257990e-06
3.409844379093729379e-06,-2.682790288170335668e-06
2.995308280106579092e-06,-2.047371939513461673e-06
-2.500387919427139902e-07,-9.135288732195541591e-07
-2.388462323998001744e-07,-8.668636991428160474e-07
-2.505613308154295082e-07,-8.385136243558357612e-07
2.828395680404863003e-06,-3.160154773754721167e-06
2.507515937945237340e-06,-3.535446713217910665e-06
2.054134340413772211e-06,-3.355678269639395271e-06
2.667089937666199538e-06,-2.491711799444289457e-06
2.498112570559027689e-06,-1.987477917179853332e-06
-1.724399274135587551e-07,-9.173438939737299858e-07
-1.731214713671748530e-07,-8.394213221667564480e-07
-1.324745615844828255e-07,-8.794649426990893211e-07
1.659445616292591682e-06,-3.122270621288062136e-06
1.981301635822103168e-06,-2.866741342858835350e-06
2.132116681157923087e-06,-2.296511714507971044e-06
2.064903824599607234e-06,-1.867752072812098904e-06
-8.838073965955535517e-08,-9.269085996388791862e-07
-8.881611216402412056e-08,-8.337267594688907954e-07
-3.842823526656144439e-08,-8.810085559643070129e-07
1.312024765907346609e-06,-2.870513711636522133e-06
1.031323981003021408e-06,-2.605331562408038851e-06
1.627681707937796259e-06,-2.219821576813282318e-06
1.701655544584439222e-06,-1.692165337097978859e-06
1.981531095877287718e-08,-9.450070931720305448e-07
1.957451187210251643e-08,-8.179730431465435677e-07
1.104763333542449502e-06,-2.237104834085246772e-06
8.110478254842933091e-07,-2.318731690957197524e-06
1.217873910630472703e-06,-1.866180689034786118e-06
1.410437016331283795e-06,-1.496543190876321398e-06
8.423277958643483335e-08,-8.818348066429230134e-07
1.619964786085376427e-07,-9.702440329138885161e-07
1.616293927020178264e-07,-7.931952878149365779e-07
6.302465168836070722e-07,-2.035028188043790939e-06
5.153987367368713794e-07,-1.778514289803746655e-06
4.523271849744484377e-07,-1.524338322028175549e-06
9.972017784671870044e-07,-1.566223273391874465e-06
1.188123849974981205e-06,-1.301651765399462441e-06
2.245346717363992373e-07,-8.825652128042132514e-07
3.022439907832721251e-07,-9.946731086889586499e-07
3.030756038108636571e-07,-7.661956526575210471e-07
6.523806319913759726e-07,-1.514926247921565618e-06
4.169982321086796019e-07,-1.296240087515692521e-06
4.152063348218837579e-07,-1.014096983091689751e-06
4.370128939494393689e-07,-1.038574686414111622e-06
4.351827765241573497e-07,-1.095944151030898414e-06
8.526201874508490201e-07,-1.276918854365994678e-06
1.018414687000181351e-06,-1.121796917441143798e-06
3.716122257861026925e-07,-8.999459429762977506e-07
4.513174439218515093e-07,-7.437028678674994798e-07
5.595930900765765785e-07,-1.143229339607993617e-06
4.563010190823804858e-07,-9.498196785682055971e-07
4.834597643487515821e-07,-1.020714666305606388e-06
7.659258812927463564e-07,-1.069375339489860002e-06
8.993999247924851463e-07,-9.719060857955997419e-07
4.888498837753662166e-07,-8.166924607074993233e-07
5.072755409319572063e-07,-7.250634834371369130e-07
6.156301323287140217e-07,-8.935252062972542039e-07
8.407521133144840597e-07,-8.466081555009048046e-07
7.846285445037531167e-07,-7.534104123967045260e-07
5.835173363221973549e-07,-7.391808032457983536e-07
5.467855608212448460e-07,-6.980359523267779019e-07
6.070661422553178360e-07,-6.488349642736294686e-07
7.124289530842964489e-07,-7.241102322385840198e-07
6.706337130875532293e-07,-6.437378747312683553e-07
7.442989236509193281e-07,-6.721973016789311597e-07
6.667090722773066104e-07,-6.338027736917452040e-07
7.090238243830432610e-07,-6.317764838085695622e-07
7.113194179116193110e-07,-6.568343398806047303e-07
6.959465714874226051e-07,-6.315616854699386931e-07
6.858139420367999063e-07,-6.276022695449738054e-07
7.124893210693987541e-07,-6.414953279637262508e-07
7.385326732425935628e-07,-7.090444164674890044e-07
7.288944966645156257e-07,-7.860845204890612001e-07
6.209034732254972765e-07,-6.155064742647386173e-07
6.452727880716287678e-07,-6.651126216085956439e-07
6.825507149668172530e-07,-7.627987847120982272e-07
7.007789016139298403e-07,-8.861278188432319734e-07
5.216979281894876438e-07,-6.244330043813092240e-07
5.413974746552476012e-07,-7.702889178422951608e-07
6.342279890430320196e-07,-9.865612558265027356e-07
5.235334593056995683e-07,-1.096074755294100623e-06
3.832885090097298452e-07,-1.211808804629225783e-06
3.817939584935316254e-07,-8.111683402352976965e-07
3.879023487973164212e-07,-6.514899570872805202e-07
4.185529368499913243e-07,-1.006635631418935084e-06
2.013780350418691161e-07,-1.304727779290849568e-06
-1.705077478089750383e-08,-1.384824310701482775e-06
2.286912714759287779e-07,-8.490114991798204774e-07
2.097560652021197826e-07,-6.680530507145670025e-07
-2.570085553342726546e-07,-1.436453288480314153e-06
3.097519040673661738e-08,-1.045569221628515644e-06
-4.307280975391161241e-09,-6.649266267120264855e-07
-3.063370406721934206e-07,-1.089499675212386624e-06
-5.621796616113286754e-07,-1.481291433414227125e-06
-2.452245806495205463e-07,-6.471319473324898335e-07
-1.020554321491752833e-06,-1.526117126260829145e-06
-6.396877204618458995e-07,-8.791893677327002878e-07
-5.603585558286688187e-07,-6.011647762521452755e-07
-1.743695514985707655e-06,-1.595603915589766523e-06
-1.365856535242433648e-06,-9.963773066653102346e-07
-1.022549018741698146e-06,-5.409378306413571366e-07
-2.831171922017130497e-06,-1.670523236668662994e-06
-2.265924864401108395e-06,-1.034830560667262833e-06
-1.744881988918512684e-06,-4.715299580941814289e-07
-4.089807297928250597e-06,-1.731949566333177136e-06
-3.441327574549032204e-06,-1.032693457837062904e-06
-2.831990197168414359e-06,-3.961582285922648120e-07
-5.452293732247837611e-06,-1.779092488846142613e-06
-4.756072464927562211e-06,-1.031154091745298555e-06
-4.090422439835040254e-06,-3.318677054692395829e-07
-6.891455114324641068e-06,-1.811709438973383887e-06
-6.161550805649654540e-06,-1.029674870630691381e-06
-5.452834341369564361e-06,-2.818974252600330063e-07
-8.380724098110548846e-06,-1.831957858360452978e-06
-7.629705449652445499e-06,-1.028299865831648503e-06
-6.891780836996738573e-06,-2.463540237927814541e-07
-9.899107394731834926e-06,-1.843026933089724875e-06
-9.136420562581086774e-06,-1.027164626311361787e-06
-8.380859853887733345e-06,-2.234970909033638825e-07
-1.143246322893454864e-05,-1.847905567989527918e-06
-1.066427761065696934e-05,-1.026173038023953502e-06
-9.899293113286983372e-06,-2.101712998832171715e-07
-1.297127663553952511e-05,-1.848478715427253308e-06
-1.220180057236778146e-05,-1.025295886729854470e-06
-1.143284818022222408e-05,-2.034883055678913569e-07
-1.450900997193778001e-05,-1.846528066778661060e-06
-1.374085903252798153e-05,-1.024423251355751560e-06
-1.297174341293896585e-05,-2.012969559785479957e-07
-1.779039999043114837e-05,-1.753312064814082668e-06
-1.757300616713078375e-05,-1.843382742531882561e-06
-1.519664805406926987e-05,-1.023863268403477163e-06
-1.604257274832412327e-05,-1.844099855053999680e-06
-1.450923290823466146e-05,-2.018834350165165584e-07
-1.788044241302118721e-05,-1.535882781717057954e-06
-1.736614488757153753e-05,-1.023491850100681621e-06
-1.604258049949112413e-05,-2.031843102303022904e-07
-1.788036485801610225e-05,-5.111398411186304205e-07
-1.757294161431408183e-05,-2.036759648481609357e-07
-1.779032265288965327e-05,-2.937352817584535931e-07
