Size 192,2
-8.529129589792497107e-05,1.309429246634836403e-05
-8.561267065906016710e-05,1.231843620336438491e-05
-8.561269943671218140e-05,8.660784138303591857e-06
-8.529132589442694394e-05,7.884915481229889220e-06
-8.451543025332838041e-05,1.341566060805263503e-05
-8.306009369097909565e-05,1.048960382572495614e-05
-8.451545661267865692e-05,7.563540610231948345e-06
-7.905221757843270271e-05,1.341539073081336038e-05
-7.905223708489750550e-05,7.563751911371013190e-06
-7.603619694137518344e-05,1.048955189034226832e-05
-7.358967665654843641e-05,1.341337251104341478e-05
-7.358957200880456972e-05,7.565545078291402275e-06
-7.085973393924594680e-05,1.048931045852699523e-05
-6.813252770870884760e-05,1.340774226195849683e-05
-6.813263915792754360e-05,7.570655406137138461e-06
-6.540767833543676367e-05,1.048892451345847347e-05
-6.268893271857702248e-05,1.339649580491468717e-05
-6.268936067244074801e-05,7.581025338704923833e-06
-5.997479654502770318e-05,1.048846994831614433e-05
-5.727166081118550305e-05,1.337752207663543847e-05
-5.727235789631891430e-05,7.599050203645093202e-06
-5.457601770842129135e-05,1.048812965555016326e-05
-5.189683051885091576e-05,1.335009381772054065e-05
-5.189733231655566993e-05,7.625817259689528797e-06
-4.922763446407712312e-05,1.048774814156127157e-05
-4.658077073957112837e-05,1.331393377019391974e-05
-4.658118148755847502e-05,7.661176765153526324e-06
-4.394614663752889730e-05,1.048741703186552220e-05
-4.133937757507820973e-05,1.326941179071719143e-05
-4.133971923485461479e-05,7.705065989160138682e-06
-3.874704386326102565e-05,1.048730018826184985e-05
-3.618842976060572363e-05,1.321633975446327704e-05
-3.618824680458572685e-05,7.757792765645722422e-06
-3.364664182631661135e-05,1.048712259619139742e-05
-3.114387709884906564e-05,1.315462106860893367e-05
-3.114313529419295956e-05,7.819442520200910413e-06
-2.875988070208236824e-05,1.048641462378477125e-05
-2.641748595603006988e-05,1.308614306199143362e-05
-2.641653552533283170e-05,7.889904231717260132e-06
-2.467215784727608272e-05,1.068578871470510047e-05
-2.292905629540956748e-05,1.302483242073324728e-05
-2.292722190811788741e-05,7.952587355677803252e-06
-2.044770440211422959e-05,1.297318284597696872e-05
-2.091685182380062470e-05,1.134085864885091579e-05
-2.044550201546499691e-05,7.991605645948393041e-06
-1.867292372139797287e-05,8.032177017374513819e-06
2.982651536118861807e-06,7.107588709966494823e-07
3.042420691736671404e-06,5.668859267810272771e-07
3.042051342788045523e-06,3.143328367208738620e-08
2.982606774954942240e-06,-1.102276874155268905e-07
-1.866873464357811615e-05,1.293760685989021725e-05
-1.708452704424220391e-05,1.281540070139986652e-05
-1.830117171029601629e-05,9.874337091044512883e-06
-1.707512283959125330e-05,7.935570239996087903e-06
2.839438244834157732e-06,7.703308672128998370e-07
2.695286287111646745e-06,1.831871579958748720e-07
2.840802483685444665e-06,-1.692336439836784403e-07
-1.657326352219998429e-05,1.131005671382757695e-05
-1.553911071863450829e-05,1.250865438130322487e-05
-1.406078988151071105e-05,1.204349877206644059e-05
-1.609824751698833443e-05,9.259699050323522739e-06
-1.555959362511868724e-05,7.579458110346487194e-06
1.869368128673761401e-06,7.868377493558998027e-07
1.868980736287203905e-06,-1.850963576516277170e-07
1.366427999551592284e-06,3.013479559510758853e-07
-1.266892085697563987e-05,1.141125438883354188e-05
-1.385866226194505687e-05,1.050087248959539742e-05
-1.436778660527645579e-05,8.577976257323131662e-06
-1.416036414936333590e-05,6.982892367087455767e-06
8.215267280476493762e-07,8.772480546738210412e-07
8.220620025369328619e-07,-2.730638447243192665e-07
2.026274298230850755e-07,3.028393075444781301e-07
-1.137023148583453219e-05,1.064209550105556094e-05
-1.019166730785758811e-05,9.746937052405638103e-06
-1.259565869463394809e-05,8.280642345666793384e-06
-1.291468035124342348e-05,6.164308100252837379e-06
-5.073307516624855928e-07,1.071669397062171686e-06
-5.069814040739949603e-07,-4.645376454291472142e-07
-1.049104684837171079e-05,8.375837797700686109e-06
-9.142606023182023854e-06,8.729825320783639509e-06
-1.098946212240950148e-05,6.839544285214770218e-06
-1.185412403588540415e-05,5.169796042163201093e-06
-1.288046114326211852e-06,3.044333976815619586e-07
-2.215540022119654758e-06,1.351251264314170991e-06
-2.213753149669011260e-06,-7.431764052052376684e-07
-8.219723433042383867e-06,7.618119826205498330e-06
-7.451238863269471636e-06,6.440440444656519945e-06
-6.834661874903485522e-06,5.190950851203447627e-06
-9.976361573487836073e-06,5.463637550185388122e-06
-1.100294565200747606e-05,4.041197998254269225e-06
-2.960092409661528638e-06,3.084510518262718919e-07
-3.872865847865019798e-06,1.625640291999770868e-06
-3.872588138219305246e-06,-1.027298602937094260e-06
-8.123279506366766741e-06,5.190476481628770584e-06
-6.363622305872462848e-06,3.896759429939299195e-06
-5.380113080393224426e-06,1.858289707965213838e-06
-5.821783512045127597e-06,2.090081049438150112e-06
-6.060726604700977995e-06,2.561531699758595360e-06
-9.268842956256460040e-06,3.875585707526640758e-06
-1.037243526674031423e-05,2.826092350788445714e-06
-4.692946342121368986e-06,5.022026217706826833e-07
-5.375495643346349235e-06,-1.231745722894260587e-06
-7.255313272647838419e-06,2.979282488314280146e-06
-5.847151847490018752e-06,1.160875562933569272e-06
-6.370445547866659731e-06,1.926076782611846969e-06
-8.757828040028696096e-06,2.449036962615680095e-06
-9.984937634675232471e-06,1.573434931718166647e-06
-5.869234776099648775e-06,-3.395525759488106428e-07
-5.799694956989970233e-06,-1.457452744177048857e-06
-7.522040526629875707e-06,8.570065687722823032e-07
-9.857999788702346983e-06,3.117137063355628224e-07
-1.000862722047083792e-05,-9.420877247986065812e-07
-6.752620406542562781e-06,-1.151579165133628375e-06
-6.043737156639966366e-06,-1.947118159780508541e-06
-6.337919076180745900e-06,-3.309505907343729963e-06
-8.742301916978795586e-06,-1.094165264308821895e-06
-6.791261344909015487e-06,-4.652554784346691880e-06
-1.042732231509085852e-05,-2.215217949273918363e-06
-7.557753703241715425e-06,-3.349924327889364420e-06
-9.380587150810942352e-06,-3.454768659724456551e-06
-7.418456885399690688e-06,-5.944310642285297904e-06
-1.109871562974531867e-05,-3.457541600296711893e-06
-1.056206430780517456e-05,-4.703325090530199102e-06
-9.271177788479522037e-06,-5.491861176868108478e-06
-8.201836328478814638e-06,-7.197567106353931261e-06
-9.162251233154556358e-06,-8.381820158953169153e-06
-1.202303389362121305e-05,-4.617316312751270491e-06
-1.136858618384449465e-05,-6.127190887590304088e-06
-1.059430937012937692e-05,-7.916599588184720446e-06
-1.026303676136246285e-05,-9.478725341111870079e-06
-1.316793846894809748e-05,-5.650009918665388308e-06
-1.282655572930380951e-05,-7.911787052078147513e-06
-1.151587793413865414e-05,-1.044854606653315983e-05
-1.291089418769931687e-05,-1.129026443596721335e-05
-1.441300188007039008e-05,-1.198999930684949548e-05
-1.453039375838032738e-05,-8.403685999785599591e-06
-1.451530897901041790e-05,-6.513808396532433652e-06
-1.418973393202110861e-05,-1.030903650131949326e-05
-1.601994664237406090e-05,-1.250697563521792769e-05
-1.770600129874881759e-05,-1.284746605271934476e-05
-1.590914164413193951e-05,-8.827810170608128829e-06
-1.604064188457975858e-05,-7.147784009701885701e-06
-1.943574682560311883e-05,-1.299054683414089189e-05
-1.749076546905423837e-05,-1.041149680356887042e-05
-1.769348802015545706e-05,-7.522010106090933396e-06
-1.981397825397745245e-05,-1.067923017696057639e-05
-2.138592599059798422e-05,-1.304267704682266173e-05
-1.942094069992759191e-05,-7.629929398081901010e-06
-2.411253968636521363e-05,-1.309486384680796791e-05
-2.193878878117487311e-05,-9.352948269439563861e-06
-2.138272519819731674e-05,-7.579028360562185242e-06
-2.796297762137428333e-05,-1.317379689241501918e-05
-2.603523689185075426e-05,-1.008857810815653429e-05
-2.411356449920560698e-05,-7.513111995149934683e-06
-3.318750436521528862e-05,-1.325626202635918234e-05
-3.055214967031508362e-05,-1.030946807972048545e-05
-2.796314135803146079e-05,-7.439187366836459414e-06
-3.876064828833845254e-05,-1.332215017796361021e-05
-3.595421636809934224e-05,-1.031031483472416617e-05
-3.318728571001686942e-05,-7.362543315063087780e-06
-4.443835883448192108e-05,-1.337428169378745983e-05
-4.158365185293858186e-05,-1.031160488831931917e-05
-3.876025919362887561e-05,-7.299643643082278646e-06
-5.019939492975790109e-05,-1.341609195406254703e-05
-4.730613337520862057e-05,-1.031256081861628689e-05
-4.443804978545556065e-05,-7.249909474146993348e-06
-5.602899331335738168e-05,-1.345121886190400669e-05
-5.310334850295173325e-05,-1.031341481572153937e-05
-5.019900884668780525e-05,-7.209911243575986231e-06
-6.191723587621893090e-05,-1.348078430128010646e-05
-5.896383536622334319e-05,-1.031419525799274582e-05
-5.602858247090648807e-05,-7.176526160376811766e-06
-6.785452205156760209e-05,-1.350457210008692365e-05
-6.487841153031088449e-05,-1.031488957107640966e-05
-6.191692544325809954e-05,-7.148327454614255252e-06
-7.382880932851265340e-05,-1.352127769855373744e-05
-7.083649774545387322e-05,-1.031562428736494550e-05
-6.785423450333178308e-05,-7.125948013849238018e-06
-7.982606840936911632e-05,-1.353082220812173748e-05
-7.682468183038895098e-05,-1.031622018025756361e-05
-7.382865547920823633e-05,-7.110527334169544010e-06
-9.269743832357824965e-05,-1.318174866524187806e-05
-9.184397963280938320e-05,-1.353525656370318294e-05
-8.251626740230877215e-05,-1.031648809810516767e-05
-8.583397953688648820e-05,-1.353465480859830062e-05
-7.982596925522699827e-05,-7.101898800764903383e-06
-9.305095272295254368e-05,-1.232830109877047022e-05
-9.103127044750715206e-05,-1.031662837238281108e-05
-8.583390202306109243e-05,-7.098430574857753665e-06
-9.305091203169244918e-05,-8.304983279974375153e-06
-9.184391886935478540e-05,-7.098008776637101042e-06
-9.269739034604357125e-05,-7.451523455985853809e-06
