Size 192,2
-1.047177979599874951e-04,1.477965451995762158e-05
-1.051225203754823837e-04,1.380259693736347116e-05
-1.051221277154879528e-04,9.196462434080323133e-06
-1.047173612452623350e-04,8.219389917662194456e-06
-1.037407022710399245e-04,1.518435358440178756e-05
-1.019075524657916325e-04,1.149944266575909953e-05
-1.037402145672520608e-04,7.814682976549034034e-06
-9.686032187914320299e-05,1.518332570826822277e-05
-9.685972767252306985e-05,7.815413231919320422e-06
-9.306235095465707058e-05,1.149935762460513726e-05
-8.998340293183538065e-05,1.517891338506466441e-05
-8.998272942819439358e-05,7.819799071936014382e-06
-8.654786358824386740e-05,1.149915731610088217e-05
-8.311885630478574544e-05,1.516890614041958834e-05
-8.311833564018816811e-05,7.829256930109702609e-06
-7.969280094114884858e-05,1.149899457971620814e-05
-7.627788502804011355e-05,1.515245513999778806e-05
-7.627699600902062042e-05,7.845153384949886638e-06
-7.286734135693660578e-05,1.149863751435730797e-05
-6.947285309174203855e-05,1.512864724986926085e-05
-6.947204979775428713e-05,7.868465005775855214e-06
-6.608516743533336777e-05,1.149833535660088646e-05
-6.271873245529259000e-05,1.509601791321002271e-05
-6.271813513199205406e-05,7.900425750243701768e-06
-5.936260287936779163e-05,1.149793378107076039e-05
-5.603325066594002133e-05,1.505335003644143479e-05
-5.603299110981195243e-05,7.942448709004623901e-06
-5.271813615534375996e-05,1.149756617579739052e-05
-4.943637970613387752e-05,1.499918786370203872e-05
-4.943643978000076546e-05,7.995905998435271509e-06
-4.617316316043116318e-05,1.149727307364097361e-05
-4.295133036513240887e-05,1.493169706823803793e-05
-4.295161018720389473e-05,8.062709343383295556e-06
-3.975232631881402628e-05,1.149695935043123837e-05
-3.660371855102019322e-05,1.484859362225659970e-05
-3.660377930214888954e-05,8.145340983180543250e-06
-3.360750538978082510e-05,1.149609362554035958e-05
-3.066970842616846332e-05,1.474968431583872648e-05
-3.066904349635686685e-05,8.247744842134111220e-06
-2.848314156389158199e-05,1.174452371523367406e-05
-2.631044393101437238e-05,1.465445812727630922e-05
-2.630775747800093433e-05,8.346178383820245384e-06
-2.323031605978072983e-05,1.456842659666114866e-05
-2.380511424856825424e-05,1.255458467968218938e-05
-2.322553977964468292e-05,8.410942961275917279e-06
-2.103885358969898552e-05,8.481564350445641707e-06
3.159042077684871256e-06,4.027993004858930739e-07
3.222082155607624371e-06,2.512044295063880581e-07
3.221713069970913928e-06,-3.135561786683739151e-07
3.158981345482625546e-06,-4.630796375251682044e-07
-2.103250664478702466e-05,1.450658958508858352e-05
-1.909282953648293410e-05,1.433917629718477660e-05
-2.057298739584032139e-05,1.074500867644858374e-05
-1.907243336448174748e-05,8.387313803848011620e-06
3.008094943508620861e-06,4.654816764130150664e-07
2.855894812438981890e-06,-1.538731159289422354e-07
3.009315846127087364e-06,-5.254979198736868066e-07
-1.846116993908784819e-05,1.249366773789755135e-05
-1.721266417763127622e-05,1.394155215917394272e-05
-1.543079365726440631e-05,1.335955517215065961e-05
-1.787873674335301835e-05,1.000289008292148608e-05
-1.722624093343785384e-05,7.986097011640439845e-06
1.984951915987867218e-06,4.816203969248832702e-07
1.984163619162589509e-06,-5.432534463743950782e-07
1.454544104688239163e-06,-3.088918470919886764e-08
-1.377353408799726611e-05,1.257413493493595988e-05
-1.518048672347649328e-05,1.149242286707394207e-05
-1.578965088448166181e-05,9.189485577835210429e-06
-1.553612477901242808e-05,7.305754042554890801e-06
8.803889513933109782e-07,5.755144779895765593e-07
8.806617608654711383e-07,-6.367990879131436121e-07
2.280844637650816673e-07,-3.036347882610221932e-08
-1.223963964891084028e-05,1.163690537847000857e-05
-1.087039752713777177e-05,1.056378930665043357e-05
-1.367758869078788758e-05,8.839188811972932718e-06
-1.404524972230660683e-05,6.367352285850160022e-06
-5.198508786486205565e-07,7.793358095418184749e-07
-5.197726109410341687e-07,-8.395619558449930069e-07
-1.121900331797871834e-05,8.945103126085619604e-06
-9.671965447380418185e-06,9.353922278781066078e-06
-1.179306513471174204e-05,7.158978965556506804e-06
-1.278695062848658970e-05,5.240366367507108795e-06
-1.342680056770045641e-06,-2.961017938082272349e-08
-2.320441394344336117e-06,1.073932667922838606e-06
-2.318537662705028241e-06,-1.134644704850185675e-06
-8.626391370632001710e-06,8.050385250232462792e-06
-7.780649193691757968e-06,6.699863063699627570e-06
-7.122557976460101757e-06,5.279615983244131291e-06
-1.062976492283777899e-05,5.580559554843313640e-06
-1.178407190347301941e-05,3.980831251458585369e-06
-3.105407115932738734e-06,-2.548272200070902085e-08
-4.068054897118962638e-06,1.363702275983051678e-06
-4.068224808159740739e-06,-1.435707173128669756e-06
-8.544566239898217808e-06,5.272626667447515873e-06
-6.628702027597367020e-06,3.833205470246792932e-06
-5.647222280492937010e-06,1.608998688535276833e-06
-6.102462368190549682e-06,1.856766021065504275e-06
-6.339473911437752504e-06,2.365613219021461746e-06
-9.823982826947109514e-06,3.798644488155349185e-06
-1.103754312823595495e-05,2.646684400644568944e-06
-4.932518649719942419e-06,1.796574861827846226e-07
-5.666340043923339557e-06,-1.653896380463122415e-06
-7.615338769255289045e-06,2.813945661893246434e-06
-6.140660514934067325e-06,8.702746607265618202e-07
-6.681180299144161072e-06,1.681210614781455082e-06
-9.254520060786483222e-06,2.235220014313168169e-06
-1.056865628774786367e-05,1.296814098270722231e-06
-6.184148003292938265e-06,-7.151992960068093367e-07
-6.126398266729053722e-06,-1.890991864823812498e-06
-7.919370066570876048e-06,5.297670858372971760e-07
-1.040172663345992896e-05,-4.440101458240104065e-08
-1.051514291524626070e-05,-1.355846395304396172e-06
-7.128210012229547728e-06,-1.575858778190468902e-06
-6.395556859107999782e-06,-2.397060459261454212e-06
-6.726906060417933981e-06,-3.789396635864160225e-06
-9.202051091132653078e-06,-1.526864454250317889e-06
-7.218488971182164090e-06,-5.137565507065247027e-06
-1.090887652991809875e-05,-2.677905249348526635e-06
-7.984996198079870726e-06,-3.838410867936127360e-06
-9.837972364383526137e-06,-3.942472290660390945e-06
-7.869048426745342908e-06,-6.423296784782592546e-06
-1.155352936605719380e-05,-3.943596450805992787e-06
-1.100911219412006878e-05,-5.193135949758501225e-06
-9.727790641210586466e-06,-5.977097785867037991e-06
-8.668477652267226959e-06,-7.651170607045352162e-06
-9.624920134892241147e-06,-8.797321184882064758e-06
-1.243990231245491601e-05,-5.111449956081624588e-06
-1.179535323738315562e-05,-6.598058102426636348e-06
-1.103638703514667603e-05,-8.342008363930208912e-06
-1.071299911992639363e-05,-9.847092914910002696e-06
-1.353750000436654334e-05,-6.137828284230083397e-06
-1.320371466778503125e-05,-8.331153402893215842e-06
-1.193440215564558979e-05,-1.076993881125502666e-05
-1.327864803540128110e-05,-1.156171178410440799e-05
-1.471786936197130906e-05,-1.221066189195200889e-05
-1.483512040507962180e-05,-8.802393888643272876e-06
-1.482354520077551043e-05,-6.986054016185227439e-06
-1.450999729814113362e-05,-1.062015595903549618e-05
-1.624446404573307566e-05,-1.268712816661169664e-05
-1.783575223377767305e-05,-1.299334767062753292e-05
-1.614576205928224681e-05,-9.207878460193852564e-06
-1.626966575886986720e-05,-7.608627566841904722e-06
-1.946225531802851018e-05,-1.311432946048614322e-05
-1.764084700233566028e-05,-1.070420113631464630e-05
-1.782944590352690626e-05,-7.980088150522685023e-06
-1.981964036254387607e-05,-1.095148143238680064e-05
-2.128254774752822630e-05,-1.314726870730713371e-05
-1.945334131906024629e-05,-8.092706763639268160e-06
-2.381474574776526384e-05,-1.317946594547248282e-05
-2.180294113932055149e-05,-9.713355057178077622e-06
-2.128132276743427884e-05,-8.058488628648762702e-06
-2.735975839772657718e-05,-1.322763474362624844e-05
-2.559208595270293403e-05,-1.039627099531832326e-05
-2.381627022095359150e-05,-8.014851219294262939e-06
-3.212762254660453073e-05,-1.327759982610315987e-05
-2.972957878016396570e-05,-1.059787768214112070e-05
-2.736073611104604202e-05,-7.966541217008248188e-06
-3.717798597392897353e-05,-1.331783902669545778e-05
-3.464039279410153924e-05,-1.059628957637031854e-05
-3.212824892885737327e-05,-7.916039915397357713e-06
-4.229655954222523965e-05,-1.335007559631862275e-05
-3.972711460810349215e-05,-1.059515185239289967e-05
-3.717841010731245098e-05,-7.873561389754426735e-06
-4.746962728195480230e-05,-1.337530132036727962e-05
-4.487510074269350437e-05,-1.059428357861566831e-05
-4.229680845203262371e-05,-7.839453308463139510e-06
-5.268471761159816810e-05,-1.339488479944843776e-05
-5.007092815839916445e-05,-1.059365038046186494e-05
-4.746962490425194999e-05,-7.812738542828126341e-06
-5.793224007120689213e-05,-1.340987241080406276e-05
-5.530363846021200172e-05,-1.059314223778274999e-05
-5.268456447259296820e-05,-7.791958495663925600e-06
-6.320485925006443764e-05,-1.342141627421275806e-05
-6.056485449158483507e-05,-1.059263364063859685e-05
-5.793217857966103491e-05,-7.775816263161962406e-06
-6.849720970950188474e-05,-1.343061112060898227e-05
-6.584813139133907645e-05,-1.059228716677291802e-05
-6.320496225184058620e-05,-7.763349396895073159e-06
-7.380481240018732416e-05,-1.343744732282432210e-05
-7.114888895713545962e-05,-1.059213249544402697e-05
-6.849732430675123146e-05,-7.753735336795721645e-06
-8.520011975464700574e-05,-1.312968297501439746e-05
-8.444434844471426446e-05,-1.344269743464248282e-05
-7.618552705219881684e-05,-1.059231047262676042e-05
-7.912235798803176159e-05,-1.344146054294480277e-05
-7.380459867765265915e-05,-7.747079758756892932e-06
-8.551317130915098001e-05,-1.237396187656175290e-05
-8.372448110201972710e-05,-1.059249913974667496e-05
-7.912217934470924178e-05,-7.743240975537386416e-06
-8.551303121510688075e-05,-8.811128241340943114e-06
-8.444417230549519594e-05,-7.742369306882172130e-06
-8.519996381643839798e-05,-8.055393551652760006e-06
