Size 192,2
-6.201937806050647484e-05,9.358740180252580489e-06
-6.224248176645366670e-05,8.820138798536446268e-06
-6.224288147149832325e-05,6.281459772485410118e-06
-6.201983640704868659e-05,5.742915846553973725e-06
-6.148078219627109322e-05,9.581843460823244869e-06
-6.047104862232396516e-05,7.550877980297645841e-06
-6.148132911426938262e-05,5.519837353179530691e-06
-5.768870396774945742e-05,9.582187729334180952e-06
-5.768940289194525900e-05,5.519574336767542853e-06
-5.559514461085901901e-05,7.550737708868628441e-06
-5.389584261644760218e-05,9.582143219841303077e-06
-5.389648843521336360e-05,5.519191529741403391e-06
-5.199923718479511440e-05,7.550684072508560494e-06
-5.010299212754869725e-05,9.581168212437504532e-06
-5.010310211530653098e-05,5.519946267532076124e-06
-4.820693551958838362e-05,7.550215032050482785e-06
-4.631239634497712204e-05,9.577824580750798810e-06
-4.631303480718332164e-05,5.522348055632493041e-06
-4.441931824663967630e-05,7.549718558020115007e-06
-4.252964085412946004e-05,9.570552570765858397e-06
-4.253049073247307753e-05,5.528344530166455141e-06
-4.064313690761344399e-05,7.549158437985623179e-06
-3.876332883479704670e-05,9.557901344898797044e-06
-3.876402904267120531e-05,5.539466912961475046e-06
-3.688860471247156067e-05,7.548506783385893345e-06
-3.502444577497491190e-05,9.539458032529610009e-06
-3.502481232507737751e-05,5.556379439316760172e-06
-3.316734944563654670e-05,7.547766354394490028e-06
-3.132461857022265884e-05,9.515098459903207522e-06
-3.132452274664189240e-05,5.579188376499624142e-06
-2.949036775583955172e-05,7.546995553619742857e-06
-2.767440174610076546e-05,9.485444111103171456e-06
-2.767376285844497669e-05,5.607393160041106140e-06
-2.586792204456581551e-05,7.546114896098018955e-06
-2.408267983241093755e-05,9.452017549401929322e-06
-2.408159475132086040e-05,5.639437753000907808e-06
-2.237851542248512325e-05,7.545031210903314158e-06
-2.069597706192765973e-05,9.417222146712735760e-06
-2.069489105036578799e-05,5.673766261475570995e-06
-1.943942656815448482e-05,7.689025125350773253e-06
-1.817475959622929564e-05,9.388525168565675506e-06
-1.817359878591043261e-05,5.701887617080208796e-06
-1.636535826822768655e-05,9.366412019608570612e-06
-1.671266787501463644e-05,8.168205885444517020e-06
-1.636456203795520268e-05,5.718114442983937210e-06
-1.506267196874485596e-05,5.733993383499911962e-06
2.557833468470904746e-06,-2.314279987723518709e-07
2.609896656766262781e-06,-3.564259984236192401e-07
2.609714322905956207e-06,-8.230605308761558224e-07
2.557869440399523208e-06,-9.467824879293070378e-07
-1.506069437467364678e-05,9.352294156382182739e-06
-1.388741066814379439e-05,9.273333595562941280e-06
-1.479455798352983640e-05,7.092131784664953400e-06
-1.388603579895237352e-05,5.646732322644962027e-06
2.433304944138222435e-06,-1.798716551806597167e-07
2.307267902446265819e-06,-6.916637598778829639e-07
2.434073546077903403e-06,-9.986289906713392343e-07
-1.351245437127727918e-05,8.160456388984938200e-06
-1.273541001437467844e-05,9.060273963738774502e-06
-1.162304381541079462e-05,8.723918618373195105e-06
-1.316123185171582829e-05,6.630363399853919301e-06
-1.275794760011811382e-05,5.360918576899791493e-06
1.587753844006284277e-06,-1.684214120471014463e-07
1.586609535722926684e-06,-1.014481764949560894e-06
1.149348734030686646e-06,-5.923626337707718320e-07
-1.056284180827656213e-05,8.263134432031975593e-06
-1.147526358572070857e-05,7.568157445870590122e-06
-1.186121115412139809e-05,6.112279998088093527e-06
-1.170736869805911663e-05,4.887446239237264638e-06
6.763100051106569838e-07,-9.473701706258009648e-08
6.760683199996462963e-07,-1.091311451428151192e-06
1.400731082527763443e-07,-5.936857425317008752e-07
-9.565747903219806294e-06,7.690991310586526016e-06
-8.646541022180324925e-06,7.014196198970643517e-06
-1.051282468821652041e-05,5.883533546527145881e-06
-1.076376763864699076e-05,4.240945529234522891e-06
-4.722509151389569667e-07,6.669431975127642244e-08
-4.727369129477632749e-07,-1.255548607435070763e-06
-8.879689344035161366e-06,5.961230027192272630e-06
-7.814801335581771441e-06,6.239106965517265098e-06
-9.271925676999018267e-06,4.763463942121043621e-06
-9.953650352801117398e-06,3.447195068586235004e-06
-1.144069453189352549e-06,-5.949953418779782981e-07
-1.938713566758987306e-06,2.998539847428300816e-07
-1.938171138742550211e-06,-1.493143541232326548e-06
-7.077330696194856068e-06,5.379744366902753030e-06
-6.446806601490901717e-06,4.449700123049843294e-06
-5.927182093544396468e-06,3.454600170199610420e-06
-8.472537488442858706e-06,3.677428225784211414e-06
-9.298789732175609664e-06,2.533134556262133757e-06
-2.576806269006848919e-06,-5.940959971026618132e-07
-3.356028714205330431e-06,5.294872310381128027e-07
-3.356235154664155132e-06,-1.734449179060880132e-06
-6.982105168809880956e-06,3.458427286559191969e-06
-5.524193160629348177e-06,2.407820185663779387e-06
-4.648888694792236203e-06,7.245116186965486637e-07
-5.032368347597848496e-06,9.187408600238943523e-07
-5.245984570461366117e-06,1.311608412899177659e-06
-7.909992648055800925e-06,2.397510783554517492e-06
-8.816376476452262011e-06,1.534399035835309239e-06
-4.056848445964821492e-06,-4.310642077629476269e-07
-4.629482518214099226e-06,-1.906701650377610408e-06
-6.252378796379792005e-06,1.661584872148480294e-06
-5.046504227637096750e-06,1.318740930976428877e-07
-5.499611327081914803e-06,7.803105755494230494e-07
-7.495377580737436879e-06,1.222885687204318573e-06
-8.526686352322811532e-06,4.874274232680435102e-07
-5.052085592132203759e-06,-1.144637637803158191e-06
-4.982651117115727763e-06,-2.099572498350463014e-06
-6.464496978792262473e-06,-1.145361680916714523e-07
-8.440629571845357446e-06,-5.800197209860113787e-07
-8.598447554527704112e-06,-1.655295532108333765e-06
-5.796203381279469168e-06,-1.834128048324689579e-06
-5.182813787758699156e-06,-2.523359251611403146e-06
-5.419553796472964840e-06,-3.712499867058574100e-06
-7.505871047631497900e-06,-1.777942398747306902e-06
-5.796746135013495013e-06,-4.900125055656697696e-06
-8.985526299758658176e-06,-2.753086603482994866e-06
-6.476426898585013789e-06,-3.742858743216978645e-06
-8.072900212408648247e-06,-3.836309296968284721e-06
-6.337459000267280635e-06,-6.049336543728178915e-06
-9.597679761980507749e-06,-3.839702378382564762e-06
-9.126772412785647511e-06,-4.941770085395867270e-06
-7.976049013504510799e-06,-5.644015604405954879e-06
-7.021262378659638466e-06,-7.176935887876590273e-06
-7.874864395915216872e-06,-8.251645400938014720e-06
-1.044159875521669977e-05,-4.862446092128477256e-06
-9.854663143044526497e-06,-6.216125232603339582e-06
-9.157778062115193147e-06,-7.832542014755130842e-06
-8.858728777243890518e-06,-9.255419428172289995e-06
-1.148753026776929006e-05,-5.781412220909982000e-06
-1.117941792852081841e-05,-7.831887344036283683e-06
-9.989740471945016234e-06,-1.014657571590032791e-05
-1.126024410893043066e-05,-1.092660943517146165e-05
-1.263436656820681534e-05,-1.158196835132732264e-05
-1.273856786535386337e-05,-8.281494490511698061e-06
-1.272303616162722724e-05,-6.556798450718973998e-06
-1.242576016351478524e-05,-1.002994592009128730e-05
-1.411404975535027698e-05,-1.206821459777563425e-05
-1.567400564280204122e-05,-1.239354742477579926e-05
-1.400730674221412974e-05,-8.669851921470831914e-06
-1.412916835012147801e-05,-7.125550088890949288e-06
-1.727883456273268887e-05,-1.253531872768162174e-05
-1.546913455469064571e-05,-1.013345956086912727e-05
-1.565870309479333879e-05,-7.458460013177484252e-06
-1.762862082541825272e-05,-1.038459598344923494e-05
-1.909707841005306144e-05,-1.259412358537578420e-05
-1.726184360305069613e-05,-7.550667667791605760e-06
-2.164717391195692271e-05,-1.265299387669863112e-05
-1.960980383014426705e-05,-9.148353227698751569e-06
-1.909308225350158167e-05,-7.494239011214988315e-06
-2.526659890083110055e-05,-1.274205170299531694e-05
-2.345033473787590733e-05,-9.836100765314851319e-06
-2.164788445911053900e-05,-7.421262061742627574e-06
-3.020411441935734128e-05,-1.283763563292562172e-05
-2.770863419573574190e-05,-1.004429592124926702e-05
-2.526631129139966848e-05,-7.339087323672969826e-06
-3.550210373112138937e-05,-1.291900353755474974e-05
-3.282846316676637214e-05,-1.004582488483737304e-05
-3.020350363570447255e-05,-7.251512518326609800e-06
-4.093550440298349943e-05,-1.298903996730304244e-05
-3.819723343345921511e-05,-1.004773719917544710e-05
-3.550145928694536034e-05,-7.174467560526927064e-06
-4.648625417827506162e-05,-1.304857066678057728e-05
-4.369250401421807801e-05,-1.004942962980895595e-05
-4.093504699831002915e-05,-7.108199714808676329e-06
-5.213578660750070831e-05,-1.309834025205548778e-05
-4.929568841284799559e-05,-1.005098187621936025e-05
-4.648579212651835635e-05,-7.051891363421496610e-06
-5.786660119483868792e-05,-1.313905976017597686e-05
-5.498855558852271428e-05,-1.005246766226101967e-05
-5.213516981821745259e-05,-7.005236975009422658e-06
-6.366265193604537858e-05,-1.317091904391927312e-05
-6.075473378980853959e-05,-1.005387774136432077e-05
-5.786595792823166041e-05,-6.967246277166883301e-06
-6.950727788783985200e-05,-1.319316324724256433e-05
-6.657815183840427506e-05,-1.005506511434123226e-05
-6.366222364589965254e-05,-6.937998974605627061e-06
-7.538261957605660172e-05,-1.320621607474132276e-05
-7.244121642611016712e-05,-1.005584177708997582e-05
-6.950712846775031011e-05,-6.917740430357686955e-06
-8.800293296192557182e-05,-1.286604613319854928e-05
-8.716606812320598164e-05,-1.321267194618380554e-05
-7.801963495409938959e-05,-1.005634061936975427e-05
-8.127270339702917078e-05,-1.321168970068189919e-05
-7.538250530522821991e-05,-6.906140144258498970e-06
-8.834957502316248545e-05,-1.202920439838345693e-05
-8.636907469980577496e-05,-1.005660747981899966e-05
-8.127259759855869536e-05,-6.901265710063649250e-06
-8.834954940954326832e-05,-8.084028149286521980e-06
-8.716601358478109863e-05,-6.900527052023520117e-06
-8.800289821210674534e-05,-7.247164161267106498e-06
