Size 192,2
-9.046978534567506533e-05,1.357387669512446770e-05
-9.080707450000017646e-05,1.275949661947492131e-05
-9.080702250206551833e-05,8.920591267932405781e-06
-9.046971559209579636e-05,8.106154237607745617e-06
-8.965547405690928206e-05,1.391121583038503400e-05
-8.812843788762301947e-05,1.084002281338951322e-05
-8.965536150062218318e-05,7.768787231726857612e-06
-8.392264016072500780e-05,1.391212436650170253e-05
-8.392234742759431695e-05,7.767484772708790382e-06
-8.075566855045953534e-05,1.083959859208453593e-05
-7.818409322142803603e-05,1.391613079272728403e-05
-7.818369618912070934e-05,7.762459826513499713e-06
-7.531088487217639570e-05,1.083898210791547692e-05
-7.243399170348860481e-05,1.392172860463556275e-05
-7.243394290972336616e-05,7.755584289885427245e-06
-6.955403780663947037e-05,1.083841026872811105e-05
-6.667118140295170048e-05,1.392549616071615488e-05
-6.667105890851207357e-05,7.750390173075474213e-06
-6.378628447181962423e-05,1.083765108030429406e-05
-6.090224541331105225e-05,1.392377390377660246e-05
-6.090177826106447196e-05,7.750389896799891466e-06
-5.801833207643508156e-05,1.083660775511177278e-05
-5.514154703613042999e-05,1.391217579946861204e-05
-5.514070984328474183e-05,7.759863538048710006e-06
-5.226819266017609017e-05,1.083532255434890443e-05
-4.941051613220724133e-05,1.388684738338408561e-05
-4.940964327729928103e-05,7.782674747290589074e-06
-4.656117645867710098e-05,1.083382239989836227e-05
-4.373723608806974629e-05,1.384593551666620449e-05
-4.373678104667663057e-05,7.820447415790398907e-06
-4.092752798738644003e-05,1.083213163083711735e-05
-3.815309230457107625e-05,1.378858361771275342e-05
-3.815291791615182346e-05,7.873893965881946093e-06
-3.539799353808178252e-05,1.083022415320982100e-05
-3.268700338491179049e-05,1.371570153227274024e-05
-3.268662325050550419e-05,7.942690405597251422e-06
-3.010702902999182483e-05,1.082761420398788633e-05
-2.757669783174976734e-05,1.363120891618579051e-05
-2.757576575848872614e-05,8.025923263812107975e-06
-2.569311499159869429e-05,1.104041705956065486e-05
-2.381869406689939375e-05,1.355322618090819444e-05
-2.381602901002133116e-05,8.102680348253088168e-06
-2.115655223050612733e-05,1.348620326024026610e-05
-2.165619552052534181e-05,1.174022631471417435e-05
-2.115274095892129451e-05,8.151035358401096477e-06
-1.925726535961013187e-05,8.202495105737754851e-06
3.002471538469561964e-06,7.299312117716746735e-07
3.063054009501445920e-06,5.841073537424502530e-07
3.062683737130733715e-06,4.127706521613546205e-08
3.002418246829295817e-06,-1.023617448212564226e-07
-1.925299439161230722e-05,1.343955364479283218e-05
-1.756507554301585188e-05,1.330131549667330005e-05
-1.885691006450344241e-05,1.016953023139100213e-05
-1.755086151370481654e-05,8.108512060838049819e-06
2.857302698150413559e-06,7.903124892726059770e-07
2.711061853691694916e-06,1.951221280173670404e-07
2.858634922211587860e-06,-1.622102824065025846e-07
-1.701785099077346097e-05,1.169554132726077155e-05
-1.592292010663707500e-05,1.296512911238191562e-05
-1.435850735720935790e-05,1.246418087128253016e-05
-1.651131617777035139e-05,9.517354255209265740e-06
-1.594011444312755474e-05,7.741446178680298448e-06
1.873589406008420195e-06,8.065728104215692288e-07
1.872977136625620196e-06,-1.785835438222798812e-07
1.363581958443117816e-06,3.140540247539955055e-07
-1.289307686567717880e-05,1.178573795134594668e-05
-1.414207597107068306e-05,1.082806951163942747e-05
-1.467912717622236234e-05,8.798010263356495779e-06
-1.445846347382889341e-05,7.123547257803012084e-06
8.119254445938469464e-07,8.959604325782110695e-07
8.120928158973884292e-07,-2.674294941711538834e-07
1.858054637337196329e-07,3.144482926755038635e-07
-1.153045257070935926e-05,1.096737851213013581e-05
-1.030230022004794966e-05,1.002161833835350595e-05
-1.281300879278614959e-05,8.485564431653326627e-06
-1.314474422507394040e-05,6.274232267788769203e-06
-5.306770597686182999e-07,1.088648781231833628e-06
-5.306362546376840519e-07,-4.594607395676313410e-07
-1.061479078030882780e-05,8.582571570974550999e-06
-9.216419643729250230e-06,8.950554317581533537e-06
-1.113271203854593559e-05,6.980410363720847606e-06
-1.203033196629998938e-05,5.247245148303442996e-06
-1.317082085463818915e-06,3.149193535235857393e-07
-2.249824987662409990e-06,1.366904913818455034e-06
-2.248247398271018478e-06,-7.388856794382371286e-07
-8.264362896401110015e-06,7.786813981195797097e-06
-7.480765414063544118e-06,6.565310133833216857e-06
-6.859669547640232724e-06,5.274007372630479536e-06
-1.008200066517531842e-05,5.552864992508761741e-06
-1.113837564584937797e-05,4.088836774665049952e-06
-2.998419079537101288e-06,3.183232304933713055e-07
-3.914735103540295997e-06,1.640656374097073527e-06
-3.914950533359068087e-06,-1.023616590848251902e-06
-8.175294421727998860e-06,5.271195902403298845e-06
-6.388553686916888646e-06,3.945411150360617030e-06
-5.423353840071577547e-06,1.872895069180022773e-06
-5.862324698925888528e-06,2.106420811938155549e-06
-6.096223830417439449e-06,2.583683892492659715e-06
-9.350722372859265319e-06,3.919678585048307625e-06
-1.047624762999113405e-05,2.849712351872811572e-06
-4.737990783627269738e-06,5.126966567622397855e-07
-5.428399304703306279e-06,-1.229367871568152705e-06
-7.300162880759671691e-06,3.005691425017216789e-06
-5.892327053739319248e-06,1.171709977043254397e-06
-6.412597319947060270e-06,1.940754017550891671e-06
-8.827265517607624506e-06,2.466192384847859336e-06
-1.006544616188392490e-05,1.581806980405377850e-06
-5.922576219939003018e-06,-3.349177725861008498e-07
-5.859166969613930842e-06,-1.455366944114742068e-06
-7.576501180405266990e-06,8.587613690684317765e-07
-9.925784482899839672e-06,3.117176900583601726e-07
-1.005910964929038801e-05,-9.420787574035956021e-07
-6.813605431164506696e-06,-1.151494936247223885e-06
-6.108832694938244923e-06,-1.942373463704977697e-06
-6.413029669447970523e-06,-3.290883179179691034e-06
-8.798464411723476555e-06,-1.098834121326179649e-06
-6.873883458486773190e-06,-4.609197255312865756e-06
-1.045953406770424309e-05,-2.211260278156066262e-06
-7.624757088545509987e-06,-3.334305289723862512e-06
-9.423658426948581022e-06,-3.437158764388075574e-06
-7.498788861807619055e-06,-5.872412535412363734e-06
-1.110595875681392153e-05,-3.439473425345816775e-06
-1.057679629334608760e-05,-4.661832918490817654e-06
-9.316498790524000551e-06,-5.432105535461656155e-06
-8.273410930567129962e-06,-7.088944323088044800e-06
-9.212530287460240179e-06,-8.232074938802359438e-06
-1.199440152198023121e-05,-4.579739804205946251e-06
-1.135778028448448926e-05,-6.048432228219619543e-06
-1.060616713667000432e-05,-7.780861904659316250e-06
-1.028519136486282654e-05,-9.285218089394428861e-06
-1.309432616458485484e-05,-5.588901151860595233e-06
-1.276341540357637768e-05,-7.773477542360638935e-06
-1.149829633375186776e-05,-1.021384245276008140e-05
-1.284180482189252882e-05,-1.101545750561254727e-05
-1.428462471179474302e-05,-1.167747617905131039e-05
-1.439930029021003148e-05,-8.246049419433481103e-06
-1.438602796720565823e-05,-6.428253028371427553e-06
-1.407294003701941891e-05,-1.007237414876457020e-05
-1.582207310037375491e-05,-1.216516005597464487e-05
-1.742997976768500144e-05,-1.248272519052249062e-05
-1.571875763645875582e-05,-8.653134627023716642e-06
-1.584393438482392276e-05,-7.044361200230290174e-06
-1.907672830772552788e-05,-1.261253626118604325e-05
-1.722854895815074161e-05,-1.016444545178125349e-05
-1.742041013268584514e-05,-7.410069316572179729e-06
-1.943763079424672518e-05,-1.041730308973334489e-05
-2.092669395609363144e-05,-1.265450809654356758e-05
-1.906500106488462855e-05,-7.518318679178080391e-06
-2.350669729811700480e-05,-1.269629936948046550e-05
-2.145336492311354328e-05,-9.159133060805016058e-06
-2.092459356157278845e-05,-7.476646868890070577e-06
-2.713468740360633133e-05,-1.276019043012735187e-05
-2.532168574065155606e-05,-9.855678375105055320e-06
-2.350793663574221248e-05,-7.423078369559863276e-06
-3.204148290735554263e-05,-1.282999382582223937e-05
-2.956856182688035980e-05,-1.006347135287607742e-05
-2.713542276831252197e-05,-7.362589084797056554e-06
-3.726989345249888624e-05,-1.289092584012186372e-05
-3.463713879541112541e-05,-1.006356249476173523e-05
-3.204166278566698698e-05,-7.296400979639741525e-06
-4.260203425443584554e-05,-1.294328993240805275e-05
-3.991954057942807214e-05,-1.006426034419884487e-05
-3.726969983776735944e-05,-7.237002520755743285e-06
-4.802234116803720293e-05,-1.298635229738886853e-05
-4.529874902067583151e-05,-1.006517642842487622e-05
-4.260166596826249139e-05,-7.186263891051809308e-06
-5.351233316736422652e-05,-1.302001039683644999e-05
-5.075702525915989845e-05,-1.006603375941995556e-05
-4.802207352517541132e-05,-7.144884890517245767e-06
-5.905471340467357975e-05,-1.304513013934101801e-05
-5.627585502755048312e-05,-1.006673110231433230e-05
-5.351210970981108575e-05,-7.112761818470747974e-06
-6.463591197660878038e-05,-1.306360684560427829e-05
-6.183967393416765648e-05,-1.006723122993900848e-05
-5.905453264287579033e-05,-7.088740361669788523e-06
-7.024568913396070065e-05,-1.307704072934033461e-05
-6.743672458841866717e-05,-1.006758281222354966e-05
-6.463585135883417301e-05,-7.071188451028566912e-06
-7.587444280572157296e-05,-1.308520475117573188e-05
-7.305769027948008914e-05,-1.006788718075730026e-05
-7.024567678202480673e-05,-7.058453110201375946e-06
-8.795663924119617315e-05,-1.275812371334935432e-05
-8.715541768072360043e-05,-1.308996947697277737e-05
-7.839933894807595200e-05,-1.006820273595980594e-05
-8.151346039581971125e-05,-1.308897795369301644e-05
-7.587436845575516319e-05,-7.051034428285709160e-06
-8.828851882741861460e-05,-1.195694667204027190e-05
-8.639237827579662754e-05,-1.006838930104272442e-05
-8.151338698853539109e-05,-7.047626684135730994e-06
-8.828848558822600695e-05,-8.179852213532967108e-06
-8.715536762308674537e-05,-7.046812498065356470e-06
-8.795659992937615210e-05,-7.378664332441160987e-06
