Size 192,2
-6.626389496504103997e-05,1.038972151487412925e-05
-6.650875168475989501e-05,9.798604329004576957e-06
-6.650866122911759670e-05,7.011872471919105635e-06
-6.626379119975709059e-05,6.420733655324735491e-06
-6.567275796695541267e-05,1.063456249649288774e-05
-6.456391821242053817e-05,8.405205257315435409e-06
-6.567263187523249366e-05,6.175880945790940987e-06
-6.151073790907604557e-05,1.063400787704328322e-05
-6.151052842598698069e-05,6.176092821800450522e-06
-5.921321732120745409e-05,8.404888327366162492e-06
-5.734967176353273559e-05,1.063257663747660460e-05
-5.734944814850052354e-05,6.176834230913533253e-06
-5.527012413206244188e-05,8.404351115429456895e-06
-5.319144608156578253e-05,1.062975411393521855e-05
-5.319179638175168144e-05,6.178505861209896659e-06
-5.111421819040688270e-05,8.403726883523263822e-06
-4.903840064162609004e-05,1.062506983157509182e-05
-4.903904004787487680e-05,6.181903167422060637e-06
-4.696510345583663885e-05,8.403060091832972444e-06
-4.489441753528647730e-05,1.061827527823448492e-05
-4.489517390955039200e-05,6.187276826555254278e-06
-4.282721761557280746e-05,8.402550048091933448e-06
-4.076437213538810876e-05,1.060902649749465312e-05
-4.076488965569356775e-05,6.195747450233622483e-06
-3.870555936750286793e-05,8.402319170341257591e-06
-3.665332670597449194e-05,1.059656732114631885e-05
-3.665367575204248757e-05,6.208174197291244247e-06
-3.460607342530687094e-05,8.402341308910825040e-06
-3.256838528640801318e-05,1.057961148210503573e-05
-3.256887047060169052e-05,6.225388749099235300e-06
-3.053747166298713238e-05,8.402530299253287759e-06
-2.852045294267746935e-05,1.055569553223309065e-05
-2.852119100397080507e-05,6.249641923675614639e-06
-2.651244350568374299e-05,8.402848727428679650e-06
-2.452453549168788529e-05,1.052195055657265951e-05
-2.452500111281799797e-05,6.283948326075454814e-06
-2.262786414560029360e-05,8.402848583461083220e-06
-2.075748777056729205e-05,1.047773442458806788e-05
-2.075745708095102154e-05,6.330754112592245437e-06
-1.936278127858270741e-05,8.562539414931501409e-06
-1.796720841984309324e-05,1.043278867015692478e-05
-1.796612994737283608e-05,6.377898061149685137e-06
-1.598122935298282519e-05,1.039139719527871983e-05
-1.635638738472395968e-05,9.086681860668519503e-06
-1.597913595567215973e-05,6.409432417856907823e-06
-1.456087766842077007e-05,6.443907545929967628e-06
2.292301563248227569e-06,7.711908164682009103e-07
2.337904114615180533e-06,6.613343858274021429e-07
2.337554671264241954e-06,2.527538294649864686e-07
2.292199661609345536e-06,1.447191850567330457e-07
-1.455759199898266511e-05,1.036151692831913768e-05
-1.329190429491525919e-05,1.026190656566278036e-05
-1.426270313236002434e-05,7.915206085384873124e-06
-1.328281978085338684e-05,6.370155544753746776e-06
2.182975275640293688e-06,8.167287072907779437e-07
2.073030996364927722e-06,3.687409291357031883e-07
2.184040626304072502e-06,9.977497158504644325e-08
-1.288269225932472649e-05,9.059830920184584142e-06
-1.205928368905627127e-05,1.001387472172690933e-05
-1.088271654959707078e-05,9.640351782318635010e-06
-1.250263027553711902e-05,7.426378557373834383e-06
-1.207307389190131497e-05,6.091871656543867739e-06
1.442786287359686289e-06,8.295804217581624485e-07
1.442448448220490654e-06,8.760181342858991227e-08
1.058923760088937973e-06,4.587740888532475526e-07
-9.779190453260584918e-06,9.133243197650035914e-06
-1.072058641579200446e-05,8.412068400867440550e-06
-1.112458428554280394e-05,6.885937470163851090e-06
-1.095846286548612540e-05,5.625102534214146683e-06
6.428978094055589642e-07,8.985459308019491046e-07
6.430434509529485816e-07,1.950171315123846002e-08
1.697175198236414577e-07,4.591868253402005607e-07
-8.751844776984025713e-06,8.519389333314744174e-06
-7.824492817809379681e-06,7.808727760698638907e-06
-9.718922871047611599e-06,6.651090728322960086e-06
-9.969045243920408530e-06,4.984216848918801824e-06
-3.731525618515511818e-07,1.047025323001071233e-06
-3.731690009495701745e-07,-1.285172604313686035e-07
-8.060115053503902013e-06,6.725179559038306715e-06
-7.003338287583516772e-06,7.003190993916798783e-06
-8.451186375588775877e-06,5.516973945376090786e-06
-9.129256542752534669e-06,4.208813758971590392e-06
-9.708637523405018494e-07,4.593999181177382857e-07
-1.681331736874999890e-06,1.261236171366483750e-06
-1.680171721686689014e-06,-3.439847517812656195e-07
-6.282730781019259582e-06,6.126807606043657984e-06
-5.687932943456555801e-06,5.205045728812617999e-06
-5.214372212441271974e-06,4.229524028460360115e-06
-7.657075762442248486e-06,4.440031582252422015e-06
-8.456998580685542749e-06,3.332609964002706069e-06
-2.252050997852816504e-06,4.618152326977419122e-07
-2.951957042693034405e-06,1.471806881478639588e-06
-2.952109118472816239e-06,-5.630719855931352180e-07
-6.212898516111807043e-06,4.227774179286985804e-06
-4.853966587750519103e-06,3.224343968457504968e-06
-4.107204911671733508e-06,1.650306231803240231e-06
-4.444966885127507100e-06,1.828522426336295774e-06
-4.626335473329602016e-06,2.191569640919601113e-06
-7.104081751344594883e-06,3.205090719107974178e-06
-7.959036575259625506e-06,2.393386747983698456e-06
-3.581100068322057743e-06,6.101118763160395113e-07
-4.106672248655385094e-06,-7.209071795817285156e-07
-5.545358055106793363e-06,2.512693043344568725e-06
-4.465887085264031541e-06,1.114756774141127768e-06
-4.866229560645321968e-06,1.702280434285246769e-06
-6.707200594344983136e-06,2.102802602154763850e-06
-7.652232201613894330e-06,1.429277765169726070e-06
-4.485329004433722198e-06,-3.673845607187747643e-08
-4.433543235771262690e-06,-8.940721702859827761e-07
-5.753912313165779770e-06,8.789305978620652323e-07
-7.550448848643876237e-06,4.608947912938538959e-07
-7.661542051924467438e-06,-4.992510806996614176e-07
-5.165001367899651563e-06,-6.600801905536347828e-07
-4.622062305364386084e-06,-1.268835750145736585e-06
-4.849641922303095856e-06,-2.310119113867711034e-06
-6.691108208374322815e-06,-6.168937866207591957e-07
-5.198383872294638726e-06,-3.335564297627590707e-06
-7.979440406751282257e-06,-1.473390254997387604e-06
-5.783854351758781339e-06,-2.341372185742347238e-06
-7.178372749918932382e-06,-2.420615766640259049e-06
-5.678298140355741073e-06,-4.321040574107196907e-06
-8.491219459624129112e-06,-2.422053215501384929e-06
-8.080841951629443755e-06,-3.372982094144916105e-06
-7.094217183993533177e-06,-3.975332223087442996e-06
-6.277263429951639214e-06,-5.277466380444315677e-06
-7.010993014069141337e-06,-6.181184864231423318e-06
-9.196894453535973737e-06,-3.306764742868903809e-06
-8.696825229123900843e-06,-4.459288686413095064e-06
-8.105005893482639795e-06,-5.825632467565051341e-06
-7.852000153458141889e-06,-7.018719148459328847e-06
-1.007196938939986488e-05,-4.094284027804918994e-06
-9.811254057697730768e-06,-5.821236096816689605e-06
-8.809462215030853963e-06,-7.759246553150389816e-06
-9.876206843831052752e-06,-8.402040008866696450e-06
-1.102473920338469748e-05,-8.935954184101802672e-06
-1.111420319158316997e-05,-6.196504968851745952e-06
-1.110230866551751593e-05,-4.753079554304745109e-06
-1.085401136735598001e-05,-7.652003273790083617e-06
-1.225384492788079178e-05,-9.329852204469859416e-06
-1.354219966083836246e-05,-9.587900785909255903e-06
-1.216888706715365205e-05,-6.520219633284636337e-06
-1.226907042259126335e-05,-5.236819340056252992e-06
-1.486376968575870597e-05,-9.694739925298300859e-06
-1.337862899365644518e-05,-7.729121179174554111e-06
-1.353308992937124212e-05,-5.523076570467276770e-06
-1.515335146285257079e-05,-7.932277728821402523e-06
-1.635128755957664131e-05,-9.730525576825685890e-06
-1.485345257010005817e-05,-5.606334475002104688e-06
-1.842748893995767575e-05,-9.765057839609536723e-06
-1.677451704945172138e-05,-6.921262847400980027e-06
-1.634981495936330798e-05,-5.569500231086136779e-06
-2.134824630941291857e-05,-9.815207959696055495e-06
-1.988903826176997524e-05,-7.480016853624394149e-06
-1.842885412742279480e-05,-5.523679888206348281e-06
-2.529295216399280407e-05,-9.865617192843673336e-06
-2.330651980798967830e-05,-7.645891377972516102e-06
-2.134912096047008643e-05,-5.474489081976507382e-06
-2.948376575982884342e-05,-9.905809081855319789e-06
-2.737614079693816830e-05,-7.644498229958596996e-06
-2.529342467550311702e-05,-5.424156301603964424e-06
-3.374268013895720847e-05,-9.938998205235305959e-06
-3.160280083128363851e-05,-7.643403604260226629e-06
-2.948412982234365851e-05,-5.382083295283936208e-06
-3.806010912584383710e-05,-9.967313255344096721e-06
-3.589243584736865472e-05,-7.642382696798556192e-06
-3.374300729837009783e-05,-5.346763618486661241e-06
-4.242795965126747398e-05,-9.991401778975311909e-06
-4.023630183298845900e-05,-7.641470457232536276e-06
-3.806037551327935090e-05,-5.316547178376188168e-06
-4.683817261840236807e-05,-1.001080447829509895e-05
-4.462676264310693993e-05,-7.640629070418353757e-06
-4.242813134443877129e-05,-5.290639281637869475e-06
-5.128209289637040020e-05,-1.002550462096105820e-05
-4.905531242139994554e-05,-7.639649484900544276e-06
-4.683834422355398594e-05,-5.269411200463851202e-06
-5.575148908660442257e-05,-1.003619232573814490e-05
-5.351333188525963180e-05,-7.638558581978767333e-06
-5.128235659856944073e-05,-5.252613187910605300e-06
-6.023847512369151752e-05,-1.004311191514845243e-05
-5.799279051702833243e-05,-7.637651850402019820e-06
-5.575181422026252422e-05,-5.239974250307466390e-06
-6.987686514908891789e-05,-9.782618313906782639e-06
-6.923759019174489666e-05,-1.004738869547069611e-05
-6.225197025535571130e-05,-7.637127843080089083e-06
-6.473596880979353406e-05,-1.004662440844618234e-05
-6.023857178716907350e-05,-5.231686807275839167e-06
-7.014166273444659070e-05,-9.143381855299493406e-06
-6.862874328724725644e-05,-7.636596366899420688e-06
-6.473603579815064262e-05,-5.227084704172172888e-06
-7.014158412588164797e-05,-6.129834328511463231e-06
-6.923754583338170908e-05,-5.225894489941636400e-06
-6.987679245375933064e-05,-5.490642992519612035e-06
