Size 192,2
4.488031520015482625e-05,-5.937948407521214400e-06
4.507605845916430116e-05,-5.465470374477385986e-06
4.507595673422791797e-05,-3.237860318825775172e-06
4.488020018184145089e-05,-2.765378284181243689e-06
4.440776465715725110e-05,-6.133635513067118460e-06
4.352120518916994130e-05,-4.351652035315844984e-06
4.440763277720722284e-05,-2.569690975170739945e-06
4.108055300745532559e-05,-6.132515390392103698e-06
4.108045015232612672e-05,-2.570979148232441713e-06
3.924432851989988810e-05,-4.351920451455513530e-06
3.775654077308913888e-05,-6.128710013963433148e-06
3.775642699213329712e-05,-2.575340982396549002e-06
3.609752143222440127e-05,-4.352147476522100171e-06
3.444410546205503424e-05,-6.119710574749689872e-06
3.444423813490250102e-05,-2.584889043359649531e-06
3.279425743962781391e-05,-4.352503780982032203e-06
3.115417499333490671e-05,-6.103885631576036812e-06
3.115429551830360802e-05,-2.601391102652999619e-06
2.952000881255579639e-05,-4.352928399285514972e-06
2.790069132918788011e-05,-6.080476269912994634e-06
2.790066414691747191e-05,-2.625839665383501488e-06
2.629012883380241205e-05,-4.353611108484931631e-06
2.470067084610030311e-05,-6.048235740732447613e-06
2.470038920298414924e-05,-2.660027547565508867e-06
2.312235875494494063e-05,-4.354668907317399308e-06
2.157089394369984505e-05,-6.007345290241873464e-06
2.157095784821133917e-05,-2.703672810772508333e-06
2.003324017423847126e-05,-4.356044704012001450e-06
1.852770049070122507e-05,-5.957803893703272384e-06
1.852831017836937793e-05,-2.756271223507540541e-06
1.703909381918155703e-05,-4.357697500020068376e-06
1.558794135794690350e-05,-5.898546184286267671e-06
1.558902533478321065e-05,-2.818813284050724490e-06
1.415752875850931488e-05,-4.359489070633697420e-06
1.277135230781720735e-05,-5.826718216740142954e-06
1.277214752441442283e-05,-2.894006656455699230e-06
1.146407998761943222e-05,-4.360408547559189536e-06
1.020666727745783044e-05,-5.742838776977356952e-06
1.020697672760722588e-05,-2.983754441565266944e-06
9.278810656235971210e-06,-4.464778415268040356e-06
8.381369247808647806e-06,-5.663819965830241566e-06
8.379750212892404299e-06,-3.066933564136316412e-06
7.129667111555873338e-06,-5.594138590990831141e-06
7.351989739098489839e-06,-4.791074564488887319e-06
7.126505473824878936e-06,-3.120524645738841384e-06
6.259038024377208753e-06,-3.177769613969961229e-06
-7.094806478056256775e-07,-9.742009518037092076e-07
-7.235294515936796105e-07,-9.400985181919193800e-07
-7.233389256208111816e-07,-8.143158209058170136e-07
-7.094129201292200662e-07,-7.812534980143734289e-07
6.253469364776523987e-06,-5.544877681984450368e-06
5.503252096649369526e-06,-5.457215265458253959e-06
6.064022663758070379e-06,-4.068554515857035307e-06
5.485564537969609673e-06,-3.172253541185524383e-06
-6.756056322733383096e-07,-9.885093001459206991e-07
-6.419676304668666168e-07,-8.507751642456366754e-07
-6.762666861401311744e-07,-7.677605275719584086e-07
5.251848897513027610e-06,-4.737872771195061100e-06
4.789387178876276033e-06,-5.276590359176729912e-06
4.132717959945755351e-06,-5.037131200426763270e-06
5.026661949364382155e-06,-3.793362663705722176e-06
4.783600582855453328e-06,-3.057534025199816368e-06
-4.473949284332117919e-07,-9.944962572034933586e-07
-4.478399503516064429e-07,-7.658109751704395887e-07
-3.293300227852978760e-07,-8.810998998487916782e-07
3.543736485303617003e-06,-4.720968818490982179e-06
4.033146966039596129e-06,-4.338404778763021690e-06
4.253903389746671778e-06,-3.502777309725661922e-06
4.157880967242060549e-06,-2.849339647535987956e-06
-2.007236326887305691e-07,-1.017658158437178755e-06
-2.012175365384974176e-07,-7.462738643341532394e-07
-5.471115345949019962e-08,-8.827106372334759256e-07
3.012762098184566071e-06,-4.364515546399561275e-06
2.562767508929548916e-06,-3.974770377991281865e-06
3.501790900533174313e-06,-3.383127399797586368e-06
3.620748698990607316e-06,-2.554433171516905032e-06
1.130152557920630320e-07,-1.064374272815369565e-06
1.127505710862989928e-07,-7.021704900378745730e-07
2.678674224985079373e-06,-3.413361926068995451e-06
2.190497046946290080e-06,-3.545449595851300710e-06
2.862897788212424179e-06,-2.823275670386124815e-06
3.179258183080564084e-06,-2.213318083519562496e-06
2.970832094790560050e-07,-8.837611939481901286e-07
5.157464181306982680e-07,-1.130139729373669012e-06
5.151158385128346285e-07,-6.371997046711983305e-07
1.875296784607821153e-06,-3.103182495236813811e-06
1.647299684069397627e-06,-2.676451406700117444e-06
1.493211814229063574e-06,-2.241318765054247195e-06
2.495347149247538915e-06,-2.324158246003310275e-06
2.834817220588306042e-06,-1.852778095528973263e-06
6.909613731595832229e-07,-8.851917103422019557e-07
9.050307385811029585e-07,-1.193418808378614535e-06
9.057211611649659823e-07,-5.704791907387540623e-07
1.881255569558307122e-06,-2.232240462111133705e-06
1.388230529942754020e-06,-1.824592237676840917e-06
1.241269434231490884e-06,-1.245322724386968502e-06
1.328046269959636927e-06,-1.303291776392649643e-06
1.361406302197851006e-06,-1.429425828347971844e-06
2.247458144739673930e-06,-1.803033974470142814e-06
2.573819944441219207e-06,-1.494462577306617384e-06
1.096586596882467606e-06,-9.315403865013137626e-07
1.277036710769563296e-06,-5.201421856442710830e-07
1.660639242131449643e-06,-1.537840526313548688e-06
1.351206616061815135e-06,-1.078105246935754007e-06
1.454885523414253042e-06,-1.261093245891586500e-06
2.085872878483196602e-06,-1.386394434292365180e-06
2.398042795331187420e-06,-1.160627049488402082e-06
1.387297286502862857e-06,-7.246917211161547486e-07
1.395926218980958252e-06,-4.692783128686027425e-07
1.755105042839961505e-06,-9.769433956484823814e-07
2.320271323840566161e-06,-8.503846704221632542e-07
2.284735664106676286e-06,-5.739993000455682880e-07
1.611210696273602412e-06,-5.285155649987402796e-07
1.471556510997759094e-06,-3.718837377683247620e-07
1.575895302061796904e-06,-1.264854999036852579e-07
2.028920715732063933e-06,-5.220248178372523261e-07
1.706328461265449415e-06,7.105161890044550543e-08
2.303446204835468132e-06,-3.076790801199427348e-07
1.812005839282303036e-06,-1.052690735816224802e-07
2.117050658589343051e-06,-8.815367821569587431e-08
1.838237768506897581e-06,2.426191222491786993e-07
2.350053334702613063e-06,-8.744026659787911197e-08
2.262706624843795004e-06,9.525767973912635488e-08
2.105103854157836306e-06,1.937437679072784232e-07
1.978735102544583597e-06,3.683873613438405191e-07
2.106779133940180632e-06,4.586711221483691074e-07
2.405203783215790672e-06,9.563999159839670435e-08
2.336717384043716180e-06,2.608178025506248281e-07
2.264394393074265907e-06,4.161456342858607243e-07
2.235844486610748510e-06,5.122127131403697706e-07
2.466790825824835923e-06,2.349726605463813091e-07
2.438638132893215385e-06,4.080193881956015336e-07
2.347092037400906371e-06,5.469669042883802278e-07
2.432508636571551565e-06,5.534253515615388217e-07
2.502147304097780858e-06,5.324768407351637568e-07
2.517130333197863328e-06,4.363510701236405820e-07
2.521078622924987558e-06,3.313718260373457770e-07
2.506967346014051657e-06,5.057883345219296548e-07
2.542941810060324078e-06,5.091068870423801497e-07
2.556186471725406565e-06,4.736813431564543887e-07
2.555311417676930661e-06,4.579893429006293629e-07
2.554160363318142547e-06,4.058059492832347692e-07
2.552811976747779924e-06,4.398457445307955566e-07
2.575760658912174634e-06,4.797256193562819742e-07
2.567617158072937133e-06,4.635958791577255572e-07
2.555325270719160930e-06,4.721200368740783320e-07
2.512076893654410016e-06,4.001671245245470818e-07
2.563131007131597159e-06,4.982893753662932105e-07
2.421378536077389884e-06,3.609069964616541609e-07
2.509998192600428949e-06,5.025504469676638725e-07
2.513515485043023666e-06,5.397294113381768028e-07
2.214713796085234612e-06,3.013035472776708803e-07
2.334324722304786949e-06,4.855609440968526570e-07
2.419502972891638616e-06,5.937762620520914742e-07
1.828793837304266889e-06,2.391491447968724891e-07
2.039711511188868939e-06,4.775278613024910677e-07
2.213609182587275819e-06,6.549692336552139370e-07
1.322351747454851839e-06,1.893033376627309023e-07
1.591327204463092095e-06,4.805774512658818926e-07
1.827894587743401068e-06,7.197557356659470652e-07
7.297204860024650395e-07,1.509774827527892995e-07
1.038413185274290396e-06,4.830881641334293187e-07
1.321589270710118981e-06,7.744888884910071969e-07
7.245752351344350279e-08,1.239222675831841482e-07
4.098021799523026717e-07,4.850895032961683077e-07
7.290486441784770266e-07,8.173427612614613843e-07
-6.267795077824263197e-07,1.082779660125818614e-07
-2.722033705535325481e-07,4.865304426960987881e-07
7.201372316207078109e-08,8.477655583793470479e-07
-1.346597929697723226e-06,1.017886541967979687e-07
-9.848725053427793958e-07,4.876624509347552335e-07
-6.271806615754158954e-07,8.660297233986663079e-07
-2.072326626074286343e-06,1.004970772753400284e-07
-1.709239642637539567e-06,4.885831255936188528e-07
-1.346890687109476642e-06,8.745113459669989869e-07
-2.798411470568978356e-06,1.005017221787564630e-07
-2.435404871028781754e-06,4.892542863025666274e-07
-2.072471653454156662e-06,8.774035910941634467e-07
-3.525288820918524690e-06,9.979810030400597141e-08
-3.161554014609696631e-06,4.896549690306190429e-07
-2.798444573557340455e-06,8.783403082066679074e-07
-5.089238420400862943e-06,1.411723335733349286e-07
-4.985428844640588754e-06,9.818382291193683734e-08
-3.851499694680348980e-06,4.897452897508355331e-07
-4.254358244090733345e-06,9.855643229412923090e-08
-3.525288944487047827e-06,8.796237591890646508e-07
-5.132239455538340517e-06,2.449648393068499888e-07
-4.886529211905324814e-06,4.896362057203935612e-07
-4.254362622513907193e-06,8.807966855835622285e-07
-5.132240190431426979e-06,7.343072395087755334e-07
-4.985435471250017208e-06,8.810850327350480332e-07
-5.089240942531060844e-06,8.380969992775586018e-07
