Size 192,2
6.777652995905440638e-05,-9.322544318201897223e-06
6.805274885814636965e-05,-8.655668327776575022e-06
6.805283145373155324e-05,-5.512084817612007992e-06
6.777663312659533640e-05,-4.845272544293111879e-06
6.710967539045558218e-05,-9.598780594077635671e-06
6.585899158621147506e-05,-7.083920617527520885e-06
6.710982577192705842e-05,-4.569069314510163157e-06
6.241403734659709012e-05,-9.599212841661507138e-06
6.241440587005829478e-05,-4.569321845289711492e-06
5.982137665186169304e-05,-7.084645814980709427e-06
5.771768623828050506e-05,-9.598868748034883612e-06
5.771796000580830404e-05,-4.571035915672867613e-06
5.537010832833363531e-05,-7.085416628539360648e-06
5.302500262962773169e-05,-9.594707180698891134e-06
5.302540260380673277e-05,-4.577059865205118529e-06
5.068220099284652565e-05,-7.086280239400976315e-06
4.834658417707800266e-05,-9.583310014904911040e-06
4.834748776411107321e-05,-4.590200317340560496e-06
4.601618793656712101e-05,-7.087190705968804249e-06
4.369877407352768228e-05,-9.562733138812517706e-06
4.369961821890441670e-05,-4.612279492034771988e-06
4.138949648788112809e-05,-7.087901130160103637e-06
3.909954838634210704e-05,-9.531764848234059256e-06
3.909984910678342634e-05,-4.644435067852371156e-06
3.682069325328806456e-05,-7.088351110171556860e-06
3.456881824990041098e-05,-9.488709758417170846e-06
3.456860671394467360e-05,-4.688131882122857348e-06
3.233175300381692607e-05,-7.088447604577681624e-06
3.013049423534386163e-05,-9.431598453486085781e-06
3.013040779426459157e-05,-4.745229352950909329e-06
2.794877648854651351e-05,-7.088227212785764714e-06
2.581225987776228752e-05,-9.359201374118744925e-06
2.581228659004139792e-05,-4.816738472722773836e-06
2.370001165011673025e-05,-7.087732575138620360e-06
2.164194879718555457e-05,-9.271490466688682696e-06
2.164154425088655087e-05,-4.903344249830681003e-06
1.969295987318936584e-05,-7.086354088691957238e-06
1.780338440852445047e-05,-9.171868155064754832e-06
1.780249218351246206e-05,-5.005188421514891196e-06
1.640273124871060087e-05,-7.243425951697981176e-06
1.503050828965753412e-05,-9.080277319085736364e-06
1.502773452440454337e-05,-5.098792529076473206e-06
1.309921649161383343e-05,-9.001010575194204132e-06
1.345163238311675368e-05,-7.748433712138503974e-06
1.309511322167725175e-05,-5.158193287935087859e-06
1.173900021009569809e-05,-5.221494312946881631e-06
-1.597985174503570399e-06,-8.456769851563796013e-07
-1.630224696083091481e-06,-7.678957292049881728e-07
-1.629958103165034225e-06,-4.790582425448733507e-07
-1.597919714614153440e-06,-4.027674164069799516e-07
1.173314210502005700e-05,-8.945389071930292683e-06
1.054284225918184121e-05,-8.827013910154748045e-06
1.144328237369870530e-05,-6.621419368762303175e-06
1.052388989649166274e-05,-5.183701959069055243e-06
-1.520604917822639927e-06,-8.779931771907303521e-07
-1.442946510374607659e-06,-5.613820689980712028e-07
-1.521528820265342071e-06,-3.711489921649300016e-07
1.015047569138731139e-05,-7.690190236160274117e-06
9.397649902795061119e-06,-8.565023447150574697e-06
8.325440968728382591e-06,-8.198316257190256228e-06
9.793335645617076555e-06,-6.173005101006638828e-06
9.399190294837055204e-06,-4.963263598229895612e-06
-9.970498889494746622e-07,-8.880794570956767499e-07
-9.971583886580156317e-07,-3.636531865575870922e-07
-7.258067882455475002e-07,-6.266087503437387178e-07
7.341831351705869469e-06,-7.708214644993034666e-06
8.170152239867398375e-06,-7.067286325848222525e-06
8.534487601361700438e-06,-5.688897179219654176e-06
8.380389173660412802e-06,-4.580300398799281432e-06
-4.317565392497589818e-07,-9.376347897273197893e-07
-4.322379725587794958e-07,-3.171620818739096144e-07
-9.794267287594012400e-08,-6.281306843429012710e-07
6.440427941804204231e-06,-7.136820780768917453e-06
5.650619372895827255e-06,-6.494197696383819975e-06
7.280023560564716535e-06,-5.483770276212944166e-06
7.490896590240522894e-06,-4.046969805156862893e-06
2.851515938556246578e-07,-1.042966829779931698e-06
2.848386308800216594e-07,-2.145507113014205493e-07
5.852544231105422055e-06,-5.541714894254794977e-06
4.972912856158085474e-06,-5.776051278936951563e-06
6.180758526743544029e-06,-4.509016986725670852e-06
6.747498318567570754e-06,-3.414647557243891199e-06
7.063331999013180810e-07,-6.293911717177195101e-07
1.206382358877819165e-06,-1.193032952294291378e-06
1.205229521800496278e-06,-6.525123654065117980e-08
4.387686361944230307e-06,-5.014905082459609876e-06
3.931150832935813958e-06,-4.245934208662034892e-06
3.591008035871727384e-06,-3.445962528254851607e-06
5.518882549986818707e-06,-3.610030135702576878e-06
6.159392999950135035e-06,-2.721002702346583999e-06
1.607439289088814966e-06,-6.319538636606680979e-07
2.097982013768796689e-06,-1.338946797782653609e-06
2.098503710898879849e-06,8.690364913452698280e-08
4.361144667914131492e-06,-3.437714928417635602e-06
3.342792531544807046e-06,-2.647771749323696807e-06
2.891523689017693283e-06,-1.460903742681171066e-06
3.113095377789191988e-06,-1.588535559631239068e-06
3.220515329289871548e-06,-1.855916342372397695e-06
5.064474865915329371e-06,-2.621829304835273624e-06
5.718189920854444076e-06,-2.001378722972500247e-06
2.537884741004349413e-06,-7.368589421496742378e-07
2.923078414898381207e-06,1.984293610615805878e-07
3.879157224154982364e-06,-2.089886622180359212e-06
3.142585022140794954e-06,-1.083064564579710882e-06
3.405806765668038732e-06,-1.497014148602215962e-06
4.751896158629271808e-06,-1.780602094522790980e-06
5.432407845037824516e-06,-1.291769055541957242e-06
3.182909202636196893e-06,-2.762033655066363749e-07
3.168729148673157100e-06,3.175436402200241059e-07
4.051064832191183348e-06,-8.923374854368376988e-07
5.319663600230967422e-06,-6.009438425557344458e-07
5.333853793420735104e-06,5.572503517517510776e-08
3.672122698654963067e-06,1.650271879485712098e-07
3.316688486543938191e-06,5.639078916106421960e-07
3.507186280298166880e-06,1.225448706882781148e-06
4.693299735588034006e-06,1.527534757479536975e-07
3.772528224467221451e-06,1.835889167859875508e-06
5.483294773833307701e-06,7.086838525427610977e-07
4.114468033375353897e-06,1.258081104713161436e-06
4.976992396246355194e-06,1.307078109910945446e-06
4.094090193409443664e-06,2.405683341934784424e-06
5.738752397999259187e-06,1.308378474487164955e-06
5.486692248084232516e-06,1.873976079014108095e-06
4.930312160054588840e-06,2.216337835275965439e-06
4.473028400478384613e-06,2.920613440865783381e-06
4.895973630276626202e-06,3.380540706017006868e-06
6.082540551954768792e-06,1.846592416668996835e-06
5.810520697853317621e-06,2.479608629570642930e-06
5.496686270594284024e-06,3.192976449178091831e-06
5.364535245703064348e-06,3.779816611826515707e-06
6.502835918867481041e-06,2.302853288154547481e-06
6.366963592940526166e-06,3.183138744742886015e-06
5.864611195753377987e-06,4.121655875418052253e-06
6.386963279635263165e-06,4.397720536270523060e-06
6.930514739546414354e-06,4.605614221426536382e-06
6.982365168190819704e-06,3.365456561159361712e-06
6.982067365391483086e-06,2.665329701988422842e-06
6.862980553464881595e-06,4.040103211866800553e-06
7.482405402062710548e-06,4.753102862720851161e-06
8.038025841088598786e-06,4.834579891677918854e-06
7.458295674030442787e-06,3.520280981532631608e-06
7.500513319903766522e-06,2.933378580807988074e-06
8.593813575633529401e-06,4.854073480827514952e-06
7.984545124555628368e-06,4.050506143274474630e-06
8.044158070471914813e-06,3.101864631620658761e-06
8.717800641392276932e-06,4.130823700230313667e-06
9.191871491139948539e-06,4.841034829490878389e-06
8.597645157932738995e-06,3.164187787070233834e-06
1.000309339844093060e-05,4.829762291141753945e-06
9.368108574798891946e-06,3.724429774660546871e-06
9.191810091314191728e-06,3.179242859808450306e-06
1.109583021151182149e-05,4.816293641671255045e-06
1.055890129122090403e-05,3.949156629900666578e-06
1.000207180546959721e-05,3.196396817060765511e-06
1.251764197950902290e-05,4.808033403391954018e-06
1.180890634101232153e-05,4.014509062546361985e-06
1.109501261017789076e-05,3.211827265556066979e-06
1.399040310937149517e-05,4.806734367438628297e-06
1.325439799045325179e-05,4.016453624381773750e-06
1.251700348673134594e-05,3.223103453656418593e-06
1.546316147954784328e-05,4.809238201854818479e-06
1.472605498859308835e-05,4.018210843301061312e-06
1.398984487248138451e-05,3.227960107873634942e-06
1.694001606604484029e-05,4.813043197837011926e-06
1.620053795626397462e-05,4.019851135682844638e-06
1.546262361658654077e-05,3.228850429254435759e-06
1.842171932052881278e-05,4.816877759631704355e-06
1.767986553443922008e-05,4.021321472712209765e-06
1.693956083767513747e-05,3.228145106712479639e-06
1.990780873067395565e-05,4.820533493656847050e-06
1.916383128901782889e-05,4.022813234148267387e-06
1.842124724074009691e-05,3.227239378379251067e-06
2.139752345266961899e-05,4.823758672768072844e-06
2.065187884116427040e-05,4.024414919979231469e-06
1.990727740305979655e-05,3.226689385322967617e-06
2.288973339855751520e-05,4.826266400754945161e-06
2.214308192549877555e-05,4.025941512181549325e-06
2.139702853210963997e-05,3.226621634548528870e-06
2.438340021938684697e-05,4.828200364216149089e-06
2.363616168185655802e-05,4.027287292346187901e-06
2.288929911852204921e-05,3.226996579387977257e-06
2.758627753360622082e-05,4.742044075248087886e-06
2.737388946092838968e-05,4.830010058569316449e-06
2.505268161888573377e-05,4.028315081901098219e-06
2.587822949076516200e-05,4.829580530228556371e-06
2.438303562715884654e-05,3.227510257867912157e-06
2.767425278853457747e-05,4.529667761607056932e-06
2.717160808715166149e-05,4.029018630726605947e-06
2.587806982967822200e-05,3.227804565765630303e-06
2.767425030632336694e-05,3.528384238169021786e-06
2.737383932915221459e-05,3.227972415595842195e-06
2.758626189928796538e-05,3.315962095654600539e-06
