Size 192,2
-1.076103717078936398e-04,1.522239198017807032e-05
-1.080321374719137473e-04,1.420402571954645874e-05
-1.080319511320925293e-04,9.403436345080637177e-06
-1.076101599676422901e-04,8.385035594200389704e-06
-1.065920983264730609e-04,1.564422980029405656e-05
-1.046822684058773968e-04,1.180366916665248930e-05
-1.065918468774636874e-04,7.963179147437622222e-06
-9.942245312070644065e-05,1.564510798415698960e-05
-9.942207236359043229e-05,7.961787810460114421e-06
-9.546201952956295941e-05,1.180317082415257516e-05
-9.224668687445024566e-05,1.564765134422931280e-05
-9.224657026483708549e-05,7.958460317331505886e-06
-8.865641265514487680e-05,1.180242183719966026e-05
-8.506432251218179366e-05,1.564747922068317030e-05
-8.506495227189269878e-05,7.957081740319701420e-06
-8.147333315339145459e-05,1.180168560304816271e-05
-7.788501575375976439e-05,1.563932440798743590e-05
-7.788579361716971977e-05,7.963276243207546747e-06
-7.430133965287447583e-05,1.180078218668094855e-05
-7.072793138100690784e-05,1.561933864446557896e-05
-7.072850022283271032e-05,7.980915784376628732e-06
-6.716310135917541403e-05,1.179953379328482366e-05
-6.361740820911861822e-05,1.558517195860531135e-05
-6.361775462745085700e-05,8.012234271471153224e-06
-6.008453885228927567e-05,1.179800301941712010e-05
-5.658144566811802316e-05,1.553386596148644268e-05
-5.658147531386655959e-05,8.060019765532964493e-06
-5.309640696683918989e-05,1.179616698018188243e-05
-4.965456493070607248e-05,1.546194203821284790e-05
-4.965425380136368329e-05,8.127991984986214518e-06
-4.623733873344402237e-05,1.179400999252963181e-05
-4.287863429879964681e-05,1.536698979568516319e-05
-4.287818980575636981e-05,8.218784795190664565e-06
-3.955147744861054918e-05,1.179174726427629668e-05
-3.629742778789842250e-05,1.524845632673563367e-05
-3.629664632501980969e-05,8.333398775198905378e-06
-3.320955767911545225e-05,1.178871419792359968e-05
-3.020359111575451834e-05,1.511126310013198895e-05
-3.020234619320886544e-05,8.471398699584197300e-06
-2.797198178820194919e-05,1.203945589810951246e-05
-2.577315696571546550e-05,1.498506079974846001e-05
-2.576913672696531086e-05,8.598269189725670332e-06
-2.266758912417878702e-05,1.487709845362160322e-05
-2.324078528152284017e-05,1.285317908312169287e-05
-2.266192647408486754e-05,8.677989672066467928e-06
-2.046935288060746261e-05,8.762236499502121226e-06
2.999911662796311364e-06,9.025415066113246860e-07
3.058921869345376494e-06,7.604167580505162721e-07
3.058499776013424684e-06,2.318878038167065654e-07
2.999824171876493356e-06,9.212354146570973991e-08
-2.046162774250476297e-05,1.480227600967672960e-05
-1.852504427954481994e-05,1.462444685802775097e-05
-1.999763173300263554e-05,1.103201327175572107e-05
-1.850099154650055837e-05,8.680134130940187140e-06
2.858481726481993324e-06,9.614357795624536995e-07
2.716392649476991213e-06,3.818333618211469201e-07
2.859909601334105713e-06,3.395065719798593497e-08
-1.789134993858539782e-05,1.277727654956720375e-05
-1.665210143279566410e-05,1.421631869727712304e-05
-1.488461021097825884e-05,1.362987636404752952e-05
-1.731071643477480923e-05,1.029353460071805348e-05
-1.666355372488819309e-05,8.292554896017032023e-06
1.901170878999155755e-06,9.785650718033919776e-07
1.900841818312782530e-06,1.807446774743865141e-08
1.404387075787962003e-06,4.989567100584287489e-07
-1.324625419238758743e-05,1.284165775780525324e-05
-1.463426070416704462e-05,1.177219995331834618e-05
-1.523843888552331898e-05,9.488350189743759424e-06
-1.498735956422443083e-05,7.628529771685738811e-06
8.649195749195865420e-07,1.070671555989759078e-06
8.655300297581944324e-07,-7.090739710340402039e-08
2.506416605198514493e-07,5.007856404713816035e-07
-1.173418768558767435e-05,1.190828701474091125e-05
-1.038995379226114421e-05,1.084455869492289384e-05
-1.315105372858289762e-05,9.143250245948077222e-06
-1.351318261868572135e-05,6.709205458814397791e-06
-4.563695416586521635e-07,1.268761649945752453e-06
-4.559117398423417803e-07,-2.653781313624269300e-07
-1.073320643604838427e-05,9.246520742308424569e-06
-9.217599590797312167e-06,9.647868780225822612e-06
-1.129712170735759347e-05,7.489629666149252371e-06
-1.227245475692176626e-05,5.607401499920770047e-06
-1.236329681762093874e-06,5.027795607198665657e-07
-2.166517089915239404e-06,1.554964812384968620e-06
-2.164261014756261513e-06,-5.498016056413585364e-07
-8.196873938084984869e-06,8.363555082443343997e-06
-7.376386310671271817e-06,7.039122870548712421e-06
-6.742406671656783606e-06,5.648855295738887558e-06
-1.015837324196870058e-05,5.941764529127606348e-06
-1.128539796533241862e-05,4.379332126052788373e-06
-2.913756588463673906e-06,5.078395147353373699e-07
-3.833879902870562661e-06,1.837175990691253956e-06
-3.833917518923261742e-06,-8.417766727149476972e-07
-8.124208081063991706e-06,5.640745138196903073e-06
-6.269023644592121174e-06,4.237578643393539573e-06
-5.342630207224571609e-06,2.076652962423770797e-06
-5.776167330383133896e-06,2.316929868475919152e-06
-5.999385512714892064e-06,2.810342083788484220e-06
-9.371072995279997251e-06,4.202024870363678222e-06
-1.054985281957941590e-05,3.082866683922178013e-06
-4.660077212615734925e-06,7.053066785354524340e-07
-5.367803693184797429e-06,-1.054899569980373378e-06
-7.228994139199913084e-06,3.244274016295648151e-06
-5.815888712239567395e-06,1.367657955397592500e-06
-6.331664142344209232e-06,2.148366153010499378e-06
-8.817137842201751058e-06,2.683365385960331771e-06
-1.008545007113945474e-05,1.776756111812866825e-06
-5.863364241193823837e-06,-1.552815118991539550e-07
-5.812718736409058938e-06,-1.283642682061504028e-06
-7.526959959200827501e-06,1.035913240504834036e-06
-9.917178537321337262e-06,4.838299781075533170e-07
-1.001421312041522903e-05,-7.746981689546828876e-07
-6.774111115526458772e-06,-9.840569849221531793e-07
-6.074832827168329607e-06,-1.768446963678878992e-06
-6.400405091034703466e-06,-3.095725399542175393e-06
-8.758916821507545570e-06,-9.418583935834010216e-07
-6.878805760118590367e-06,-4.370575010497020202e-06
-1.037856741471519713e-05,-2.041847375707303100e-06
-7.601553487366458356e-06,-3.145534383898193414e-06
-9.360136426343311099e-06,-3.245541354531363222e-06
-7.503179735873132867e-06,-5.582537635256859945e-06
-1.097700778412120572e-05,-3.247622155115991046e-06
-1.046102122291346531e-05,-4.429029843398275965e-06
-9.258336879768074647e-06,-5.165347763865969274e-06
-8.265084575813594968e-06,-6.729407399685443359e-06
-9.166521095443945429e-06,-7.792573246345463532e-06
-1.179587184780733595e-05,-4.355749303664351111e-06
-1.119393575670162216e-05,-5.747381679909972102e-06
-1.048768480321531875e-05,-7.368991862972284136e-06
-1.018733120422821013e-05,-8.757461313867982787e-06
-1.280685870366562724e-05,-5.324433480489239994e-06
-1.249753941853695858e-05,-7.357691324786502446e-06
-1.132397961807617186e-05,-9.602070005084956000e-06
-1.256404051796096208e-05,-1.031952913178943381e-05
-1.388493571742799103e-05,-1.089915722079803634e-05
-1.399510824537989618e-05,-7.792359500546359302e-06
-1.398549674991694126e-05,-6.120028265135150244e-06
-1.369863718682274641e-05,-9.454969988794927798e-06
-1.527620436027556618e-05,-1.132205657123068232e-05
-1.671686668888732488e-05,-1.158703042394071322e-05
-1.519068344401067999e-05,-8.165451898326893520e-06
-1.530195419180215179e-05,-6.705425688317432591e-06
-1.818407912418322273e-05,-1.168510755881108300e-05
-1.654723975601325644e-05,-9.523086537892947329e-06
-1.671462443656087911e-05,-7.059301197339470804e-06
-1.850762407166947474e-05,-9.743881801016835150e-06
-1.981374327582449265e-05,-1.170126851687371599e-05
-1.817931661900044722e-05,-7.172404777913294641e-06
-2.206915163095985821e-05,-1.171647777828860619e-05
-2.028305521752351835e-05,-8.636765950026462565e-06
-1.981319346112988931e-05,-7.155508687218722750e-06
-2.519794149144947171e-05,-1.173749581864045742e-05
-2.364400874200905210e-05,-9.247116449108200629e-06
-2.206989052065411330e-05,-7.134919646983696188e-06
-2.936386423351146257e-05,-1.175653971441165025e-05
-2.727558749900594858e-05,-9.425592030333733638e-06
-2.519856776642627588e-05,-7.113468192845792444e-06
-3.373428129275796595e-05,-1.176875383881100136e-05
-3.154517104767299104e-05,-9.424185333769944018e-06
-2.936430792697783979e-05,-7.093035242889650819e-06
-3.812379124077662794e-05,-1.177529249876896472e-05
-3.592688764407513303e-05,-9.422915409117928496e-06
-3.373465379301407040e-05,-7.078264570524190226e-06
-4.252254198730844433e-05,-1.177725262137723275e-05
-4.032253162060116947e-05,-9.421872143926231176e-06
-3.812416073187850017e-05,-7.069432513171966447e-06
-4.692212091511745279e-05,-1.177553231247636504e-05
-4.472290266409785638e-05,-9.421081684037684013e-06
-4.252282592195725397e-05,-7.065715896626802712e-06
-5.131630361748276659e-05,-1.177145294667811262e-05
-4.912048711871542448e-05,-9.420536628636624185e-06
-4.692225815363804939e-05,-7.066107608512895874e-06
-5.570189962733446777e-05,-1.176650693505246541e-05
-5.351066353061842429e-05,-9.420166445018944072e-06
-5.131631493825114531e-05,-7.069182960604882354e-06
-6.007820347864215548e-05,-1.176166701090499790e-05
-5.789161680756822222e-05,-9.419852693185505756e-06
-5.570195139067683239e-05,-7.073459200610689931e-06
-6.444647485856003829e-05,-1.175802362655225263e-05
-6.226350587363045750e-05,-9.419642620383156633e-06
-6.007830251151336708e-05,-7.077784526227774154e-06
-7.378867190146626038e-05,-1.149892638395696069e-05
-7.316933300591584196e-05,-1.175548001104727964e-05
-6.640124027579324311e-05,-9.419704937657515478e-06
-6.880911819750446206e-05,-1.175594622832995316e-05
-6.444639659050334325e-05,-7.081364165250853893e-06
-7.404520736780868838e-05,-1.087956232066214312e-05
-7.257981625816458651e-05,-9.419753041515291031e-06
-6.880906784264084557e-05,-7.083495395530773237e-06
-7.404517836979586224e-05,-7.959960194818981166e-06
-7.316929394030429715e-05,-7.084034856894900135e-06
-7.378863886241241355e-05,-7.340591311045423836e-06
