Size 192,2
8.535249186972448064e-05,-1.318862762109480454e-05
8.565462264120343792e-05,-1.245917347806178915e-05
8.565433611320910027e-05,-9.020587837488967033e-06
8.535217244155916567e-05,-8.291134360388297938e-06
8.462306328547426575e-05,-1.349078201089759090e-05
8.325479602970479857e-05,-1.073984950735692378e-05
8.462270799252946142e-05,-7.988983864770065599e-06
7.948695023185553988e-05,-1.349098177660118338e-05
7.948662044073157831e-05,-7.989139776641359541e-06
7.665093293563185744e-05,-1.074040799913994976e-05
7.435073881066866760e-05,-1.349069949063470203e-05
7.435038483424573309e-05,-7.990779970421250429e-06
7.178305929112727894e-05,-1.074109532166031536e-05
6.921799905449018948e-05,-1.348820816908669316e-05
6.921799814223239848e-05,-7.995142386810430248e-06
6.665394671638180289e-05,-1.074240789690093273e-05
6.409461934312149327e-05,-1.348329603359107277e-05
6.409442523919573040e-05,-8.003102503469516243e-06
6.153708600931184563e-05,-1.074408558282632699e-05
5.898569912852549022e-05,-1.347673412921883403e-05
5.898543193663468524e-05,-8.013359365475927580e-06
5.643642584410702676e-05,-1.074601115291942199e-05
5.389362698219051125e-05,-1.346945764808348786e-05
5.389351665175331498e-05,-8.024703289514105778e-06
5.135326573962095605e-05,-1.074808729693460359e-05
4.881922113920880696e-05,-1.346186508657769384e-05
4.881959531099490482e-05,-8.036947321876126095e-06
4.628815798415897976e-05,-1.075049887479350784e-05
4.376359260013485103e-05,-1.345318565929703663e-05
4.376446749199960299e-05,-8.050736768073793749e-06
4.124318307895454846e-05,-1.075323305656155094e-05
3.873065647544720778e-05,-1.344153747943265689e-05
3.873186946936035938e-05,-8.068030772374687470e-06
3.622408944388982600e-05,-1.075624360478483936e-05
3.372856511991822721e-05,-1.342437950514057046e-05
3.372960591486725906e-05,-8.091443168727759739e-06
3.134140850879998561e-05,-1.075913801547841477e-05
2.896895186186442903e-05,-1.340037937834071562e-05
2.896972479518506490e-05,-8.122711585984312589e-06
2.719561479094303799e-05,-1.096636165782854040e-05
2.540175290045272670e-05,-1.337439088481242888e-05
2.540185716777228398e-05,-8.154007089343304966e-06
2.283351349671691835e-05,-1.334986355170803685e-05
2.332798429461337391e-05,-1.164945536762688273e-05
2.283313725167511967e-05,-8.175318136082445139e-06
2.098229930983996761e-05,-8.197972992083284066e-06
-3.533076415610296763e-06,1.451390854618560212e-07
-3.602837343319414096e-06,3.126867943030376769e-07
-3.602516352396569652e-06,9.377119031577787511e-07
-3.533054524077951484e-06,1.103384602133891493e-06
2.097927573342668183e-05,-1.333214671723280337e-05
1.931182326575498113e-05,-1.322087974160515169e-05
2.060106383505202582e-05,-1.012517419162054664e-05
1.930947479773349951e-05,-8.076298664310305750e-06
-3.366212679741750982e-06,7.599777979192725582e-08
-3.197709474200370470e-06,7.616512485029667033e-07
-3.367276963944104520e-06,1.172826114665989064e-06
1.877890834731703659e-05,-1.164156290719215098e-05
1.767621899864519171e-05,-1.291780239188660898e-05
1.609803265686194301e-05,-1.243936511374263089e-05
1.827912229181839445e-05,-9.472405226312995022e-06
1.770605803379935716e-05,-7.675340194153168889e-06
-2.234170374984486523e-06,5.991978533572399432e-08
-2.232360507658028556e-06,1.195574920357741941e-06
-1.645883736074094278e-06,6.295288757404109761e-07
1.459745186404721815e-05,-1.178373655308563701e-05
1.588738840237578510e-05,-1.080079972394896060e-05
1.643382751123291760e-05,-8.740264486834090405e-06
1.621454922823079424e-05,-7.011400694974515310e-06
-1.009174021211938765e-06,-4.254733528860728751e-08
-1.008285957501697333e-06,1.304958797067649911e-06
-2.831450792268735735e-07,6.330097428272769549e-07
1.318793579755797334e-05,-1.097166923432427758e-05
1.189292634283170010e-05,-1.001393130553023618e-05
1.452456526792037767e-05,-8.418097431179365604e-06
1.487728291000811871e-05,-6.104631048765838845e-06
5.493615473153709504e-07,-2.676983202523000283e-07
5.506026292838625265e-07,1.537740957984482183e-06
1.222128989911445796e-05,-8.527513703343628069e-06
1.072469537345996604e-05,-8.918621850348300688e-06
1.277291588085591847e-05,-6.841901492720887289e-06
1.373132602116820675e-05,-4.993411925639974339e-06
1.467853367852972650e-06,6.367452322042061403e-07
2.559189897449860130e-06,-5.947528741543949934e-07
2.558802608327754000e-06,1.874576283246121792e-06
9.690250852286088991e-06,-7.707883622709501499e-06
8.809944929356091758e-06,-6.403089372449773366e-06
8.086364878488277286e-06,-5.008575375514391176e-06
1.164931293829808755e-05,-5.318214784653916652e-06
1.280702248442830664e-05,-3.716803448792833794e-06
3.437331305767852365e-06,6.368321099688813825e-07
4.514590850618032926e-06,-9.184305619256016814e-07
4.515561185466258319e-06,2.217171834045773902e-06
9.560602325745330823e-06,-5.012854664586257525e-06
7.525631899106281654e-06,-3.545441069599013841e-06
6.308548834869005556e-06,-1.195048910037103392e-06
6.842355428943352887e-06,-1.467036312156970983e-06
7.139672801030202154e-06,-2.015208404244744861e-06
1.085991414403781795e-05,-3.528678455893670658e-06
1.212673771559299844e-05,-2.324413990162006342e-06
5.484769487678939626e-06,4.119212301401898955e-07
6.280033310486125691e-06,2.463060414581122995e-06
8.543248628561875499e-06,-2.502845899281431509e-06
6.861399397499895446e-06,-3.716777362246788210e-07
7.493573058095962078e-06,-1.275057735922313185e-06
1.027967053056941245e-05,-1.891114533449657052e-06
1.171908900591851828e-05,-8.671871108290553845e-07
6.867775658134298051e-06,1.404426012896974615e-06
6.769204269142335893e-06,2.733615603360460721e-06
8.839719642218877693e-06,-2.971635560645293562e-08
1.159881551300250009e-05,6.177826869487494476e-07
1.182322485830057547e-05,2.115373239398571055e-06
7.904097390632284167e-06,2.364209758098046805e-06
7.046357411451285369e-06,3.327489633719679312e-06
7.371816273567532758e-06,4.993941378234552441e-06
1.029465398301539940e-05,2.284822986284875682e-06
7.894144195030567576e-06,6.663659978960564712e-06
1.237137877301440021e-05,3.647751960377313208e-06
8.851159842748965032e-06,5.034669281912742484e-06
1.109164215369148440e-05,5.165068854365890062e-06
8.648410093341684775e-06,8.281358880541733416e-06
1.323853439343210973e-05,5.169147883313877731e-06
1.257711361033606399e-05,6.718281035728641074e-06
1.095358001218812809e-05,7.708513492497293254e-06
9.605810547603371041e-06,9.875483144542163331e-06
1.080767470853270498e-05,1.139947131801296576e-05
1.443676949603052441e-05,6.604314644082850616e-06
1.360688772431427808e-05,8.516167411074479114e-06
1.261980395285287049e-05,1.080590635203317184e-05
1.219595440550966172e-05,1.282814456437314377e-05
1.592412300702250128e-05,7.897639448923190043e-06
1.548726637343526125e-05,1.080577147229746168e-05
1.379784964068725027e-05,1.409858053098916200e-05
1.560387916999120213e-05,1.521452220711002658e-05
1.756094314408672907e-05,1.615644895638405844e-05
1.770746651491695610e-05,1.144493578845595880e-05
1.768445326171199600e-05,8.992080579980409950e-06
1.726133570467718097e-05,1.393778880049875059e-05
1.967376899552773019e-05,1.685660643496794938e-05
2.190573047583094427e-05,1.732835681980303142e-05
1.951848554274610711e-05,1.199757263041140829e-05
1.969309707576505545e-05,9.794283572736816695e-06
2.420463737428529228e-05,1.753701738272626524e-05
2.160906396809963911e-05,1.409032779350903030e-05
2.188174799964399429e-05,1.026156324787161248e-05
2.470525933697404332e-05,1.445124377571489485e-05
2.681547147328587142e-05,1.762783773940156034e-05
2.417869902544837648e-05,1.038795576113815641e-05
3.048266006129637199e-05,1.771895024865906875e-05
2.755032476710818056e-05,1.267558553599909311e-05
2.680972406495465122e-05,1.030028286075853278e-05
3.570135915710939689e-05,1.785720251937209335e-05
3.307988114726868157e-05,1.366372527297104399e-05
3.048432002724585512e-05,1.018684515955919976e-05
4.283976170411582518e-05,1.800430800665153114e-05
3.922934634837283997e-05,1.396354404332204532e-05
3.570149999278489573e-05,1.005890384622274439e-05
5.051178610378124969e-05,1.812625888822139953e-05
4.663882885099935319e-05,1.396560475630385661e-05
4.283901181465862065e-05,9.923320442558800940e-06
5.838125389299205474e-05,1.822651079213774458e-05
5.441578919214191419e-05,1.396854725513513666e-05
5.051063206566002020e-05,9.807745751640536240e-06
6.641370557654279209e-05,1.830937195704673018e-05
6.237226475481914758e-05,1.397146283385232621e-05
5.838033293473579056e-05,9.713413192465748301e-06
7.458075870947323909e-05,1.837835208825011182e-05
7.047627659295536127e-05,1.397421559992535079e-05
6.641302218171612906e-05,9.636324152954502700e-06
8.285963854276166276e-05,1.843531493263086239e-05
7.870277331527929091e-05,1.397694569839842432e-05
7.458003128013941565e-05,9.572859427020459828e-06
9.122902244642358896e-05,1.848016970131981910e-05
8.703054262975280222e-05,1.397965343738453658e-05
8.285875553149038293e-05,9.521360597411967301e-06
9.966544034120956960e-05,1.851189328988022336e-05
9.543763985426472060e-05,1.398218918587576238e-05
9.122810401536414005e-05,9.481703523847398405e-06
1.081441099858248503e-04,1.853066867297098791e-05
1.038994252365337321e-04,1.398415888806280562e-05
9.966481328076735662e-05,9.454474790324704251e-06
1.263546717542336089e-04,1.804065363370818028e-05
1.251470738048409141e-04,1.854081631846889511e-05
1.119491784514425284e-04,1.398554792784783940e-05
1.166432192900994673e-04,1.853898359196053892e-05
1.081436524423763412e-04,9.439128479732534891e-06
1.268548803160948703e-04,1.683311484549186715e-05
1.239969961085047321e-04,1.398662567604169225e-05
1.166429610459939647e-04,9.433226261939576407e-06
1.268548823979304694e-04,1.114016109320361135e-05
1.251469958573306514e-04,9.432342587814915042e-06
1.263546520269944796e-04,9.932544959998909677e-06
