Size 192,2
-1.035944789767096245e-04,1.455247356567335365e-05
-1.039995722398424167e-04,1.357451414562801328e-05
-1.039996588104095379e-04,8.964305052311564119e-06
-1.035945781486836699e-04,7.986365846823760165e-06
-1.026165056605793618e-04,1.495755813675429504e-05
-1.007821980837833695e-04,1.126946057118306972e-05
-1.026166257924508940e-04,7.581293859066901636e-06
-9.573021645639526785e-05,1.495761126966517906e-05
-9.573046210174027528e-05,7.581733680460298844e-06
-9.192841874175199828e-05,1.126991298996778499e-05
-8.884420814592994048e-05,1.495592900344925664e-05
-8.884430089301711823e-05,7.584225320937029883e-06
-8.540254120859434492e-05,1.127059098389724351e-05
-8.196516564593349873e-05,1.494936400662322106e-05
-8.196445224423067435e-05,7.592361851063963836e-06
-7.853014914779893774e-05,1.127133426937213851e-05
-7.510553428434213073e-05,1.493445966147004824e-05
-7.510432851385228856e-05,7.609062037990034933e-06
-7.168579687367586687e-05,1.127217983509093921e-05
-6.828395515948095136e-05,1.490817866984633188e-05
-6.828281010687433153e-05,7.637244379279919466e-06
-6.489095548607383055e-05,1.127292852035574813e-05
-6.152408966398010062e-05,1.486830743325429685e-05
-6.152348623159741177e-05,7.678644724165422655e-06
-5.817107942047825995e-05,1.127363002216071836e-05
-5.485310938425282004e-05,1.481323250539495407e-05
-5.485288600400487304e-05,7.734740496165337629e-06
-5.155444571857230183e-05,1.127401524196602889e-05
-4.830090506366117078e-05,1.474136020619637768e-05
-4.830086528186130720e-05,7.806969956689368596e-06
-4.507214906594459716e-05,1.127401373967950502e-05
-4.189903300270944505e-05,1.465242014198981200e-05
-4.189921430260585964e-05,7.895775949555622870e-06
-3.875589850309591757e-05,1.127379642928865191e-05
-3.567784490331388155e-05,1.454713094505302674e-05
-3.567775028627361819e-05,8.000564732913677997e-06
-3.275554526957643963e-05,1.127268465119906798e-05
-2.990357030751078908e-05,1.442959435240170679e-05
-2.990272902898539310e-05,8.121561247989863048e-06
-2.778442120122893823e-05,1.151294750163537780e-05
-2.568780746800189261e-05,1.432342269296071122e-05
-2.568470730842001458e-05,8.230468191358772381e-06
-2.271971767456342755e-05,1.423314920860483312e-05
-2.327162156757430790e-05,1.229332111527803363e-05
-2.271532666454102384e-05,8.298676244577543129e-06
-2.061244408307990838e-05,8.370416258591819212e-06
3.137158322590936787e-06,5.071185164688506506e-07
3.201039574691854095e-06,3.534593083827124293e-07
3.200652788884559430e-06,-2.191375120354737827e-07
3.137067646561031164e-06,-3.707370374757538375e-07
-2.060542229337042824e-05,1.417066598635785509e-05
-1.874140547899300172e-05,1.400817261926425890e-05
-2.016323189205914364e-05,1.054965843655848734e-05
-1.872233516858179048e-05,8.281677989816001403e-06
2.984144965457683132e-06,5.706786569253489457e-07
2.829626862731580463e-06,-5.714492474277454245e-08
2.985324259116355690e-06,-4.340062822852859567e-07
-1.813410308005214324e-05,1.223260654825639859e-05
-1.693410866870925192e-05,1.362531050030292629e-05
-1.522174403384647502e-05,1.306662244486423626e-05
-1.757558218834488650e-05,9.836043380393007785e-06
-1.694978248679330661e-05,7.895508836973708753e-06
1.946271170961188563e-06,5.863379613541768312e-07
1.945273380908017447e-06,-4.520358155726945160e-07
1.408500649700019862e-06,6.647655590337577306e-08
-1.362647295984062658e-05,1.231317224936759169e-05
-1.498194760391744051e-05,1.127096559890224689e-05
-1.556904712489542625e-05,9.053739490751151487e-06
-1.532702337714703089e-05,7.237816484582099305e-06
8.280051023639340929e-07,6.774823778606069635e-07
8.275932529622628913e-07,-5.460067958930524832e-07
1.694267440654908373e-07,6.472993208575639765e-08
-1.214906324205225064e-05,1.141374681583668620e-05
-1.082656533285422579e-05,1.038194113375958918e-05
-1.353713305712368832e-05,8.717010447669391532e-06
-1.389441008952727036e-05,6.329269516896401913e-06
-5.826784438970285280e-07,8.757094133769060366e-07
-5.836048655797451135e-07,-7.489877531995700552e-07
-1.116381038409455104e-05,8.821281173494786602e-06
-9.664416710561254205e-06,9.217287902536764975e-06
-1.172050764892619120e-05,7.094265222244120232e-06
-1.268430828342265199e-05,5.234643375751833367e-06
-1.408533765267928300e-06,6.216980221216864074e-08
-2.385452131578090633e-06,1.161629073509402364e-06
-2.384829703691623454e-06,-1.042638563872631553e-06
-8.648688395323665931e-06,7.959762572022957742e-06
-7.821165768944795044e-06,6.650369443717352313e-06
-7.172050578598918774e-06,5.270370412446372178e-06
-1.059399438854328873e-05,5.564425960472467117e-06
-1.171882645824361131e-05,4.005922134674368754e-06
-3.170007308595299385e-06,6.270087299679580934e-08
-4.127285332414445607e-06,1.442236123460921231e-06
-4.128799454741557967e-06,-1.340792598886629387e-06
-8.563558335172259187e-06,5.265029766440998567e-06
-6.682713714113889479e-06,3.859127274149118111e-06
-5.697976197278104066e-06,1.679091748265198257e-06
-6.151278216768738776e-06,1.921788042810909106e-06
-6.389205768797464920e-06,2.421659794475656528e-06
-9.812132674120923465e-06,3.827729874582644693e-06
-1.100104006402539051e-05,2.698151843353907483e-06
-4.987876332536281376e-06,2.631483966111280531e-07
-5.713989748155515594e-06,-1.556525176403786006e-06
-7.647628132477405806e-06,2.863138254899489506e-06
-6.187329858545383900e-06,9.464654813493994989e-07
-6.723895552872211923e-06,1.747478320136354009e-06
-9.256473739175251057e-06,2.293977865056520433e-06
-1.055177160080554678e-05,1.367492131843180402e-06
-6.227572764899278978e-06,-6.248641265556586261e-07
-6.168987703849315389e-06,-1.791898753014187776e-06
-7.943665133747882136e-06,6.107593108332036879e-07
-1.039372680343031480e-05,3.965631637420320410e-08
-1.051124303225200212e-05,-1.263426389301432935e-06
-7.160837113765959573e-06,-1.479200756349669759e-06
-6.434889831040849078e-06,-2.294768463099536202e-06
-6.763736784894142970e-06,-3.678167520646723754e-06
-9.211545182506905617e-06,-1.431819390520462177e-06
-7.253225346222942147e-06,-5.013148438626801912e-06
-1.090185412389302122e-05,-2.578687438785011436e-06
-8.010168241426584716e-06,-3.728014153611621017e-06
-9.842448282595119851e-06,-3.834507279888036249e-06
-7.901251537656742673e-06,-6.285794660254865150e-06
-1.153577019550184345e-05,-3.838296181299412352e-06
-1.099750228398374838e-05,-5.076272098564673885e-06
-9.736996358574006100e-06,-5.848038505717449590e-06
-8.695159242040674890e-06,-7.493320451742604448e-06
-9.640132379077242700e-06,-8.615627453923495983e-06
-1.240109482431000179e-05,-4.999891894591559136e-06
-1.176920222216308065e-05,-6.463233902196821405e-06
-1.102756705926747197e-05,-8.170667275994821088e-06
-1.071165763808867094e-05,-9.635085890582638959e-06
-1.346767492914109942e-05,-6.018620725642657416e-06
-1.314274230878587137e-05,-8.161587396919779041e-06
-1.190763997125628292e-05,-1.052821895423366864e-05
-1.321394190482914042e-05,-1.128797195947781276e-05
-1.460629067256572257e-05,-1.190305943807296092e-05
-1.472152405048178153e-05,-8.621796642646040155e-06
-1.471093192457362619e-05,-6.857332106656286816e-06
-1.440908962553518229e-05,-1.037690408798927585e-05
-1.607402316287573691e-05,-1.235277473437720638e-05
-1.759563324012002543e-05,-1.263663458452627634e-05
-1.598272155502833308e-05,-9.016810582883063465e-06
-1.610009496281681373e-05,-7.475084125616882792e-06
-1.914597502475823867e-05,-1.274444463156981020e-05
-1.741469746548028114e-05,-1.045315741676421921e-05
-1.759146045593027623e-05,-7.848597016180824479e-06
-1.948673132060248122e-05,-1.068962872969531456e-05
-2.087094976183284168e-05,-1.276747415651347392e-05
-1.913870644388060595e-05,-7.968051144126399985e-06
-2.326209735801137434e-05,-1.279144138315365085e-05
-2.136526777847904375e-05,-9.518604436859194024e-06
-2.086825863345233585e-05,-7.948973126177760629e-06
-2.659123153133522490e-05,-1.282801263916004650e-05
-2.493374522175976596e-05,-1.017000095879229632e-05
-2.326116511225067752e-05,-7.923806365845796658e-06
-3.104677770387720924e-05,-1.286861041092783416e-05
-2.880807696281233976e-05,-1.036482199452488028e-05
-2.658996524128294116e-05,-7.895251341350965581e-06
-3.575074374806258944e-05,-1.290520556653965886e-05
-3.338813902017979398e-05,-1.036885399585014752e-05
-3.104548178510401797e-05,-7.864661645444707492e-06
-4.051204812995475501e-05,-1.293850544748601717e-05
-3.812149361053020653e-05,-1.037292005828843839e-05
-3.574944101815004491e-05,-7.836584463703895955e-06
-4.532523752234833775e-05,-1.296763762712941346e-05
-4.290995693608879916e-05,-1.037680281938728175e-05
-4.051080113338245562e-05,-7.811271017966424222e-06
-5.018156556167382727e-05,-1.299116600075438844e-05
-4.774649461932548451e-05,-1.038042585012444452e-05
-4.532404169879004576e-05,-7.789626413694845607e-06
-5.507008654521896863e-05,-1.300859551548421336e-05
-5.262088895976241765e-05,-1.038359758399971509e-05
-5.018055677083016849e-05,-7.772943303237526464e-06
-5.998020733027904203e-05,-1.302065543236391650e-05
-5.752185719037755787e-05,-1.038627854780898950e-05
-5.506923283841269167e-05,-7.761355409052610334e-06
-6.490376878759109491e-05,-1.302853184569104597e-05
-6.243993340681074967e-05,-1.038859115647884344e-05
-5.997946461117282038e-05,-7.754276412660862739e-06
-6.983504131865292419e-05,-1.303363846963372350e-05
-6.736815082534680968e-05,-1.039054063798372438e-05
-6.490312340169363361e-05,-7.750663366371482877e-06
-8.040983601545094038e-05,-1.274721871480833754e-05
-7.970860523857940447e-05,-1.303766023615773181e-05
-7.204529568871829407e-05,-1.039189310917990458e-05
-7.477090994834482735e-05,-1.303670353337335185e-05
-6.983460587794617107e-05,-7.748945854207120879e-06
-8.070029710675709410e-05,-1.204601150339164121e-05
-7.904083065905320813e-05,-1.039307310874219815e-05
-7.477060599782019298e-05,-7.748235946736550570e-06
-8.070027202004839630e-05,-8.740190379714206872e-06
-7.970848740518023849e-05,-7.748409501747509812e-06
-8.040978462108641395e-05,-8.038896575084511213e-06
