Size 192,2
-1.142030581776476265e-04,1.552556916537508981e-05
-1.146654114538572870e-04,1.440960125997624748e-05
-1.146653046835020753e-04,9.148221962306961113e-06
-1.142029323571915219e-04,8.032208097078104891e-06
-1.130868953922022443e-04,1.598777450918396477e-05
-1.109927960523881895e-04,1.177885492694909891e-05
-1.130867312642159773e-04,7.569978231805363018e-06
-1.052273062812042161e-04,1.598488639200304151e-05
-1.052270283007120078e-04,7.572437893891936536e-06
-1.008907490309097978e-04,1.177857089748817978e-05
-9.737798770381969247e-05,1.597411592713196175e-05
-9.737754933069849624e-05,7.582743427899755170e-06
-9.346063456304390534e-05,1.177817819662537654e-05
-8.955652597586299653e-05,1.595320407317128600e-05
-8.955640457332501739e-05,7.603033097170405221e-06
-8.565955632557417784e-05,1.177785996301627326e-05
-8.178287730498081580e-05,1.592079544086011503e-05
-8.178304890801130732e-05,7.634570240940303314e-06
-7.791736125286153421e-05,1.177742832113169480e-05
-7.407969201546585228e-05,1.587590932164975997e-05
-7.407990798681931069e-05,7.678347893873487285e-06
-7.025728374253532860e-05,1.177696198305419138e-05
-6.647177140439161159e-05,1.581675592784989319e-05
-6.647148810008523276e-05,7.736352806684706985e-06
-6.270570598397958622e-05,1.177628136756840154e-05
-5.898680170509413044e-05,1.574142717037285612e-05
-5.898629619034326905e-05,7.810293988494377768e-06
-5.529250318243699309e-05,1.177529603335466630e-05
-5.165626322974250899e-05,1.564841624666761679e-05
-5.165604160223572980e-05,7.901314749999658211e-06
-4.805066107411875464e-05,1.177417031029737034e-05
-4.451403242005336441e-05,1.553721053736991081e-05
-4.451411952359628259e-05,8.010212981204973032e-06
-4.101379766477310923e-05,1.177305651080011917e-05
-3.759291673653044615e-05,1.540735710420730232e-05
-3.759261996985310594e-05,8.138298067620607857e-06
-3.434849972943462197e-05,1.177113787432894588e-05
-3.119081477745899375e-05,1.526080065786711675e-05
-3.118972120867354747e-05,8.288292963188040368e-06
-2.884707288881713377e-05,1.203523197739322641e-05
-2.653915350611082543e-05,1.512572652573854863e-05
-2.653520519749911477e-05,8.426454400089785802e-06
-2.328228265444141239e-05,1.500813920889382841e-05
-2.388173900419268645e-05,1.288886183839643452e-05
-2.327637407079873914e-05,8.514718536582623445e-06
-2.098018752797837098e-05,8.608792662798972633e-06
3.037541270224116582e-06,6.425340991618111557e-07
3.097625273367785818e-06,4.979380301350053237e-07
3.097245210750356907e-06,-4.025899891029637173e-08
3.037478968500441121e-06,-1.826768921563422119e-07
-2.097122026231629997e-05,1.492561382644984887e-05
-1.894732479365163970e-05,1.473543540687987102e-05
-2.048407547651717256e-05,1.098289707796427819e-05
-1.892021431491458527e-05,8.530153221303721992e-06
2.893610307306023617e-06,7.023865290289588789e-07
2.748763548618254600e-06,1.121630262909070583e-07
2.894923011490673641e-06,-2.420545697509260256e-07
-1.828363050225832774e-05,1.280474386702157687e-05
-1.699333920967884760e-05,1.430332122561289201e-05
-1.515397104734690720e-05,1.368742560190222268e-05
-1.767673174489840343e-05,1.021486482492163083e-05
-1.700245598845152728e-05,8.135385578623357015e-06
1.918681233228792862e-06,7.187716407441248400e-07
1.918047066422305584e-06,-2.588319180357733958e-07
1.412820332538048994e-06,2.300721549364207576e-07
-1.345474062500562133e-05,1.286100180417779853e-05
-1.489161344108427789e-05,1.175235431099050506e-05
-1.551931769976603261e-05,9.379933851020124495e-06
-1.525728506766385080e-05,7.455935192195465368e-06
8.644757109743895636e-07,8.100265160710344287e-07
8.647871027451525384e-07,-3.491649337190618186e-07
2.405960830862649084e-07,2.307856315405389168e-07
-1.189009795428417604e-05,1.188744872391753714e-05
-1.050545059500351442e-05,1.078263030403596897e-05
-1.335386753729792058e-05,9.023756791931522331e-06
-1.372636985828733996e-05,6.513195766800270644e-06
-4.759089782359873261e-07,1.007440570930908773e-06
-4.757745654538896133e-07,-5.452493008905875838e-07
-1.085930361702224757e-05,9.129375194136193379e-06
-9.303369305038681962e-06,9.542286083048056959e-06
-1.143901652145178385e-05,7.319436783867036356e-06
-1.244100285807213160e-05,5.386423495054369351e-06
-1.265298539332019844e-06,2.316221520395992435e-07
-2.204783489538001636e-06,1.292662239530554179e-06
-2.202914916720037313e-06,-8.311105625660670986e-07
-8.259180346147602388e-06,8.216525549834068529e-06
-7.426558138714602468e-06,6.857287112948904139e-06
-6.788779480789056307e-06,5.433828264009327952e-06
-1.026985185667854579e-05,5.730900025842929956e-06
-1.142071094167890407e-05,4.135862062928682999e-06
-2.959369266638637107e-06,2.356132309375923572e-07
-3.885955735945629896e-06,1.573034449324851472e-06
-3.886550467864637022e-06,-1.123507351508057144e-06
-8.192351967275339543e-06,5.423717907293086213e-06
-6.314964360083323467e-06,3.995780469963240062e-06
-5.400758077686139351e-06,1.810107319816341360e-06
-5.833142211086222892e-06,2.050998428348000678e-06
-6.052924098859104076e-06,2.548383553294334609e-06
-9.463288000077027670e-06,3.956252763851863990e-06
-1.065965331605394948e-05,2.821101262838743990e-06
-4.717990632909064009e-06,4.333851965046262664e-07
-5.433585983083406096e-06,-1.337060304015049314e-06
-7.290626944495806959e-06,2.985313104363390818e-06
-5.876580908062839232e-06,1.096544040325628993e-06
-6.390483195659217131e-06,1.880466179916406917e-06
-8.899123738900892791e-06,2.416671895086567501e-06
-1.017662344973903449e-05,1.502853506046604970e-06
-5.930534686345732643e-06,-4.337510391611147059e-07
-5.884813981257793386e-06,-1.566004996414666499e-06
-7.596229751049901500e-06,7.565767263217548331e-07
-9.998108453997330578e-06,2.020958657788357292e-07
-1.008050080058618304e-05,-1.058071349428181952e-06
-6.848246921906594805e-06,-1.267494423854968091e-06
-6.151934871897345320e-06,-2.048782732915475132e-06
-6.486653345385980775e-06,-3.365204108224648871e-06
-8.829562868697299235e-06,-1.229400172114004731e-06
-6.972486477851671849e-06,-4.618987485422262414e-06
-1.042866076282500878e-05,-2.323822573055379149e-06
-7.681335032585921135e-06,-3.417961743827765024e-06
-9.419385930481520835e-06,-3.517073251130273477e-06
-7.596364123156643712e-06,-5.806554850181151478e-06
-1.100406771222205308e-05,-3.519498171376773985e-06
-1.049464183389571690e-05,-4.681546897418764787e-06
-9.320558218023301046e-06,-5.401026180865143501e-06
-8.351872484113404324e-06,-6.919581510921456489e-06
-9.234938128018358288e-06,-7.943764494357150833e-06
-1.178839233704996321e-05,-4.613233254140501453e-06
-1.120383084509481705e-05,-5.967360200752218909e-06
-1.052037919020909623e-05,-7.534086158193909109e-06
-1.023027331730512731e-05,-8.864559334677788864e-06
-1.275435377217770903e-05,-5.563436352106891014e-06
-1.245610183481851222e-05,-7.521488894418600776e-06
-1.132893990252414841e-05,-9.666932995880886398e-06
-1.251669630383755103e-05,-1.034164522943784983e-05
-1.377540919029744234e-05,-1.087889574305201423e-05
-1.388306832491342930e-05,-7.937887074034320257e-06
-1.387516878578395726e-05,-6.338586615713898015e-06
-1.360227104458663445e-05,-9.517185757854435186e-06
-1.509125762982029569e-05,-1.126858701099838427e-05
-1.644525002114693966e-05,-1.150670581414773314e-05
-1.501484868710213768e-05,-8.294499073568638924e-06
-1.511868453096722034e-05,-6.910288144709334948e-06
-1.781920161680135875e-05,-1.158893985886211995e-05
-1.629204013989661069e-05,-9.573911704362669900e-06
-1.644631456187822512e-05,-7.260023813192647304e-06
-1.812290116392243226e-05,-9.779247100944634514e-06
-1.933434847987816808e-05,-1.159290304681973290e-05
-1.781733939411096897e-05,-7.376982784586642386e-06
-2.142116725069776836e-05,-1.159643865999730188e-05
-1.977307146707323488e-05,-8.751297556955149498e-06
-1.933367058148790704e-05,-7.373972278239604086e-06
-2.429248040338921597e-05,-1.159984055855621207e-05
-2.287115052847574345e-05,-9.319578681166306187e-06
-2.142082096834090429e-05,-7.371280938942236210e-06
-2.808257680728345841e-05,-1.160088567610089549e-05
-2.618774988311589423e-05,-9.486013512059986231e-06
-2.429226480186022890e-05,-7.370499117869769922e-06
-3.202803454208824385e-05,-1.160006091630210384e-05
-3.005608876497722573e-05,-9.487382603157759565e-06
-2.808234366542528332e-05,-7.372450019804571391e-06
-3.596843691255543622e-05,-1.159950310624142102e-05
-3.399875246136426301e-05,-9.488554975677187517e-06
-3.202783951864948686e-05,-7.376013402040456302e-06
-3.990771378681393913e-05,-1.160115115075329861e-05
-3.793759466134438322e-05,-9.489283714185930442e-06
-3.596816303746641305e-05,-7.378539455079164794e-06
-4.385241166195414481e-05,-1.160553729387648403e-05
-4.187855588559481274e-05,-9.489555980180553268e-06
-3.990751644971358395e-05,-7.377801727864590167e-06
-4.780769563045145345e-05,-1.161163384040579979e-05
-4.582794336734049613e-05,-9.489580680818611566e-06
-4.385223900715163475e-05,-7.373605503089038583e-06
-5.177587042486095684e-05,-1.161801222776837151e-05
-4.978968024397778514e-05,-9.489475972607458177e-06
-4.780769620721325665e-05,-7.367329796230597781e-06
-5.575643983098193076e-05,-1.162370933590470643e-05
-5.376436910027848740e-05,-9.489182171239014427e-06
-5.177610475286501966e-05,-7.360556742137313658e-06
-5.974703468406000203e-05,-1.162792686176601341e-05
-5.775044944069594429e-05,-9.488843747068074428e-06
-5.575674520074920467e-05,-7.354280704930294943e-06
-6.831435101828302694e-05,-1.139582079224733897e-05
-6.774613951998191021e-05,-1.163116004479489894e-05
-6.153696215589846705e-05,-9.488580416568722685e-06
-6.374484385429918644e-05,-1.163048338447743154e-05
-5.974715056025541401e-05,-7.349567289502549028e-06
-6.854971288710970617e-05,-1.082764190516236538e-05
-6.720496555915608317e-05,-9.488341914993813237e-06
-6.374482699913741602e-05,-7.346394041058972514e-06
-6.854963002174492190e-05,-8.149081884459180342e-06
-6.774606296981425691e-05,-7.345591448514882449e-06
-6.831426627121170078e-05,-7.580922202684183648e-06
