Size 192,2
3.947514647238353574e-05,-4.984198487404146293e-06
3.965767287283069247e-05,-4.543582557108239948e-06
3.965743833919270532e-05,-2.466410162510134513e-06
3.947488434507825472e-05,-2.025778338907379100e-06
3.903449286296802750e-05,-5.166701441210949799e-06
3.820756390009181141e-05,-3.504942537955770943e-06
3.903419663198775722e-05,-1.843266161025887615e-06
3.593080816424975139e-05,-5.165712566551069043e-06
3.593032595770577638e-05,-1.843831249180196722e-06
3.421762262702585230e-05,-3.504579698208299506e-06
3.283095815561630661e-05,-5.159500520197873340e-06
3.283034447758534808e-05,-1.849269097524618374e-06
3.128458245014995357e-05,-3.504006927302894817e-06
2.974745382477083852e-05,-5.145109714931650229e-06
2.974678040468708350e-05,-1.862193914651957538e-06
2.821461293392149756e-05,-3.503242574083414364e-06
2.669764807059843903e-05,-5.121220360495209703e-06
2.669660105065360081e-05,-1.884339647148403389e-06
2.518761603332424429e-05,-3.502224991304635217e-06
2.369998153160717282e-05,-5.086766053972302916e-06
2.369905308900236937e-05,-1.916776197477586356e-06
2.222256254687001627e-05,-3.501194013660096824e-06
2.077375747934763044e-05,-5.041719241331101967e-06
2.077329375792442796e-05,-1.959702789514754109e-06
1.933932705254645139e-05,-3.500235791208456383e-06
1.794032518627050048e-05,-4.985702426246765773e-06
1.793998322491360158e-05,-2.013643216404091616e-06
1.655936436985713385e-05,-3.499291074750681806e-06
1.522021533211799308e-05,-4.919350313838942444e-06
1.521981519253369979e-05,-2.078029078334438754e-06
1.390202435117060427e-05,-3.498163132277889816e-06
1.263135758896374962e-05,-4.843801816666204039e-06
1.263077428931608862e-05,-2.151281025094891979e-06
1.138414953227890475e-05,-3.496767840883255825e-06
1.018847013098454685e-05,-4.760412916763740848e-06
1.018768527625345624e-05,-2.232093295038729006e-06
9.064331406522526554e-06,-3.494596731762209022e-06
7.993301571238976862e-06,-4.670609374155700039e-06
7.991886277997892657e-06,-2.321348749980935971e-06
7.203762874971292009e-06,-3.580273441210200496e-06
6.447695672733922373e-06,-4.590789904011688166e-06
6.444528342224501409e-06,-2.400176288555996950e-06
5.396160221586591189e-06,-4.522894999879666267e-06
5.580235723935552597e-06,-3.851157864913465857e-06
5.391967128642434235e-06,-2.449208158102924179e-06
4.667418107010355954e-06,-2.501292752778235717e-06
-4.133720414394910324e-07,-8.976102509785723025e-07
-4.220256589801878501e-07,-8.764457547595782178e-07
-4.218630624865662018e-07,-7.989343963660004281e-07
-4.133192243001829596e-07,-7.786814581680685190e-07
4.663417164493617034e-06,-4.475418261073516134e-06
4.040146957575843123e-06,-4.396774040692782153e-06
4.503011626229416705e-06,-3.244150990380893445e-06
4.022400600661955691e-06,-2.501298035913341072e-06
-3.924036472634509514e-07,-9.065676769170631808e-07
-3.718285988925924785e-07,-8.217308701203495841e-07
-3.930168178609308017e-07,-7.705594781797507129e-07
3.829567455594894041e-06,-3.797428277286896658e-06
3.449970725555602372e-06,-4.239984755420184170e-06
2.911282546665548070e-06,-4.036668573856061537e-06
3.642044483581568299e-06,-3.015896608281240539e-06
3.441570299707600470e-06,-2.412702047315407236e-06
-2.518646810742127586e-07,-9.116813399671308455e-07
-2.527206136795693482e-07,-7.708154865774241071e-07
-1.792148251216186392e-07,-8.429001500385404478e-07
2.433433061786366581e-06,-3.769880709501082149e-06
2.827628932578776090e-06,-3.460420074831260893e-06
3.007165972110242185e-06,-2.777677173324678519e-06
2.927082186160801017e-06,-2.250123934163802260e-06
-9.956229994842532001e-08,-9.279866563654561035e-07
-1.005776728821202585e-07,-7.613550017933431891e-07
-1.015354525326816671e-08,-8.465150924404407971e-07
2.005988842240025327e-06,-3.473141061467501645e-06
1.650343388919383062e-06,-3.153064166735498365e-06
2.396009706101285518e-06,-2.679862436856499453e-06
2.488209733742500825e-06,-2.019157674354657423e-06
9.306258179754644330e-08,-9.589259657498271274e-07
9.192620947995970771e-08,-7.380953473482137962e-07
1.741879530421267462e-06,-2.700343127101762180e-06
1.363813669677234714e-06,-2.803263871506799965e-06
1.884745229005719369e-06,-2.232888933894599167e-06
2.129842608003780205e-06,-1.757298761258013169e-06
2.048238305312525798e-07,-8.505115575999320958e-07
3.379136285402648426e-07,-1.000876861455304609e-06
3.361616333495201071e-07,-7.038680962068383957e-07
1.124722365320869559e-06,-2.447953803148827849e-06
9.624273815639968864e-07,-2.115449732682758624e-06
8.644696814653768075e-07,-1.781954774085571184e-06
1.599137620225417021e-06,-1.843189598849086314e-06
1.851802264404313554e-06,-1.489741386207291511e-06
4.431048016909711922e-07,-8.549974563754794909e-07
5.719695001774655705e-07,-1.040295572804895013e-06
5.713589998798595743e-07,-6.682384923259793486e-07
1.141070125540881058e-06,-1.772420506001740250e-06
8.041974391802100602e-07,-1.472769414113076904e-06
7.626128077230808877e-07,-1.071317903404720869e-06
8.047083202361935536e-07,-1.108361051321015859e-06
8.120064144982733697e-07,-1.192555175683623510e-06
1.409094118683237140e-06,-1.452963118900145874e-06
1.638530852078327429e-06,-1.235342969131679920e-06
6.855205137756466200e-07,-8.861316986553267065e-07
8.037087795954590859e-07,-6.405480187358011748e-07
1.000079428553106462e-06,-1.263473012124724110e-06
8.279429299919420980e-07,-9.701382799498389054e-07
8.789161995736232726e-07,-1.081532831065216372e-06
1.290997948816640320e-06,-1.159341616630865735e-06
1.489199943501468889e-06,-1.013666133667788280e-06
8.663894308834264207e-07,-7.597459661149822757e-07
8.853598955063875545e-07,-6.128526346557808597e-07
1.073185574898331303e-06,-8.947432339557084441e-07
1.416800719408087870e-06,-8.212285802295563972e-07
1.356475356933268336e-06,-6.682638467289281307e-07
1.007994187253875795e-06,-6.417129097391528834e-07
9.402976335219190563e-07,-5.666676736247909380e-07
1.021152200260942153e-06,-4.655593071743315784e-07
1.228333900900068539e-06,-6.283506879753574220e-07
1.110162920178292111e-06,-4.139193128920718950e-07
1.323997133198401189e-06,-5.317126199718603638e-07
1.132510665359783383e-06,-4.472688626431842598e-07
1.246344835628358201e-06,-4.430527363213394835e-07
1.178022560546497695e-06,-3.849452806358132052e-07
1.292798407778423465e-06,-4.439669524358513171e-07
1.262213715695737882e-06,-3.969966048658056697e-07
1.245407271635543835e-06,-3.842456215227898601e-07
1.236211898357473188e-06,-3.996809771522935460e-07
1.259076418996880856e-06,-4.441256333893565164e-07
1.242393472305907846e-06,-3.879074816035030920e-07
1.245714462031771295e-06,-3.906717525190125492e-07
1.258566421563612719e-06,-4.354708838433838711e-07
1.266730614267100794e-06,-5.151591293449501764e-07
1.174716107305062979e-06,-3.645781468270897129e-07
1.183603399789040127e-06,-4.455499661325583253e-07
1.237778786181009406e-06,-5.907026285450232633e-07
1.166870127857700007e-06,-6.795991882664744906e-07
1.068620281092775317e-06,-7.790026447278678357e-07
1.071550791657672532e-06,-4.742979767426139238e-07
1.077905173237648125e-06,-3.667937953669187574e-07
1.098454848722423657e-06,-6.180153737907388417e-07
9.301739269511635494e-07,-8.603408353122549353e-07
7.566195328567491608e-07,-9.338868909591626936e-07
9.559108152417378891e-07,-5.016759840845279787e-07
9.408442277729369206e-07,-3.658342758091771229e-07
5.621041074855727077e-07,-9.841948088782254098e-07
8.001606290924489792e-07,-6.577464870376788168e-07
7.706728226231428407e-07,-3.527557263302124041e-07
5.233058528201893946e-07,-6.967163610498970061e-07
3.065918984169149079e-07,-1.030528793574679952e-06
5.750383499417555690e-07,-3.325035752804197244e-07
-8.397662301288246496e-08,-1.077297666103736385e-06
2.441567010165584695e-07,-5.214552190828785542e-07
3.094930920570144695e-07,-2.879510171080849155e-07
-7.135702917006294962e-07,-1.148870949622774719e-06
-3.816843934218565683e-07,-6.230241143724634925e-07
-8.489742706257515083e-08,-2.296275810432953069e-07
-1.675651603238543527e-06,-1.226404505664936064e-06
-1.173023596459140217e-06,-6.588366777473688321e-07
-7.138934828367589937e-07,-1.632572009704356437e-07
-2.803524169145184235e-06,-1.293594107209611538e-06
-2.219358639974896675e-06,-6.596085858396788126e-07
-1.675610080991052721e-06,-9.127025117397342710e-08
-4.045207706992394429e-06,-1.352738160269692879e-06
-3.405967355250293933e-06,-6.608152561151573656e-07
-2.803212054853946859e-06,-2.688011858552518754e-08
-5.388813269568288523e-06,-1.403983644694304423e-06
-4.700905104966152937e-06,-6.619357402562676100e-07
-4.044777662711520674e-06,2.990045738225508323e-08
-6.818612824488196084e-06,-1.445962153687527366e-06
-6.090577158717383664e-06,-6.628996880931243572e-07
-5.388456642761894495e-06,7.909539628307073642e-08
-8.315352189815611555e-06,-1.477095282112112483e-06
-7.557324697512041326e-06,-6.636921811150592677e-07
-6.818271130565702492e-06,1.193286152437572116e-07
-9.858871590095565884e-06,-1.497982950202739749e-06
-9.080781903490557064e-06,-6.641710060434299143e-07
-8.315187132519298046e-06,1.491936313974211527e-07
-1.143214150276483621e-05,-1.511289854889813486e-06
-1.064163215935773524e-05,-6.644296978275970225e-07
-9.858852433804827299e-06,1.694089843824586691e-07
-1.302276475420228662e-05,-1.519076694987273803e-06
-1.222529781781443033e-05,-6.647975362875672944e-07
-1.143213495307297638e-05,1.820756632944804708e-07
-1.645384270180968696e-05,-1.429928507062433770e-06
-1.622618951610682806e-05,-1.524188472108564697e-06
-1.373841422002667133e-05,-6.652671090781832808e-07
-1.462279498345055472e-05,-1.523023866274418171e-06
-1.302261882655132353e-05,1.889054381656623701e-07
-1.654814273747360611e-05,-1.202327167042814856e-06
-1.600918259059058496e-05,-6.656681004569641579e-07
-1.462265773129390674e-05,1.920881916469072494e-07
-1.654808991467015601e-05,-1.290466887807185365e-07
-1.622610333606420996e-05,1.928527535891466631e-07
-1.645377848305321812e-05,9.857911777482561169e-08
