Size 192,2
7.585683455204997089e-05,-1.157846248104891185e-05
7.613038574756108190e-05,-1.091821321997673541e-05
7.613049414212650007e-05,-7.805388659142025714e-06
7.585695514454399645e-05,-7.145135411703491586e-06
7.519646552342906657e-05,-1.185192053769597843e-05
7.395766744695645171e-05,-9.361811554317477343e-06
7.519659821001349685e-05,-6.871673780845859770e-06
7.054668657903217848e-05,-1.185026508901356921e-05
7.054678599487263369e-05,-6.873162623172569566e-06
6.798144139086936897e-05,-9.361515712497956584e-06
6.590274646724906345e-05,-1.184436978410901920e-05
6.590310114038779499e-05,-6.878536382315781005e-06
6.358534606808713245e-05,-9.361040564617005910e-06
6.127343155372931040e-05,-1.183399349006596820e-05
6.127422359129792518e-05,-6.887900058695963504e-06
5.896644932418168675e-05,-9.360445177375527047e-06
5.666636363918035451e-05,-1.181992364640536341e-05
5.666747253991081070e-05,-6.900317091065730690e-06
5.437265868263351561e-05,-9.359671379141198678e-06
5.208667600566085492e-05,-1.180368053938716095e-05
5.208768542561195014e-05,-6.914456763296567835e-06
4.980749154050931056e-05,-9.358703429430797056e-06
4.753769600495872023e-05,-1.178546959967293254e-05
4.753815035345293201e-05,-6.930168483625267300e-06
4.527418255538772474e-05,-9.357358546056672170e-06
4.302194470369621171e-05,-1.176555010103660008e-05
4.302181414503507338e-05,-6.947149375107603687e-06
4.077542264794804057e-05,-9.355698586349333974e-06
3.854188000634237572e-05,-1.174416024748509962e-05
3.854117333232298447e-05,-6.965149785046711423e-06
3.631381408913875511e-05,-9.353846953965203027e-06
3.409967911749408551e-05,-1.172174583552012934e-05
3.409881746968552167e-05,-6.984036911471617913e-06
3.189101583760384201e-05,-9.351912015242807341e-06
2.969622967862674577e-05,-1.169863754333229402e-05
2.969542542845164879e-05,-7.003450649703248225e-06
2.759519202010513790e-05,-9.349828594529199929e-06
2.550755596690836669e-05,-1.167499430947939569e-05
2.550681934973816220e-05,-7.024025980488879267e-06
2.394505837634238710e-05,-9.528798933163067799e-06
2.236199368323861639e-05,-1.165403745761787958e-05
2.236102546182914934e-05,-7.042750712232086682e-06
2.009138674103419441e-05,-1.163503863803092365e-05
2.052979158573760795e-05,-1.012981766796596295e-05
2.008968459414654594e-05,-7.055253523889236460e-06
1.844951767353040798e-05,-7.069828251081944237e-06
-3.070230845870325750e-06,3.138240540077668973e-07
-3.130917153675265494e-06,4.595145834517785932e-07
-3.130671762605828246e-06,1.003086020065259527e-06
-3.070261734255990253e-06,1.147180521965972430e-06
1.844897059471492433e-05,-1.162098769549671382e-05
1.696873038853096468e-05,-1.152356953255998798e-05
1.811354476010955782e-05,-8.777826097051661555e-06
1.696573072827050306e-05,-6.956838834432954203e-06
-2.925119716608645377e-06,2.537434247104879810e-07
-2.778577728257187215e-06,8.500964492152005308e-07
-2.926079144968001930e-06,1.207579535625491558e-06
1.649601479248891206e-05,-1.012211868257506151e-05
1.551570104867936695e-05,-1.125591987573906195e-05
1.411169753306198352e-05,-1.083058267793928231e-05
1.605099802586988766e-05,-8.195283631255089620e-06
1.554032658283780640e-05,-6.596359471506610519e-06
-1.940701490936143790e-06,2.394404196062979415e-07
-1.939555256160863344e-06,1.226384271761354753e-06
-1.429820456242299003e-06,7.334979463397345496e-07
1.277709077542985664e-05,-1.024710946390916094e-05
1.392415261012024762e-05,-9.373692762844609093e-06
1.440892212526095891e-05,-7.541918986713133767e-06
1.421248243195107251e-05,-6.003426581559142281e-06
-8.763325052633786950e-07,1.482908378700881040e-07
-8.764135068900187676e-07,1.318926776280880701e-06
-2.460770496478917753e-07,7.336116746281097119e-07
1.152299780474152199e-05,-9.522932116637840321e-06
1.037189381307139732e-05,-8.669118991494147692e-06
1.270986088334316666e-05,-7.252854370966467890e-06
1.302112190959618700e-05,-5.196164442154360620e-06
4.779015423576384792e-07,-5.108856154061301886e-08
4.778412461441706352e-07,1.518065442287734892e-06
1.066305672595602413e-05,-7.346938609265632595e-06
9.336502099158636972e-06,-7.693199515576388479e-06
1.115109208145765637e-05,-5.849612358854618986e-06
1.199957784413306544e-05,-4.209801967901418344e-06
1.275945936532912382e-06,7.330900798364327838e-07
2.225604439835568389e-06,-3.395598649559100205e-07
2.224067444955844575e-06,1.807282523493875756e-06
8.420781495809097960e-06,-6.614783896514380869e-06
7.645543781994451621e-06,-5.456651682401219656e-06
7.013211816611559185e-06,-4.221476275647818170e-06
1.015378146784338381e-05,-4.496288998267773957e-06
1.117500752852383052e-05,-3.080996457390531720e-06
2.988782621820407775e-06,7.296924164581416921e-07
3.926312522750882321e-06,-6.237547020889192625e-07
3.925991355991205853e-06,2.102019986424210009e-06
8.309649715863896583e-06,-4.224414747090369920e-06
6.525520110527628607e-06,-2.929281497401035121e-06
5.482310014726734065e-06,-8.655044761615704215e-07
5.943022502759990351e-06,-1.103288689075507307e-06
6.197344190726266739e-06,-1.583467539459236962e-06
9.453781159566564208e-06,-2.913847619388032571e-06
1.056574355103057749e-05,-1.855515320892769919e-06
4.769286048190804776e-06,5.312395150604093032e-07
5.463908617087164482e-06,2.313067853120101747e-06
7.420963149217345075e-06,-2.010100172924284703e-06
5.962675084801210511e-06,-1.494330804719963360e-07
6.508648444322680383e-06,-9.360608612058926714e-07
8.941845852064993238e-06,-1.474067179229937524e-06
1.019643986964758803e-05,-5.800450144576031720e-07
5.973785714177687967e-06,1.393868481833500559e-06
5.892753393093500111e-06,2.546529776430333085e-06
7.683274451385619747e-06,1.521332146309596452e-07
1.008248533927028641e-05,7.133626305212633226e-07
1.026348829174908889e-05,2.010116321883434451e-06
6.876697199580581216e-06,2.227341351783436035e-06
6.136803125342893820e-06,3.057528179023230509e-06
6.425454949421320634e-06,4.488417413977249485e-06
8.943974661925438265e-06,2.160624620318501816e-06
6.882080118582922799e-06,5.916339157488697416e-06
1.072453651313621240e-05,3.332446310538568238e-06
7.700195712806542331e-06,4.525307402109114851e-06
9.623826787363237324e-06,4.635516181791945376e-06
7.532358715916366335e-06,7.296785409478042601e-06
1.145853863876817359e-05,4.637790800890414974e-06
1.089084657166101142e-05,5.962259161126837309e-06
9.504591589328389913e-06,6.808181497967285790e-06
8.354417893197024531e-06,8.653362445975467765e-06
9.380218131448715081e-06,9.947236649903130762e-06
1.247389908635312675e-05,5.864871588918041642e-06
1.176601089831253654e-05,7.493613246141237352e-06
1.092456445794300994e-05,9.441527931602417388e-06
1.056359285535196420e-05,1.115928287727348287e-05
1.373549991009512765e-05,6.966883813465393565e-06
1.336245819363942245e-05,9.438833619646277068e-06
1.192554548572451401e-05,1.223650929053241113e-05
1.345926855379571185e-05,1.318223183519031405e-05
1.512132165913219248e-05,1.398116271824257048e-05
1.524718082613288254e-05,9.979995178301489766e-06
1.522897417761756244e-05,7.896877179513279155e-06
1.486732628030639424e-05,1.209717634359797756e-05
1.691473480018465493e-05,1.457534043971482537e-05
1.881068261930909493e-05,1.497662250718896660e-05
1.678400190916943093e-05,1.044792603149962708e-05
1.693322968408789961e-05,8.576949453152609633e-06
2.076383567678271474e-05,1.515463082375191732e-05
1.855834102600279034e-05,1.222457662028723408e-05
1.879130779974541525e-05,8.971025428941846084e-06
2.118943046983327145e-05,1.252999443734816647e-05
2.298448475737356736e-05,1.523330181211264492e-05
2.074250685462857268e-05,9.075377378017727829e-06
2.610674232601249191e-05,1.531197950355391547e-05
2.360957518206691988e-05,1.101729473411812141e-05
2.298063699757596048e-05,8.996768323117801489e-06
3.055725148502843209e-05,1.543228911487989162e-05
2.832069560932805270e-05,1.185536166897985565e-05
2.610938710802240877e-05,8.894095540927840336e-06
3.665479601838923692e-05,1.555990734469580480e-05
3.356997882495353451e-05,1.210775209607944175e-05
3.055867259071942834e-05,8.777114326075661092e-06
4.321696963653561549e-05,1.566556924208013907e-05
3.990348337163406088e-05,1.210588317716720247e-05
3.665551912731295539e-05,8.652399284334397488e-06
4.995838319189417522e-05,1.575379998667115206e-05
4.656003704101615014e-05,1.210475506769408196e-05
4.321730582023079607e-05,8.544975304167058317e-06
5.685181560191337362e-05,1.582766135847852353e-05
5.338183527637151615e-05,1.210358976668140664e-05
4.995870715378251692e-05,8.454584294630925520e-06
6.387299055105708661e-05,1.588876587418703494e-05
6.034307399820997936e-05,1.210230862241748167e-05
5.685221859292593637e-05,8.378215824183904732e-06
7.099880164381875010e-05,1.593748092167246032e-05
6.742046194679216723e-05,1.210104737730265257e-05
6.387338853676378719e-05,8.314611528907221708e-06
7.820661880392757630e-05,1.597447522119216373e-05
7.459101316643940605e-05,1.209960952727789933e-05
7.099932119183597495e-05,8.263203101717466614e-06
8.547502422067763234e-05,1.600085841032696074e-05
8.183245893105357209e-05,1.209836533136872338e-05
7.820702089985414533e-05,8.223490943280458524e-06
9.278472855387648690e-05,1.601794973849102351e-05
8.912456653779356197e-05,1.209745808715178143e-05
8.547528046088971869e-05,8.194896603910370417e-06
1.085042662831968441e-04,1.559668105893649212e-05
1.074616153814930030e-04,1.602850981491361923e-05
9.606750783553175143e-05,1.209685885053081668e-05
1.001188664744748447e-04,1.602665177743301181e-05
9.278494959936989250e-05,8.176286945816699364e-06
1.089361535798554864e-04,1.455411007528725379e-05
1.064685057539084637e-04,1.209651082784173786e-05
1.001189375226221634e-04,8.166665462640102329e-06
1.089361612184659337e-04,9.638905229692855549e-06
1.074616411962758908e-04,8.164531658627641877e-06
1.085042792293655715e-04,8.596351297681396731e-06
