Size 192,2
-2.960561491896817734e-05,5.469641371966841044e-06
-2.969753242388786950e-05,5.247705683240304235e-06
-2.969749029044270599e-05,4.201391014705298006e-06
-2.960556562780310483e-05,3.979428609352682797e-06
-2.938369659995396200e-05,5.561572028320890811e-06
-2.896744176748390764e-05,4.724512690377237467e-06
-2.938363068155943307e-05,3.887482531685867879e-06
-2.782122233393794937e-05,5.561552885319272464e-06
-2.782110425770758675e-05,3.887001116279206236e-06
-2.695860003367001674e-05,4.723991266173066914e-06
-2.625823106300929040e-05,5.562101199567217603e-06
-2.625809601924788278e-05,3.885271143589167239e-06
-2.547590292139896375e-05,4.723452818961808789e-06
-2.469195056176510177e-05,5.564738523181608457e-06
-2.469125501128321964e-05,3.880997134382514749e-06
-2.390593544659043717e-05,4.722568090827822639e-06
-2.311676815816599581e-05,5.570501099908298134e-06
-2.311538257155409866e-05,3.873237123174896758e-06
-2.232341716637488600e-05,4.721397307619871301e-06
-2.152493870506908195e-05,5.579827189122265584e-06
-2.152325294821407850e-05,3.861737792696852834e-06
-2.072095842796415089e-05,4.720140095609143102e-06
-1.991026564167326749e-05,5.591792701204054548e-06
-1.990882069734325828e-05,3.847543620211980428e-06
-1.909357123941779645e-05,4.718927526249510438e-06
-1.826877421839515249e-05,5.605740988279058809e-06
-1.826792904992869356e-05,3.831536257997947316e-06
-1.743795276772140020e-05,4.718196024507233789e-06
-1.659788096762894572e-05,5.621256937759761274e-06
-1.659754123528165337e-05,3.814842500660560228e-06
-1.575187253742215500e-05,4.717911167890392276e-06
-1.489581854983384805e-05,5.637488111047481691e-06
-1.489574591550426854e-05,3.798391763262021387e-06
-1.403431374941915536e-05,4.717955513166309266e-06
-1.316354442347948602e-05,5.652427227997960730e-06
-1.316354456169620308e-05,3.783815288823525735e-06
-1.232407448709508853e-05,4.718286604204163212e-06
-1.147765150944738967e-05,5.664320459995125559e-06
-1.147762229779492593e-05,3.772318601153740186e-06
-1.084136716058330708e-05,4.792856621375837382e-06
-1.018708255492893624e-05,5.671872760419362768e-06
-1.018718558904502635e-05,3.765018544357260166e-06
-9.241787975419094405e-06,5.676824480473164760e-06
-9.428268396246059819e-06,5.045043871729121286e-06
-9.241949769507502323e-06,3.761461741904286792e-06
-8.552356159230023181e-06,3.758072369368399721e-06
1.498013533299852161e-06,2.574485965765181607e-07
1.527280594193251294e-06,1.870346687573910471e-07
1.527125091098855121e-06,-7.496888549360999277e-08
1.498025440707251815e-06,-1.443103285623423929e-07
-8.552668358016811135e-06,5.679866380079719401e-06
-7.923781298610877596e-06,5.646610110365609812e-06
-8.414428611456921744e-06,4.478723110543238834e-06
-7.926471336315754865e-06,3.700019896695391505e-06
1.427928553251750097e-06,2.865843608840721126e-07
1.357532950310329169e-06,-8.233643313560882643e-10
1.428620475822674205e-06,-1.732428221749258307e-07
-7.725471759919235438e-06,5.053092285695770462e-06
-7.301886191587286813e-06,5.542401621742802501e-06
-6.694260707267636459e-06,5.367137449885440426e-06
-7.536790194958412904e-06,4.227798961100799815e-06
-7.316912237430299950e-06,3.533188466689088609e-06
9.534983885241583184e-07,2.950163578117107444e-07
9.532506127078390032e-07,-1.816212867868138950e-07
7.069495935413993923e-07,5.698717476882261194e-08
-6.108759803713860570e-06,5.124230213310110844e-06
-6.615744051401969495e-06,4.740170352664462593e-06
-6.827276241879307811e-06,3.942252928815589245e-06
-6.743605604174925546e-06,3.262052732666493514e-06
4.387414701960718834e-07,3.418763147321771435e-07
4.391279543981219809e-07,-2.268302135371084676e-07
1.324128701565584372e-07,5.816130017092174956e-08
-5.553802224565633040e-06,4.815320047330798408e-06
-5.035904767425343064e-06,4.444200064027873279e-06
-6.082784933487830731e-06,3.814471618736289136e-06
-6.224163717544973422e-06,2.894701880929914318e-06
-2.209426883248924323e-07,4.424400026042764716e-07
-2.205593488812005904e-07,-3.247387157027032766e-07
-5.166704867745255998e-06,3.859315288837735091e-06
-4.562073308918686922e-06,4.016292788456539405e-06
-5.388528016145900724e-06,3.186305016185331101e-06
-5.774705576382274292e-06,2.440617598395555567e-06
-6.113247995848125525e-07,5.962821855848546257e-08
-1.077458631001831310e-06,5.869599004271973257e-07
-1.076304703037992799e-06,-4.670585456243660551e-07
-4.139619262808948575e-06,3.536345486931959397e-06
-3.772201929076144634e-06,3.008907883514345099e-06
-3.464102505890507427e-06,2.441219832384896818e-06
-4.934618723882186924e-06,2.570444558230849986e-06
-5.409591735931284809e-06,1.913174143696946827e-06
-1.451987506036690529e-06,6.241034939800779493e-08
-1.913390005991847021e-06,7.290177896943513137e-07
-1.912528226985007425e-06,-6.116523196449333700e-07
-4.077686784160097976e-06,2.445040516524017252e-06
-3.222781926655156012e-06,1.837749139673042694e-06
-2.684543338465108929e-06,8.503811418478756707e-07
-2.916508247182457569e-06,9.668139757402805176e-07
-3.048485000764881680e-06,1.198855162608118466e-06
-4.613596609756619010e-06,1.834411670599655859e-06
-5.141926077357417725e-06,1.331506893382225730e-06
-2.328170181827479764e-06,1.608701524208309352e-07
-2.663832206113533285e-06,-7.142526045193006562e-07
-3.645620111566843007e-06,1.405823674314486457e-06
-2.920920011877769780e-06,4.991044297678902003e-07
-3.195785428980126007e-06,8.857660513094951899e-07
-4.373858477900098502e-06,1.149823507688938931e-06
-4.985098522372163688e-06,7.158896491664555638e-07
-2.916843325608884237e-06,-2.602225602675676021e-07
-2.869001160592247502e-06,-8.295490763625986019e-07
-3.765994505788225884e-06,3.602422651228798761e-07
-4.943752208805899608e-06,8.392553499360555033e-08
-5.056004305763821499e-06,-5.594117025344208113e-07
-3.356559295223371500e-06,-6.681175178174086275e-07
-2.983363967211901748e-06,-1.086381423184679167e-06
-3.113889947811297910e-06,-1.814507306493639772e-06
-4.392101994769874263e-06,-6.281410536271299791e-07
-3.330315623037585535e-06,-2.557166189350574563e-06
-5.310254646859916973e-06,-1.219770736701447140e-06
-3.758470570628091303e-06,-1.828434358653769729e-06
-4.748196525294904382e-06,-1.884435606896045345e-06
-3.655151168118037070e-06,-3.281317033189428424e-06
-5.710821156599427963e-06,-1.884934143250384658e-06
-5.418301356374089257e-06,-2.573847875951366181e-06
-4.684528873962971239e-06,-3.020527352254147404e-06
-4.074440771638046300e-06,-4.007985788319215489e-06
-4.613556222623438253e-06,-4.711359992098378682e-06
-6.268979401464453319e-06,-2.518001064823039379e-06
-5.890452909203397955e-06,-3.385815127178374311e-06
-5.437134575330002086e-06,-4.438503476910304882e-06
-5.241927566972823263e-06,-5.381131878628854036e-06
-6.965337673252890802e-06,-3.095193604063623306e-06
-6.763461507535156199e-06,-4.439374890669125936e-06
-5.978237389736420391e-06,-5.980742275317396280e-06
-6.821210725234157026e-06,-6.515268437884226027e-06
-7.742099727837704068e-06,-6.975058356568625562e-06
-7.808259992378378919e-06,-4.736771656659152359e-06
-7.796127971413457661e-06,-3.589835521223638213e-06
-7.596239768230881333e-06,-5.915038463061329833e-06
-8.747290643227453044e-06,-7.319158678986918298e-06
-9.819022008220340089e-06,-7.557157208418305558e-06
-8.668838723588365901e-06,-4.994865784921146422e-06
-8.753733683968604239e-06,-3.950535336572274920e-06
-1.092855049600113911e-05,-7.667740833538513558e-06
-9.669906620033172595e-06,-5.994914035335398118e-06
-9.804674973426138115e-06,-4.155071707318889482e-06
-1.116957320751691929e-05,-6.169704507956167982e-06
-1.220074441904564259e-05,-7.723109390109037049e-06
-1.091371177950019822e-05,-4.203082473256873638e-06
-1.399852194915340338e-05,-7.777579668631883422e-06
-1.255661409682796589e-05,-5.302467480268038743e-06
-1.219870126988625738e-05,-4.145761433946874776e-06
-1.658103309346411542e-05,-7.859585589202247987e-06
-1.527968195246184066e-05,-5.781553367456426857e-06
-1.400112635535304045e-05,-4.071978688228977487e-06
-2.014199295461849761e-05,-7.943317142999655118e-06
-1.833771786181760118e-05,-5.925655963676635644e-06
-1.658268493182190332e-05,-3.989342135463488940e-06
-2.398870001709210121e-05,-8.008094787038525888e-06
-2.204528082374881024e-05,-5.922165127783491972e-06
-2.014330546039345678e-05,-3.903590978065504741e-06
-2.794408244874482117e-05,-8.057674302776044926e-06
-2.595068013974312026e-05,-5.919210654463484477e-06
-2.398966776419848989e-05,-3.833242367193093914e-06
-3.198412224554931295e-05,-8.095728386716203310e-06
-2.995197480744786136e-05,-5.916378290262504438e-06
-2.794497136961177623e-05,-3.777961660647742528e-06
-3.609146954114736796e-05,-8.126067427897795323e-06
-3.402799750465327711e-05,-5.913581940350194483e-06
-3.198501075805926502e-05,-3.734187489864643191e-06
-4.025420348126003758e-05,-8.150407078419296111e-06
-3.816482615195435177e-05,-5.911031962586080236e-06
-3.609227017344211660e-05,-3.698440206847823628e-06
-4.446135848275330199e-05,-8.168768245627089345e-06
-4.235166936842953508e-05,-5.908647204591080959e-06
-4.025499517626969726e-05,-3.669103420977853656e-06
-4.870056225444192985e-05,-8.180860223922341922e-06
-4.657701028717649744e-05,-5.906594828639716336e-06
-4.446209455212105164e-05,-3.646302017702982863e-06
-5.295907880733142782e-05,-8.187424102820964800e-06
-5.082777956159663103e-05,-5.905031072394599888e-06
-4.870118449838383551e-05,-3.630697702145644087e-06
-6.210495668291423081e-05,-7.939229387399018720e-06
-6.149841879556884811e-05,-8.190448481491298133e-06
-5.487021047548482750e-05,-5.903885838623138427e-06
-5.722727246916883576e-05,-8.190014729825504655e-06
-5.295954322352321039e-05,-3.621429093120247486e-06
-6.235619490605998452e-05,-7.332719987524440328e-06
-6.092081776873918580e-05,-5.903133400216148725e-06
-5.722742400413039621e-05,-3.616943885172251242e-06
-6.235617425328099123e-05,-4.473543147004399015e-06
-6.149844716618686389e-05,-3.615891018441327249e-06
-6.210494855936956075e-05,-3.867084380597563410e-06
