Size 192,2
-1.409013809461194555e-04,1.876158583342635132e-05
-1.414699686548471938e-04,1.738904220816232506e-05
-1.414699115122804466e-04,1.091839226193131709e-05
-1.409013163065141823e-04,9.545843224143444429e-06
-1.395287215428630656e-04,1.933008746644132266e-05
-1.369537275674656811e-04,1.415370429657874969e-05
-1.395286469145185729e-04,8.977338396935062066e-06
-1.298631549937625076e-04,1.932832252645234848e-05
-1.298629754121912957e-04,8.979042795149178854e-06
-1.245284895957704714e-04,1.415370510793982764e-05
-1.202041172804746959e-04,1.932033534656113605e-05
-1.202037981912174410e-04,8.987162283756876228e-06
-1.153799154842541000e-04,1.415376213795084964e-05
-1.105667712713860975e-04,1.930252578149258913e-05
-1.105666274730767915e-04,9.005445331018558074e-06
-1.057598155368148258e-04,1.415402104778950346e-05
-1.009727703998860920e-04,1.927125240095524115e-05
-1.009729902158110622e-04,9.037609074596754375e-06
-9.619700548608745580e-05,1.415442359518768778e-05
-9.145214728408692230e-05,1.922214683533490657e-05
-9.145287947964440280e-05,9.087418524496278596e-06
-8.672520098126073479e-05,1.415486615727544044e-05
-8.204175340846622539e-05,1.915254868574694193e-05
-8.204251461075075279e-05,9.157574936779063558e-06
-7.738333079489886587e-05,1.415529933115908468e-05
-7.278190227945687148e-05,1.906163511601827862e-05
-7.278221628819991061e-05,9.249015654997828651e-06
-6.821184388199969450e-05,1.415556560293210723e-05
-6.371200893988743425e-05,1.894992459702936897e-05
-6.371198820434296789e-05,9.361293752666411479e-06
-5.924934060384041463e-05,1.415581688609591770e-05
-5.486984892597792805e-05,1.881739150394345391e-05
-5.486952798146938940e-05,9.494301648104245124e-06
-5.053333987356392956e-05,1.415583131823508166e-05
-4.629325347082233964e-05,1.866161467168052802e-05
-4.629231170861983615e-05,9.650537287476263355e-06
-4.226996113732288569e-05,1.415442554302111099e-05
-3.835343694899886449e-05,1.848287574441911084e-05
-3.835152300741201593e-05,9.835435572949021395e-06
-3.544551066956443244e-05,1.448229795283578732e-05
-3.258266157764751057e-05,1.831506535036451732e-05
-3.257758496738455954e-05,1.000772885345216680e-05
-2.854347293860320462e-05,1.816749858138496626e-05
-2.928622659476301382e-05,1.554065948797924825e-05
-2.853577247786916044e-05,1.011849340676765473e-05
-2.568913897525410974e-05,1.023715926465631209e-05
3.654421621929193959e-06,5.599344543766653564e-07
3.727783365006508836e-06,3.834555345879445406e-07
3.727381047255171695e-06,-2.738757559641818074e-07
3.654392804585050159e-06,-4.478851372365880654e-07
-2.567800291628890476e-05,1.806318087124438666e-05
-2.317063096856582756e-05,1.782523136361567053e-05
-2.507332747318003448e-05,1.317840226802700095e-05
-2.313569628059990293e-05,1.014273226365087974e-05
3.478722482139011939e-06,6.329346338374935182e-07
3.301627654573550167e-06,-8.791066993555521167e-08
3.480233764075641549e-06,-5.204977976341719642e-07
-2.234761488866732467e-05,1.543342766982390112e-05
-2.075185082865039449e-05,1.728663078146634624e-05
-1.847740456007071871e-05,1.652142219303094238e-05
-2.159534831304611583e-05,1.222852195564785571e-05
-2.076062272325462940e-05,9.658893318971910672e-06
2.287784064122388360e-06,6.520492275697292039e-07
2.286895703430821974e-06,-5.411079485306989909e-07
1.670085065677836038e-06,5.535243369884426909e-08
-1.638006844583578676e-05,1.549537319982682929e-05
-1.815167996574891800e-05,1.412771218714982543e-05
-1.892655554356030337e-05,1.119733983905203209e-05
-1.860125502655570720e-05,8.825629843758043438e-06
1.001469132086664502e-06,7.612514516377965260e-07
1.001704255777966681e-06,-6.501278464180988844e-07
2.417394281535988725e-07,5.580773126119715059e-08
-1.445095425523027012e-05,1.428930453121912335e-05
-1.274836274643060948e-05,1.292380258869295205e-05
-1.625272377951469133e-05,1.075795172602365738e-05
-1.670893580142559422e-05,7.669129990282664769e-06
-6.290578437497665724e-07,9.979238111213890185e-07
-6.289786553738600169e-07,-8.857211714514257648e-07
-1.318316531510918584e-05,1.088600136217902137e-05
-1.127552645256926004e-05,1.139270893903983312e-05
-1.389375490377539626e-05,8.661147278844822769e-06
-1.512185760526475736e-05,6.290514968912933210e-06
-1.586567523550841844e-06,5.674075772175266191e-08
-2.723415049238766628e-06,1.338813173409887109e-06
-2.720988071731603008e-06,-1.227002371167441566e-06
-9.998345592829769414e-06,9.759848235667829453e-06
-8.986641180017845661e-06,8.093193414060185828e-06
-8.218183291542718568e-06,6.351418001638772375e-06
-1.245936662642581823e-05,6.713007568377181510e-06
-1.386325752524218014e-05,4.766309769933940828e-06
-3.635621598623773875e-06,6.193496384486478429e-08
-4.752666623242026098e-06,1.672762267152864164e-06
-4.753302272409247849e-06,-1.574401021040551187e-06
-9.923398767722409850e-06,6.337299693712272468e-06
-7.650225653946098349e-06,4.598725113965410513e-06
-6.571607236292940727e-06,1.953772956415716551e-06
-7.087221007638699434e-06,2.242854540654455772e-06
-7.345884186343901586e-06,2.842773739456400670e-06
-1.147138608060349095e-05,4.547738514045173372e-06
-1.292286360097524289e-05,3.170596081942060568e-06
-5.755029786488118203e-06,3.006305729213055835e-07
-6.620013823536188792e-06,-1.827433446605292768e-06
-8.836146160779329321e-06,3.369244296205048498e-06
-7.143708222027915947e-06,1.095085110797747161e-06
-7.756045997126341564e-06,2.036695594824115013e-06
-1.078400251435033623e-05,2.680247016817319095e-06
-1.232242733268776831e-05,1.578863965544184656e-06
-7.216179970409362995e-06,-7.427771700735871412e-07
-7.167320699955638440e-06,-2.100129122604400350e-06
-9.210694614494762864e-06,6.794259757332144837e-07
-1.209613084294440020e-05,1.491405481255023705e-08
-1.217711756416719798e-05,-1.491726474867266816e-06
-8.321555223471960796e-06,-1.743832573321153000e-06
-7.492499714358168165e-06,-2.673104044986704160e-06
-7.902480676031414688e-06,-4.231107849457901796e-06
-1.068688781333458210e-05,-1.701476989225939047e-06
-8.489884931757300281e-06,-5.706060029082926268e-06
-1.257550137741264940e-05,-2.999376508218946946e-06
-9.322923778764146319e-06,-4.296527823504649621e-06
-1.137900223088643402e-05,-4.411751825931545552e-06
-9.232760368215360829e-06,-7.098481861801774330e-06
-1.324100609761329879e-05,-4.413275677218101162e-06
-1.263902546810803237e-05,-5.779835624417403192e-06
-1.126221249195369137e-05,-6.623978644419158122e-06
-1.012741785899878398e-05,-8.396264395928465946e-06
-1.116387291355030911e-05,-9.584776305449707612e-06
-1.414854264171667387e-05,-5.700454050790201975e-06
-1.346495760784237246e-05,-7.282565947967636659e-06
-1.266705862560195113e-05,-9.106689177209118465e-06
-1.232901887450942647e-05,-1.064930111018692053e-05
-1.526689779568267218e-05,-6.813120205830489931e-06
-1.491882550965452723e-05,-9.088641083077679439e-06
-1.360863299695978095e-05,-1.157492660516784188e-05
-1.498660975355127183e-05,-1.235000378048075057e-05
-1.644404084553922145e-05,-1.296364195782477325e-05
-1.657079826317182738e-05,-9.569655479179968251e-06
-1.656284500028264116e-05,-7.716799726564568237e-06
-1.624581537839619463e-05,-1.139481415785515022e-05
-1.796316294869676261e-05,-1.340730723557534505e-05
-1.952248456657736475e-05,-1.367487120634925464e-05
-1.787780673419821781e-05,-9.981435694128731160e-06
-1.799744106918415052e-05,-8.383026091821212762e-06
-2.110261081600696477e-05,-1.376310016921696121e-05
-1.934955121442019828e-05,-1.145403028042348057e-05
-1.952639791450633660e-05,-8.791771081203906944e-06
-2.145296524771436565e-05,-1.168746511642767074e-05
-2.283924982108755949e-05,-1.375949861673539929e-05
-2.110299918344303498e-05,-8.930100019920296660e-06
-2.522488737123490735e-05,-1.375404767199157718e-05
-2.334464520949080060e-05,-1.050946470762034820e-05
-2.283979683179936478e-05,-8.932222705020900002e-06
-2.848888219961585183e-05,-1.374110892471874155e-05
-2.687789023918406411e-05,-1.115744942096413463e-05
-2.522489806087539483e-05,-8.937909075276444026e-06
-3.276529590967303525e-05,-1.372044395212572525e-05
-3.063320781055340242e-05,-1.134460479568497554e-05
-2.848899188663562358e-05,-8.949467076637936122e-06
-3.718120050776496828e-05,-1.369731118955054596e-05
-3.498057610419182486e-05,-1.134393016086356625e-05
-3.276545377166491246e-05,-8.968171345658196782e-06
-4.155386102627327678e-05,-1.367491327719224251e-05
-3.937470315285556143e-05,-1.134320198630035903e-05
-3.718146245316327636e-05,-8.989818671279810092e-06
-4.588793851291900769e-05,-1.365580851151206597e-05
-4.372685585732832099e-05,-1.134234102066860880e-05
-4.155416484853386680e-05,-9.010706089999791460e-06
-5.019240156007376350e-05,-1.364171824064325743e-05
-4.804442439301043563e-05,-1.134140474852575189e-05
-4.588823144889931039e-05,-9.027965479634982940e-06
-5.447703250691861857e-05,-1.363230721812449144e-05
-5.233747627287724686e-05,-1.134042091716030972e-05
-5.019272221881893904e-05,-9.040098207297164588e-06
-5.875026510196766578e-05,-1.362721348696702337e-05
-5.661501197648677742e-05,-1.133953471930668085e-05
-5.447726902484873764e-05,-9.047609624681290374e-06
-6.301955332111746830e-05,-1.362551595884366928e-05
-6.088524552843524050e-05,-1.133863078581033813e-05
-5.875055221503205466e-05,-9.050921768132310152e-06
-6.729023419370614996e-05,-1.362617345688709288e-05
-6.515449233934269559e-05,-1.133775659663815779e-05
-6.301990478131474453e-05,-9.050827096273470360e-06
-7.645033296419983311e-05,-1.337623009238528335e-05
-7.584277611813533212e-05,-1.362787113418095853e-05
-6.920458587251950835e-05,-1.133714482082299056e-05
-7.156513297818407069e-05,-1.362747783854421172e-05
-6.729046619204078286e-05,-9.048681399446727974e-06
-7.670199224537001183e-05,-1.276869687289357732e-05
-7.526427183665671677e-05,-1.133667690555469456e-05
-7.156522324439528371e-05,-9.046334869272413699e-06
-7.670196741965349676e-05,-9.904654337362376858e-06
-7.584278375961197628e-05,-9.045533518141224828e-06
-7.645031589323714768e-05,-9.297156570901577962e-06
