Size 192,2
-8.228878444996693428e-05,1.179734199166701141e-05
-8.260135573144257090e-05,1.104276962069447372e-05
-8.260103849004389283e-05,7.485356699868231737e-06
-8.228841610934929738e-05,6.730712132896870838e-06
-8.153416742837087279e-05,1.210988243074961134e-05
-8.011838487482621728e-05,9.263974886449705362e-06
-8.153371371920577258e-05,6.418136368694791703e-06
-7.622065342639143049e-05,1.210889571281978212e-05
-7.621990386202943523e-05,6.418544890087991091e-06
-7.328742232774856967e-05,9.263535122742859375e-06
-7.090955613611664540e-05,1.210556098664590361e-05
-7.090874285109009529e-05,6.420890794972883482e-06
-6.825555332613220355e-05,9.262782231331968396e-06
-6.560570527044801950e-05,1.209892931138585361e-05
-6.560503389797284104e-05,6.425801845326046040e-06
-6.295737811874517736e-05,9.262026321094772488e-06
-6.031548505582919625e-05,1.208844583622976446e-05
-6.031442014288885536e-05,6.434594420983381391e-06
-5.767638773026204226e-05,9.261023890507258369e-06
-5.504737263213255795e-05,1.207191453424071912e-05
-5.504634352323680135e-05,6.449234093384913712e-06
-5.242328813607136101e-05,9.259866455407514359e-06
-4.981415349406461416e-05,1.204727950435231745e-05
-4.981363384346257177e-05,6.471640088848007619e-06
-4.721309005855588533e-05,9.258732783041850192e-06
-4.463320082820324035e-05,1.201276995881678971e-05
-4.463287696297388725e-05,6.503636516295316114e-06
-4.206461469247771380e-05,9.257423369218495583e-06
-3.952425329763584628e-05,1.196707150048839889e-05
-3.952401535115473768e-05,6.546340858863371461e-06
-3.699846414858293134e-05,9.255862087860681169e-06
-3.450767911853835533e-05,1.191070258337785875e-05
-3.450754938965589982e-05,6.599556984756804577e-06
-3.203489246827421496e-05,9.254181297830936436e-06
-2.960288189789493332e-05,1.184405432047759203e-05
-2.960256932470738540e-05,6.662798380546553540e-06
-2.728812934887700080e-05,9.251850826685962449e-06
-2.501728811711916668e-05,1.176959544240368333e-05
-2.501636843516244043e-05,6.735839321986288309e-06
-2.332624443287602243e-05,9.443178532407339111e-06
-2.164172238744868927e-05,1.170251566270184010e-05
-2.163914401946452363e-05,6.801620435276269891e-06
-1.924685947708487161e-05,1.164586800650417682e-05
-1.969756057460082547e-05,1.007314632999571263e-05
-1.924356574393519447e-05,6.842382762937733933e-06
-1.753625514920418996e-05,6.885362419726392071e-06
2.770632703734416039e-06,4.028917424062670969e-09
2.825165057359969787e-06,-1.269765381086938926e-07
2.824877554997200396e-06,-6.154383725734361514e-07
2.770593501377313609e-06,-7.448544092244892035e-07
-1.753266339384440583e-05,1.160680821420530377e-05
-1.600983684852126773e-05,1.148492377289306176e-05
-1.717685064276257796e-05,8.658494156607889883e-06
-1.599843572952860141e-05,6.796701133569477463e-06
2.640165529302029440e-06,5.811511997003881656e-08
2.508521774445783059e-06,-4.777004496279131837e-07
2.641070427177319556e-06,-7.990197909208641472e-07
-1.551704817049456801e-05,1.003663823004288332e-05
-1.452654597656576939e-05,1.118502502511721591e-05
-1.311099014027979080e-05,1.073498190351306461e-05
-1.506025438563553523e-05,8.068493946002905934e-06
-1.454400322846900920e-05,6.460248323969612650e-06
1.755567296920043509e-06,7.122715090648393458e-08
1.754523955353940198e-06,-8.157857792332997297e-07
1.296571116117866799e-06,-3.730589800506991959e-07
-1.178183768114088975e-05,1.012465470830051993e-05
-1.291619841581537167e-05,9.255658328363962210e-06
-1.340298057808549601e-05,7.416407164279885935e-06
-1.320393907514445076e-05,5.895080381121197269e-06
7.993648243203681977e-07,1.525685992231395231e-07
7.990540501007403537e-07,-8.999454032507616776e-07
2.326673835260367502e-07,-3.743822388778037617e-07
-1.054400897762161210e-05,9.385767742118655840e-06
-9.424610947740252108e-06,8.529096305444817491e-06
-1.171062516625715600e-05,7.132522981161746169e-06
-1.201343128758111175e-05,5.118855063811720531e-06
-4.180769158407029921e-07,3.308507468108676390e-07
-4.185462085055842862e-07,-1.081068068970981301e-06
-9.709253369088979206e-06,7.221682367524605536e-06
-8.431671538893269064e-06,7.557461211467817213e-06
-1.018204770290102337e-05,5.761494925340962030e-06
-1.100191708782046100e-05,4.178278211426867474e-06
-1.136182913271734078e-06,-3.755706320093892911e-07
-1.990795829939227054e-06,5.899445613340044954e-07
-1.989785621883371748e-06,-1.344260654629091990e-06
-7.559695138842911876e-06,6.498803682806251648e-06
-6.837870192086109025e-06,5.382613043199440600e-06
-6.262276067490981652e-06,4.200529072876732737e-06
-9.222321163011891067e-06,4.457160514531784213e-06
-1.019136850497266365e-05,3.114162596436330416e-06
-2.677991762925118797e-06,-3.737170630758986792e-07
-3.522607503488896998e-06,8.464654160787160191e-07
-3.523082436179158495e-06,-1.613317850986847626e-06
-7.473669083476265333e-06,4.199011039048940579e-06
-5.824220185846810098e-06,2.980174392512283972e-06
-4.919177903775508053e-06,1.065668069321767828e-06
-5.328027373212750686e-06,1.283073163384949157e-06
-5.547710669295144292e-06,1.725026373584381431e-06
-8.553423325047312655e-06,2.958446368592593970e-06
-9.590513568763685753e-06,1.972583162764844157e-06
-4.282203051677227835e-06,-1.950510863649169195e-07
-4.918678777050622507e-06,-1.808413988535989154e-06
-6.663231948000330617e-06,2.116006414404477630e-06
-5.353343375071855882e-06,4.170547245981824786e-07
-5.838830645631668041e-06,1.130523121954341996e-06
-8.072446742447095686e-06,1.618954099729307776e-06
-9.219949634908724759e-06,8.004733949219710609e-07
-5.376889717188098065e-06,-9.797646315733759220e-07
-5.314285549146904395e-06,-2.020043285422508432e-06
-6.915636047786971865e-06,1.312991061404609895e-07
-9.096988481918392438e-06,-3.767112399190141620e-07
-9.231900008807860742e-06,-1.543473924158622361e-06
-6.201620810643051262e-06,-1.737286426332612441e-06
-5.542896588642508180e-06,-2.476660093280897212e-06
-5.819029483577341057e-06,-3.743117387217521734e-06
-8.053714565736849916e-06,-1.686303805445667435e-06
-6.242981376338284185e-06,-4.988056655681877340e-06
-9.617029440984090988e-06,-2.727942161892595390e-06
-6.953250869177156476e-06,-3.781574331454396847e-06
-8.644737108437310340e-06,-3.878690382133908995e-06
-6.826086396134494383e-06,-6.184053637833720198e-06
-1.023607122862579763e-05,-3.880969513715484955e-06
-9.737984307462306047e-06,-5.035187626360555127e-06
-8.542918822894651304e-06,-5.765350542030725538e-06
-7.553072966690149874e-06,-7.342562476500417378e-06
-8.441908835493478413e-06,-8.435911204118341910e-06
-1.108845712922318517e-05,-4.955572251473507369e-06
-1.048279248846007240e-05,-6.351883871084415890e-06
-9.766414914649197278e-06,-8.005644247337232773e-06
-9.460076226918143281e-06,-9.448202052650903155e-06
-1.214486379722429118e-05,-5.910674617510548837e-06
-1.182878662872881206e-05,-7.999999788327340257e-06
-1.061754791427224692e-05,-1.034295190127025075e-05
-1.190587418690409075e-05,-1.111927696836757576e-05
-1.329314168608838160e-05,-1.176477258244741663e-05
-1.340199339423007632e-05,-8.453512063084490547e-06
-1.338847010775987230e-05,-6.708439480695553885e-06
-1.308709754232821362e-05,-1.021285466862830571e-05
-1.477716958651144712e-05,-1.224155095264423864e-05
-1.633413010074932976e-05,-1.255519177024725240e-05
-1.467512221617093593e-05,-8.844663043102378414e-06
-1.479668082273734750e-05,-7.293471563292387303e-06
-1.793151638759511393e-05,-1.268638420182778578e-05
-1.613570537486722680e-05,-1.030644691933316152e-05
-1.632303515827705271e-05,-7.638622234437876212e-06
-1.828114809421491719e-05,-1.055286037514799290e-05
-1.973186701465968017e-05,-1.273299818515835237e-05
-1.791844404132924280e-05,-7.738042364350621887e-06
-2.224805635672786911e-05,-1.277903031754815709e-05
-2.024297235905958981e-05,-9.328336911803620677e-06
-1.972954037838314041e-05,-7.691239470317898637e-06
-2.579713304927482812e-05,-1.284764206800581081e-05
-2.402165451426359398e-05,-1.000609566573369025e-05
-2.224948813169554237e-05,-7.631403342233493900e-06
-3.060575292910516077e-05,-1.291927390602160031e-05
-2.818135868850200608e-05,-1.020847266385031627e-05
-2.579781118157641899e-05,-7.565355866499184694e-06
-3.573197859514893275e-05,-1.297802735112346679e-05
-3.315088580977057232e-05,-1.020797864992575564e-05
-3.060599190031005256e-05,-7.496307428474614547e-06
-4.095568963265317207e-05,-1.302488589044068739e-05
-3.832914456111218411e-05,-1.020806357575983963e-05
-3.573202446042136887e-05,-7.438004798008509736e-06
-4.625514518828807204e-05,-1.305948301369625957e-05
-4.359457292377435698e-05,-1.020830436194402012e-05
-4.095558621378673814e-05,-7.391599145968244483e-06
-5.160641180327291231e-05,-1.308217600817314548e-05
-4.892374162548697301e-05,-1.020859278396318292e-05
-4.625477777069234118e-05,-7.357553346009913287e-06
-5.698891958194957281e-05,-1.309552757412009455e-05
-5.429358844969630899e-05,-1.020876658454555307e-05
-5.160606014065095696e-05,-7.335238836104993483e-06
-6.238859337207079778e-05,-1.310262877437894741e-05
-5.968661837793276672e-05,-1.020871949527408067e-05
-5.698870539260698004e-05,-7.321909398907259256e-06
-6.779670075666630307e-05,-1.310583770394087152e-05
-6.509176502014674983e-05,-1.020857178312937137e-05
-6.238855393445369890e-05,-7.314590245151675122e-06
-7.320824376324798445e-05,-1.310711526708098890e-05
-7.050214619424694494e-05,-1.020843423732994809e-05
-6.779677857264857150e-05,-7.311164807048531080e-06
-8.480283716159874323e-05,-1.278941280665961079e-05
-8.403400866260805435e-05,-1.310786486030709212e-05
-7.563252698196851697e-05,-1.020844549259591205e-05
-7.862079873120054021e-05,-1.310760131658728075e-05
-7.320810372811115065e-05,-7.309872923885707860e-06
-8.512129251011998085e-05,-1.202058993989617418e-05
-8.330193952292318574e-05,-1.020839969463805161e-05
-7.862068245221969789e-05,-7.309174819293492331e-06
-8.512112054726509575e-05,-8.396304576054770057e-06
-8.403382729253613915e-05,-7.309049837719547788e-06
-8.480265527046666361e-05,-7.627497499558639995e-06
