Size 192,2
-8.639081589474865844e-05,1.235707935910639921e-05
-8.672658653643729447e-05,1.154665264062440734e-05
-8.672685767475354771e-05,7.725889355466481837e-06
-8.639112654578592833e-05,6.915499850822686034e-06
-8.558025162319920934e-05,1.269274190718768738e-05
-8.405975994823550082e-05,9.636318556417178486e-06
-8.558062160978151505e-05,6.579852476223556846e-06
-7.987252621248662672e-05,1.269066435607690485e-05
-7.987296250627858756e-05,6.581788643549443821e-06
-7.672344139858905648e-05,9.636011443301796832e-06
-7.417249676285767675e-05,1.268129525510124953e-05
-7.417271299036853514e-05,6.590315600064487240e-06
-7.132915402857690167e-05,9.635735221606238942e-06
-6.849728042868822393e-05,1.266257790200786237e-05
-6.849708062214740446e-05,6.608450361802597762e-06
-6.567224939797871338e-05,9.635306582561785544e-06
-6.286547150553409497e-05,1.263396756061470169e-05
-6.286572143002173508e-05,6.636737748580721182e-06
-6.006909998614358849e-05,9.635182535650896064e-06
-5.729606066142965714e-05,1.259685520691374015e-05
-5.729677708032416194e-05,6.673674435617341181e-06
-5.453628396566698096e-05,9.635175112301942702e-06
-5.180330732537445063e-05,1.255338039902583334e-05
-5.180451067685485560e-05,6.717404199698713174e-06
-4.908569844295147978e-05,9.635526553400633435e-06
-4.639771051704982797e-05,1.250498922393214462e-05
-4.639894399557966125e-05,6.766455554883183315e-06
-4.372638157449272730e-05,9.636108912211960767e-06
-4.108732318010685687e-05,1.245288476786219244e-05
-4.108819412375718633e-05,6.819737734348673475e-06
-3.846552738198962641e-05,9.636926490738128401e-06
-3.587899700362461491e-05,1.239677216226230161e-05
-3.587919440107688752e-05,6.877504244300852920e-06
-3.331008245902690917e-05,9.637817483543017862e-06
-3.077999732055273271e-05,1.233516745179557470e-05
-3.077940222768019726e-05,6.941135815754220504e-06
-2.836936027081365551e-05,9.638033869328674008e-06
-2.600005407278495109e-05,1.226708149213280294e-05
-2.599914803357944665e-05,7.013094932809464989e-06
-2.423418894120473846e-05,9.839973857334558693e-06
-2.247153918595823320e-05,1.220337485353102112e-05
-2.246977863689735052e-05,7.079316061794194030e-06
-1.996496126341875535e-05,1.214692385461196271e-05
-2.043727174963921753e-05,1.050118956024427643e-05
-1.996214544893103274e-05,7.122056666508064867e-06
-1.817425930754925818e-05,7.167936029527564892e-06
2.844950816765954705e-06,7.220080405558573267e-08
2.901034731862183972e-06,-6.257808784218801560e-08
2.900752539132409173e-06,-5.650419875484121607e-07
2.844924452483888578e-06,-6.981569975108628405e-07
-1.816981860855631920e-05,1.210675201158494184e-05
-1.657569452687633119e-05,1.197915858814604175e-05
-1.779749462890151311e-05,9.022787370235428532e-06
-1.656379788545619879e-05,7.077144820883220660e-06
2.710748471009968634e-06,1.278644236954943443e-07
2.575393435185726322e-06,-4.232976818924575678e-07
2.711715134379882275e-06,-7.538628593110191130e-07
-1.605972406192359423e-05,1.046428097911526303e-05
-1.502422530074935730e-05,1.166443073924924991e-05
-1.354486735600489952e-05,1.119282817967646471e-05
-1.558140926351787324e-05,8.407493699315948886e-06
-1.504123349416276652e-05,6.728860378723614441e-06
1.800924009827542659e-06,1.415413199345198594e-07
1.799759473002296264e-06,-7.713101827236690715e-07
1.328288470549472126e-06,-3.157691875883975151e-07
-1.215830954354565832e-05,1.055333089692745500e-05
-1.334058494453464236e-05,9.647185590451968489e-06
-1.384853997232256899e-05,7.727808414089177503e-06
-1.363974125974369651e-05,6.143592026563574656e-06
8.162874546720477341e-07,2.252886540987058499e-07
8.159575335646642505e-07,-8.582591689148742611e-07
2.325905978076722943e-07,-3.172415873347067501e-07
-1.086827272313955803e-05,9.780646396187104666e-06
-9.704653990009935469e-06,8.886820161271140282e-06
-1.208242821930932851e-05,7.432699363868267557e-06
-1.239640006072601504e-05,5.339329174897822752e-06
-4.375067024069287684e-07,4.085857563661811228e-07
-4.380109818217521912e-07,-1.044631683440479124e-06
-1.000044886312898693e-05,7.525329484553316214e-06
-8.675034678385445480e-06,7.874108339266615896e-06
-1.049098328912064953e-05,6.008222380594878651e-06
-1.134141439328219111e-05,4.366286380120839581e-06
-1.176614429877213179e-06,-3.184893791415935337e-07
-2.055829934109989166e-06,6.743555679693758694e-07
-2.054709997702334464e-06,-1.314497560445329386e-06
-7.771887235622185975e-06,6.773018205401195530e-06
-7.027338466637056047e-06,5.615809870624337924e-06
-6.435925290291687357e-06,4.391737126009431732e-06
-9.494938574036595094e-06,4.656103461925100524e-06
-1.049697848075741634e-05,3.267782268329697329e-06
-2.762639199257801280e-06,-3.165093842965255971e-07
-3.630610077991330136e-06,9.368165511161294640e-07
-3.631188127182521923e-06,-1.589904657630135836e-06
-7.685768819917661768e-06,4.389367253245349410e-06
-5.986708392009173104e-06,3.131155729483103554e-06
-5.063788947248179325e-06,1.160487098623570560e-06
-5.482289509968787121e-06,1.383422193840430428e-06
-5.706137818213329543e-06,1.837655160299624959e-06
-8.801413099337856351e-06,3.107423606481558949e-06
-9.870599415933040764e-06,2.091503642339958881e-06
-4.411115800662177040e-06,-1.330606210367569462e-07
-5.066123432452988092e-06,-1.789370372762232311e-06
-6.852340005417760652e-06,2.239314316341990550e-06
-5.509594524281898266e-06,4.943032377728507169e-07
-6.006377122241830888e-06,1.226386964125479842e-06
-8.304111592431932118e-06,1.727240606023982760e-06
-9.482896261326590674e-06,8.862801604993599267e-07
-5.536129520125369944e-06,-9.391383726714058549e-07
-5.473900403520248582e-06,-2.005998235204372949e-06
-7.113499892115543536e-06,1.985044800117886433e-07
-9.352247376624474109e-06,-3.224105490027420238e-07
-9.483967025275411369e-06,-1.517811633445948928e-06
-6.383577831150555776e-06,-1.716711271894035999e-06
-5.710028926248453894e-06,-2.472629268505474241e-06
-5.996286164072432199e-06,-3.765012570921438036e-06
-8.279102077950638500e-06,-1.665888103854247495e-06
-6.433133872959238050e-06,-5.031697730569232884e-06
-9.871579889433080174e-06,-2.730106209564083595e-06
-7.155192121226760270e-06,-3.805475500761678590e-06
-8.879366152956969451e-06,-3.904363544584344467e-06
-7.029819952356136244e-06,-6.246994051661483803e-06
-1.049648266019077850e-05,-3.906667270255344301e-06
-9.988932513663765380e-06,-5.081102220975659503e-06
-8.775984713938333196e-06,-5.822541274010959925e-06
-7.771595292277981519e-06,-7.420555859647145682e-06
-8.674636473761646505e-06,-8.525622546931861177e-06
-1.135639492582018659e-05,-5.001287189101291468e-06
-1.074263347430169741e-05,-6.417042658701489057e-06
-1.001746539768435345e-05,-8.090168255063414602e-06
-9.707524827274533730e-06,-9.546149789960401579e-06
-1.242146829003378852e-05,-5.972111153057087559e-06
-1.210172614906719469e-05,-8.083960211287694527e-06
-1.087847232530530328e-05,-1.044711485120997701e-05
-1.217837722406020002e-05,-1.122688155468169279e-05
-1.357622880840744914e-05,-1.187312157323130447e-05
-1.368680706952144206e-05,-8.541746311758708439e-06
-1.367370352874390259e-05,-6.781314997167971571e-06
-1.336990806563097647e-05,-1.031331638962387201e-05
-1.506856518817824322e-05,-1.234994768462318404e-05
-1.663203661606317088e-05,-1.266230486003929569e-05
-1.496727367707729679e-05,-8.936320940594925065e-06
-1.508921350877556260e-05,-7.375115031933310785e-06
-1.823463093928101036e-05,-1.279188873116387903e-05
-1.643432985052847826e-05,-1.040552246032955627e-05
-1.662168638675378223e-05,-7.726564199519635339e-06
-1.858539743590929250e-05,-1.065275625600320816e-05
-2.003839024673416226e-05,-1.283675210977238085e-05
-1.822201200250297780e-05,-7.829297121559934287e-06
-2.255743290195630108e-05,-1.288162261334548040e-05
-2.055061409209877092e-05,-9.426109849279779105e-06
-2.003568538255698684e-05,-7.785474681325944412e-06
-2.610791587814199972e-05,-1.294967301383646803e-05
-2.433169733690245345e-05,-1.010619717322596607e-05
-2.255827255157832501e-05,-7.728782514816295293e-06
-3.091718798247045991e-05,-1.302125331280976371e-05
-2.849235379068342983e-05,-1.031007573681570358e-05
-2.610786471943893583e-05,-7.665238750235056791e-06
-3.604138979179639067e-05,-1.307865564966477790e-05
-3.346177574641331085e-05,-1.031090189882626173e-05
-3.091675490298662510e-05,-7.598941102778835376e-06
-4.125633645196107176e-05,-1.312298545506741264e-05
-3.863524530191687309e-05,-1.031219665667025619e-05
-3.604083678086827713e-05,-7.544274390538731146e-06
-4.653946102828269830e-05,-1.315582862240553752e-05
-4.388802497238380432e-05,-1.031353802422935481e-05
-4.125592737940506419e-05,-7.502602627800055086e-06
-5.187121481431367450e-05,-1.317956560741522175e-05
-4.919836380740452968e-05,-1.031485374742992274e-05
-4.653918414122048338e-05,-7.472550780839967850e-06
-5.723732799863815899e-05,-1.319682093260439668e-05
-5.454914931539901638e-05,-1.031607767029318002e-05
-5.187086956281116400e-05,-7.451471861446093323e-06
-6.262815018310118205e-05,-1.320905231997355407e-05
-5.992899989704623693e-05,-1.031720503631438150e-05
-5.723685191762466640e-05,-7.436566679662975251e-06
-6.803590337404587869e-05,-1.321661627760242622e-05
-6.532967392708648353e-05,-1.031789095749905662e-05
-6.262778908980098317e-05,-7.426125019592032993e-06
-7.345297774665044928e-05,-1.322023206614823344e-05
-7.074339614780775080e-05,-1.031824150747252035e-05
-6.803569247151713408e-05,-7.419487700675704998e-06
-8.506196071774842844e-05,-1.290206833437115735e-05
-8.429226435322508622e-05,-1.322088839435177358e-05
-7.588067709299842103e-05,-1.031831941767018897e-05
-7.887289066533925144e-05,-1.322096714235525637e-05
-7.345293247636024722e-05,-7.416266419953119472e-06
-8.538078063970950334e-05,-1.213237149156000070e-05
-8.355952492242593786e-05,-1.031820107406190628e-05
-7.887296724863079899e-05,-7.415608729314411427e-06
-8.538083945030451485e-05,-8.503987063333373107e-06
-8.429233911851793351e-05,-7.415483001262924155e-06
-8.506202632037021983e-05,-7.734297681280937281e-06
