Size 192,2
6.832241825707662474e-05,-9.937072209495173339e-06
6.858653796842085191e-05,-9.299447590612180682e-06
6.858684751742690866e-05,-6.293750404969421449e-06
6.832277390173870091e-05,-5.656176455563077838e-06
6.768479379586708896e-05,-1.020118959699909548e-05
6.648909322206502954e-05,-7.796651707668107907e-06
6.768522055033953375e-05,-5.392081586711193766e-06
6.319506166918525513e-05,-1.020133689447923034e-05
6.319570597797641678e-05,-5.392086289392778637e-06
6.071636494828183981e-05,-7.796637486064802102e-06
5.870479168912383681e-05,-1.020001491466646867e-05
5.870550315954169526e-05,-5.393112788741614924e-06
5.646046220035942507e-05,-7.796621863818937954e-06
5.421878659218261912e-05,-1.019463440534732581e-05
5.421884533153745704e-05,-5.398111540189385525e-06
5.197913172160633781e-05,-7.796146527269529796e-06
4.974713940880547320e-05,-1.018238953988257739e-05
4.974716058076919832e-05,-5.409267433868688988e-06
4.751906293756746734e-05,-7.795518374403703630e-06
4.530415645699510392e-05,-1.016163228172869645e-05
4.530443158276999517e-05,-5.428820449469728445e-06
4.309604590441477260e-05,-7.794648568654846975e-06
4.090623311401260157e-05,-1.013151963568458100e-05
4.090699078401590418e-05,-5.456850681935164540e-06
3.872696436368281694e-05,-7.793603010074710768e-06
3.657151745509533940e-05,-1.009159711906242580e-05
3.657217076525072345e-05,-5.494017301789215552e-06
3.443010142237744163e-05,-7.792331357013336588e-06
3.231881842615164281e-05,-1.004188738338139863e-05
3.231860891211111989e-05,-5.540757157624300421e-06
3.022366141439286488e-05,-7.790816536419338767e-06
2.816509038024875850e-05,-9.983352529959336870e-06
2.816402940363031796e-05,-5.596171663524685355e-06
2.612414613619560866e-05,-7.788913456599027397e-06
2.412433041632197649e-05,-9.917841346857671675e-06
2.412279864345244428e-05,-5.658086467859263487e-06
2.222264893875058715e-05,-7.786426781402025718e-06
2.036308790870243731e-05,-9.848141402772476091e-06
2.036138727562603453e-05,-5.725987851819078296e-06
1.897880634011774351e-05,-7.942378686789701043e-06
1.760336051659289110e-05,-9.787951200906702329e-06
1.760085517700012096e-05,-5.784478847184310431e-06
1.564919307707342866e-05,-9.738642029291385389e-06
1.601612050793446604e-05,-8.455997405535778646e-06
1.564636179554656435e-05,-5.819743925777677403e-06
1.425463227330912757e-05,-5.856382186658915317e-06
-2.223183764047998950e-06,-3.257590657249608582e-07
-2.268649836405744997e-06,-2.163780574360409165e-07
-2.268418113901609097e-06,1.910816105446932500e-07
-2.223188542960371775e-06,2.989522247951372315e-07
1.425154172099300932e-05,-9.705027659024851843e-06
1.301099350181655211e-05,-9.604288822262294762e-06
1.396108091604676369e-05,-7.301803844847923269e-06
1.300121493109302728e-05,-5.785548489201701362e-06
-2.114281120970746282e-06,-3.710051951971179855e-07
-2.004419626213737400e-06,7.579544644142779393e-08
-2.115237524421220007e-06,3.439538209250095757e-07
1.260914824347775950e-05,-8.423997729027174366e-06
1.180330044477764194e-05,-9.358340767264887542e-06
1.065180441166989065e-05,-8.990638733485579160e-06
1.223701237520956569e-05,-6.821426717667546520e-06
1.181669135888676734e-05,-5.513190958705869425e-06
-1.375703184096584969e-06,-3.829390305332865322e-07
-1.375296572845989025e-06,3.561453288170938423e-07
-9.928877234107962533e-07,-1.368649334919205319e-08
9.571875425849702689e-06,-8.492390444036020773e-06
1.049285606910042141e-05,-7.786596584249239034e-06
1.088836111928757436e-05,-6.290966705292653506e-06
1.072588563439152516e-05,-5.055520762949028268e-06
-5.790773639136798663e-07,-4.498141568410905517e-07
-5.795586199151717213e-07,4.212232695075100166e-07
-1.104697820454608531e-07,-1.499319524637252600e-08
8.566826061166698904e-06,-7.890129153505258795e-06
7.659530278639201589e-06,-7.192990256676148933e-06
9.512806593855508666e-06,-6.060045189923127763e-06
9.757375510257211988e-06,-4.426972228900228923e-06
4.253353410267337457e-07,-5.934091954665532740e-07
4.248814561779490403e-07,5.618303289134857203e-07
7.890063681689015487e-06,-6.131340246973106756e-06
6.856825652919765576e-06,-6.403008038264037193e-06
8.272145046934373158e-06,-4.947839097349358878e-06
8.934745184354434780e-06,-3.666630166632481749e-06
1.011914004601763737e-06,-1.678595778841894733e-08
1.706190781033568956e-06,-7.989675768042001936e-07
1.704518419255451321e-06,7.650456360881487436e-07
6.152768325711516109e-06,-5.543397725751382017e-06
5.572581975119505508e-06,-4.639788011119149427e-06
5.113155154283472465e-06,-3.684520253454605685e-06
7.495208672595313337e-06,-3.891779426062844194e-06
8.275457920144949824e-06,-2.808955517456942953e-06
2.262405213279826116e-06,-2.071141910620837983e-08
2.941740115402797277e-06,-1.000096781385892155e-06
2.941337400599722452e-06,9.717390708729237859e-07
6.085918622238536801e-06,-3.682645164300689118e-06
4.765068017543647602e-06,-2.701053676340509313e-06
4.056256739977453478e-06,-1.169598509425542982e-06
4.379220530059543953e-06,-1.341498616692833191e-06
4.550699249765600504e-06,-1.693969816537942778e-06
6.953967954058689478e-06,-2.682968846295563510e-06
7.785038792647832934e-06,-1.891742727346360153e-06
3.551255723011227204e-06,-1.656170220600718351e-07
4.062314782095261236e-06,1.120306089536935937e-06
5.438983539083096939e-06,-2.005845868251565263e-06
4.402439399252315727e-06,-6.515876565370794984e-07
4.784720830671198727e-06,-1.218861751261003405e-06
6.566432678905000167e-06,-1.607228508549468698e-06
7.479000936817185090e-06,-9.540130633653381723e-07
4.426793005662008392e-06,4.599559763799140349e-07
4.382152886224998773e-06,1.285680263728213399e-06
5.643234162497495132e-06,-4.190384799673184157e-07
7.372965642546199937e-06,-1.586543136381425155e-08
7.464556917367189590e-06,9.072583313457465868e-07
5.084365626425853869e-06,1.062114818622350397e-06
4.567824989716637765e-06,1.641763764698851257e-06
4.795505040173847311e-06,2.626581141283049256e-06
6.540674648669597600e-06,1.024514182826711869e-06
5.137332675504903609e-06,3.584973736315865785e-06
7.750781574126865044e-06,1.839071491276459191e-06
5.682360197068198370e-06,2.659767374304131365e-06
6.994147209320280229e-06,2.734726992345862106e-06
5.596145745078203915e-06,4.501460082174331930e-06
8.214625945876297591e-06,2.736470927121740730e-06
7.829040126396243706e-06,3.625296749913726843e-06
6.916810088942808402e-06,4.183402579922384764e-06
6.162205812206238510e-06,5.379214774491353341e-06
6.843345406362330992e-06,6.200599679645460046e-06
8.851207060188013198e-06,3.567136049790636560e-06
8.391635700136541452e-06,4.628489998438926711e-06
7.850255545603710059e-06,5.875591712315194217e-06
7.619245321517614434e-06,6.953856460361078772e-06
9.638379901119417832e-06,4.299396138933526914e-06
9.400177695372669397e-06,5.869445365164047624e-06
8.492349199179866017e-06,7.616649343409505708e-06
9.454685431427146502e-06,8.186216060274996756e-06
1.048574052880666493e-05,8.653978426527554090e-06
1.056931617799067988e-05,6.207896390526082981e-06
1.056071822408934715e-05,4.906092753269407082e-06
1.033621544859564580e-05,7.511825303574393166e-06
1.158046269079250551e-05,8.997982682906827270e-06
1.272314889230139815e-05,9.220462266842094091e-06
1.150918958214110930e-05,6.499084461511544818e-06
1.159824596435300231e-05,5.351599874868190034e-06
1.389167803261294465e-05,9.310031347005007774e-06
1.258199882252287021e-05,7.574374791259257717e-06
1.271777194344824390e-05,5.616996283342521417e-06
1.414783490556545821e-05,7.753493095578259663e-06
1.520168079738167578e-05,9.337540222175769042e-06
1.388414661899709933e-05,5.696923456720615819e-06
1.702690854751500552e-05,9.365640170151063649e-06
1.557466340468140916e-05,6.862307611725060315e-06
1.519979337737227071e-05,5.670382777080811654e-06
1.959201787607797938e-05,9.409420713972422760e-06
1.831007110821112894e-05,7.355902766468902438e-06
1.702729876107344164e-05,5.634991528360396445e-06
2.305866231686792001e-05,9.456317484624297899e-06
2.131196710335161104e-05,7.503208184031304268e-06
1.959187105796335082e-05,5.593793365850575333e-06
2.674653571094599245e-05,9.494545827215190213e-06
2.489089582595513085e-05,7.503496963563303510e-06
2.305851295995590936e-05,5.549823025531062324e-06
3.049602093422461009e-05,9.524796421050374205e-06
2.861201700626390317e-05,7.504101001749666933e-06
2.674631822536153948e-05,5.512986161161954895e-06
3.429377954319915545e-05,9.548864913479599640e-06
3.238760026333568036e-05,7.504524726363495731e-06
3.049593764419716754e-05,5.483812666397150784e-06
3.813099179456902758e-05,9.569136656515548703e-06
3.620621128782947550e-05,7.505029980099138481e-06
3.429369803520433035e-05,5.460648248120960932e-06
4.200238651042304124e-05,9.586978209427105257e-06
4.006117442558198460e-05,7.505550601352415292e-06
3.813083442759209520e-05,5.441516044426157185e-06
4.590383156569332278e-05,9.601812841049714494e-06
4.394840303569286634e-05,7.506070830706955164e-06
4.200221883917056216e-05,5.424734487866669052e-06
4.982833626300658676e-05,9.611842210495518977e-06
4.786292901647448396e-05,7.506584928765965764e-06
4.590365111314972219e-05,5.410892543146369723e-06
5.376568769737670331e-05,9.616949760567231146e-06
5.179562428211058594e-05,7.507089354691207482e-06
4.982814455315956746e-05,5.401820236187028080e-06
6.220809473604105853e-05,9.386583970885396051e-06
6.164842455005899787e-05,9.618423073065635148e-06
5.553108264129572394e-05,7.507366360868900216e-06
5.770735136996626644e-05,9.618411267711799475e-06
5.376568153397226073e-05,5.397549210540272330e-06
6.243991686941721122e-05,8.826891850075728991e-06
6.111559208611764280e-05,7.507682289866717725e-06
5.770728589865314206e-05,5.396609684723322204e-06
6.243995550141067589e-05,6.188468853337268728e-06
6.164843360696709408e-05,5.396887806076250723e-06
6.220812696774219908e-05,5.628743226298218164e-06
