Size 192,2
2.481305207368676729e-05,-2.382170995110172899e-06
2.494169571117521364e-05,-2.071760991708451858e-06
2.494206973376119444e-05,-6.084590157751374895e-07
2.481348745198593534e-05,-2.981453848745169336e-07
2.450253457548899147e-05,-2.510729466929062905e-06
2.392020736721579377e-05,-1.340212120491775916e-06
2.450307589533371784e-05,-1.696333986543893411e-07
2.231591721840586734e-05,-2.509567390620569107e-06
2.231673308673300885e-05,-1.713575446215651961e-07
2.111038243751042805e-05,-1.340594222440396072e-06
2.013459545504201159e-05,-2.503519235423694183e-06
2.013565731389720337e-05,-1.784118173139664941e-07
1.904910702699566790e-05,-1.341443790748765277e-06
1.797174934428077329e-05,-2.490045050496224117e-06
1.797255233286068540e-05,-1.939286124145430705e-07
1.690067606298231386e-05,-1.342371810417234954e-06
1.584393950572012590e-05,-2.467625069764503650e-06
1.584514744722813814e-05,-2.186088353835675735e-07
1.479690550611347617e-05,-1.343701389931856948e-06
1.376922366980970041e-05,-2.437083309986756374e-06
1.377066467459595851e-05,-2.518772608422514624e-07
1.275375993108089863e-05,-1.345256150541491250e-06
1.176097721664532398e-05,-2.400801012818885006e-06
1.176252426319669128e-05,-2.909934440517269651e-07
1.078178910504969926e-05,-1.346868182345343762e-06
9.827861199007288640e-06,-2.360463114686853427e-06
9.828964099893262036e-06,-3.343096658957325073e-07
8.887845540673403345e-06,-1.348498173314118491e-06
7.976221870231438939e-06,-2.315705015264092800e-06
7.976736738465025611e-06,-3.823544055388088517e-07
7.079272095819087873e-06,-1.349998599133342777e-06
6.215347962748922542e-06,-2.263853876506158531e-06
6.215336972026937648e-06,-4.374172747992885785e-07
5.368388868180463745e-06,-1.351355190156108352e-06
4.560772769643978214e-06,-2.201350880702677269e-06
4.560427722720275283e-06,-5.032170202950791922e-07
3.804700547918700135e-06,-1.352099157108571363e-06
3.093658589289219128e-06,-2.126687986885746741e-06
3.093022449348807196e-06,-5.835601593140901004e-07
2.572880529301183271e-06,-1.409281366883399840e-06
2.087468755592405288e-06,-2.054214864234854163e-06
2.085616811255226786e-06,-6.605696451478394111e-07
1.426633719536727140e-06,-1.988313716533587427e-06
1.534316620607200450e-06,-1.578561210843209351e-06
1.423393870391016030e-06,-7.114905639807988830e-07
9.833908596309003799e-07,-7.667413498811514000e-07
2.440995210513038640e-07,-6.977463355267429536e-07
2.491227090356262355e-07,-7.095424033859417955e-07
2.491910693192555421e-07,-7.546470637115485297e-07
2.441382769496855128e-07,-7.668104672823076859e-07
9.780776439350363952e-07,-1.940713640827198653e-06
6.152589372450695812e-07,-1.876149053201687737e-06
8.751884104363017939e-07,-1.209616391765956951e-06
5.968468230463319253e-07,-7.941137181621118845e-07
2.322711334816269127e-07,-6.930427925344925935e-07
2.198199831807539824e-07,-7.426477229704860848e-07
2.320027473316784070e-07,-7.721640030881720693e-07
4.867324649106045263e-07,-1.524235188239623831e-06
2.842015427514594660e-07,-1.761926806225595218e-06
3.268790591393992874e-10,-1.631401840056677795e-06
3.775384381002950301e-07,-1.089138443756958286e-06
2.689674939274128971e-07,-7.803281993861560523e-07
1.505548816971260147e-07,-6.941570713725416928e-07
1.497961994542653916e-07,-7.755215812546728068e-07
1.079924781232015695e-07,-7.359323749101508070e-07
-2.296742670012613494e-07,-1.465560463681840176e-06
-5.099285544948670448e-08,-1.318809352239939890e-06
3.955541077105075421e-08,-9.738885382101700878e-07
-5.715283034320134994e-09,-7.381255278493035576e-07
6.320899910828346453e-08,-6.902072838524539865e-07
6.269414065627806736e-08,-7.835895575550593389e-07
1.304415634286690750e-08,-7.378350937995742030e-07
-4.208782174973250038e-07,-1.299174985219924677e-06
-5.536256703772216012e-07,-1.137596411304570734e-06
-2.567432770018503803e-07,-9.326645256660680024e-07
-2.252970420080911524e-07,-6.689818772232376294e-07
-4.263848367139821668e-08,-6.790730389310560887e-07
-4.314185875187618518e-08,-7.984132086188860034e-07
-5.182710761262438884e-07,-9.355186093590386700e-07
-6.352690787276576698e-07,-9.712759867949906576e-07
-4.707555884322823626e-07,-7.588875418982589207e-07
-3.920115207917561421e-07,-6.074058256679071379e-07
-1.029202655621367171e-07,-7.395479803770913980e-07
-1.730911445657007650e-07,-6.603729039514395242e-07
-1.736510207734008669e-07,-8.200692460032450115e-07
-6.913282179433588323e-07,-8.239749196335126061e-07
-6.937247613247307860e-07,-7.217901368356264016e-07
-6.586697739513578446e-07,-6.360260346339729512e-07
-5.599983652073199265e-07,-6.387554077374495936e-07
-5.127610607418542993e-07,-5.723276767469583643e-07
-2.298128414366161295e-07,-7.409441491941777820e-07
-2.991286194913485386e-07,-6.397262852961482835e-07
-2.987246216422234492e-07,-8.421612433158062563e-07
-6.476713297797148239e-07,-6.244746092001244737e-07
-6.157239532544507652e-07,-5.913073472153582628e-07
-4.353664896081487807e-07,-6.195322732884724519e-07
-4.899672262143106467e-07,-6.064860268670557046e-07
-5.366271317446236235e-07,-5.898946965383205514e-07
-6.107243487531109182e-07,-5.715623011338727100e-07
-6.091724683047474202e-07,-5.731485042056818805e-07
-3.627371924047378153e-07,-7.281986810200338667e-07
-3.896662821239915752e-07,-8.557144501827410319e-07
-6.033613865901922514e-07,-5.708725069570712231e-07
-4.704899424480040648e-07,-6.684071304604149819e-07
-5.339037505370134166e-07,-6.144129020872279816e-07
-6.249740820545409294e-07,-5.774977440643132514e-07
-6.874725514573786707e-07,-6.194411648741284531e-07
-4.339514469235069421e-07,-7.815518909446143529e-07
-3.981652684431614027e-07,-8.761279299927400338e-07
-5.831836429282718122e-07,-6.547829113853700428e-07
-7.384237977508153249e-07,-6.991733279985147628e-07
-8.377791436201210691e-07,-8.186426332599126415e-07
-4.808630892966858509e-07,-8.377282704322560494e-07
-3.944562059987781034e-07,-9.359358344193147442e-07
-3.750427393826721064e-07,-1.132459711286768538e-06
-6.910680514959768378e-07,-8.101698159027941570e-07
-3.824885119486180099e-07,-1.376818294869388657e-06
-9.661553816771236343e-07,-9.586155812740300887e-07
-5.292000504926901836e-07,-1.122241427744324760e-06
-8.152213218504242465e-07,-1.141396571071302749e-06
-4.511370869477903942e-07,-1.633713779217248102e-06
-1.148843320731738352e-06,-1.143159289855804968e-06
-1.061806101867900816e-06,-1.370889474569168037e-06
-7.925351089011286176e-07,-1.532594752673482428e-06
-5.646545174539792106e-07,-1.927610273453644878e-06
-7.545407933800807268e-07,-2.237246591706310779e-06
-1.407506168867416800e-06,-1.342398905298484460e-06
-1.258768178822026096e-06,-1.680714404199976228e-06
-1.073522443271477833e-06,-2.124879536135590563e-06
-9.914777757015881890e-07,-2.554976076492778072e-06
-1.732930896730079946e-06,-1.547619822432869332e-06
-1.648077653905441038e-06,-2.134448393574565264e-06
-1.300445570191100373e-06,-2.849079549796104454e-06
-1.684545300091703523e-06,-3.128417676806646990e-06
-2.120692539856751821e-06,-3.386783597698688700e-06
-2.143581056139333956e-06,-2.273695458215459108e-06
-2.133436869012326019e-06,-1.741989791545080028e-06
-2.040089325070541631e-06,-2.846321295455107863e-06
-2.621856879575998294e-06,-3.585652828619560785e-06
-3.176372478739606825e-06,-3.736798723741756999e-06
-2.570364519023721717e-06,-2.396444483581220608e-06
-2.615047393337896504e-06,-1.882120494345073983e-06
-3.762101369533557212e-06,-3.819936993383486851e-06
-3.083759322213736114e-06,-2.910093755755023778e-06
-3.159075896105394805e-06,-1.952277105854934695e-06
-3.886427501040914538e-06,-3.009730177621261661e-06
-4.458965387075242690e-06,-3.878354422418086195e-06
-3.745685189789874678e-06,-1.955934444995728515e-06
-5.466538560129827490e-06,-3.937039812756283275e-06
-4.646605273054369854e-06,-2.534451083111740743e-06
-4.455448289038143465e-06,-1.899602277297106432e-06
-6.967472524037295348e-06,-4.026918654509221435e-06
-6.199326486055837077e-06,-2.802421254224672385e-06
-5.467826564610464046e-06,-1.826312545913980811e-06
-9.113090697311910214e-06,-4.124813552666592816e-06
-8.012894620385886549e-06,-2.888256478251681691e-06
-6.967788970918193907e-06,-1.742804015886848070e-06
-1.150787536340753641e-05,-4.209844496702682823e-06
-1.028458447565519976e-05,-2.889576753072737781e-06
-9.112575532444271720e-06,-1.652080736338554229e-06
-1.404622628389727558e-05,-4.283602643579490293e-06
-1.275417095476391031e-05,-2.891258017817151554e-06
-1.150730367431360581e-05,-1.570951146237193468e-06
-1.670962903389339936e-05,-4.346485776682494980e-06
-1.535839091511606423e-05,-2.892576986130769820e-06
-1.404582682917498522e-05,-1.500267587885326151e-06
-1.947798368078349255e-05,-4.397899759543537164e-06
-1.807781932524044519e-05,-2.893592361141895648e-06
-1.670937047293433164e-05,-1.439748894957942247e-06
-2.233030908349496827e-05,-4.437422905392844182e-06
-2.089180393889876307e-05,-2.894143917338261676e-06
-1.947784675642194425e-05,-1.389987357302733826e-06
-2.524510951020287700e-05,-4.465407586260942732e-06
-2.377901361172848817e-05,-2.894384203109853563e-06
-2.233027598049999678e-05,-1.351181025035642901e-06
-2.820109743620984022e-05,-4.482394234698971275e-06
-2.671789262911676251e-05,-2.894384652681712016e-06
-2.524513252439485262e-05,-1.323435119303319243e-06
-3.117903050484656082e-05,-4.490556894869116321e-06
-2.968777844351556567e-05,-2.894262880633942323e-06
-2.820114363701060726e-05,-1.306194166327774113e-06
-3.757449880761058243e-05,-4.317317780093111642e-06
-3.715049541453414574e-05,-4.492948873726425987e-06
-3.251591964648338577e-05,-2.894126284073270900e-06
-3.416462509549423346e-05,-4.492846377889040263e-06
-3.117908234729815708e-05,-1.297808266366959881e-06
-3.775012760568331304e-05,-3.893312733289371847e-06
-3.674678422365081808e-05,-2.893923738741441260e-06
-3.416467716810151373e-05,-1.295194677713089475e-06
-3.775016503961865229e-05,-1.894509639949565176e-06
-3.715054108748347536e-05,-1.294881562535430398e-06
-3.757453999766591625e-05,-1.470508963072472087e-06
