Size 192,2
5.181822444833559979e-05,-5.654768023764747290e-06
5.204309756225248282e-05,-5.112000888250201860e-06
5.204324644459982423e-05,-2.553166326757416436e-06
5.181839886580848247e-05,-2.010440231165383804e-06
5.127536733766852918e-05,-5.879572321587858939e-06
5.025705084276989841e-05,-3.832625972941231622e-06
5.127558685106343073e-05,-1.785655445560868541e-06
4.745274832857078045e-05,-5.878503125909763285e-06
4.745307102546808732e-05,-1.786941354726000277e-06
4.534362510017850441e-05,-3.832747944144634282e-06
4.363437377978459226e-05,-5.873681353040149145e-06
4.363483795829457270e-05,-1.791998969483477431e-06
4.172921267104390860e-05,-3.832887560543885734e-06
3.982950276798145705e-05,-5.863309959144696589e-06
3.983020405969634901e-05,-1.802557141065522201e-06
3.793500691777561257e-05,-3.832988452673024020e-06
3.604997946007742224e-05,-5.846098516788109883e-06
3.605085930520694195e-05,-1.819810399438021548e-06
3.417272130338571052e-05,-3.833110277801521545e-06
3.230891871403887528e-05,-5.822541725659408586e-06
3.230936178288913371e-05,-1.843355393073916834e-06
3.045435163911467701e-05,-3.832969109940873233e-06
2.861829467367080576e-05,-5.791852438003338185e-06
2.861824372268462186e-05,-1.873734302890012536e-06
2.679272587042640503e-05,-3.832650256349184813e-06
2.499043475949792666e-05,-5.753734142715438798e-06
2.499015391542363235e-05,-1.911315729411839287e-06
2.320048136760187102e-05,-3.832243022625831054e-06
2.143966302738007526e-05,-5.706121073978424684e-06
2.143965782194114434e-05,-1.958210544442649966e-06
1.969484453871179257e-05,-3.831837662364355380e-06
1.798696321778307835e-05,-5.645729935026038495e-06
1.798706900401031254e-05,-2.017756754879318470e-06
1.629926678781670648e-05,-3.831464161932948755e-06
1.465811230863473226e-05,-5.569141750971178973e-06
1.465795863459992100e-05,-2.093898493020521824e-06
1.310635670075728604e-05,-3.830542674984200198e-06
1.161010370112587481e-05,-5.475450227957061151e-06
1.160931227637244465e-05,-2.190848111955015232e-06
1.050337472143095701e-05,-3.953381265954568264e-06
9.431260480193172238e-06,-5.383747752370384865e-06
9.428584977537579474e-06,-2.285604303313446895e-06
7.935086621567160678e-06,-5.299765231353230779e-06
8.200438401507531281e-06,-4.341634941624738127e-06
7.930359488529519177e-06,-2.348587320767481739e-06
6.893639896617147610e-06,-2.417747329770504162e-06
-6.767169479663656789e-07,4.780908514158508634e-09
-6.890131671088121824e-07,3.433722470907590726e-08
-6.889644688564947864e-07,1.442038913457211962e-07
-6.767580081881932046e-07,1.732867065795786685e-07
6.887543759373812305e-06,-5.238876970849487686e-06
5.992523104014154521e-06,-5.131733133770981403e-06
6.660181375248361155e-06,-3.479279286036679824e-06
5.969386283485993917e-06,-2.413724101628750801e-06
-6.473172618166795936e-07,-7.426230160268739604e-09
-6.179589989351104780e-07,1.132155492053122545e-07
-6.476618895264840095e-07,1.854493733230319608e-07
5.691721442112191768e-06,-4.274195112113630040e-06
5.143360063189860989e-06,-4.912465288553097535e-06
4.365096775724899040e-06,-4.623986752177850150e-06
5.422223528610961639e-06,-3.152422700393814689e-06
5.132787121760369179e-06,-2.282934642736653833e-06
-4.486246837812302368e-07,-1.154068649840002580e-08
-4.486650271352000305e-07,1.890989379802477788e-07
-3.450472000241024716e-07,8.826214226086216490e-08
3.672379497933075230e-06,-4.243821348068424029e-06
4.245361445171538412e-06,-3.794913738020258427e-06
4.505094327113181954e-06,-2.809565359892247967e-06
4.389605456561857036e-06,-2.045307722638316813e-06
-2.310412655722170176e-07,-3.433344305156313667e-08
-2.316526477059032886e-07,2.090847456089313213e-07
-9.993958330887535821e-08,8.630904265918912626e-08
3.050848110494606154e-06,-3.818408910159736088e-06
2.531004432213167252e-06,-3.357888084653111999e-06
3.619366411664574686e-06,-2.669077340158184205e-06
3.754829221462956915e-06,-1.708443444883818811e-06
5.348227653643166712e-08,-8.277557277720825815e-08
5.276545665324929496e-08,2.529374221481759792e-07
2.664761173532626560e-06,-2.701822225377266523e-06
2.108072226695968040e-06,-2.853271762600790852e-06
2.875144425107033532e-06,-2.020596225820330173e-06
3.236090869200839602e-06,-1.324170978424100852e-06
2.242249746606285996e-07,8.377314144782502260e-08
4.314709920657511809e-07,-1.527378174008075986e-07
4.299545003222166010e-07,3.182771954498203450e-07
1.753141149321982078e-06,-2.338826426291009066e-06
1.505964151637334843e-06,-1.852621363445055830e-06
1.347864191598964376e-06,-1.361393374458244507e-06
2.455394934955616083e-06,-1.451481216148011214e-06
2.833692283675775731e-06,-9.260697185876492933e-07
5.978050378696588653e-07,8.011906985450106779e-08
8.058558849430871610e-07,-2.212648428027737807e-07
8.059266085563781922e-07,3.868621427567423576e-07
1.770084563811395956e-06,-1.348735304305462584e-06
1.244769142734446181e-06,-9.003207618370996982e-07
1.129556963438912362e-06,-2.783966178540967405e-07
1.209816081022533447e-06,-3.395790935635305097e-07
1.234821981616070172e-06,-4.727472208628108106e-07
2.174991071276634439e-06,-8.723408628794890180e-07
2.528038049238998010e-06,-5.400570937474490006e-07
9.914779474866182037e-07,3.236615325838896814e-08
1.176509471405989064e-06,4.402565329816474657e-07
1.542264410225170690e-06,-5.856253741668636755e-07
1.238463458881400764e-06,-1.120721682287594717e-07
1.336231013413658244e-06,-2.971225924425590800e-07
1.996698081291292519e-06,-4.247485797099682681e-07
2.319605586803740173e-06,-1.920499080427491834e-07
1.284084184555328702e-06,2.397524469430527527e-07
1.299876344150715738e-06,4.909934366103969836e-07
1.648404012301176447e-06,-2.575507653944490995e-09
2.224277949627357474e-06,1.217814558517752000e-07
2.166927156494664060e-06,3.905823219944925387e-07
1.513011233825311363e-06,4.360772660658061550e-07
1.380263049465335809e-06,5.837485418357561040e-07
1.492207628405041008e-06,8.087757733462901365e-07
1.920735205941160121e-06,4.473302967989614827e-07
1.626343621973777819e-06,9.780668443674871590e-07
2.164966679943750094e-06,6.450904176142426097e-07
1.715696770739049243e-06,8.320011607714319858e-07
1.992026501600119499e-06,8.449349321338027573e-07
1.751414345026992951e-06,1.118197561297369644e-06
2.186655106529042117e-06,8.437233301193081872e-07
2.107806138059933079e-06,9.994602070129537682e-07
1.980146526226104756e-06,1.080302496348765400e-06
1.879160611497328082e-06,1.208916390693072145e-06
1.983950342448603522e-06,1.262286757211117137e-06
2.210013067350307081e-06,1.001469013089914453e-06
2.157422662139379827e-06,1.126776542330173004e-06
2.104478826248117958e-06,1.231767240102704828e-06
2.084658207810451541e-06,1.280969582006141923e-06
2.234551210125217307e-06,1.113244180547043686e-06
2.214046390990780193e-06,1.220208853786709392e-06
2.159485171495399424e-06,1.284326202377340367e-06
2.202767550844914231e-06,1.263361576207336517e-06
2.227415021478219781e-06,1.220758992802780482e-06
2.240595590261430449e-06,1.231518932112415085e-06
2.246517178425578849e-06,1.183405598763245030e-06
2.239280394389138501e-06,1.244199844287739793e-06
2.219625059919154256e-06,1.181717463532295600e-06
2.183895252654618504e-06,1.136794919164708899e-06
2.236768301441342297e-06,1.238691419138661830e-06
2.232798687788398823e-06,1.236782388261155102e-06
2.131037822114814247e-06,1.099167231414256738e-06
2.209473204189281768e-06,1.212491537290305445e-06
2.197046288065981833e-06,1.279985957065456391e-06
2.123142405530564955e-06,1.195572446679256721e-06
2.036743894012461234e-06,1.058724816597761468e-06
2.142675469626596535e-06,1.308136183273307764e-06
1.873615792096804907e-06,1.018005734984169360e-06
2.019737461005494868e-06,1.260435188164739640e-06
2.039494224223573000e-06,1.346804433358961608e-06
1.569348610188680501e-06,9.553691552752573486e-07
1.737802086057374472e-06,1.219872704219388143e-06
1.873187924331032487e-06,1.397011226706805783e-06
1.053400336899284819e-06,8.862285068818278388e-07
1.330646428340885531e-06,1.202304218186977614e-06
1.569501819759894326e-06,1.454635849402587280e-06
4.029985366440874318e-07,8.246489752307509423e-07
7.468616823998884025e-07,1.201001451654509654e-06
1.053796241492281145e-06,1.517809162426232579e-06
-3.531050029611840753e-07,7.689809772900930000e-07
4.223326462309808557e-08,1.199460076005827090e-06
4.034700149599001903e-07,1.575868616572465627e-06
-1.204971669158693041e-06,7.202651648488677899e-07
-7.637867168098271153e-07,1.198010326212012965e-06
-3.526226726121232305e-07,1.628428644410766598e-06
-2.138031661578639631e-06,6.806935069706438022e-07
-1.659152024250512708e-06,1.196676430332151225e-06
-1.204502202946827206e-06,1.674389415455326845e-06
-3.133712590315473920e-06,6.513799778036513304e-07
-2.626865818997156077e-06,1.195550793739415664e-06
-2.137668661754781335e-06,1.711482100924891281e-06
-4.172562027711037655e-06,6.318892070508353815e-07
-3.647294197081447958e-06,1.194769231193800781e-06
-3.133492473397646241e-06,1.738897075900909395e-06
-5.237735598753941077e-06,6.205635881861875678e-07
-4.701823542797779340e-06,1.194272012073039074e-06
-4.172401568874006536e-06,1.757110683976071619e-06
-6.316953843916755829e-06,6.145475089764005741e-07
-5.775697308085036607e-06,1.193985705411289815e-06
-5.237638920962661614e-06,1.767700108104333708e-06
-8.645524283184352228e-06,6.750108989684064513e-07
-8.491071231820037415e-06,6.110442948942136451e-07
-6.802642610967086398e-06,1.193806761591986639e-06
-7.402842568433932357e-06,6.116522381686570379e-07
-6.316904334911174812e-06,1.773243321796227003e-06
-8.709502902416392021e-06,8.294464650891796990e-07
-8.343867186852249016e-06,1.193533181661309611e-06
-7.402760161545012647e-06,1.775734775686337287e-06
-8.709504695022342175e-06,1.557604804771876542e-06
-8.491045024318461893e-06,1.776047974670214801e-06
-8.645518548445386449e-06,1.712067447280405235e-06
