Size 192,2
7.322593211753744330e-05,-1.222431906619231917e-05
7.347765227930694418e-05,-1.161647800985645771e-05
7.347732669220107058e-05,-8.751108538750654368e-06
7.322555571172243848e-05,-8.143193008152432329e-06
7.261817974239452675e-05,-1.247610903586339225e-05
7.147825547833764530e-05,-1.018371448352893452e-05
7.261771860280883566e-05,-7.891366868895439228e-06
6.833931096359261456e-05,-1.247698442615327757e-05
6.833857122765734737e-05,-7.889987981153933177e-06
6.597499527091235888e-05,-1.018329401610741551e-05
6.405504762894711449e-05,-1.248083125085942977e-05
6.405440403206401085e-05,-7.885619077998937295e-06
6.190940222948362708e-05,-1.018273047097038353e-05
5.976039500532966440e-05,-1.248635158339081742e-05
5.976031317137898356e-05,-7.879050993572022608e-06
5.760870944102524857e-05,-1.018238846039948803e-05
5.545350240308238556e-05,-1.249236049418878255e-05
5.545315100221963176e-05,-7.872031249534090205e-06
5.329511633171158129e-05,-1.018199159229380447e-05
5.113417045930215236e-05,-1.249772584107601426e-05
5.113380058184375853e-05,-7.865819390970903434e-06
4.897040124222784557e-05,-1.018181498914094684e-05
4.680505605749918141e-05,-1.250166740176787168e-05
4.680453420089913404e-05,-7.861707147234745261e-06
4.463760754301094208e-05,-1.018196222823937308e-05
4.247012463274523034e-05,-1.250313308671295752e-05
4.246944962749391766e-05,-7.860944124081382036e-06
4.030190491445808997e-05,-1.018239468690257259e-05
3.813599566168740182e-05,-1.250077496967143536e-05
3.813548284034950337e-05,-7.864778317607356163e-06
3.597116739629402241e-05,-1.018316699692494251e-05
3.381179354005130167e-05,-1.249333933262108632e-05
3.381178594004234807e-05,-7.874354149770645777e-06
3.165600363634855647e-05,-1.018423759641499643e-05
2.950920094201609672e-05,-1.247972656183423621e-05
2.950967135387267632e-05,-7.890305031875726835e-06
2.745456339815095917e-05,-1.018534465083794057e-05
2.541134230160521705e-05,-1.246115929017134432e-05
2.541179609645802690e-05,-7.911905792945765067e-06
2.388344179813931670e-05,-1.036310120303547814e-05
2.233494979541235313e-05,-1.244281904025942262e-05
2.233477476264647391e-05,-7.932300112881274083e-06
2.011439345800083417e-05,-1.242649715493852860e-05
2.054371794593104136e-05,-1.095328813830750660e-05
2.011365754922066508e-05,-7.945349649979206486e-06
1.850946038553380880e-05,-7.959221109744701398e-06
-3.124553758071801590e-06,-5.849208660350135800e-07
-3.187417902027358426e-06,-4.336574851342232387e-07
-3.187046313792500873e-06,1.296521694554250579e-07
-3.124501858416738592e-06,2.787522207270305976e-07
1.850811432724070799e-05,-1.241490242018984064e-05
1.705919260888449335e-05,-1.232169666625058844e-05
1.818108031536357633e-05,-9.631405148517484038e-06
1.705808018060008969e-05,-7.847256435546680852e-06
-2.973965342808863193e-06,-6.475153319825801039e-07
-2.822185605385596119e-06,-2.979852622023580127e-08
-2.975271335146189004e-06,3.409480824069548319e-07
1.659719430935840896e-05,-1.094984508891388994e-05
1.563536179178723860e-05,-1.206257047572447075e-05
1.425777408163990840e-05,-1.164848925769876474e-05
1.616234422223592572e-05,-9.060937223114229132e-06
1.566218627221905788e-05,-7.490887675394593694e-06
-1.953128070398622976e-06,-6.640107095447992096e-07
-1.952370970560998050e-06,3.585836030490893370e-07
-1.423489262266880831e-06,-1.525730002915355576e-07
1.294483424213932468e-05,-1.107980172460597764e-05
1.407490465774732867e-05,-1.021981489902009915e-05
1.455191457261810820e-05,-8.419488894339032745e-06
1.436037310192757934e-05,-6.904011019762026987e-06
-8.505092761964512179e-07,-7.568685613340647072e-07
-8.505531733413882900e-07,4.517960574047746515e-07
-1.999323589254307383e-07,-1.523741037799716695e-07
1.170936887577243892e-05,-1.037164041513818972e-05
1.057126756920063786e-05,-9.533729393726505334e-06
1.288127203787320449e-05,-8.135702295037272255e-06
1.319052442067726407e-05,-6.104471003063521238e-06
5.446752792573206203e-07,-9.569375078578865105e-07
5.449663255113621534e-07,6.529061033237391024e-07
1.085935186931670091e-05,-8.230879497325234285e-06
9.543031691332284059e-06,-8.574228732867906846e-06
1.134365930285672923e-05,-6.750207019466203888e-06
1.218568370765521169e-05,-5.124028226731828938e-06
1.362738494351627280e-06,-1.518179270763268964e-07
2.332612782464117205e-06,-1.245426204379127656e-06
2.331562524752139262e-06,9.448377390073824606e-07
8.631801226720774311e-06,-7.510727109120874901e-06
7.854830202925831395e-06,-6.361988866993711403e-06
7.216054316926322979e-06,-5.133844905664752757e-06
1.035460890872836665e-05,-5.408331519271877294e-06
1.137353259712082587e-05,-3.997178411129176087e-06
3.111601413078403838e-06,-1.537952581309406176e-07
4.065158232945750990e-06,-1.529705540079207029e-06
4.065395821663312403e-06,1.242310755622780019e-06
8.515395579620076380e-06,-5.138109149436780195e-06
6.721138254731468824e-06,-3.843681905080727368e-06
5.649143098142642997e-06,-1.771623872932524295e-06
6.119359126617178252e-06,-2.010942955219446072e-06
6.381019804963492172e-06,-2.494218660577094677e-06
9.658978112250981354e-06,-3.830139513933188531e-06
1.077473496148633966e-05,-2.767979021378295538e-06
4.923041155034520428e-06,-3.539139964517789594e-07
5.625310558705037750e-06,1.454978750583017477e-06
7.617917209729925141e-06,-2.924371650241911951e-06
6.136799658649855196e-06,-1.044930889308582648e-06
6.693108769510352033e-06,-1.841337979948826479e-06
9.147329130593675301e-06,-2.384945650119262267e-06
1.041454084022020475e-05,-1.481946425115019988e-06
6.143629060243139002e-06,5.209258446650103368e-07
6.058111213557072799e-06,1.691827735047575053e-06
7.878905996624288913e-06,-7.426339754304615018e-07
1.030676629959459593e-05,-1.724936314441983654e-07
1.049990925630111318e-05,1.145813832768123667e-06
7.056834288079899564e-06,1.366184266559331469e-06
6.303364223580928227e-06,2.212193764445992923e-06
6.592339303985544356e-06,3.672544453529873096e-06
9.157592057824781058e-06,1.296324899071049322e-06
7.053371493717109023e-06,5.133498606571360445e-06
1.097648766040360822e-05,2.492122792255832664e-06
7.890548232342934560e-06,3.709018536332386619e-06
9.854052725132324072e-06,3.822571747211760507e-06
7.715470027281566331e-06,6.547757379654803787e-06
1.173172637148537179e-05,3.825631964251858222e-06
1.115203493932786011e-05,5.181101112620799814e-06
9.732624970261963095e-06,6.047153197150725958e-06
8.554425980573216425e-06,7.939698575120703039e-06
9.604811428679236021e-06,9.269048443746578410e-06
1.277565668664683516e-05,5.081453766084221088e-06
1.205029993511098327e-05,6.751562666830394431e-06
1.118777357679039834e-05,8.750554996883153324e-06
1.081748572029660135e-05,1.051500259006887605e-05
1.407199719925031837e-05,6.211308307874278500e-06
1.368973948891380082e-05,8.749367293154158596e-06
1.221509687615527834e-05,1.162280196765505119e-05
1.379015505915600933e-05,1.259599580287761337e-05
1.549739130518933914e-05,1.341847571075737930e-05
1.562586823252443678e-05,9.306303661544994331e-06
1.560663640572172335e-05,7.166183795178347736e-06
1.523601900856357404e-05,1.148177187612499661e-05
1.734028100961251139e-05,1.403043742155819436e-05
1.928884503398793610e-05,1.444431443534186492e-05
1.720513056703914674e-05,9.787835345559254679e-06
1.735824337777729440e-05,7.865014910054117953e-06
2.129626087461915554e-05,1.462884259688179979e-05
1.902883147776196921e-05,1.161483790564748715e-05
1.926799464713211063e-05,8.270361173513543498e-06
2.173311279614867266e-05,1.193020202184112930e-05
2.357921668108987207e-05,1.471205224049674978e-05
2.127335902262484277e-05,8.378102817604229935e-06
2.678999142851329178e-05,1.479639010277524796e-05
2.422073949088571348e-05,1.037553883350385560e-05
2.357421669210447765e-05,8.297428567896837143e-06
3.137177756581889694e-05,1.492753353579839971e-05
2.906720896487969966e-05,1.123989418258040394e-05
2.679181965239483382e-05,8.191046433656707390e-06
3.766340210888681863e-05,1.507133862646393281e-05
3.447702995600690186e-05,1.150247800448290685e-05
3.137227543072757283e-05,8.067844380199272673e-06
4.445445855383021349e-05,1.519448823539403946e-05
4.102130751808418419e-05,1.150362216947552400e-05
3.766302966366239733e-05,7.933348846426187460e-06
5.145175143014513685e-05,1.529827594668618765e-05
4.792079943194633621e-05,1.150549517864878095e-05
4.445378124677092563e-05,7.814581412000658588e-06
5.862139281662951171e-05,1.538275111464131896e-05
5.501036586644808958e-05,1.150730948745091897e-05
5.145118135322494405e-05,7.714652574836986426e-06
6.592784288365599978e-05,1.544868227456065859e-05
6.225433780852434847e-05,1.150893517877980348e-05
5.862098695242617540e-05,7.633487867128715956e-06
7.333792793432419377e-05,1.549733225835284403e-05
6.961801586075460073e-05,1.151030594495697370e-05
6.592763498579060002e-05,7.570503125636260645e-06
8.082081674527501094e-05,1.553007248881365298e-05
7.706946645291058869e-05,1.151142819744456029e-05
7.333772927991493286e-05,7.524373545941378414e-06
8.834814062595256205e-05,1.554838472561137529e-05
8.457912706234364277e-05,1.151218580358782470e-05
8.082069335931038460e-05,7.493665938619102134e-06
9.589500278604995778e-05,1.555529132384401151e-05
9.211988843514972499e-05,1.151273951468617111e-05
8.834798284684703968e-05,7.476704761844128194e-06
1.120661786839723025e-04,1.511192523939919209e-05
1.109941381566221440e-04,1.555599704653596633e-05
9.927730104387726389e-05,1.151295571293430783e-05
1.034457045574828545e-04,1.555625795415359013e-05
9.589504838046802361e-05,7.470475886217825396e-06
1.125102313825158138e-04,1.403985990345995833e-05
1.099735849425026235e-04,1.151303050514596722e-05
1.034457709499557947e-04,7.469824566800220402e-06
1.125102913389875402e-04,8.986161706575516788e-06
1.109942116333794559e-04,7.470029844517127906e-06
1.120662449342261748e-04,7.914099298689245064e-06
