Size 192,2
-1.366210389900824490e-04,1.920016698916443196e-05
-1.371664559367171538e-04,1.788362898998449813e-05
-1.371666373626861555e-04,1.167689478298873381e-05
-1.366212495450464838e-04,1.036037921243137982e-05
-1.353043425957549785e-04,1.974546091186914841e-05
-1.328344476770506992e-04,1.478026665932773742e-05
-1.353045969020963716e-04,9.815091489067862790e-06
-1.260330582868398231e-04,1.974306163446822062e-05
-1.260333874659504421e-04,9.817115892769179652e-06
-1.209172735234258542e-04,1.477976381306974750e-05
-1.167702599680786753e-04,1.973380215800422781e-05
-1.167708680898644320e-04,9.825439705028060842e-06
-1.121457865507934819e-04,1.477927855358288288e-05
-1.075306021132554495e-04,1.971626327146694627e-05
-1.075311008890113897e-04,9.841786177091637624e-06
-1.029225881382985625e-04,1.477850735322735543e-05
-9.833004086845196243e-05,1.968828300609735247e-05
-9.833062794469022577e-05,9.868189327787945362e-06
-9.374849195574096671e-05,1.477785311651157844e-05
-8.919030881027423209e-05,1.964761873009963618e-05
-8.919104857123189608e-05,9.907491930298645776e-06
-8.464759866870264242e-05,1.477725648015057668e-05
-8.013776625393415943e-05,1.959168715357990952e-05
-8.013872275258260638e-05,9.962150380721249496e-06
-7.564837283362586145e-05,1.477682490858011408e-05
-7.120376541349117644e-05,1.951767887196037573e-05
-7.120433059916371791e-05,1.003487840260072726e-05
-6.678481786589037178e-05,1.477642734746784328e-05
-6.242411638026651867e-05,1.942394121375044574e-05
-6.242386662350694687e-05,1.012785182794554362e-05
-5.809454678551693215e-05,1.477596666752022557e-05
-5.383782346652050342e-05,1.930806257765839271e-05
-5.383702147135312400e-05,1.024311603208966431e-05
-4.961868909803100888e-05,1.477521919099656386e-05
-4.548695991159469419e-05,1.916716096204049125e-05
-4.548582942197444348e-05,1.038338071465702366e-05
-4.156327523667283064e-05,1.477337677117444093e-05
-3.773794580823161451e-05,1.900232363979188183e-05
-3.773636534636625063e-05,1.055319560545999995e-05
-3.489633269361429524e-05,1.509408886135428442e-05
-3.209382200452742611e-05,1.884604324264832877e-05
-3.208921118704658024e-05,1.071368718641818389e-05
-2.813654959107453370e-05,1.870742407205548563e-05
-2.886608355508334488e-05,1.613166086269438382e-05
-2.812916875724969518e-05,1.081773581932321360e-05
-2.533656897327420216e-05,1.092989346286889863e-05
3.608192703181514849e-06,1.331297839975033773e-06
3.680002445928356368e-06,1.158252499698144617e-06
3.679453566134896774e-06,5.149559059680368664e-07
3.608056139091435989e-06,3.449029330663299556e-07
-2.532627238017494476e-05,1.860899127820021907e-05
-2.286354917796581631e-05,1.837875827549504974e-05
-2.473394159285895213e-05,1.381580972398049373e-05
-2.283027568301455686e-05,1.083308438156326132e-05
3.436004228778914022e-06,1.403061143465441569e-06
3.263012554401641789e-06,6.977078596753545438e-07
3.437807769623148644e-06,2.742143979773876456e-07
-2.205616571156062365e-05,1.603091194918674297e-05
-2.048618841403991405e-05,1.785353041112457115e-05
-1.824806407881687028e-05,1.710377135014665707e-05
-2.131688001975207085e-05,1.288178489043449242e-05
-2.049553258920689040e-05,1.035337269186518654e-05
2.270575209017411270e-06,1.424271906132358864e-06
2.270352897783013375e-06,2.557323800451743105e-07
1.666131390499317205e-06,8.410394276042559984e-07
-1.618227583315840274e-05,1.609729839383469127e-05
-1.792828685325131171e-05,1.475023113725885794e-05
-1.869079853970565186e-05,1.186653011257991918e-05
-1.837051123944660524e-05,9.529534533155734419e-06
1.010228306899366517e-06,1.535500723089618343e-06
1.011090569193853796e-06,1.492203059563332616e-07
2.642130759058126322e-07,8.436364681738412320e-07
-1.428060117982401848e-05,1.491165550180560640e-05
-1.260029472169776043e-05,1.356761228145106060e-05
-1.605692036927220255e-05,1.143322533418267945e-05
-1.650669998145708916e-05,8.387424629960321727e-06
-5.931852741734734482e-07,1.773490477683055327e-06
-5.925625514474724144e-07,-8.378103974011037371e-08
-1.302902568538739391e-05,1.155969780372374838e-05
-1.114535055981477619e-05,1.205972352124862620e-05
-1.373017339936800196e-05,9.365305888221344224e-06
-1.494238466977864737e-05,7.025470374241156431e-06
-1.537475595678755435e-06,8.462745087831379843e-07
-2.661274572107645098e-06,2.115239872842535089e-06
-2.658487061476692366e-06,-4.230226218780238352e-07
-9.882954475062364705e-06,1.044995918589453918e-05
-8.881171898110271944e-06,8.804868727161191988e-06
-8.118520202954225475e-06,7.084690852132935436e-06
-1.231349069415562224e-05,7.442349688397785010e-06
-1.370119504849228203e-05,5.518399776710800830e-06
-3.563321166841176729e-06,8.524956559897028409e-07
-4.670510971059330098e-06,2.449748583060466053e-06
-4.670829053914949388e-06,-7.694123673299023550e-07
-9.806336615279047353e-06,7.071213016934336577e-06
-7.553933068341171210e-06,5.351980942382373827e-06
-6.476213783777868107e-06,2.731241090536445422e-06
-6.989546921842434416e-06,3.018688940964098095e-06
-7.248284447115616327e-06,3.613721127843201712e-06
-1.133724277308210428e-05,5.302263352234190293e-06
-1.277424348202441021e-05,3.939227495133191500e-06
-5.664099646824044787e-06,1.089710512400190178e-06
-6.520658212542968154e-06,-1.021698461226859060e-06
-8.727369506425802401e-06,4.135957214338140520e-06
-7.043974295847025595e-06,1.879492566540268207e-06
-7.654048099329588140e-06,2.814602072689965103e-06
-1.065706626778293090e-05,3.453898153310980578e-06
-1.218360108049341471e-05,2.361890301625873137e-06
-7.112884839560267263e-06,5.504053724487713668e-08
-7.061797730099644859e-06,-1.293075041532163001e-06
-9.096546218630121160e-06,1.469832299160892481e-06
-1.196237700605241762e-05,8.102332244923284957e-07
-1.204932367170848714e-05,-6.874129869911859556e-07
-8.209054252179833098e-06,-9.382860094438166188e-07
-7.382711704821924937e-06,-1.864316843168265309e-06
-7.785649234626646964e-06,-3.420005468869446929e-06
-1.056437732740692695e-05,-8.941604695993520579e-07
-8.365968080440254129e-06,-4.898331009831209852e-06
-1.245329542950497742e-05,-2.188025130076105859e-06
-9.202051115639460930e-06,-3.483557291342195130e-06
-1.125800508991325374e-05,-3.598532725961075301e-06
-9.104959193346054208e-06,-6.296247142070097983e-06
-1.312663389170813399e-05,-3.599795965973676981e-06
-1.252417170622500069e-05,-4.969439410383271224e-06
-1.113972795000131650e-05,-5.818101471139807210e-06
-9.997936375376221486e-06,-7.604973339143179895e-06
-1.103801843236382688e-05,-8.807663921118574725e-06
-1.404677224207689600e-05,-4.887834352185312298e-06
-1.335753993759066142e-05,-6.481327175460768240e-06
-1.255164800450213415e-05,-8.324784792753014197e-06
-1.220987113601929889e-05,-9.890009771019564919e-06
-1.518227270924068726e-05,-6.004218507748397176e-06
-1.482986033956213120e-05,-8.307406404436120547e-06
-1.350210232702623721e-05,-1.083331725653673854e-05
-1.489992631529083735e-05,-1.162746646561989838e-05
-1.638249138554243126e-05,-1.226162018014146084e-05
-1.651003981571686136e-05,-8.795472760008252831e-06
-1.650152198779678074e-05,-6.913587256633109385e-06
-1.617814299414158246e-05,-1.065592944093769340e-05
-1.793371267077276376e-05,-1.272196302805309081e-05
-1.953216763700489603e-05,-1.300435484617099420e-05
-1.784386568340093170e-05,-9.213750383398270545e-06
-1.796722406016681227e-05,-7.582812332476352594e-06
-2.115537865107511794e-05,-1.310246491497894383e-05
-1.935042525330054960e-05,-1.072165328214291979e-05
-1.953407153712761088e-05,-7.990226281273986469e-06
-2.151460108167648860e-05,-1.096278256240481351e-05
-2.294803638177820651e-05,-1.310814329942620449e-05
-2.115381200810950713e-05,-8.124324340686521123e-06
-2.541931481557848448e-05,-1.311235317727749890e-05
-2.346741747677116787e-05,-9.745139359147801566e-06
-2.294845720118831388e-05,-8.116459573721163765e-06
-2.882338286624831314e-05,-1.311568362679117637e-05
-2.713822950693683172e-05,-1.041429833655019562e-05
-2.542005514915069201e-05,-8.108165348864089454e-06
-3.331889847928251228e-05,-1.311339325717962275e-05
-3.107176254326935366e-05,-1.060808914375005384e-05
-2.882405646628104652e-05,-8.102114320656578610e-06
-3.799600100961129251e-05,-1.310471536950570009e-05
-3.565997660670786881e-05,-1.060603855740790033e-05
-3.331952012023074977e-05,-8.100581518943969172e-06
-4.265483870778430950e-05,-1.309124805878886949e-05
-4.032955233366537643e-05,-1.060417652946745454e-05
-3.799663780074942981e-05,-8.105390004705415063e-06
-4.728750055248554500e-05,-1.307446418851180360e-05
-4.497631228461398462e-05,-1.060240313336512769e-05
-4.265544829791252901e-05,-8.115371514542810954e-06
-5.188917088981099347e-05,-1.305594669377997132e-05
-4.959401434587719463e-05,-1.060064848701079629e-05
-4.728803329419354543e-05,-8.128659616320932135e-06
-5.645855932896342205e-05,-1.303811448642606771e-05
-5.417933369092434994e-05,-1.059899261402858585e-05
-5.188962430024632311e-05,-8.143691143593917702e-06
-6.099861805764728528e-05,-1.302298398703358582e-05
-5.873324590961225483e-05,-1.059757411629781562e-05
-5.645895589101967949e-05,-8.158347179034189245e-06
-6.551606610246017638e-05,-1.301178753653068497e-05
-6.326070782422071838e-05,-1.059618368166117260e-05
-6.099910659991192503e-05,-8.170713264653567460e-06
-7.001935502895750797e-05,-1.300518895671591032e-05
-6.776957480341688094e-05,-1.059498833719701450e-05
-6.551653708214704060e-05,-8.179329889986353014e-06
-7.965027025620532509e-05,-1.273718551150149883e-05
-7.901169623835065678e-05,-1.300170605862987670e-05
-7.203426305068576165e-05,-1.059417488356950153e-05
-7.451609804738778425e-05,-1.300236426025238508e-05
-7.001963949570978588e-05,-8.183929864407133611e-06
-7.991477392999948100e-05,-1.209859004267582617e-05
-7.840389046359684880e-05,-1.059351602257883371e-05
-7.451623779724833954e-05,-8.185312023790376076e-06
-7.991476384415498147e-05,-9.088427137921552959e-06
-7.901173176364644239e-05,-8.185381397452088354e-06
-7.965027213686090915e-05,-8.449877965947955852e-06
