Size 192,2
7.250204529532103335e-05,-1.190490354316783278e-05
7.276110403743180348e-05,-1.127964556272654449e-05
7.276147230819593427e-05,-8.331986204280214116e-06
7.250246132017085698e-05,-7.706753025398608426e-06
7.187667879345014678e-05,-1.216387547870871745e-05
7.070378104175723379e-05,-9.805874197873932910e-06
7.187715703367102257e-05,-7.447790821615970541e-06
6.747323828371747394e-05,-1.216251954567368435e-05
6.747388595478023767e-05,-7.449214709550164489e-06
6.504439346180246892e-05,-9.805851890282229019e-06
6.307615498480114693e-05,-1.215654396703071969e-05
6.307664158519243457e-05,-7.454822249263753247e-06
6.088229947602966568e-05,-9.805932033690719843e-06
5.869418222066400423e-05,-1.214681769034038348e-05
5.869423322250263443e-05,-7.464629643179973036e-06
5.651013457296296132e-05,-9.805659279332097237e-06
5.433322368366910412e-05,-1.213442154460142011e-05
5.433359587969593767e-05,-7.476674952693430838e-06
5.216168320365365533e-05,-9.805377516233607804e-06
4.999768639386583367e-05,-1.212032828068749589e-05
4.999834846602139668e-05,-7.490404957998415926e-06
4.783959046159103268e-05,-9.805177974890496418e-06
4.568891343318417342e-05,-1.210629846571615055e-05
4.568979112766518485e-05,-7.504182982427298023e-06
4.354391014942141861e-05,-9.805120571340526431e-06
4.140571399798677273e-05,-1.209379140464996299e-05
4.140656754010492164e-05,-7.516362090944400296e-06
3.927193939057748925e-05,-9.805057623877225920e-06
3.714352662730678552e-05,-1.208359765728905348e-05
3.714402729243300487e-05,-7.525994469172907985e-06
3.501797679298247062e-05,-9.804898515207401672e-06
3.289752254594188079e-05,-1.207428108881398994e-05
3.289699120599158468e-05,-7.534479875519955810e-06
3.077887214022986307e-05,-9.804388805980517334e-06
2.866726932745793075e-05,-1.206299755212837374e-05
2.866598533553448236e-05,-7.544852673335392140e-06
2.664305090697908064e-05,-9.803413286976025203e-06
2.462911042649516501e-05,-1.204637365586729760e-05
2.462786798250346138e-05,-7.560776347508997722e-06
2.312074209348989135e-05,-9.976722786363457587e-06
2.159272801176152754e-05,-1.202752826496807192e-05
2.159158671690264211e-05,-7.578837194814908588e-06
1.940142881035357143e-05,-1.200907239372196096e-05
1.982432648495556838e-05,-1.055698655680640738e-05
1.940011242686253190e-05,-7.591632610775020539e-06
1.781814783152011475e-05,-7.606165432413508020e-06
-2.945196001039259959e-06,-5.177436983150426255e-07
-3.004218106914211344e-06,-3.757144120799080667e-07
-3.003816993598357691e-06,1.532209885250293511e-07
-2.945080340395522267e-06,2.932127636166613008e-07
1.781706050581414037e-05,-1.199524329757089320e-05
1.638984793585113016e-05,-1.190101853849526458e-05
1.749387862509783166e-05,-9.253354057968399949e-06
1.638716814333507157e-05,-7.497653764527209197e-06
-2.803814983531232365e-06,-5.765084038821151420e-07
-2.661347924297889660e-06,3.571651945618391175e-09
-2.804964100392056441e-06,3.516361453814719116e-07
1.593402995425499192e-05,-1.054966621821827450e-05
1.498907334131152427e-05,-1.164263299477851409e-05
1.363581883219771748e-05,-1.123238134952538004e-05
1.550507586786848048e-05,-8.691875507366064705e-06
1.501281467322352081e-05,-7.150645342529872611e-06
-1.845824551049625740e-06,-5.918618047810162977e-07
-1.844923813968411492e-06,3.688949645269642607e-07
-1.348249381928967447e-06,-1.109806960296073769e-07
1.234958266257756751e-05,-1.066969967876338716e-05
1.345495213598452041e-05,-9.827966257349251655e-06
1.392212267229149215e-05,-8.062256724590577642e-06
1.373256488805028340e-05,-6.579701248373433272e-06
-8.093623775217966834e-07,-6.799174639990698273e-07
-8.091925026750733263e-07,4.587271071299505969e-07
-1.959742679053212490e-07,-1.101300117000662005e-07
1.114097835825112853e-05,-9.971446245189985130e-06
1.003176969958356728e-05,-9.148364859207030152e-06
1.228427183601766759e-05,-7.783798490481745906e-06
1.258365080585120931e-05,-5.802240504982221606e-06
5.069957523657254500e-07,-8.701239736673588077e-07
5.074182734574017178e-07,6.510793066261496257e-07
1.031212061400398735e-05,-7.874243796919644825e-06
9.034662829561345492e-06,-8.207695852322755112e-06
1.078176122162685402e-05,-6.431792938649912698e-06
1.159844771374724522e-05,-4.852619098653909815e-06
1.280614624139571093e-06,-1.090390374182028537e-07
2.198379874835717899e-06,-1.143631630415733208e-06
2.197485609745426606e-06,9.289735256556957368e-07
8.153011865196015139e-06,-7.168370106464083032e-06
7.407320404121020793e-06,-6.052888750092263227e-06
6.800142024146578515e-06,-4.863767314852187712e-06
9.820958462767856499e-06,-5.128312841857441271e-06
1.080316669677142558e-05,-3.766675304118976010e-06
2.935838506640576333e-06,-1.106355710576099577e-07
3.838554364504637692e-06,-1.412539404351809235e-06
3.838802880530920101e-06,1.210651650609217073e-06
8.046496062450826791e-06,-4.866386596411999137e-06
6.332255390048900573e-06,-3.620806917110411719e-06
5.334119229061002967e-06,-1.640644221077598400e-06
5.775710935700198930e-06,-1.867668177583130302e-06
6.018836766298028162e-06,-2.327962271669262782e-06
9.146663402985715150e-06,-3.605777050419400136e-06
1.021510224864114331e-05,-2.588657937725390626e-06
4.650385593362449761e-06,-3.002983640374264191e-07
5.319179236148967152e-06,1.412166844161961393e-06
7.192943289172155211e-06,-2.737150157717953341e-06
5.795676354976101111e-06,-9.523230754737074418e-07
6.318134604105040843e-06,-1.706407289270906287e-06
8.653982659617035923e-06,-2.221790791863593079e-06
9.857442630244076469e-06,-1.363293453031118302e-06
5.808444790889275541e-06,5.293799324786193660e-07
5.732764027922050037e-06,1.635723674826271930e-06
7.445598057443397568e-06,-6.602384549909408720e-07
9.745466618510114523e-06,-1.211832423800128995e-07
9.912884363381966669e-06,1.122427868184183842e-06
6.675680408454354789e-06,1.330283667848331381e-06
5.968602266717937798e-06,2.124117457503667632e-06
6.249354709306134404e-06,3.489437471381698538e-06
8.652090690636874367e-06,1.268398960619870187e-06
6.690485660477638289e-06,4.846056314805073259e-06
1.034630365033728836e-05,2.388908711742539632e-06
7.466544449056810699e-06,3.526383722715568197e-06
9.297236664336947713e-06,3.632017852222505474e-06
7.313372727495726032e-06,6.155510323837139650e-06
1.103668022774290305e-05,3.634805835931635452e-06
1.049651085995689726e-05,4.893319312643503614e-06
9.185103365347093538e-06,5.694137680206842621e-06
8.097522934915827640e-06,7.435955857202419594e-06
9.069776384106283850e-06,8.652974040167946148e-06
1.198933663200527578e-05,4.803123661007918042e-06
1.132114817861500857e-05,6.342233898020830194e-06
1.052851291973869493e-05,8.176658830256420532e-06
1.018872326495121383e-05,9.788426779380270365e-06
1.317145688547073708e-05,5.848772270970334909e-06
1.282036961881615416e-05,8.173412810275644056e-06
1.147113023659980706e-05,1.079580884207729402e-05
1.290951836755893592e-05,1.167690767823939022e-05
1.446506438671247159e-05,1.241771008754861094e-05
1.458441076355337069e-05,8.681233961345584198e-06
1.456812665298807328e-05,6.728080141408729681e-06
1.422951095427539965e-05,1.066098252275662657e-05
1.613867719727678107e-05,1.296782300232921626e-05
1.790447438375435843e-05,1.333714728943499851e-05
1.601917428861545137e-05,9.119958146027752543e-06
1.615789447075569439e-05,7.371772652265326915e-06
1.972112419281728477e-05,1.349911718684352913e-05
1.767218690063410188e-05,1.077651262240383854e-05
1.788790915638228211e-05,7.746854362465324897e-06
2.011709114398705576e-05,1.106042625846129348e-05
2.178218610403269632e-05,1.356867504463469692e-05
1.970219091418391529e-05,7.848834134662268459e-06
2.467622274544241037e-05,1.363943154571448986e-05
2.236256728679637541e-05,9.656791723205992656e-06
2.177799905010914893e-05,7.780886724564793974e-06
2.879640048349972939e-05,1.374977929279222303e-05
2.672604225225887610e-05,1.043588328655157096e-05
2.467782128985267578e-05,7.690816944600137846e-06
3.444190573132826025e-05,1.387143350080493440e-05
3.158454926657233036e-05,1.067149989684528622e-05
2.879674600452834733e-05,7.585984008522913558e-06
4.052658437581615417e-05,1.397697596820752247e-05
3.745189770986285778e-05,1.067150294249139187e-05
3.444182420775500169e-05,7.470220637214685867e-06
4.679161083683724054e-05,1.406829111438134292e-05
4.363065694714964141e-05,1.067213755977602474e-05
4.052636447387113254e-05,7.366427382659136383e-06
5.321318171633595531e-05,1.414596702580330814e-05
4.997816409118101326e-05,1.067261853767019355e-05
4.679155297443172008e-05,7.276341476282822825e-06
5.976676945971438627e-05,1.420991855002559125e-05
5.646988174117019443e-05,1.067288081324058413e-05
5.321313555204382618e-05,7.199588195512364427e-06
6.642675766000315435e-05,1.425999882436789078e-05
6.308110468903633118e-05,1.067301433093640193e-05
5.976673920013009217e-05,7.136001013917796750e-06
7.316624502710287982e-05,1.429611242724996756e-05
6.978529318700917245e-05,1.067327718078158500e-05
6.642662038041662509e-05,7.086377473666724570e-06
7.996010326749766197e-05,1.431938228265403857e-05
7.655604189695617711e-05,1.067334583578376497e-05
7.316626595812260108e-05,7.050537181684883491e-06
8.678586771796638496e-05,1.433191118081913111e-05
8.336932518314857745e-05,1.067323702088779109e-05
7.996016736182191104e-05,7.027166914469288732e-06
1.014401629856546402e-04,1.393494245438770671e-05
1.004684470053281392e-04,1.433742961068923387e-05
8.984854019601253960e-05,1.067310313767702431e-05
9.362578462444794570e-05,1.433678464468354997e-05
8.678592029602912462e-05,7.014315252371223804e-06
1.018426635192848769e-04,1.296324609735626848e-05
9.954317004312777744e-05,1.067287698774098990e-05
9.362587804427145840e-05,7.009242716529901378e-06
1.018427037564989502e-04,8.382471687080750295e-06
1.004685096905062866e-04,7.008314302379097102e-06
1.014402109943998400e-04,7.410791782264089938e-06
