Size 192,2
-3.372695486309284607e-05,5.682081114701000318e-06
-3.382416448861330903e-05,5.447234759717323092e-06
-3.382378766620313331e-05,4.340438623243225519e-06
-3.372652623668220248e-05,4.105547405244718648e-06
-3.349221713275126995e-05,5.779375695216912136e-06
-3.305205843510000831e-05,4.893754751320382932e-06
-3.349171384184793885e-05,4.008232241969604937e-06
-3.184008142406299452e-05,5.780763322001492820e-06
-3.183938671095915799e-05,4.006675928901543787e-06
-3.092581506915543810e-05,4.893841404474780076e-06
-3.018147673198917627e-05,5.787409143940758501e-06
-3.018089618138117898e-05,4.000416682132525940e-06
-2.934692356414150501e-05,4.893877668587877867e-06
-2.850569321778698164e-05,5.799308788971825264e-06
-2.850553913440153676e-05,3.988690888221206475e-06
-2.765945620596315724e-05,4.894309008157745856e-06
-2.680329816704601624e-05,5.816121645244606759e-06
-2.680262968094233847e-05,3.972621894144095440e-06
-2.594033137209964023e-05,4.894662930811012776e-06
-2.506579528973265042e-05,5.836405782247598471e-06
-2.506482968863889095e-05,3.953304770834894179e-06
-2.418357571090068336e-05,4.895026569172126267e-06
-2.328869858526127129e-05,5.858599619723985853e-06
-2.328787876397662431e-05,3.932078028175973989e-06
-2.238600195720372228e-05,4.895333001615777834e-06
-2.146933010982934802e-05,5.881825787495097327e-06
-2.146889975595448716e-05,3.909518894263184719e-06
-2.054526554953294202e-05,4.895657056454746214e-06
-1.960617659713161041e-05,5.905752867464809836e-06
-1.960612262899100199e-05,3.886171566438481573e-06
-1.866016003350680252e-05,4.895915011924481752e-06
-1.769826463965253700e-05,5.930148319442549122e-06
-1.769866023057033820e-05,3.862203094110411223e-06
-1.672969981041111934e-05,4.896199243879611240e-06
-1.574546324894656688e-05,5.954146964212069086e-06
-1.574614032135398433e-05,3.838385473210082479e-06
-1.479506717814756094e-05,4.896396723446462922e-06
-1.383022602239779876e-05,5.976798656022911704e-06
-1.383082521951678740e-05,3.814603582471353872e-06
-1.310360041009912043e-05,4.981777346734614820e-06
-1.234993839958921832e-05,5.994749171997547452e-06
-1.235044404611886186e-05,3.795805275162161824e-06
-1.125640865179757857e-05,6.008689791393205065e-06
-1.147489873601300841e-05,5.273982509077495683e-06
-1.125674674847237916e-05,3.784665690432788735e-06
-1.045339218516863798e-05,3.773555559803073638e-06
1.889354276124757802e-06,-5.394706398116134054e-07
1.926134227287085126e-06,-6.276596210016171961e-07
1.925998449009104386e-06,-9.571686889520828661e-07
1.889354292330830812e-06,-1.044621566229057835e-06
-1.045480073627313378e-05,6.017969244832099384e-06
-9.717806618642652814e-06,5.984267988290708435e-06
-1.029526707583678684e-05,4.615054445004352797e-06
-9.722780126669804446e-06,3.697995727029089928e-06
1.801508957531073794e-06,-5.031839363410167026e-07
1.712659428481913388e-06,-8.648550207811057962e-07
1.801883585597720148e-06,-1.081456488700813107e-06
-9.487025520181317784e-06,5.289760017418113955e-06
-8.985484790905222285e-06,5.868608015908853625e-06
-8.265131895808095736e-06,5.666524982212356316e-06
-9.265622293470587089e-06,4.317572583693279667e-06
-9.005637267442952060e-06,3.492356463289309556e-06
1.205074923933595368e-06,-4.955617270540247571e-07
1.203817294635993914e-06,-1.094872049379169247e-06
8.944885809066509859e-07,-7.965071955427685144e-07
-7.566183304350431162e-06,5.384511940477750698e-06
-8.173777913196921839e-06,4.925599986320937035e-06
-8.425405583301987861e-06,3.976778294309585478e-06
-8.326923802387933891e-06,3.160727321939179521e-06
5.580154152398157871e-07,-4.409897574814793076e-07
5.574489747128193485e-07,-1.154205390333233948e-06
1.736509773367636440e-07,-7.986998964273233756e-07
-6.900561359077971671e-06,5.020541916152759478e-06
-6.274101313739006379e-06,4.579096312574072435e-06
-7.537088028625607942e-06,3.822812225195434048e-06
-7.708714383980378555e-06,2.713048962595454902e-06
-2.678021264738060227e-07,-3.202511860015262871e-07
-2.684768801962173435e-07,-1.279369039424956862e-06
-6.432101607740011404e-06,3.877577775594902049e-06
-5.696317660893057434e-06,4.067850966503868405e-06
-6.701479701784752387e-06,3.063932538981169173e-06
-7.171061187568913666e-06,2.157162212846728867e-06
-7.557568948709540527e-07,-8.006619390155496358e-07
-1.337008524794103842e-06,-1.434638542434368388e-07
-1.336630578757299128e-06,-1.460645933377580511e-06
-5.179252855643603889e-06,3.489824605382997197e-06
-4.724434589494241221e-06,2.847969693750597984e-06
-4.338822891957613941e-06,2.154400068646571910e-06
-6.149192117321263104e-06,2.314310243745566457e-06
-6.732392156024448800e-06,1.507327434187787781e-06
-1.804940716514015980e-06,-8.002792030501196119e-07
-2.381045068363954975e-06,3.281653514065317195e-08
-2.381087566791528950e-06,-1.645552792640578862e-06
-5.097635000249605389e-06,2.160471860401360520e-06
-4.035030609084155139e-06,1.411787825602490051e-06
-3.348665365006893422e-06,1.851072050324924158e-07
-3.641715355244170919e-06,3.308399418028189003e-07
-3.810266737598572886e-06,6.202972756214809681e-07
-5.757301195762720258e-06,1.409890547559271033e-06
-6.411746384060224542e-06,7.865844555930077205e-07
-2.900153964596725466e-06,-6.795094127183657432e-07
-3.318487524054465625e-06,-1.777800162515581441e-06
-4.557347703828308762e-06,8.789522110203354007e-07
-3.644996230807075780e-06,-2.550228284047698922e-07
-3.992328232783617081e-06,2.296505670148668448e-07
-5.461780515834562608e-06,5.609535175792011854e-07
-6.226119021834743192e-06,1.826261963799397783e-08
-3.635959646792521660e-06,-1.208088533528225137e-06
-3.572960332886170978e-06,-1.924353285725554871e-06
-4.703780886091516068e-06,-4.261662227270974401e-07
-6.180439777910488339e-06,-7.742972132838972735e-07
-6.329808102890387379e-06,-1.585875946183844605e-06
-4.186007796017855599e-06,-1.721171369172422598e-06
-3.714282106295195059e-06,-2.250907424297475168e-06
-3.874330170270387607e-06,-3.176967430825033431e-06
-5.491243764141230863e-06,-1.670287330341055182e-06
-4.144613651773934596e-06,-4.122851355572200178e-06
-6.657236438607118293e-06,-2.422000924296737902e-06
-4.689910248695460311e-06,-3.193850622242669283e-06
-5.944804431334816780e-06,-3.266470115421449389e-06
-4.555329264820427316e-06,-5.046484547724002092e-06
-7.169582202205488878e-06,-3.268119187704310364e-06
-6.797910903904517701e-06,-4.145636169814676265e-06
-5.864007305877904567e-06,-4.714271218480323908e-06
-5.086952898359918471e-06,-5.974174865118589799e-06
-5.772836072687387150e-06,-6.873008431849807694e-06
-7.882105606952517876e-06,-4.074946437621804706e-06
-7.399649151552513186e-06,-5.181868554523275310e-06
-6.821885382939127855e-06,-6.525353712720426126e-06
-6.572835991677430477e-06,-7.729128391913977778e-06
-8.770389607172982780e-06,-4.811482431391035215e-06
-8.512671787478602497e-06,-6.527568573184322214e-06
-7.511132852823596520e-06,-8.495888075756991958e-06
-8.586182921108680510e-06,-9.179979030103894248e-06
-9.761699372292231356e-06,-9.769838451212804189e-06
-9.845776908905013534e-06,-6.908007512657890394e-06
-9.830442571050137881e-06,-5.443025934507380012e-06
-9.574868697658869515e-06,-8.413776728089787280e-06
-1.104612148015193229e-05,-1.021192798498282195e-05
-1.241679392584185689e-05,-1.051897002280096314e-05
-1.094488521869619711e-05,-7.238338941051783703e-06
-1.105340965119142975e-05,-5.903348119881003671e-06
-1.383645555046835788e-05,-1.066304699857555278e-05
-1.222480948322575379e-05,-8.518807505973456938e-06
-1.239706933574126532e-05,-6.164191154805141332e-06
-1.414430576239695583e-05,-8.744279916826291506e-06
-1.546608293095482864e-05,-1.073712573996993865e-05
-1.381615555817590831e-05,-6.225384748623709199e-06
-1.777092420109543223e-05,-1.081084081732698611e-05
-1.592090376443035880e-05,-7.633879222631574123e-06
-1.546254050979873181e-05,-6.151267981226832543e-06
-2.108670004687438577e-05,-1.092297656245419322e-05
-1.941422456585643040e-05,-8.250356596993084637e-06
-1.777349842899996472e-05,-6.055310103688742163e-06
-2.567030732402707328e-05,-1.104273884968542325e-05
-2.334483268507489927e-05,-8.437994046472411597e-06
-2.108806818982035254e-05,-5.946982203878723742e-06
-3.064298067653349199e-05,-1.114435786325884958e-05
-2.812550311066520882e-05,-8.436915597213640551e-06
-2.567073487044243516e-05,-5.830960262885698949e-06
-3.578900525661277105e-05,-1.123060096524418319e-05
-3.318893997316855029e-05,-8.436571948173087932e-06
-3.064306557909293510e-05,-5.729140145220223654e-06
-4.108345401652958515e-05,-1.130322653424146744e-05
-3.841341246012694525e-05,-8.436287755488728444e-06
-3.578905172224322053e-05,-5.642235406696987687e-06
-4.650074837237786721e-05,-1.136205738305155309e-05
-4.377369152797201365e-05,-8.436048897187228184e-06
-4.108351599105472665e-05,-5.569089987490647183e-06
-5.201539173663809846e-05,-1.140749879462349853e-05
-4.924393912360942681e-05,-8.435761697566539736e-06
-4.650098556563242024e-05,-5.509734330075328938e-06
-5.760355978691100238e-05,-1.144067835628976600e-05
-5.479914171959024096e-05,-8.435290904554383469e-06
-5.201574102221618635e-05,-5.463639558306339853e-06
-6.324371018612880840e-05,-1.146317541734839553e-05
-6.041658928655858148e-05,-8.434820058764029468e-06
-5.760374093171858457e-05,-5.429464770842211807e-06
-6.891634936988843608e-05,-1.147619673979651722e-05
-6.607605906029919503e-05,-8.434466395876450884e-06
-6.324369491351630160e-05,-5.406108012331955231e-06
-8.110671142384581083e-05,-1.114792725237168546e-05
-8.029829287403479371e-05,-1.148276264121102121e-05
-7.146316783299584967e-05,-8.434264362529348980e-06
-7.460527615278773840e-05,-1.148181771944335009e-05
-6.891637251630883113e-05,-5.392430537918489866e-06
-8.144157352612708413e-05,-1.033954563985183893e-05
-7.952841950789989590e-05,-8.434070362460802990e-06
-7.460537988383866826e-05,-5.386560553408182393e-06
-8.144161933448866401e-05,-6.528560775814179254e-06
-8.029836504974078443e-05,-5.385371252163868307e-06
-8.110676643483271970e-05,-5.720196878337050285e-06
