Size 192,2
2.566474333401192110e-05,-1.935639104680898571e-06
2.580043828896075506e-05,-1.608135114059517627e-06
2.580021027331949512e-05,-6.373516827498153890e-08
2.566447467010746678e-05,2.638496145614683883e-07
2.533715889286744201e-05,-2.071274310560634334e-06
2.472217615456043249e-05,-8.358405396151142628e-07
2.533681415082505764e-05,3.995273409019871915e-07
2.302999449270763893e-05,-2.069531222615604715e-06
2.302931898497205177e-05,3.987199760551118597e-07
2.175704351135784197e-05,-8.349854308081254750e-07
2.072737130179039687e-05,-2.062903510380764607e-06
2.072653989975255118e-05,3.940851045527214283e-07
1.957982296519969004e-05,-8.337158105697147026e-07
1.843981715424812412e-05,-2.049280224693206532e-06
1.843903059486779944e-05,3.835034563031368951e-07
1.730411336928694909e-05,-8.321837553681232655e-07
1.618169252717121512e-05,-2.026795639249300193e-06
1.618036842396374862e-05,3.645234326912981510e-07
1.506604460479539852e-05,-8.302671765157572588e-07
1.397071173027930478e-05,-1.993701186206747540e-06
1.396910862305936203e-05,3.353095457113176691e-07
1.288538325007755722e-05,-8.281560238439666864e-07
1.182803131993684712e-05,-1.948717645081923785e-06
1.182654161401317703e-05,2.944790537700794545e-07
1.078461675451519471e-05,-8.257916765167084974e-07
9.776980787858270135e-06,-1.890970201792861576e-06
9.775884731180546405e-06,2.416337080767216284e-07
8.787508942791125144e-06,-8.232200097742193103e-07
7.840967784569420442e-06,-1.821289809127249780e-06
7.840077919521815241e-06,1.773434997280389651e-07
6.916132125804441706e-06,-8.206171834917529160e-07
6.040471826460325234e-06,-1.741705918089441239e-06
6.039636365759510984e-06,1.029236420178793972e-07
5.188964025326679479e-06,-8.179674127580646238e-07
4.391615305275136156e-06,-1.653241019996175058e-06
4.390621673631332723e-06,1.962356436618434140e-08
3.650559205235436588e-06,-8.146562392085059274e-07
2.965992245628107319e-06,-1.557850294829475487e-06
2.964673466692592434e-06,-7.327951595652044518e-08
2.467121133349938069e-06,-8.655315374732604544e-07
2.010538147177129893e-06,-1.473653618566855689e-06
2.007378967968006700e-06,-1.549410589755682212e-07
1.391983464886650922e-06,-1.403374973148549607e-06
1.490728047303732851e-06,-1.020392173431019162e-06
1.387696521599263156e-06,-2.048218898660532842e-07
9.793230312407363926e-07,-2.574031363939641914e-07
1.980048496003790574e-07,-1.126261308893419524e-07
2.020724031046341824e-07,-1.223503851002779285e-07
2.020918118823233938e-07,-1.588169961974028257e-07
1.980345642428128927e-07,-1.685167980959350918e-07
9.751845497263902154e-07,-1.355144154347136579e-06
6.394936159989063800e-07,-1.292602474049309383e-06
8.785745182343993639e-07,-6.716084596580186420e-07
6.213106555708319044e-07,-2.819657655262333728e-07
1.883030424522950886e-07,-1.086388247048559601e-07
1.784340979490836382e-07,-1.486338154735522947e-07
1.883319853286606887e-07,-1.726123261397245189e-07
5.199981487209252555e-07,-9.639053562914286161e-07
3.322061047828630385e-07,-1.185229245086033554e-06
6.841142718331259742e-08,-1.063435373196633771e-06
4.191602922525542053e-07,-5.564310993944022868e-07
3.189359157069824822e-07,-2.657747067664335816e-07
1.223521786281467626e-07,-1.080806972531094054e-07
1.221537540241946003e-07,-1.741121206581504791e-07
8.806660275302166297e-08,-1.414312116156824037e-07
-1.475090945191740462e-07,-9.092451631332034971e-07
2.127443179722066432e-08,-7.708900231439760336e-07
1.061349668005534961e-07,-4.462469217330504402e-07
6.491398947694316405e-08,-2.205649681569647142e-07
5.124617436053093523e-08,-1.029247078185098268e-07
5.095435451729103582e-08,-1.808503669624832590e-07
8.983109567655971106e-09,-1.424348327139677148e-07
-3.281048705923886023e-07,-7.536825966710027223e-07
-4.566324873715025646e-07,-6.008586824469789473e-07
-1.708881801799965452e-07,-4.053176600734962689e-07
-1.392198913776826211e-07,-1.485645867532773991e-07
-3.902686032315614317e-08,-9.127037494028350864e-08
-3.946065491902077594e-08,-1.950276168813286242e-07
-4.220353935104557796e-07,-4.075435060390997499e-07
-5.391935654619073032e-07,-4.424795335867763855e-07
-3.745523197616383382e-07,-2.341491873189714895e-07
-2.957413292545226308e-07,-8.070703681531018122e-08
-9.232392402742510272e-08,-1.439432404831591912e-07
-1.544930623283494821e-07,-7.509921967657656966e-08
-1.552357806843520613e-07,-2.145566725059330786e-07
-5.979150293333657150e-07,-2.991375185521148290e-07
-6.079237732946229225e-07,-1.941248786637947138e-07
-5.821962418527643245e-07,-1.030009261727730755e-07
-4.635094284434893408e-07,-1.103930587383487865e-07
-4.109056019195502921e-07,-3.424993067060865327e-08
-2.050772725115751153e-07,-1.458775601920257272e-07
-2.654545317934536231e-07,-5.976866463974889346e-08
-2.653212010479614524e-07,-2.323218668630231535e-07
-5.594804195795415463e-07,-9.299651549011822076e-08
-5.471475189155142066e-07,-4.678374251234341695e-08
-3.845454551588993206e-07,-4.632799190200965720e-08
-4.329749257204775066e-07,-3.790790081103521722e-08
-4.753885386362780882e-07,-2.908867827794729701e-08
-5.155684924467644966e-07,-3.021429774243234614e-08
-5.036463994165155349e-07,-1.965668911114396622e-08
-3.210852574406174588e-07,-1.362388346342295908e-07
-3.405192632626492017e-07,-2.414446229194584012e-07
-5.264153861714179385e-07,-1.715838747156449842e-08
-4.140567293938188991e-07,-8.662087175170096444e-08
-4.695053758690150717e-07,-4.445037098465905555e-08
-5.332206403630304316e-07,-1.822727575899257103e-08
-5.796688888732255798e-07,-4.707965087734109270e-08
-3.786365903244903011e-07,-1.790311040848142993e-07
-3.444411233184325900e-07,-2.576505406547613198e-07
-5.053248326756036758e-07,-7.114980994282801320e-08
-6.289450760778098850e-07,-1.070436783163243206e-07
-7.226556248352564846e-07,-2.060786750140908042e-07
-4.138666496570523048e-07,-2.232190191097480188e-07
-3.379243828554453195e-07,-3.086843618622260970e-07
-3.147261351506078267e-07,-4.815663915438930122e-07
-5.951976605065306965e-07,-1.960573195163075159e-07
-3.150068175145745876e-07,-7.041045161045469824e-07
-8.429466154408670078e-07,-3.245555122450219234e-07
-4.498986939747798579e-07,-4.704222896445904762e-07
-7.080833078183774557e-07,-4.866486768568329016e-07
-3.730963239644141659e-07,-9.400155549601048460e-07
-1.015334172122496336e-06,-4.875566929293150221e-07
-9.366761384001391189e-07,-6.951345595385606198e-07
-6.862151988189379870e-07,-8.452400923327214568e-07
-4.739893775540936313e-07,-1.215417450666663027e-06
-6.494908075372581657e-07,-1.508477742893089921e-06
-1.261818897742047000e-06,-6.671288939550129457e-07
-1.122463128575885338e-06,-9.831625549892454090e-07
-9.479191488249223833e-07,-1.402435646286553614e-06
-8.704906998910495463e-07,-1.812041945476395026e-06
-1.573254412513414462e-06,-8.558103707923527921e-07
-1.493231338195580881e-06,-1.411971571893289514e-06
-1.162571126013746255e-06,-2.094031123445465759e-06
-1.529349190428368324e-06,-2.363618880317547145e-06
-1.947091532652012239e-06,-2.613920926109329474e-06
-1.968369913402654997e-06,-1.544756059098815467e-06
-1.957993226405583861e-06,-1.037311008575852510e-06
-1.868978491399128307e-06,-2.093753087608306392e-06
-2.429375436960319608e-06,-2.806625399883196879e-06
-2.964179939288041284e-06,-2.953374085253084846e-06
-2.379195364605936600e-06,-1.661977800505191067e-06
-2.422296203654552303e-06,-1.168353245375740449e-06
-3.529698146450173560e-06,-3.034252170912211113e-06
-2.874232259377014965e-06,-2.155959776427533076e-06
-2.947259163064295647e-06,-1.233228656605001416e-06
-3.649709021054509513e-06,-2.251851050876434819e-06
-4.203260074551381037e-06,-3.091172865822675114e-06
-3.513662954196221959e-06,-1.235193780148749929e-06
-5.177744469320556918e-06,-3.148128201220586966e-06
-4.384402359950875467e-06,-1.792354732089172127e-06
-4.199937693498673339e-06,-1.179209268764865273e-06
-6.630612656283748255e-06,-3.234900310533543302e-06
-5.886916248860683714e-06,-2.050365193573054782e-06
-5.179050014618767139e-06,-1.106557378026439176e-06
-8.707738173480492947e-06,-3.327801738156270258e-06
-7.643064948152961490e-06,-2.132407861569241019e-06
-6.631118389286386526e-06,-1.024178421156596321e-06
-1.102304179782879809e-05,-3.406071384872033386e-06
-9.841574917129663271e-06,-2.132324919344156873e-06
-8.707922089267630295e-06,-9.359607853158672285e-07
-1.346966458405695983e-05,-3.472083539294488659e-06
-1.222588633934181148e-05,-2.132790943880047335e-06
-1.102298791790519220e-05,-8.590618162242591072e-07
-1.602811747924500713e-05,-3.527636847636326142e-06
-1.473156317909394110e-05,-2.133165382998201819e-06
-1.346954908606918219e-05,-7.940068796592228814e-07
-1.868073026459653589e-05,-3.574021065521971847e-06
-1.733986988604267523e-05,-2.133459519618939041e-06
-1.602792647048087668e-05,-7.390628044159849832e-07
-2.141093563398687919e-05,-3.611615931807309378e-06
-2.003403948542895944e-05,-2.133804736573340968e-06
-1.868045849459980744e-05,-6.931897654728232374e-07
-2.420230164987060236e-05,-3.640489810328748530e-06
-2.279763765103274328e-05,-2.134251681557738161e-06
-2.141070919610938726e-05,-6.563642302254347757e-07
-2.703822860173878346e-05,-3.660932589508601695e-06
-2.561409402419604454e-05,-2.134770664360596931e-06
-2.420217865715481825e-05,-6.284134891210609175e-07
-2.990337221263477608e-05,-3.673836447090506797e-06
-2.846701293837630589e-05,-2.135244432833686816e-06
-2.703820414746187909e-05,-6.091106581754684179e-07
-3.608227346823975691e-05,-3.512027375654985898e-06
-3.567234762335527894e-05,-3.681782931811303055e-06
-3.119241398119830262e-05,-2.135581491882872418e-06
-3.278498142972788824e-05,-3.680246217411726812e-06
-2.990324897694172620e-05,-5.970598394848109267e-07
-3.625207404380027050e-05,-3.102162673438339697e-06
-3.528169136090410316e-05,-2.135882543720767491e-06
-3.278486327199645929e-05,-5.911990414650146975e-07
-3.625200501646782300e-05,-1.169648921857228364e-06
-3.567225339606635713e-05,-5.900044045390492829e-07
-3.608219463334037363e-05,-7.597693253023333954e-07
