Size 192,2
-8.854331400677218570e-05,1.264281260974153901e-05
-8.888923911626903053e-05,1.180786872282791022e-05
-8.888919436379953232e-05,7.871475762971987141e-06
-8.854326797650015736e-05,7.036561209650489007e-06
-8.770822081389284043e-05,1.298862710078010557e-05
-8.614138910867830297e-05,9.839687170225214035e-06
-8.770818410487786227e-05,6.690763209545752023e-06
-8.182746129470004398e-05,1.298658476626168607e-05
-8.182747814927055830e-05,6.693275990841414872e-06
-7.858323388999277138e-05,9.840283116432632025e-06
-7.595564742999977585e-05,1.297774536241050973e-05
-7.595580809076163756e-05,6.703747298090060908e-06
-7.302698677473959898e-05,9.841335985784400471e-06
-7.011013655673120528e-05,1.295948036677692689e-05
-7.011009193566947694e-05,6.724408079724162903e-06
-6.720098043449294434e-05,9.842626081307248982e-06
-6.431054050296203467e-05,1.293070028121886504e-05
-6.431054032900660725e-05,6.756167799834288890e-06
-6.143154977249308936e-05,9.844021899062430596e-06
-5.857738570688086823e-05,1.289164477973845038e-05
-5.857788480961294584e-05,6.798070003097531506e-06
-5.573835308790938179e-05,9.845303239812215650e-06
-5.292933186804307745e-05,1.284379029751629243e-05
-5.293042095209159431e-05,6.848308003114392282e-06
-5.013803889588149725e-05,9.846386402324399945e-06
-4.738042632161151423e-05,1.278957464714680135e-05
-4.738172028721882533e-05,6.904103076775978990e-06
-4.464169643835898341e-05,9.847247406073124086e-06
-4.193902886099603743e-05,1.273160502101409516e-05
-4.194001508796825706e-05,6.963351568979719570e-06
-3.925543761863973364e-05,9.847933901938242543e-06
-3.660988044442076080e-05,1.267051354481167363e-05
-3.661030156425479950e-05,7.025491958945897529e-06
-3.398344014774164152e-05,9.848401824524166291e-06
-3.139749028206123771e-05,1.260498802066184843e-05
-3.139722929849606150e-05,7.092047621659035554e-06
-2.893453623094811451e-05,9.848254263649614142e-06
-2.651425295423317610e-05,1.253384587427349628e-05
-2.651354350975116712e-05,7.166527267848681945e-06
-2.471073495507566234e-05,1.005440725283485799e-05
-2.291028216417222461e-05,1.246864748779003984e-05
-2.290854950432359298e-05,7.234124381932956121e-06
-2.034956814426989224e-05,1.241146606225522247e-05
-2.083228045887191248e-05,1.072992756460572258e-05
-2.034667146796885777e-05,7.277447457913609393e-06
-1.851950919822145338e-05,7.324032440793526334e-06
2.885936416936450551e-06,1.114834517033875030e-07
2.943018920194868028e-06,-2.570079815639232339e-08
2.942746750374435758e-06,-5.370723913653159089e-07
2.885937413112305828e-06,-6.725458965170087534e-07
-1.851515766708414600e-05,1.237077562162000755e-05
-1.688557602646645323e-05,1.224072187457159129e-05
-1.813458829762685709e-05,9.219469598346901953e-06
-1.687322922927513802e-05,7.231114151540912150e-06
2.749334098898989001e-06,1.681516687513152291e-07
2.611533078583435693e-06,-3.927502141330845479e-07
2.750365579777229102e-06,-7.292178815364619682e-07
-1.635817403272107678e-05,1.069255436770771305e-05
-1.529953608367179489e-05,1.191926288863694296e-05
-1.378700149497644011e-05,1.143710161217639002e-05
-1.586883547691310062e-05,8.590759280521655903e-06
-1.531623599373814560e-05,6.875466420221631485e-06
1.822903247685820737e-06,1.822467989264822413e-07
1.821822994172879476e-06,-7.465674324715283090e-07
1.342046421323570785e-06,-2.828376972698776876e-07
-1.236994551376087124e-05,1.078307404189946969e-05
-1.357794234560675493e-05,9.857307343935548425e-06
-1.409678354933874945e-05,7.896298826809676971e-06
-1.388269469654364301e-05,6.278476705381510198e-06
8.212288197918158287e-07,2.675190545524097540e-07
8.211071438356805198e-07,-8.340154673387090673e-07
2.281415369333932667e-07,-2.837148960488348008e-07
-1.105167958136408943e-05,9.992768342493206108e-06
-9.863751436031588320e-06,9.079240167234636544e-06
-1.229133095009860585e-05,7.594783106047931928e-06
-1.261097027284178875e-05,5.458590697409262767e-06
-4.527242113297462957e-07,4.538694929085199529e-07
-4.531354923094879441e-07,-1.022431723958241948e-06
-1.016545359681205825e-05,7.688909093095591942e-06
-8.814057928104027380e-06,8.044612705990611650e-06
-1.066537203300734216e-05,6.141303653471960390e-06
-1.153212842823770231e-05,4.467858484528555963e-06
-1.203586836552420386e-06,-2.846361915769994126e-07
-2.096525676336936291e-06,7.233853844844020013e-07
-2.095457350055217410e-06,-1.295902514718037417e-06
-7.893808543800340141e-06,6.920603968964892777e-06
-7.136917645636129121e-06,5.741438588620888279e-06
-6.537125200219066852e-06,4.495046960841828185e-06
-9.649283374252003447e-06,4.763445042443241875e-06
-1.066886627264692489e-05,3.350987485328690712e-06
-2.814419996614116050e-06,-2.827046703868297925e-07
-3.695472340380151412e-06,9.888807382091779380e-07
-3.696123396577089711e-06,-1.574678584312705044e-06
-7.807362907797087023e-06,4.492131872173419136e-06
-6.081988098367875075e-06,3.213427236765232992e-06
-5.149092515214215079e-06,1.214381825898826684e-06
-5.572983427100247159e-06,1.439934721528013264e-06
-5.799200456522511181e-06,1.900235730036873723e-06
-8.942127304676930364e-06,3.188266943350501892e-06
-1.002821777020864100e-05,2.156757277047598771e-06
-4.487740761868618084e-06,-9.672668248839630000e-08
-5.152746552347564842e-06,-1.776213501417827154e-06
-6.961589089262515939e-06,2.307166211717186237e-06
-5.601278407314146069e-06,5.386855508114501709e-07
-6.104189248727175985e-06,1.280387664944747928e-06
-8.435915754761431123e-06,1.787147702696664522e-06
-9.631016603992782724e-06,9.346975471402956760e-07
-5.629232782654985957e-06,-9.142885236346016953e-07
-5.566978590081000773e-06,-1.995330024932452245e-06
-7.227293141478468403e-06,2.375246489742687554e-07
-9.496155402313550875e-06,-2.900496970537843613e-07
-9.626126824161519805e-06,-1.500496280472123170e-06
-6.488561376107239967e-06,-1.702356594002666550e-06
-5.806957703630353487e-06,-2.467116933065700505e-06
-6.098281012852944247e-06,-3.773191314727068282e-06
-8.407087705688963175e-06,-1.651357469573830056e-06
-6.541668540132923395e-06,-5.051746100831636638e-06
-1.001509278865483327e-05,-2.727498287319417784e-06
-7.270339679293084542e-06,-3.814581650313179850e-06
-9.012069763271424275e-06,-3.914388770823891033e-06
-7.145425505031908472e-06,-6.277725173915002887e-06
-1.064335826062273293e-05,-3.916752468255170663e-06
-1.013055938981756976e-05,-5.102327719659120925e-06
-8.907606633936265204e-06,-5.850007444434456967e-06
-7.895111575995287611e-06,-7.460008525328969013e-06
-8.806019976506997170e-06,-8.572046731131073742e-06
-1.150768353940772488e-05,-5.022396479097811990e-06
-1.088928439932529107e-05,-6.449259190711698900e-06
-1.015911916086410395e-05,-8.133673417762393360e-06
-9.847172076020600117e-06,-9.597702891533989932e-06
-1.257817060843078848e-05,-6.002210953710137309e-06
-1.225642647300127635e-05,-8.127371247283749143e-06
-1.102607974861602334e-05,-1.050267862438961886e-05
-1.233314375015287612e-05,-1.128484982938516129e-05
-1.373760554040946733e-05,-1.193174676546260933e-05
-1.384902218015714269e-05,-8.587868258494642067e-06
-1.383596539261470790e-05,-6.818123170253233179e-06
-1.353099741285490364e-05,-1.036694320510825730e-05
-1.523545500857764547e-05,-1.240868493357950243e-05
-1.680322269294336860e-05,-1.272018409536470210e-05
-1.513440807131308841e-05,-8.984627747693486505e-06
-1.525648049470388621e-05,-7.417182233380913399e-06
-1.840943731517100687e-05,-1.284851977975406828e-05
-1.660596236304308080e-05,-1.045847794601738212e-05
-1.679321183862857845e-05,-7.772561346010865835e-06
-1.876113641431904173e-05,-1.070615336484819921e-05
-2.021533559850236252e-05,-1.289151965643556074e-05
-1.839710977658265734e-05,-7.877491040714499468e-06
-2.273553518759815529e-05,-1.293459524670736284e-05
-2.072857157474470338e-05,-9.478520061697655086e-06
-2.021252757434665871e-05,-7.835929106685016014e-06
-2.628307932655581428e-05,-1.299935123957721001e-05
-2.450932564799619765e-05,-1.015946053115323670e-05
-2.273614842487911792e-05,-7.782214937373356113e-06
-3.108179938132526961e-05,-1.306730521264152251e-05
-2.866337837922065240e-05,-1.036320002202000482e-05
-2.628308911493495675e-05,-7.722059475345477420e-06
-3.618943402243062759e-05,-1.312275361160617947e-05
-3.361881036065812956e-05,-1.036390911837420670e-05
-3.108147675930441489e-05,-7.659051901233039069e-06
-4.138705414822264412e-05,-1.316779396428148268e-05
-3.877433566676454413e-05,-1.036497248309858373e-05
-3.618903507399710086e-05,-7.606053980660853666e-06
-4.665776663055368022e-05,-1.320327357862130877e-05
-4.401145132120517622e-05,-1.036592442894550670e-05
-4.138676951805332291e-05,-7.563094898583269828e-06
-5.198392741244976724e-05,-1.322981688613860551e-05
-4.931269753340997066e-05,-1.036702675675085329e-05
-4.665733027610314215e-05,-7.529717315783196637e-06
-5.734847779893399700e-05,-1.324830617995917114e-05
-5.466064249290711146e-05,-1.036830894633934803e-05
-5.198326445783257930e-05,-7.505595073596067246e-06
-6.273782715331199594e-05,-1.326115359257067445e-05
-6.003939572568187029e-05,-1.036970864241638087e-05
-5.734772715783635692e-05,-7.489673500469515082e-06
-6.814442652019141568e-05,-1.327060423575627660e-05
-6.543834133439387470e-05,-1.037099307227740981e-05
-6.273717556144857703e-05,-7.479522402903864491e-06
-7.356442376953286765e-05,-1.327760608411568372e-05
-7.085231949785147985e-05,-1.037192342015334388e-05
-6.814406810841023188e-05,-7.472290922985281760e-06
-8.519910914841890886e-05,-1.296327453255825780e-05
-8.442748964545726033e-05,-1.328286367466793086e-05
-7.599527098331569522e-05,-1.037248987489507042e-05
-7.899394760990876175e-05,-1.328175946440509008e-05
-7.356410205116992586e-05,-7.466880694868180911e-06
-8.551872489928071495e-05,-1.219169096143701841e-05
-8.369259344225232723e-05,-1.037287594371577663e-05
-7.899375955686616850e-05,-7.463544894307556180e-06
-8.551861066629753484e-05,-8.554138027647464318e-06
-8.442733395946097966e-05,-7.462927891308890685e-06
-8.519897869724255847e-05,-7.782531344072271193e-06
