Size 192,2
2.288061122618098787e-05,-2.082179680080381023e-06
2.300163417089285425e-05,-1.790206682858636579e-06
2.300198234864856136e-05,-4.136719887505564599e-07
2.288101471414852954e-05,-1.217650242130565396e-07
2.258849938006478753e-05,-2.203091741181375303e-06
2.204063352056434246e-05,-1.101995757789947753e-06
2.258899192835645052e-05,-8.808903013463340930e-10
2.053165055894465337e-05,-2.201335686236868170e-06
2.053230625946661167e-05,-2.570567818281234031e-09
1.939819306493185936e-05,-1.101764979337547390e-06
1.848139395311934120e-05,-2.194607425766527825e-06
1.848218466143898244e-05,-8.944249460241374277e-09
1.746144699544799120e-05,-1.101785605369200658e-06
1.644873075468732078e-05,-2.182237837242257749e-06
1.644923908220499985e-05,-2.128516532061597107e-08
1.544064291227049049e-05,-1.101541379248702454e-06
1.444408169678211380e-05,-2.163093151075550175e-06
1.444499353309992016e-05,-4.008648694282945711e-08
1.345474880159873329e-05,-1.101500779708928808e-06
1.248133219656894837e-05,-2.136641008581292140e-06
1.248231616979642909e-05,-6.636030373463598372e-08
1.151769327854142710e-05,-1.101593004733013205e-06
1.057504008940715055e-05,-2.102192744627740254e-06
1.057587362073614814e-05,-1.007197421265836693e-07
9.644747835601386773e-06,-1.101610663620303613e-06
8.741194528195387530e-06,-2.059244655687551897e-06
8.741586474994758181e-06,-1.435214949268682349e-07
7.852035713512673268e-06,-1.101554318966155909e-06
6.994909402127846654e-06,-2.008572522114261127e-06
6.994930230112979276e-06,-1.940959686064594795e-07
6.154101062253164507e-06,-1.101406359345820512e-06
5.350152282647671409e-06,-1.950224802452532809e-06
5.349920394475007062e-06,-2.524539664881865931e-07
4.564540616280025744e-06,-1.101309318367292829e-06
3.820286725694888568e-06,-1.883393116192622128e-06
3.819733361140247727e-06,-3.196051215180043466e-07
3.125147039084225576e-06,-1.100678490029939235e-06
2.475147220369888706e-06,-1.807324342039142280e-06
2.474241366820136565e-06,-3.984277875693879558e-07
1.999741353695499252e-06,-1.151387590000122590e-06
1.560121116744553232e-06,-1.734852244610115808e-06
1.557920107513088654e-06,-4.728960523963441644e-07
9.641858461977658077e-07,-1.669481694881122366e-06
1.059506809751426652e-06,-1.302257368216267573e-06
9.605837014930303712e-07,-5.217399220577704994e-07
5.669109758727846831e-07,-5.748151080388728273e-07
2.958565918435567494e-07,-6.467408219224500543e-07
3.016271008324131557e-07,-6.603513951651791920e-07
3.016606571735004753e-07,-7.121405832706303819e-07
2.958598510620255683e-07,-7.260555179619743866e-07
5.621932742152109003e-07,-1.622496429802133630e-06
2.406050556633183208e-07,-1.560967421210495571e-06
4.688015733303245365e-07,-9.701635517052869237e-07
2.223019731087540630e-07,-6.032181318808367823e-07
2.822302833287064621e-07,-6.412785262879764144e-07
2.680311194650836970e-07,-6.982351456043005702e-07
2.819622936537938927e-07,-7.321383135141678570e-07
1.254217794644806698e-07,-1.247641321462830444e-06
-5.073309286266654629e-08,-1.454921376901665589e-06
-2.972364035624243795e-07,-1.336487578706124438e-06
2.860285261552803043e-08,-8.641028906846265721e-07
-6.619326692859758914e-08,-5.962641448512898877e-07
1.886456237714880006e-07,-6.421188720224066880e-07
1.878131146850776593e-07,-7.360402318398827809e-07
1.397000407538780634e-07,-6.903397265492911105e-07
-4.931542741607593737e-07,-1.187109106029961918e-06
-3.431536631440011054e-07,-1.062520198770224415e-06
-2.652835250380095240e-07,-7.645987814576793003e-07
-3.050228623451409055e-07,-5.660089737308817586e-07
8.748262578563457905e-08,-6.360222932884432066e-07
8.677798338290339028e-08,-7.471616964794474218e-07
2.735252834101834505e-08,-6.929287969823055102e-07
-6.531327204981043349e-07,-1.039959262661482994e-06
-7.587863119838786827e-07,-8.997976064400907329e-07
-5.177888195810255692e-07,-7.295569823221574276e-07
-4.933268347876374495e-07,-5.137433857596733475e-07
-4.086624012250159789e-08,-6.200180166580033759e-07
-4.174893868187395564e-08,-7.688095048370818065e-07
-7.301954404323881804e-07,-7.297379936178400664e-07
-8.172893923605460852e-07,-7.573636617679091041e-07
-6.937267379320525303e-07,-5.874859280029250967e-07
-6.341462126327824426e-07,-4.721028817733579891e-07
-1.169960901514291554e-07,-6.958481085197545502e-07
-2.064913409893830363e-07,-5.954182275067979123e-07
-2.075211896882922164e-07,-7.991450993894019192e-07
-8.533387961836521650e-07,-6.349732075197511300e-07
-8.400538864496425922e-07,-5.577340818371260889e-07
-7.926960887687673624e-07,-4.980699489872973507e-07
-7.603641392787621360e-07,-4.962733999267355492e-07
-7.348620749199327419e-07,-4.589245383094948076e-07
-2.794718190212721551e-07,-6.985176823583664511e-07
-3.684909456717533222e-07,-5.697781287400796814e-07
-3.684944412372654188e-07,-8.287410284580362078e-07
-8.082745018685176133e-07,-4.868931699758327196e-07
-7.402040747311249380e-07,-4.790032349803332416e-07
-5.378629774620616867e-07,-5.459606635272445215e-07
-6.023292900861154968e-07,-5.287548569298405353e-07
-6.544707363494248934e-07,-5.034140835180613057e-07
-7.956743049401680573e-07,-4.606938219230793750e-07
-8.169736352266611925e-07,-4.829438684407668927e-07
-4.502087612090189966e-07,-6.827402443711726129e-07
-4.913570391828683580e-07,-8.470039535195823385e-07
-7.459737460858186106e-07,-4.766448040712045752e-07
-5.830563743584578946e-07,-6.095745334125932466e-07
-6.579443355041475279e-07,-5.403011012759983911e-07
-7.991688798385574152e-07,-4.941189918746938929e-07
-8.872434896542288193e-07,-5.532545394267967231e-07
-5.463371970979695285e-07,-7.539943707043754603e-07
-5.083032016770441650e-07,-8.721995477485142666e-07
-7.314894195816594879e-07,-6.021827240625339455e-07
-9.362642544290153786e-07,-6.578890509016050220e-07
-1.040796042097508624e-06,-8.033725729147276476e-07
-6.115542085082621315e-07,-8.269551877574141606e-07
-5.091844243304373645e-07,-9.427519168891264182e-07
-4.946266901131271129e-07,-1.170147032767479361e-06
-8.658539815511217516e-07,-7.974944348616998721e-07
-5.105171534358025712e-07,-1.447285567604960828e-06
-1.181081943091523861e-06,-9.704993227134877647e-07
-6.763763729992832489e-07,-1.160187717059794536e-06
-1.005868190814134391e-06,-1.181572327067370177e-06
-5.928501715236136952e-07,-1.736536861247480587e-06
-1.382950742026309661e-06,-1.183234082352428306e-06
-1.283231814230603925e-06,-1.441429248976579949e-06
-9.804017008960926623e-07,-1.623380545107073263e-06
-7.247001378611672718e-07,-2.064060722022999797e-06
-9.394403672161866918e-07,-2.406958811773356939e-06
-1.668934534578303842e-06,-1.410153942612719563e-06
-1.502851321005719764e-06,-1.788466391304933831e-06
-1.296703413159455862e-06,-2.281875424540054568e-06
-1.205682450958405313e-06,-2.756678575538521635e-06
-2.028586161525522566e-06,-1.641673545056191905e-06
-1.934792260831316643e-06,-2.291919912528718227e-06
-1.549981380539695291e-06,-3.079519169563017175e-06
-1.974929506064989051e-06,-3.384403744491760833e-06
-2.455200361392400878e-06,-3.663854249286650067e-06
-2.481001850204176215e-06,-2.445554636025196385e-06
-2.469763870047881572e-06,-1.859402281940283707e-06
-2.367738388925043121e-06,-3.073822897562253329e-06
-3.004337183287377176e-06,-3.878074808008880579e-06
-3.608889168323442036e-06,-4.038885078272401418e-06
-2.949216838543218699e-06,-2.580702950696300498e-06
-2.997596002741795037e-06,-2.017180433587693479e-06
-4.245790591079113231e-06,-4.125710116450070116e-06
-3.510059627896510520e-06,-3.140704962232710714e-06
-3.591240972575665608e-06,-2.098111842753330612e-06
-4.381373224073715113e-06,-3.247886915020692519e-06
-4.999655971794935570e-06,-4.184848095689802265e-06
-4.229125748439212523e-06,-2.105017451722508996e-06
-6.086107499677167525e-06,-4.244171459870960647e-06
-5.203579973372336752e-06,-2.733830662606728465e-06
-4.996143781645500734e-06,-2.047425149157646109e-06
-7.697694063917352952e-06,-4.335250692997292450e-06
-6.874269959019362706e-06,-3.022554230790918988e-06
-6.087498905755095463e-06,-1.972536406922937150e-06
-9.992818550500217017e-06,-4.433538612772817484e-06
-8.817517950968700721e-06,-3.113997613668095419e-06
-7.698123263029676050e-06,-1.886700915668106671e-06
-1.254435738835494378e-05,-4.516629693918477758e-06
-1.124308379166466267e-05,-3.114205125871270831e-06
-9.992608683086117094e-06,-1.793727056773298911e-06
-1.523603625717414576e-05,-4.586668323636643550e-06
-1.386838320197585269e-05,-3.114795343774825466e-06
-1.254412390561512517e-05,-1.712229457257388023e-06
-1.804537186652154133e-05,-4.644286983860941704e-06
-1.662279893920002257e-05,-3.115382608127156453e-06
-1.523589038054260966e-05,-1.643448228205618777e-06
-2.094892384195907916e-05,-4.689486124954401800e-06
-1.948319985880806455e-05,-3.116133321375947283e-06
-1.804522486519189397e-05,-1.587192809333465316e-06
-2.392371076997302037e-05,-4.723120183190288267e-06
-2.242603919676817797e-05,-3.116939823075071157e-06
-2.094870282176242434e-05,-1.543675202613959949e-06
-2.694918915908337133e-05,-4.746892891161455461e-06
-2.542931205638199608e-05,-3.117767604576628097e-06
-2.392348725898666283e-05,-1.511648074545314056e-06
-3.000883259250908142e-05,-4.762670926387578495e-06
-2.847426032545938602e-05,-3.118526002341004840e-06
-2.694894604580228809e-05,-1.489479615191932531e-06
-3.309042848055100423e-05,-4.772900484401261668e-06
-3.154666171883464013e-05,-3.119234270131044193e-06
-3.000854740485580348e-05,-1.474990718515821107e-06
-3.972405324231549872e-05,-4.597491738219490716e-06
-3.928397843800341885e-05,-4.779740752631000343e-06
-3.447497665889237301e-05,-3.119812071054775533e-06
-3.618459196710909799e-05,-4.778467941326520754e-06
-3.309020142107296634e-05,-1.466113947435929438e-06
-3.990634518732964146e-05,-4.157473776058056654e-06
-3.886474195340646143e-05,-3.120170291734885061e-06
-3.618452702479454437e-05,-1.461524342023938529e-06
-3.990640900725583932e-05,-2.082842134529521317e-06
-3.928400990809889642e-05,-1.460518695448970643e-06
-3.972411085519784551e-05,-1.642785573207879716e-06
