Size 192,2
6.196481871987289444e-05,-8.099840795912297478e-06
6.221118438563346157e-05,-7.505122348328984746e-06
6.221156687148519547e-05,-4.701716322901322614e-06
6.196525392479433863e-05,-4.107043411278160380e-06
6.137007107477839062e-05,-8.346181500797672146e-06
6.025484948071525181e-05,-6.103505961599084392e-06
6.137058220940834615e-05,-3.860723757886141134e-06
5.718240201971140743e-05,-8.346157591481267844e-06
5.718309006234298430e-05,-3.860959596088892232e-06
5.487088914516304283e-05,-6.103512117094789659e-06
5.299525905847550072e-05,-8.344591477039941849e-06
5.299612550209970534e-05,-3.862661558205755295e-06
5.090313400722247061e-05,-6.103984001241442728e-06
4.881333108882696331e-05,-8.340042410947586858e-06
4.881355959606061289e-05,-3.868167058004001612e-06
4.672616897299764182e-05,-6.104364087354209920e-06
4.464411024598954436e-05,-8.331191121159800642e-06
4.464448455657504171e-05,-3.878207070209816000e-06
4.256659438504312951e-05,-6.104968372614623236e-06
4.049709475644090923e-05,-8.316787527852485197e-06
4.049781970525912286e-05,-3.894042401613113233e-06
3.843436968616388176e-05,-6.105616284094597303e-06
3.638326595493457572e-05,-8.295928152565871483e-06
3.638465752397784716e-05,-3.916115905763143723e-06
3.434138134066523770e-05,-6.106320823056460810e-06
3.231584570590531467e-05,-8.267790829680887795e-06
3.231717244398797206e-05,-3.945239515114457256e-06
3.030164441780389885e-05,-6.107044242482592270e-06
2.830961971778606291e-05,-8.231125742866686918e-06
2.831025346891052823e-05,-3.983055005685732647e-06
2.633061998590701804e-05,-6.107663344436417632e-06
2.438050443213299323e-05,-8.184664545367925905e-06
2.438028317632375645e-05,-4.030814290961759720e-06
2.244605300110888459e-05,-6.108085781670523138e-06
2.054794393998679811e-05,-8.126236793826903387e-06
2.054732417007137268e-05,-4.090546587374727123e-06
1.874410609630265071e-05,-6.107858027428412215e-06
1.698332315018946179e-05,-8.054463577033808513e-06
1.698236468502752172e-05,-4.165803377412360058e-06
1.567451808810579186e-05,-6.255880753320810828e-06
1.438281047979561060e-05,-7.984043301665830127e-06
1.438057641779709391e-05,-4.239150486935011892e-06
1.255906643049934048e-05,-7.919303984345518060e-06
1.289477739237538798e-05,-6.733848700571954616e-06
1.255538731536443840e-05,-4.288035974558058884e-06
1.126929790615335581e-05,-4.341712292744548301e-06
-1.562598100561743535e-06,-6.749895845781359962e-08
-1.592796014546477456e-06,5.092411145832392500e-09
-1.592628558875972091e-06,2.754684503962194670e-07
-1.562590254744482337e-06,3.470684001434358874e-07
1.126443470036298345e-05,-7.872321094043520200e-06
1.013201647314632545e-05,-7.764403882514408234e-06
1.099099491446874069e-05,-5.668555834325841624e-06
1.011552197747076520e-05,-4.300406781999729564e-06
-1.490339232695107804e-06,-9.748921782451015591e-08
-1.417627292269997780e-06,1.991596248365548889e-07
-1.490941989472113239e-06,3.770090519535281871e-07
9.760056675507711141e-06,-6.685159401609272883e-06
9.040937008987029398e-06,-7.519885489899359229e-06
8.016337050778167634e-06,-7.173243875879615985e-06
9.419877491211500731e-06,-5.241041408519490128e-06
9.043204419445188786e-06,-4.085504796207113243e-06
-1.000759884509805386e-06,-1.056231530720980462e-07
-1.000381062216259902e-06,3.860676799490063042e-07
-7.464008686497734119e-07,1.401145064476886655e-07
7.074466286663470405e-06,-6.708634974374496609e-06
7.868773796571251907e-06,-6.094911875331235476e-06
8.217023868801508345e-06,-4.777977937482396004e-06
8.069798520660511994e-06,-3.715468153897348220e-06
-4.698431569848878678e-07,-1.534639139678955018e-07
-4.702170571565670021e-07,4.328171297420154683e-07
-1.543807912321557901e-07,1.391969286996419377e-07
6.209709769597486233e-06,-6.164388068424198472e-06
5.450016985449654649e-06,-5.550668895901279049e-06
7.015699820508393620e-06,-4.581364370185827184e-06
7.218677330808136930e-06,-3.201619841496843537e-06
2.098149630049990573e-07,-2.574448778427850942e-07
2.095217612271727227e-07,5.348281043448020557e-07
5.644031256593882294e-06,-4.638078318825367563e-06
4.795823941668098318e-06,-4.863852494888313066e-06
5.960272298758537081e-06,-3.645505742174615786e-06
6.506668098530633106e-06,-2.591161881077258686e-06
6.126496600003039865e-07,1.380720062654292775e-07
1.094576090475913034e-06,-4.080791205045426621e-07
1.093386138984130833e-06,6.845203429712563253e-07
4.229785790631735860e-06,-4.134195039567494768e-06
3.784808222296559076e-06,-3.393471657822406511e-06
3.449595203580606822e-06,-2.620974304860045007e-06
5.322351304476264208e-06,-2.779795945824524375e-06
5.943314178739300410e-06,-1.918965754740436644e-06
1.482158120118892180e-06,1.353526522564054917e-07
1.961111360325579427e-06,-5.570952158231469745e-07
1.961342201695504102e-06,8.391860235536778679e-07
4.200335732319749709e-06,-2.613819298894468682e-06
3.203133033706510347e-06,-1.846960017900756196e-06
2.743382524198220946e-06,-6.836632533462849790e-07
2.965215449521680850e-06,-8.110911339690688745e-07
3.075325628419906650e-06,-1.074404841830078018e-06
4.883907255799842735e-06,-1.823103814586436304e-06
5.522184171792548939e-06,-1.218371679296244611e-06
2.391198556016624214e-06,3.211131376538192847e-08
2.766667366627189052e-06,9.532255067258762363e-07
3.725539598971376978e-06,-1.304861195850997637e-06
2.990804741637721748e-06,-3.122573225505470022e-07
3.255612723427286086e-06,-7.220907134537082434e-07
4.580298899150590953e-06,-1.003381915091733391e-06
5.252435613006060742e-06,-5.230362724074469680e-07
3.024091261427856185e-06,4.847241217170281422e-07
3.004225094673160529e-06,1.072942113963019193e-06
3.890804093198892233e-06,-1.304223145099678614e-07
5.149578236525611935e-06,1.576608940025743820e-07
5.180146336890508730e-06,8.111609524605744608e-07
3.505457410493811340e-06,9.199613298114014381e-07
3.146139751908529369e-06,1.322639308468872886e-06
3.325020483914536189e-06,1.998629824763321522e-06
4.533050647797279153e-06,9.032520371147515461e-07
3.580882527420272896e-06,2.636683300969292494e-06
5.349640613178628487e-06,1.465630660971329144e-06
3.941164986250902484e-06,2.027486159619477065e-06
4.830907354759938460e-06,2.077352572446665159e-06
3.902956028442850737e-06,3.238288129905276637e-06
5.634762904636556204e-06,2.077942557973721702e-06
5.373958770635362661e-06,2.668952049461131726e-06
4.779887715894280635e-06,3.033569587825075269e-06
4.290164179279926385e-06,3.797802114945941116e-06
4.737256430986015883e-06,4.309238800729043270e-06
6.023916564777793498e-06,2.634943147573967620e-06
5.728966450183864351e-06,3.317498358344355501e-06
5.385097866318375122e-06,4.103301628388945392e-06
5.239432073301321762e-06,4.766868203165965102e-06
6.503758977294587941e-06,3.115555008948826538e-06
6.353380655845705480e-06,4.095289801155517101e-06
5.789820962299015808e-06,5.164635958429373559e-06
6.381603498310543248e-06,5.497534540140163438e-06
7.007512531109346940e-06,5.761517658503883931e-06
7.062580854280120728e-06,4.302069815481313078e-06
7.059773733672997377e-06,3.505117260985064215e-06
6.922556891592744354e-06,5.086942917976011596e-06
7.659292808787183127e-06,5.952860515352272769e-06
8.329422784661620708e-06,6.069381175229223074e-06
7.623222732938478627e-06,4.479051138391118755e-06
7.675037462208621615e-06,3.791850395633733336e-06
9.008584443783486869e-06,6.109154149427258139e-06
8.254536748126323336e-06,5.112716952638670319e-06
8.331098538115991149e-06,3.966934588062304971e-06
9.158816280335267562e-06,5.213796424473458918e-06
9.757184296221295977e-06,6.110886296226512346e-06
9.008271024254428083e-06,4.025339081503084227e-06
1.078857492071863631e-05,6.113183371516231963e-06
9.973738728458586805e-06,4.704959613740842740e-06
9.756829427100265444e-06,4.023927809795207343e-06
1.221075555633411657e-05,6.117392142460559503e-06
1.150573849551879857e-05,4.985667734013208236e-06
1.078833856632285088e-05,4.021332483667483275e-06
1.409606016662485805e-05,6.122620193709670806e-06
1.315181918879223474e-05,5.067862796216923805e-06
1.221041669959695381e-05,4.017685651570459140e-06
1.606949768302849780e-05,6.127503450494847459e-06
1.508130383097898676e-05,5.068154445213365748e-06
1.409585624852176691e-05,4.013256958623797528e-06
1.805129036366581380e-05,6.132249694222780231e-06
1.705898326560808604e-05,5.068510578000513183e-06
1.606937502020965787e-05,4.009200028663838544e-06
2.004113737369816797e-05,6.136429424529663499e-06
1.904491395399960187e-05,5.068719855659289773e-06
1.805127306064420199e-05,4.005034314736797058e-06
2.203801532593951048e-05,6.139249244945778285e-06
2.103863308509508717e-05,5.068813547057369310e-06
2.004112514982386736e-05,4.001139231391014353e-06
2.403900486386938964e-05,6.140361937842413229e-06
2.303815509330656364e-05,5.068822697445627559e-06
2.203804472488221254e-05,3.998416484513444046e-06
2.603985631407458638e-05,6.139508751716367446e-06
2.503974579875289249e-05,5.068800500537745835e-06
2.403893989966397423e-05,3.997223640382693533e-06
2.803730129633837239e-05,6.137002015956863547e-06
2.703935791662889746e-05,5.068649402221784893e-06
2.603983737903340558e-05,3.997981548660762005e-06
3.003006776653860879e-05,6.134500600716064653e-06
2.903450333323060782e-05,5.068371421589994898e-06
2.803733925794290823e-05,4.000035129719485544e-06
3.428819531655635257e-05,6.015302216443079781e-06
3.400595883393766656e-05,6.132231735143070589e-06
3.092139376031082670e-05,5.068113303437192980e-06
3.201883011608789952e-05,6.132882869444308360e-06
3.003020368598565898e-05,4.002022202491819343e-06
3.440509991560168488e-05,5.733035136573939759e-06
3.373739738419563724e-05,5.067856164293993298e-06
3.201890978635966957e-05,4.003110022310547674e-06
3.440512457264623201e-05,4.402653593997038152e-06
3.400600513105525477e-05,4.003484546536110373e-06
3.428822689898344226e-05,4.120404239367141556e-06
