Size 192,2
7.326848246127916993e-05,-8.926347935590717722e-06
7.357291851179293025e-05,-8.191309789284284237e-06
7.357317097914915533e-05,-4.726581136420313797e-06
7.326877503638949479e-05,-3.991593676654471406e-06
7.253350456851551423e-05,-9.230828850827017595e-06
7.115530510643509042e-05,-6.458993886938598443e-06
7.253386259737675174e-05,-3.687135007675340494e-06
6.735831978742452873e-05,-9.231712400321533007e-06
6.735879608780258689e-05,-3.686244803459158732e-06
6.450018018851711116e-05,-6.458809046179795333e-06
6.217925708693016992e-05,-9.232985955142550911e-06
6.218012600822091110e-05,-3.684829462526520129e-06
5.958883066502689501e-05,-6.458909952099333885e-06
5.699782704494160191e-05,-9.231313495760480964e-06
5.699832196799483935e-05,-3.686439737732725024e-06
5.440854707474168699e-05,-6.458744531369684521e-06
5.182348717042172171e-05,-9.222269222917194530e-06
5.182398048214225560e-05,-3.695273427457991845e-06
4.924317128240779509e-05,-6.458630253735333689e-06
4.667424741744863759e-05,-9.201619979013232211e-06
4.667484452447183977e-05,-3.715537560173082845e-06
4.411415341707321258e-05,-6.458358948796873798e-06
4.157412851254461918e-05,-9.166618018014214449e-06
4.157510680100385978e-05,-3.749623480474275458e-06
3.904811232664389981e-05,-6.458000871773452176e-06
3.655252745288874373e-05,-9.114974375128788694e-06
3.655326250518125506e-05,-3.799941821571367993e-06
3.407636483305485659e-05,-6.457426220473480439e-06
3.164317147786351991e-05,-9.044177393027144228e-06
3.164295242113346210e-05,-3.869169655298789055e-06
2.923456271538854584e-05,-6.456578866363167426e-06
2.688272180851277558e-05,-8.953299423082116906e-06
2.688174624867308425e-05,-3.958671267749425907e-06
2.456072946177028689e-05,-6.455566348637983498e-06
2.230823722817029521e-05,-8.842461939895246634e-06
2.230684145863220323e-05,-4.068248412967799656e-06
2.017883254139663421e-05,-6.453765208267409089e-06
1.812650300381896481e-05,-8.715135409848070365e-06
1.812469523658496133e-05,-4.198327634631346358e-06
1.660761462067568932e-05,-6.622735874922218594e-06
1.513109342550844003e-05,-8.598252862419455600e-06
1.512736207608989081e-05,-4.317142777766305823e-06
1.306161816365781039e-05,-8.497857834256435544e-06
1.343433849087537968e-05,-7.161957101118661185e-06
1.305638819887535329e-05,-4.391971593430742745e-06
1.161257644577358968e-05,-4.471380381462821303e-06
-1.478845174886485731e-06,-2.218919682877033985e-07
-1.508397667921530701e-06,-1.508130226880962829e-07
-1.508211314956359681e-06,1.139511714680940812e-07
-1.478802746476193812e-06,1.840318983810338177e-07
1.160510102460003007e-05,-8.427815519836130874e-06
1.034567583823647945e-05,-8.292523800914812263e-06
1.129352524132452451e-05,-5.959247540131012835e-06
1.032153838608990778e-05,-4.443955506647874637e-06
-1.408071667905895325e-06,-2.512886367723784255e-07
-1.336727970982240026e-06,3.905808186333487132e-08
-1.408648715321878398e-06,2.132693319156892939e-07
9.927507254554705446e-06,-7.087027980888509118e-06
9.139543410356866881e-06,-8.003726215050354452e-06
8.018755037030369991e-06,-7.609558483155158030e-06
9.549786101492344580e-06,-5.489162608043389041e-06
9.136678098584780617e-06,-4.227129608885286207e-06
-9.285220829579775750e-07,-2.589218002658186950e-07
-9.281935756441489158e-07,2.214634075163848450e-07
-6.798810150278221735e-07,-1.877115650597622282e-08
6.999573654430128634e-06,-7.085757027084765192e-06
7.853353808397063845e-06,-6.422383988270103198e-06
8.232613149482042122e-06,-4.986560782821309480e-06
8.070397693981625476e-06,-3.844229667520613253e-06
-4.105938971029892281e-07,-3.032645890898174687e-07
-4.108229889143547106e-07,2.652273580810980560e-07
-1.046783522470792451e-07,-1.928151321785979280e-08
6.071557464980961025e-06,-6.483549300137611044e-06
5.268702452810869779e-06,-5.814036306526107339e-06
6.932182768859898162e-06,-4.775870209497830188e-06
7.145675922322536325e-06,-3.307663476928864558e-06
2.463166728183610368e-07,-3.993342215191216402e-07
2.462081836075362928e-07,3.602687973251882963e-07
5.474565811468904553e-06,-4.832832391414808124e-06
4.589155533048837792e-06,-5.070110645404624601e-06
5.806238712846551221e-06,-3.781308307159996340e-06
6.377885752870121735e-06,-2.677510548217455302e-06
6.323341356594275534e-07,-1.991589783734327883e-08
1.091068364541830284e-06,-5.376602926986089641e-07
1.089920975994555486e-06,4.984783436727871249e-07
4.006572222046651322e-06,-4.290197656828029753e-06
3.564064340870409495e-06,-3.515801072127390308e-06
3.244998458026984324e-06,-2.716088167421475639e-06
5.139845960416521007e-06,-2.875800118692888053e-06
5.773707322998929218e-06,-1.995520367258296423e-06
1.459078293438197740e-06,-2.241751376768907441e-08
1.910391005252462658e-06,-6.735236718691272598e-07
1.911022997360320075e-06,6.404265831025801541e-07
3.993889696982471709e-06,-2.704779113355366177e-06
3.017336853366792859e-06,-1.929841732474337508e-06
2.634806271812670666e-06,-7.874599731960596919e-07
2.832622014683127217e-06,-9.078067353929148563e-07
2.922582818188972958e-06,-1.162272491028752455e-06
4.685560232356049695e-06,-1.899261187173077517e-06
5.318892018259825311e-06,-1.299057006842096948e-06
2.314804646866290209e-06,-1.198723208749649166e-07
2.678485072230860433e-06,7.459813011637655300e-07
3.540409862974768486e-06,-1.383509391148812512e-06
2.866745924764202180e-06,-4.371932331982475195e-07
3.102757950607624908e-06,-8.220213522282619118e-07
4.378874276760328942e-06,-1.086458509709215651e-06
5.019645187382282794e-06,-6.255693749187556357e-07
2.916229397991574399e-06,3.095286076403569302e-07
2.912772673598616988e-06,8.559304658174102014e-07
3.712643997577375003e-06,-2.492683801394632943e-07
4.895911627581743853e-06,1.967732242207779960e-08
4.881389711776530181e-06,6.204239478889181611e-07
3.375633274204269325e-06,7.200497794006949026e-07
3.056639421045050556e-06,1.077802525887540422e-06
3.245967746695306924e-06,1.662620606972315442e-06
4.303447651123256331e-06,7.165476823024080234e-07
3.500328266189487637e-06,2.184237433054291353e-06
4.989656079659727153e-06,1.212320756767284301e-06
3.789674631842125546e-06,1.697096918491625188e-06
4.542780206159848171e-06,1.739336432844079803e-06
3.792013563987593023e-06,2.663012906844882941e-06
5.185165773815833509e-06,1.740273260878618037e-06
4.966084459545667345e-06,2.223100426300412522e-06
4.504285678058663114e-06,2.508470077457542187e-06
4.126556133279678866e-06,3.077912888789370284e-06
4.482052260875855654e-06,3.434983889128229820e-06
5.444527663453223827e-06,2.204826909707800359e-06
5.223634644091926945e-06,2.721381717312697421e-06
4.972782291395867078e-06,3.285458028872491720e-06
4.868296894380713781e-06,3.730923777223099051e-06
5.758779677352258663e-06,2.588380699399307466e-06
5.651599899233699753e-06,3.273425017851217165e-06
5.264560714790368947e-06,3.977959561885466243e-06
5.660731848006554533e-06,4.165293715360841039e-06
6.062313226319540508e-06,4.292243282571608591e-06
6.106034588863444386e-06,3.410393376703735829e-06
6.108544002232605620e-06,2.884310178082034223e-06
6.020086537577941533e-06,3.899759038541573576e-06
6.453275674976535143e-06,4.377650436798944155e-06
6.832122073978584058e-06,4.412391957353110921e-06
6.444879438969860417e-06,3.525408314224972414e-06
6.472771914554009170e-06,3.104442296564491543e-06
7.202034905952088454e-06,4.406487172183435703e-06
6.807362897035778478e-06,3.891360698346419611e-06
6.843185748814409840e-06,3.248462559419691833e-06
7.286486645065418234e-06,3.940429361507204698e-06
7.579743655113012936e-06,4.375562474901488816e-06
7.210602094975142677e-06,3.308711999468462356e-06
8.072340060866244329e-06,4.345903500123143942e-06
7.696435754068118825e-06,3.685021378053056153e-06
7.580600207918470338e-06,3.341067447660025274e-06
8.689824973211965827e-06,4.303304970749436941e-06
8.396305261297029788e-06,3.824888367270291018e-06
8.070768091061266168e-06,3.381414774281482126e-06
9.428894561954890432e-06,4.262620173281830601e-06
9.070591897664671585e-06,3.862984650075242061e-06
8.688619257386323252e-06,3.423992131215355689e-06
1.013778328169761164e-05,4.233760539838693191e-06
9.791999820765550280e-06,3.864330184422864907e-06
9.428229747457468322e-06,3.465136716444707825e-06
1.080167615850576292e-05,4.214277319630959955e-06
1.047591674633646723e-05,3.865305406190515913e-06
1.013737480680830068e-05,3.495769557830234645e-06
1.143534551825950608e-05,4.202378660324575273e-06
1.112232784853941305e-05,3.866186357767939439e-06
1.080149433672475997e-05,3.517219438272944050e-06
1.205223066831755378e-05,4.196912203119994826e-06
1.174547136396914293e-05,3.867073459648493684e-06
1.143509155211336674e-05,3.530979830907381976e-06
1.266289586072480794e-05,4.196139076006265737e-06
1.235772374679563734e-05,3.868081643762659019e-06
1.205182780733192779e-05,3.538362537254797065e-06
1.327393806784130213e-05,4.197907189602613757e-06
1.296779245065604406e-05,3.869157356301334561e-06
1.266238100641025619e-05,3.541126427222111634e-06
1.388792212194851230e-05,4.199746726153634927e-06
1.358032291061639489e-05,3.870059058139186933e-06
1.327357915056122648e-05,3.541351309336749351e-06
1.450386701755788836e-05,4.200805116169919050e-06
1.419563511692036481e-05,3.870759644256097022e-06
1.388762740803391025e-05,3.541084313084224321e-06
1.582066102111741142e-05,4.164376922634347450e-06
1.573347228169710466e-05,4.200508373362895641e-06
1.477971353071099933e-05,3.871239222996466994e-06
1.511934664740692791e-05,4.200704175655481395e-06
1.450372191018177137e-05,3.541263703168175030e-06
1.585677422258127746e-05,4.077165002881142542e-06
1.565050052635164225e-05,3.871631594187331883e-06
1.511924969053728958e-05,3.542160569223779489e-06
1.585677818434541497e-05,3.666110346294962265e-06
1.573344405343807319e-05,3.542719483113493977e-06
1.582065636969639535e-05,3.578867011809381937e-06
