Size 192,2
-1.265065144237016053e-04,1.730257805505632077e-05
-1.270084773891245024e-04,1.609078355917158381e-05
-1.270088112843142654e-04,1.037840796564184727e-05
-1.265068908754637836e-04,9.166637402084228510e-06
-1.252946968599571867e-04,1.780451930268737008e-05
-1.230221023408089253e-04,1.323464898578416914e-05
-1.252951289883500699e-04,8.664705722983503960e-06
-1.167623531779607719e-04,1.780438507002536652e-05
-1.167629069322906923e-04,8.664905725999773477e-06
-1.120519592395843720e-04,1.323462706946421570e-05
-1.082303161723895514e-04,1.780243132471088228e-05
-1.082309099999494303e-04,8.666905928493800186e-06
-1.039654320750764806e-04,1.323486864914586606e-05
-9.970388447685814531e-05,1.779616687549206281e-05
-9.970443116566513498e-05,8.674075122267000727e-06
-9.544525662442751037e-05,1.323534314257567848e-05
-9.119499737818462075e-05,1.778171323579669482e-05
-9.119607027637851974e-05,8.689854768334201766e-06
-8.695155620258336810e-05,1.323619124382895144e-05
-8.272387189019868466e-05,1.775517790362372611e-05
-8.272516792011313570e-05,8.718221904933276639e-06
-7.850743144273957940e-05,1.323720672649971738e-05
-7.431568742622116682e-05,1.771420578125355196e-05
-7.431690974274336194e-05,8.761151124164746445e-06
-7.014006473579782036e-05,1.323825822210141379e-05
-6.599976043837623872e-05,1.765615252110686048e-05
-6.600077696428080065e-05,8.821131466141149280e-06
-6.188141422492936716e-05,1.323926666417979186e-05
-5.781120264414373343e-05,1.757743084795578375e-05
-5.781166824958531192e-05,8.901624236694282273e-06
-5.376923996548839087e-05,1.324015588096643657e-05
-4.979118303019240682e-05,1.747440085281638312e-05
-4.979099547484128088e-05,9.006377142873161538e-06
-4.584868409785181076e-05,1.324079875414204897e-05
-4.198758713346361580e-05,1.734336396837716894e-05
-4.198668299787237777e-05,9.139376471145400823e-06
-3.832223046357185450e-05,1.324016316103416124e-05
-3.475202187390848216e-05,1.718491253092840478e-05
-3.475054980386902862e-05,9.304761992170758057e-06
-3.210117450804258847e-05,1.353963866227571239e-05
-2.949130020659355847e-05,1.703278427534683334e-05
-2.948687400298064058e-05,9.462423960602949302e-06
-2.581006054114073317e-05,1.689754274205255822e-05
-2.648659682661233869e-05,1.450454083197610233e-05
-2.580318188206663508e-05,9.564642927110083206e-06
-2.320967005083532641e-05,9.674586664087097426e-06
3.288513498730819591e-06,9.235933858915544523e-07
3.353736963660579086e-06,7.665360056010512383e-07
3.353280731891168260e-06,1.823387310725930324e-07
3.288421264421590520e-06,2.782785243425603604e-08
-2.319913152480069003e-05,1.680150930544466791e-05
-2.091595188092861416e-05,1.658369454603899872e-05
-2.264796421909641411e-05,1.235332535512555201e-05
-2.088357057305057477e-05,9.590957972987175989e-06
3.132202700594100759e-06,9.886583970661965996e-07
2.975060639911477492e-06,3.480210067016795642e-07
3.133744920812130169e-06,-3.649871534962954473e-08
-2.016613364252738960e-05,1.440592877446400971e-05
-1.871456490872926203e-05,1.609167877493806686e-05
-1.664604746621557198e-05,1.539410038180330840e-05
-1.948107346722350078e-05,1.148976882935056914e-05
-1.872173769853424316e-05,9.154046426150192072e-06
2.073904202584822839e-06,1.007302398030146211e-06
2.073522020380560015e-06,-5.400920210954730274e-08
1.524685337032151308e-06,4.771998889814141707e-07
-1.474053182389572260e-05,1.445909953809319649e-05
-1.634925709830287136e-05,1.321665119362098728e-05
-1.705366629618353130e-05,1.055332507023290179e-05
-1.675760449567792554e-05,8.400345836955800977e-06
9.288157022789494443e-07,1.107732877887386590e-06
9.293163176470907605e-07,-1.518428654584181008e-07
2.506659852988828823e-07,4.786568639358352216e-07
-1.298903002889345347e-05,1.336170769126117452e-05
-1.144520567380227219e-05,1.212089084311024493e-05
-1.462420479017855995e-05,1.015498951686831703e-05
-1.503773709619450918e-05,7.353370081903109040e-06
-5.283578379446959947e-07,1.322870618814660412e-06
-5.279924068270063862e-07,-3.641848862424315879e-07
-1.183953126757304989e-05,1.027109317502334944e-05
-1.011143787887550665e-05,1.073045887209173780e-05
-1.248357564934981473e-05,8.253875534704513991e-06
-1.359654579102422594e-05,6.106409502988548063e-06
-1.386106003042556439e-06,4.802362521797749880e-07
-2.406311199388907356e-06,1.631826261812148594e-06
-2.404081730785909349e-06,-6.725817278919318570e-07
-8.955578931085270998e-06,9.249527489353600890e-06
-8.041840411653740849e-06,7.740305688468933235e-06
-7.348840694413410811e-06,6.163791067821838864e-06
-1.118433627993947537e-05,6.489893064197038225e-06
-1.245468573590215021e-05,4.729060344012709200e-06
-3.225313981350903365e-06,4.851797248124156228e-07
-4.230070846074135577e-06,1.934698530947290567e-06
-4.230652802587110400e-06,-9.875366086399298891e-07
-8.889901354386835544e-06,6.150520287350623600e-06
-6.837078091418539710e-06,4.579236018094745006e-06
-5.867389371678024907e-06,2.189899664066784777e-06
-6.331699956993743426e-06,2.451199355082029869e-06
-6.564254894762308528e-06,2.992914862118911659e-06
-1.029012979386801219e-05,4.532154996556445807e-06
-1.160185832169447018e-05,3.288416364039737916e-06
-5.131819288080323521e-06,7.001635218181057182e-07
-5.911454244870643674e-06,-1.217535622735121296e-06
-7.908959487340149903e-06,3.468001194504663469e-06
-6.382850425951450474e-06,1.416287443656449661e-06
-6.934794238561288641e-06,2.265534562936917083e-06
-9.668613440411638217e-06,2.846004023811781371e-06
-1.105742199373319495e-05,1.852495225920690073e-06
-6.448495597897308781e-06,-2.404634330766786995e-07
-6.404478620373937302e-06,-1.464036088277805336e-06
-8.247735307655144514e-06,1.041262973987047420e-06
-1.085220983519531334e-05,4.422637582006756754e-07
-1.092482761563729648e-05,-9.160731440752248832e-07
-7.445487058897368274e-06,-1.143214078661457929e-06
-6.697573394648512871e-06,-1.981465511081153316e-06
-7.066752457246545515e-06,-3.387823225497469924e-06
-9.579994211270408531e-06,-1.105246393374376352e-06
-7.596114004965112281e-06,-4.719760732704332850e-06
-1.128457459784700033e-05,-2.276023080260069367e-06
-8.348553830499783757e-06,-3.446685153733472724e-06
-1.020450326493188560e-05,-3.550603080475324919e-06
-8.266139484306578509e-06,-5.977413226227469907e-06
-1.188591356347543553e-05,-3.551886701237483231e-06
-1.134237039604290370e-05,-4.785960344211075250e-06
-1.009865891450676056e-05,-5.548626680119199475e-06
-9.073434076711144055e-06,-7.150308147746097090e-06
-1.000928363711623904e-05,-8.224914299939606137e-06
-1.270645188955863314e-05,-4.714011183235783168e-06
-1.208861786660828145e-05,-6.143672915617518618e-06
-1.136733055320040182e-05,-7.792755427486550490e-06
-1.106169258147403478e-05,-9.188176203639568891e-06
-1.371791593697745038e-05,-5.718877918210871545e-06
-1.340303537285687571e-05,-7.776499618269752984e-06
-1.221816383351483315e-05,-1.002607255594050568e-05
-1.346435714690097156e-05,-1.072830966840258224e-05
-1.478304684629410218e-05,-1.128524604636192227e-05
-1.489772947594349728e-05,-8.211548625481537975e-06
-1.489061588641837374e-05,-6.535255560293267870e-06
-1.460332025533618728e-05,-9.863930323753333849e-06
-1.615828968241647551e-05,-1.168833623215922494e-05
-1.757127077592932917e-05,-1.193241824046690106e-05
-1.608083535947392456e-05,-8.584037850675658884e-06
-1.618948485543456980e-05,-7.136806976251337448e-06
-1.900368775370839546e-05,-1.201398854887724073e-05
-1.741374943260739672e-05,-9.918330546150076480e-06
-1.757459909897617599e-05,-7.505099459413470862e-06
-1.932107313759904525e-05,-1.013020146815177882e-05
-2.057990753199672696e-05,-1.201303618179936095e-05
-1.900367524531758456e-05,-7.628792505268654224e-06
-2.274737162951355056e-05,-1.201074528372123933e-05
-2.103794632165758682e-05,-9.060119007796511560e-06
-2.058036631312197234e-05,-7.628130351322622519e-06
-2.572032633259463180e-05,-1.200462272409582745e-05
-2.425128049366220408e-05,-9.648043385503954889e-06
-2.274779868482390219e-05,-7.628976699165973991e-06
-2.962982557277673732e-05,-1.199465987930078601e-05
-2.767788456483341865e-05,-9.817842876782178536e-06
-2.572062066921908865e-05,-7.632763689463580178e-06
-3.368633364523318866e-05,-1.198401529214947161e-05
-3.166131772399408763e-05,-9.816447086152652770e-06
-2.963014120982477732e-05,-7.639570509580628535e-06
-3.772539192158118945e-05,-1.197524430508386327e-05
-3.570871628277588766e-05,-9.815292702080726330e-06
-3.368673977626148499e-05,-7.647608539522727757e-06
-4.175168081303459044e-05,-1.197063630194668687e-05
-3.974010258479593918e-05,-9.814374619592231827e-06
-3.772576295292168788e-05,-7.654409616976405457e-06
-4.577547910068228493e-05,-1.197252258131926683e-05
-4.376290579646779867e-05,-9.813825075580940479e-06
-4.175186006677894567e-05,-7.657620900804205444e-06
-4.981055595981333505e-05,-1.198127103885681717e-05
-4.778990828979353555e-05,-9.813446507528558055e-06
-4.577539636877288120e-05,-7.654828501251324745e-06
-5.386932198533301761e-05,-1.199448702466259199e-05
-5.183533363690174400e-05,-9.813158741165000813e-06
-4.981050082972290086e-05,-7.645237709031067026e-06
-5.795588303897430884e-05,-1.200752556484338203e-05
-5.590822503429636016e-05,-9.813032512039803870e-06
-5.386934385363756166e-05,-7.631563979101321877e-06
-6.206497154599761759e-05,-1.201695818921667965e-05
-6.000752407569775901e-05,-9.813044690863981245e-06
-5.795600222069301568e-05,-7.618430612981523420e-06
-7.089623874970965231e-05,-1.177957443657941952e-05
-7.031056917864480431e-05,-1.202215377709420044e-05
-6.390987014353598813e-05,-9.813248236960574726e-06
-6.618621953915000851e-05,-1.202135891922103702e-05
-6.206491101030071965e-05,-7.609381193000514369e-06
-7.113883178245174904e-05,-1.119392429530128139e-05
-6.975277964221697545e-05,-9.813424402629739493e-06
-6.618611857776219892e-05,-7.605295400113760010e-06
-7.113879015397936488e-05,-8.432948925687806525e-06
-7.031050314113418008e-05,-7.604695234932484680e-06
-7.089618855089032138e-05,-7.847282948070943034e-06
