Size 192,2
2.120851016300840767e-06,1.065253599078274016e-06
2.162909212685497024e-06,1.166661545833364733e-06
2.162992188831305574e-06,1.645037490485626189e-06
2.120945981618808525e-06,1.746437331545079379e-06
2.019346346536087225e-06,1.023269226539293147e-06
1.828707025678240168e-06,1.405839762098023078e-06
2.019458157861502008e-06,1.788418523369705806e-06
1.304238879803764434e-06,1.024611990257356754e-06
1.304435240654426010e-06,1.787073651287378198e-06
9.110079482787620078e-07,1.405842881651427804e-06
5.945024539122227080e-07,1.030200587580783187e-06
5.946306573428018827e-07,1.781725338915731803e-06
2.435364747776061994e-07,1.405790555407259892e-06
-1.007396959247440308e-07,1.040898085574659549e-06
-1.011504793731273237e-07,1.771233443475720763e-06
-4.418922215869533915e-07,1.405953651992773511e-06
-7.715402437322202982e-07,1.057599143846632521e-06
-7.722265433559528180e-07,1.754696074036766797e-06
-1.096634300216725371e-06,1.406083369135298578e-06
-1.405246859671561550e-06,1.081547397933890274e-06
-1.406001165377002991e-06,1.730852599196717177e-06
-1.706876661281176458e-06,1.406272355812130080e-06
-1.987395520661612005e-06,1.113230428078399081e-06
-1.987883564101971485e-06,1.699384438703246636e-06
-2.257851436366524741e-06,1.406460096373020485e-06
-2.503210549448718734e-06,1.152112383512707640e-06
-2.503631572931034704e-06,1.661048111178167442e-06
-2.736077780110120444e-06,1.406794964110013877e-06
-2.940459533178999351e-06,1.196999716607035228e-06
-2.940618684621267612e-06,1.616725937982704415e-06
-3.130614420401064958e-06,1.407146095611647646e-06
-3.289850875885629525e-06,1.246806650608603605e-06
-3.289738272171412311e-06,1.567601722734835103e-06
-3.433378905269315451e-06,1.407481393911063157e-06
-3.543277815961609946e-06,1.302219619691244442e-06
-3.543108415936978676e-06,1.512816586976427785e-06
-3.632563348821223628e-06,1.408179716216676139e-06
-3.685610711364799215e-06,1.364096713345453527e-06
-3.685905702906364934e-06,1.449403476804875858e-06
-3.715336694805655116e-06,1.408293239532978611e-06
-3.709261866119177697e-06,1.421446413763504035e-06
-3.711137214612556469e-06,1.390483936325024361e-06
-3.671634978634143248e-06,1.471610059598221025e-06
-3.695319946376969202e-06,1.424117163328688543e-06
-3.674295643146449975e-06,1.352793493609690078e-06
-3.616272544005672089e-06,1.312662261963732858e-06
8.850548737002494389e-07,-3.668261296928058202e-07
9.026808705033272133e-07,-4.090360390675145014e-07
9.026515045935703047e-07,-5.669516872577125366e-07
8.850875416370726637e-07,-6.089015003758415895e-07
-3.620009636055156116e-06,1.506872699531014156e-06
-3.540277404091139045e-06,1.534419748474745381e-06
-3.618629922053370149e-06,1.383729399800870294e-06
-3.554092675930074144e-06,1.264000051748516202e-06
8.429823508139758420e-07,-3.494839284675341668e-07
8.002992166714902405e-07,-5.227919291239754952e-07
8.431285176277194151e-07,-6.265965358516629251e-07
-3.524866070143209841e-06,1.466880670402524944e-06
-3.442942255051023748e-06,1.558404458956688830e-06
-3.320851477886304252e-06,1.556019771402460342e-06
-3.500552004222739125e-06,1.336534778617590977e-06
-3.459703855963613266e-06,1.188362152978542706e-06
5.569176738490720362e-07,-3.462148854131330805e-07
5.562786191445420651e-07,-6.329635262124132616e-07
4.082983656462592669e-07,-4.902754050702578108e-07
-3.175277990449616844e-06,1.542128900167197990e-06
-3.314508045835465919e-06,1.444449243566666207e-06
-3.361682311102648358e-06,1.268046732612353026e-06
-3.347979414836293031e-06,1.079916676324340308e-06
2.476115061321449636e-07,-3.207659759220293937e-07
2.473409315012855122e-07,-6.608154876246480978e-07
6.431774817109982786e-08,-4.912294213670265257e-07
-3.019624114018138235e-06,1.494542045422817878e-06
-2.845731006996536117e-06,1.412808894101718620e-06
-3.178118779944856938e-06,1.230560008469569766e-06
-3.227297765841848516e-06,9.416555959163548497e-07
-1.457940261912592488e-07,-2.639966832382115188e-07
-1.459743802884711350e-07,-7.191832474279866217e-07
-2.887924295768326703e-06,1.250704682364254012e-06
-2.662130555576946199e-06,1.305806033029898172e-06
-2.967097539103211394e-06,1.029231491596525303e-06
-3.107942445728706307e-06,7.566062253633239974e-07
-3.773609360808154063e-07,-4.918633784932658615e-07
-6.523387210607767806e-07,-1.815006236610827066e-07
-6.522287843282325667e-07,-8.030906420909424596e-07
-2.487981815361493692e-06,1.160800540699407193e-06
-2.308197366643768502e-06,9.650165351645086467e-07
-2.134696184032092171e-06,7.394531576561131878e-07
-2.797659793009580435e-06,8.009980390760600840e-07
-3.001641624247417045e-06,5.197197955836935756e-07
-8.735286523575234431e-07,-4.916847152738933151e-07
-1.144863599087377194e-06,-9.966207645355261306e-08
-1.144301938856911507e-06,-8.874288424160408596e-07
-2.429605834474259449e-06,7.483906389850240689e-07
-1.989020825703348612e-06,4.714026895631693494e-07
-1.610661350826222061e-06,-2.878527603279992612e-08
-1.759205543060915559e-06,3.595348521217635692e-08
-1.853554304945525058e-06,1.595480608817385867e-07
-2.670071736839093738e-06,4.817275182502744753e-07
-2.928459861444378026e-06,2.343996990240427402e-07
-1.389681962894731077e-06,-4.355469451619219298e-07
-1.571498420212735815e-06,-9.454753653012630319e-07
-2.188769451571369831e-06,2.725227630304014138e-07
-1.749049028037666367e-06,-2.322644406509329639e-07
-1.924025368252178474e-06,-9.072376398075553701e-09
-2.560276266848918398e-06,1.427676614664964733e-07
-2.898939803574433145e-06,-9.569543432375434624e-08
-1.723779713479221290e-06,-6.758800281532748835e-07
-1.677413661603999848e-06,-1.014386295765771915e-06
-2.234704191776674184e-06,-2.920652017460645053e-07
-2.909534501312840134e-06,-4.547552979263959806e-07
-3.026164471528155436e-06,-8.444312847597851629e-07
-1.968403714690272768e-06,-9.107048484737966992e-07
-1.730825623094271484e-06,-1.177360276764416581e-06
-1.781529417073149654e-06,-1.657189590191702747e-06
-2.608415920396207738e-06,-8.729608241416944517e-07
-1.890872405540583553e-06,-2.175778790398347654e-06
-3.231439737720973833e-06,-1.254982951699283021e-06
-2.194238314853014653e-06,-1.657062881891670854e-06
-2.860186658529265828e-06,-1.695602620182596048e-06
-2.091870314634276407e-06,-2.693454836113775359e-06
-3.543974682956694207e-06,-1.696186694625982304e-06
-3.345089494370094280e-06,-2.177829292663415355e-06
-2.813044917845602088e-06,-2.500459231849417399e-06
-2.367956488805403980e-06,-3.237991173656278817e-06
-2.752134578261851075e-06,-3.782222878169569385e-06
-3.983856669851514103e-06,-2.131064204355883410e-06
-3.702200827103346523e-06,-2.772997316208952831e-06
-3.359831529208459385e-06,-3.575752809834674683e-06
-3.210904830571660402e-06,-4.317707210441543743e-06
-4.536114083793146425e-06,-2.542831555746544177e-06
-4.381239523879622526e-06,-3.581635576826839286e-06
-3.770128136477390005e-06,-4.804261002382817059e-06
-4.432868272060248230e-06,-5.251237915485514426e-06
-5.169933572422896935e-06,-5.650462491597246251e-06
-5.217308018907331609e-06,-3.817385875221260018e-06
-5.205120428509821854e-06,-2.908102577123179427e-06
-5.044464218267464367e-06,-4.772013715597946918e-06
-5.993657503160826568e-06,-5.953760672783467492e-06
-6.888666287030423730e-06,-6.174728244276414703e-06
-5.920470165186799125e-06,-4.023608642917303342e-06
-5.992461126197596297e-06,-3.172297726792604841e-06
-7.824711077291803771e-06,-6.287687511025261984e-06
-6.751893763671830988e-06,-4.855086080408430620e-06
-6.869488435375054879e-06,-3.313827180027603384e-06
-8.025923435976692607e-06,-5.007790495202858965e-06
-8.918901429319905981e-06,-6.357741670050379708e-06
-7.805691254386173657e-06,-3.335976125668371693e-06
-1.048420671716002320e-05,-6.427411043977507366e-06
-9.219246902585939127e-06,-4.261148919515087359e-06
-8.915585212152617509e-06,-3.265561696254000284e-06
-1.277627465378597228e-05,-6.532621487727412044e-06
-1.161203164546588874e-05,-4.676602287196881558e-06
-1.048661872553752261e-05,-3.174352823450355258e-06
-1.599493554890612254e-05,-6.641910500559347804e-06
-1.435473095467081475e-05,-4.805082894661307368e-06
-1.277750446745310615e-05,-3.072164132673538480e-06
-1.952411454049296364e-05,-6.729106719620251732e-06
-1.773276668222719109e-05,-4.803554683148609486e-06
-1.599546493189836521e-05,-2.965531955232415045e-06
-2.319648026954424330e-05,-6.797119077226992297e-06
-2.133904772107549430e-05,-4.802888623044103441e-06
-1.952430589331943442e-05,-2.877220270762617860e-06
-2.697960564034664752e-05,-6.848401591110842620e-06
-2.507207873487420427e-05,-4.802387293062422443e-06
-2.319662705115450299e-05,-2.808138366276457472e-06
-3.084409861115833349e-05,-6.885342976249518119e-06
-2.890045263068493795e-05,-4.801904039584778489e-06
-2.697979624018694391e-05,-2.755878823182888916e-06
-3.476514592448713074e-05,-6.910898646482092761e-06
-3.279684343577048074e-05,-4.801632315950220536e-06
-3.084415179579162595e-05,-2.718173514442310370e-06
-3.872466397632559881e-05,-6.928385241997625828e-06
-3.673959655516240082e-05,-4.801371263046834081e-06
-3.476523657949158263e-05,-2.692106187676105638e-06
-4.271103319355607658e-05,-6.940487921271117877e-06
-4.071410475909649523e-05,-4.801057967569532423e-06
-3.872476246846675202e-05,-2.674056719719485628e-06
-4.671599339871074664e-05,-6.948350543777489950e-06
-4.471107200883120240e-05,-4.800700458729521752e-06
-4.271115946179385842e-05,-2.661263927116642313e-06
-5.532371096734483039e-05,-6.716652051273194619e-06
-5.475281205204724877e-05,-6.953106836661516843e-06
-4.851394072861364080e-05,-4.800444363798057411e-06
-5.073244892682015115e-05,-6.952367022598547085e-06
-4.671607241667740924e-05,-2.652767431675673896e-06
-5.556018781357137301e-05,-6.145783967117012158e-06
-5.420910164037695078e-05,-4.800155192332637773e-06
-5.073252775947645566e-05,-2.648260296572252587e-06
-5.556019764072902211e-05,-3.454506670841447584e-06
-5.475284630008322198e-05,-2.647218437822237439e-06
-5.532372782030836058e-05,-2.883661153054260536e-06
