Size 192,2
-1.254040209785072012e-04,1.730224262333938603e-05
-1.259000589178892280e-04,1.610473090490701265e-05
-1.259001749128204175e-04,1.045952661768540706e-05
-1.254041462915992441e-04,9.261999557390936610e-06
-1.242064929660362607e-04,1.779826742376146780e-05
-1.219604171947560818e-04,1.328214266129248717e-05
-1.242066215037261113e-04,8.765966533509586087e-06
-1.157743577818694860e-04,1.779795588615074980e-05
-1.157744445030991842e-04,8.766074098204376002e-06
-1.111189929117408122e-04,1.328180276602950863e-05
-1.073424381248348498e-04,1.779517914894005544e-05
-1.073424464714033897e-04,8.767862353536146937e-06
-1.031279504306987328e-04,1.328114400561569899e-05
-9.891761066982311462e-05,1.778689357099489280e-05
-9.891769619620439339e-05,8.774797949894603492e-06
-9.471041529639057197e-05,1.328031306512428514e-05
-9.051279578040053613e-05,1.776985319109371152e-05
-9.051332465368400106e-05,8.790037519072849023e-06
-8.632166932963134085e-05,1.327930752374229683e-05
-8.214681319412450147e-05,1.774154949310980189e-05
-8.214747663089843016e-05,8.815800756877123089e-06
-7.798219945129678682e-05,1.327798567952940322e-05
-7.384200717228095977e-05,1.769953718976781824e-05
-7.384238354682716736e-05,8.854621540936162514e-06
-6.971637217201977308e-05,1.327628930486654817e-05
-6.562563142877296573e-05,1.764044197177447654e-05
-6.562554550421555242e-05,8.909926844561312208e-06
-6.155508004390634739e-05,1.327429776905898649e-05
-5.753263156382461854e-05,1.756045121532146214e-05
-5.753222980112236273e-05,8.985862596914855792e-06
-5.353747957569690271e-05,1.327220157931483248e-05
-4.960629139305544269e-05,1.745594680481703779e-05
-4.960566076704362365e-05,9.086020506515814660e-06
-4.570979382062329498e-05,1.326989202795334382e-05
-4.189306539250747634e-05,1.732556796761384576e-05
-4.189180406490520257e-05,9.212286971947028724e-06
-3.826858251399329968e-05,1.326656870174056941e-05
-3.473527525682838991e-05,1.717213354011685878e-05
-3.473314568387220696e-05,9.367018287609303208e-06
-3.211009485871130865e-05,1.356134676622969468e-05
-2.952100103035982601e-05,1.702726636899841678e-05
-2.951610366447606463e-05,9.513233143447624176e-06
-2.586411057924331423e-05,1.689907867953999363e-05
-2.653837425286911857e-05,1.451873788190858523e-05
-2.585676060383861074e-05,9.607771061884962761e-06
-2.327542901941639407e-05,9.710038322603140916e-06
3.312377885335993799e-06,8.534336980519750075e-07
3.377801630463503908e-06,6.959226219454431200e-07
3.377386363589261159e-06,1.099847305216664976e-07
3.312334865938367008e-06,-4.500744663214182393e-08
-2.326659650539528366e-05,1.680792273319748470e-05
-2.098992383106429248e-05,1.659481804597745150e-05
-2.271883583632508790e-05,1.237740027394734441e-05
-2.095860911258078633e-05,9.619330592666979545e-06
3.155614284627826380e-06,9.186712716292158423e-07
2.998021789172955319e-06,2.761159974209966016e-07
3.157188425588208340e-06,-1.095454018405252110e-07
-2.024347346213081482e-05,1.442428533010074615e-05
-1.879221830353234099e-05,1.610889184214723031e-05
-1.672305390500610541e-05,1.541505649816336679e-05
-1.955967083136111965e-05,1.151281772983680710e-05
-1.880001855799423867e-05,9.174914056847070410e-06
2.094140779389878893e-06,9.374234930689702973e-07
2.093822882649921144e-06,-1.268468406606130653e-07
1.543512237781855189e-06,4.061339801871128959e-07
-1.481370901055276990e-05,1.448375090700762333e-05
-1.642720234295097178e-05,1.323898972803458754e-05
-1.713170824602180291e-05,1.057334249339840527e-05
-1.683525116270899206e-05,8.413007848221730622e-06
9.461810204978766627e-07,1.038338266340141937e-06
9.470194520465581617e-07,-2.235644116867611164e-07
2.673969748163069930e-07,4.087208889976816363e-07
-1.305623170172227361e-05,1.338674064560633502e-05
-1.150421485326164709e-05,1.214365330126547896e-05
-1.469710970394072708e-05,1.017200372296902764e-05
-1.511214993621234989e-05,7.357560195347188853e-06
-5.127097961691669231e-07,1.255249624809164096e-06
-5.119233539294929092e-07,-4.349504252603067443e-07
-1.190015956076954961e-05,1.028786858971387649e-05
-1.016145323971017225e-05,1.074937589796920990e-05
-1.254733183211094139e-05,8.260622844525953689e-06
-1.366625935799525416e-05,6.099947739398436982e-06
-1.371231890933175726e-06,4.117930724369511937e-07
-2.394253712452275261e-06,1.568831905502419844e-06
-2.391381107970525119e-06,-7.447868774587154451e-07
-8.996873457998910145e-06,9.261357512763166518e-06
-8.074084216469939638e-06,7.741990615214736508e-06
-7.373220021125617184e-06,6.154044489319531102e-06
-1.123959950102897924e-05,6.484461061293322866e-06
-1.251912794986745383e-05,4.709592646100804105e-06
-3.215377331239252704e-06,4.183486745832500972e-07
-4.225623850825958502e-06,1.877802732519977648e-06
-4.225707691751134518e-06,-1.063500623625984556e-06
-8.927898090042357741e-06,6.141376194643732351e-06
-6.855340787635827053e-06,4.555513005273288724e-06
-5.874237204057013238e-06,2.139528055739903006e-06
-6.342880154030613974e-06,2.404870549268193759e-06
-6.578197309333736330e-06,2.953244157297343225e-06
-1.033865171445378411e-05,4.509807649996990505e-06
-1.166168292312725450e-05,3.254448106651790940e-06
-5.132121697560209587e-06,6.360041373167762430e-07
-5.917264985630141279e-06,-1.297574882433268383e-06
-7.936578009347346736e-06,3.434174473249176049e-06
-6.393791544197735941e-06,1.359755300728881743e-06
-6.951898703186234957e-06,2.218260113332144117e-06
-9.711621044589780578e-06,2.807116932423387930e-06
-1.111410388554143409e-05,1.803491297941807733e-06
-6.458802586123096502e-06,-3.122890627178690367e-07
-6.413520721951643820e-06,-1.547405078587215540e-06
-8.276655265386227253e-06,9.830357026826711469e-07
-1.090770110313583450e-05,3.783846104831149538e-07
-1.098287070114350330e-05,-9.946063877365590525e-07
-7.464868656289986920e-06,-1.223761328182598857e-06
-6.708605514578791923e-06,-2.071633643136519644e-06
-7.079688592872567043e-06,-3.496238727981436813e-06
-9.622670228234569045e-06,-1.185259100151989241e-06
-7.613359976227886910e-06,-4.846401563555753290e-06
-1.134843707740339116e-05,-2.370401630304448609e-06
-8.376318584443440626e-06,-3.555407090045807512e-06
-1.025496140563827039e-05,-3.661035921330633744e-06
-8.290554281275622342e-06,-6.121898848784734358e-06
-1.195880067401391619e-05,-3.662537760010544130e-06
-1.140805723420798022e-05,-4.913468650115957160e-06
-1.014710445777604839e-05,-5.686868842161712118e-06
-9.107248231680058152e-06,-7.312557123868171165e-06
-1.005527349528845812e-05,-8.404413673363678993e-06
-1.279184639135547041e-05,-4.840331511122062226e-06
-1.216478565971109067e-05,-6.291083417684129119e-06
-1.143249935958412760e-05,-7.965790794774668690e-06
-1.112201019241521651e-05,-9.384435612099411493e-06
-1.381903837171964144e-05,-5.859343631461839995e-06
-1.349879488571960045e-05,-7.949816626373525921e-06
-1.229520491468245812e-05,-1.023754783521586191e-05
-1.356075613232951481e-05,-1.095379683205455104e-05
-1.490140466867278954e-05,-1.152414370187599082e-05
-1.501776867341409301e-05,-8.392383089576005553e-06
-1.501084309233616404e-05,-6.687676884003205113e-06
-1.471784959092039662e-05,-1.007477698668479547e-05
-1.630093598565913950e-05,-1.193817196569086818e-05
-1.774190973978670576e-05,-1.219201675274301318e-05
-1.622126161602672020e-05,-8.771429754367727214e-06
-1.633256175578720064e-05,-7.297414032987543726e-06
-1.920373504517976793e-05,-1.228050881117170234e-05
-1.757885713799067046e-05,-1.013319803140173500e-05
-1.774401794068998132e-05,-7.669009402440694919e-06
-1.952678879872418965e-05,-1.035139651800158393e-05
-2.081778464277404746e-05,-1.228733804992899644e-05
-1.920217835226209059e-05,-7.791886818808978435e-06
-2.304379722073257423e-05,-1.229491201375963616e-05
-2.128432134760907695e-05,-9.254008869401244297e-06
-2.081723978507969832e-05,-7.785653826926350655e-06
-2.611914497303754719e-05,-1.230829529801850010e-05
-2.459349465202937231e-05,-9.859257601786686537e-06
-2.304383803712083448e-05,-7.776352698853170476e-06
-3.020552134924728464e-05,-1.232440499796147337e-05
-2.815746960139539279e-05,-1.003665594064330016e-05
-2.611887596051550082e-05,-7.763946905226666551e-06
-3.449161875535815410e-05,-1.233785211512387614e-05
-3.234419759326768984e-05,-1.003706442682444462e-05
-3.020519471478581551e-05,-7.749155830709535288e-06
-3.879818620761705107e-05,-1.234597998629869692e-05
-3.664231274247859447e-05,-1.003760330839504513e-05
-3.449131059263321546e-05,-7.736676398845383047e-06
-4.311318039292290848e-05,-1.234712220911927950e-05
-4.095548592094111549e-05,-1.003802239088193195e-05
-3.879816242393460300e-05,-7.729516368288929230e-06
-4.742260894783393118e-05,-1.234118414010472902e-05
-4.527006823406351922e-05,-1.003838296006752665e-05
-4.311330556062380594e-05,-7.729275280172522779e-06
-5.171323557252466036e-05,-1.232973753107868827e-05
-4.957189314965180214e-05,-1.003877776191860261e-05
-4.742261442479260726e-05,-7.736091603281353496e-06
-5.597709354040596050e-05,-1.231580697161450703e-05
-5.384984063646726176e-05,-1.003923838478555938e-05
-5.171309255689438391e-05,-7.748379427214415613e-06
-6.021295246468464962e-05,-1.230233746563907005e-05
-5.809948056543485877e-05,-1.003957457836749148e-05
-5.597697532622323473e-05,-7.763009649002681494e-06
-6.442500095868192601e-05,-1.229191055973368202e-05
-6.232233946812150438e-05,-1.003974921389443238e-05
-6.021290293638791610e-05,-7.776905810050245712e-06
-7.340514696028414452e-05,-1.203778337823388085e-05
-7.281001254583255300e-05,-1.228433879822118549e-05
-6.630633631677737712e-05,-1.003984015326052983e-05
-6.862093644705475086e-05,-1.228585020272788841e-05
-6.442504156982299007e-05,-7.787605773410247984e-06
-7.365165635229257448e-05,-1.144258497758291237e-05
-7.224384312207884581e-05,-1.003988825722313756e-05
-6.862098417027307233e-05,-7.793924655596312257e-06
-7.365175457987046084e-05,-8.637133791038937401e-06
-7.281011076636374865e-05,-7.795362762996791930e-06
-7.340524929644776271e-05,-8.041922319709706246e-06
