Size 192,2
8.171276299532415468e-05,-1.158823515152302294e-05
8.203154118074388256e-05,-1.081863645861542192e-05
8.203163559652891436e-05,-7.190767647727284401e-06
8.171287650980534891e-05,-6.421202493583716738e-06
8.094316866240642964e-05,-1.190701486922852200e-05
7.949984299394856455e-05,-9.004712740089604648e-06
8.094331785428942553e-05,-6.102437362138876996e-06
7.552440846336816763e-05,-1.190703710383238447e-05
7.552466903523682876e-05,-6.102377526206389119e-06
7.253232292092882353e-05,-9.004556683736541559e-06
7.010452204388252007e-05,-1.190604268031709932e-05
7.010486578561262773e-05,-6.102838787178327990e-06
6.739509439552016936e-05,-9.004133518494085903e-06
6.468789205995490214e-05,-1.190085462748284489e-05
6.468805542329414285e-05,-6.106741485358757359e-06
6.198278155238941972e-05,-9.003204683363252395e-06
5.928437017595320787e-05,-1.188822794143610379e-05
5.928434492899939509e-05,-6.116930510968147402e-06
5.659049304911723210e-05,-9.001809441611845555e-06
5.390879805312549561e-05,-1.186678721370724681e-05
5.390867788984132644e-05,-6.135110640022251114e-06
5.123445029517937645e-05,-8.999906444192535762e-06
4.857862152175960373e-05,-1.183477163945575444e-05
4.857876591587350436e-05,-6.162943081959447561e-06
4.593349664485116225e-05,-8.997870633669786595e-06
4.331417078535804979e-05,-1.179114470286767876e-05
4.331432488126506415e-05,-6.202082861082217957e-06
4.070920592582914278e-05,-8.995601879608242121e-06
3.813847734521780974e-05,-1.173467454425483034e-05
3.813818885101536484e-05,-6.253699211855003254e-06
3.558574948513639380e-05,-8.993132983524179804e-06
3.307578745642815948e-05,-1.166531617049945715e-05
3.307513214862700646e-05,-6.318215114047285936e-06
3.058750948361376896e-05,-8.990517053590617086e-06
2.814927470901958134e-05,-1.158332373526376091e-05
2.814834446642728796e-05,-6.395528116884857134e-06
2.583256090984336210e-05,-8.987444912361479773e-06
2.356978208098610417e-05,-1.149174405787225469e-05
2.356855203536189285e-05,-6.485621636875744322e-06
2.188746291721873708e-05,-9.176409449217703355e-06
2.022176012046485364e-05,-1.140861550560521536e-05
2.021886720764975456e-05,-6.567565299207738251e-06
1.786234270694189870e-05,-1.133751350097862262e-05
1.830138938987111935e-05,-9.795227207275516052e-06
1.785832695125865995e-05,-6.619265877260162019e-06
1.618546032125246477e-05,-6.674276785929021241e-06
-2.431545230800334638e-06,-4.413273847342160286e-07
-2.480379165309694008e-06,-3.238174956084790509e-07
-2.480087311501406667e-06,1.136655887065105332e-07
-2.431516987796344199e-06,2.294483319459191343e-07
1.618077312020342349e-05,-1.128796497772147860e-05
1.469741754518898289e-05,-1.115862973391382949e-05
1.582875211745090509e-05,-8.407515039782050695e-06
1.468156806736080942e-05,-6.602022195838923244e-06
-2.314568001806853205e-06,-4.899549640079195172e-07
-2.196741523300519701e-06,-1.017700803949076047e-08
-2.315636785519336903e-06,2.777302991955737256e-07
1.421409637435452286e-05,-9.745762393259636976e-06
1.325913398087261149e-05,-1.085378812821861103e-05
1.189590991744805182e-05,-1.040842637339688153e-05
1.376898853827467621e-05,-7.838453074450183852e-06
1.327022046501197242e-05,-6.293459582358535594e-06
-1.521722041459890599e-06,-5.032666288073389483e-07
-1.521364402250084353e-06,2.909757903193797056e-07
-1.110533089975155430e-06,-1.065428435844844736e-07
1.062658868589777823e-05,-9.807759338793062574e-06
1.170468788795982696e-05,-8.979008896724917905e-06
1.217123394959795766e-05,-7.214646020543308104e-06
1.197778262119156610e-05,-5.769748236541000009e-06
-6.651912752542377949e-07,-5.769613740825755553e-07
-6.656758478832428502e-07,3.625231229185786329e-07
-1.596587048512849456e-07,-1.079670333915301046e-07
9.451194258909444409e-06,-9.090482878598319061e-06
8.400388840276992727e-06,-8.268057757347582992e-06
1.055400764662413208e-05,-6.945435249198804448e-06
1.083673258784567143e-05,-5.047479353432217533e-06
4.199098043536359211e-07,-7.352540532051944273e-07
4.194770371606236452e-07,5.177165174695357980e-07
8.668056695079067348e-06,-7.026422865204526705e-06
7.479223376026404972e-06,-7.340254419240999279e-06
9.109071209515208443e-06,-5.654474056893586452e-06
9.872774570543019717e-06,-4.178980239362036417e-06
1.056459440098692049e-06,-1.097659421367223472e-07
1.812457420054167681e-06,-9.629790048466596154e-07
1.810645656917609105e-06,7.434363429448634103e-07
6.675025974422699117e-06,-6.339132987489756484e-06
6.023039216413901519e-06,-5.299920976960607076e-06
5.515224585941402448e-06,-4.206514075130154875e-06
8.215130807160955708e-06,-4.439679448693550595e-06
9.103496422134796083e-06,-3.207135362729856018e-06
2.418846608631097688e-06,-1.139676997954402748e-07
3.162002734107277923e-06,-1.186277798726711399e-06
3.161953483246185358e-06,9.739865320032248345e-07
6.610789672868285110e-06,-4.201630842606813981e-06
5.134226045933894737e-06,-3.091022361235155234e-06
4.379327895635172869e-06,-1.374678001289566974e-06
4.729489829775286340e-06,-1.565631878622673726e-06
4.911512002110268047e-06,-1.958463690902871656e-06
7.595289715073951063e-06,-3.065667658445277097e-06
8.530043531937873955e-06,-2.176760490681175527e-06
3.829079969760475471e-06,-2.727777952039786428e-07
4.396003247303597310e-06,1.141168427349419625e-06
5.894518770709602026e-06,-2.304823383508369433e-06
4.759661222292640226e-06,-8.049077205148748668e-07
5.175045384708977475e-06,-1.430147186136640325e-06
7.156722531549915084e-06,-1.858423717178208133e-06
8.168636405101284650e-06,-1.133957476619095296e-06
4.794765124592374544e-06,4.174632604091505310e-07
4.752297450766855428e-06,1.323598831225268639e-06
6.128550430337397827e-06,-5.412044613173674543e-07
8.038650147137252694e-06,-9.807306014883910754e-08
8.121098019521016492e-06,9.130045712798974259e-07
5.523004819689738195e-06,1.081685890303698594e-06
4.961350851788910562e-06,1.712120208776299259e-06
5.220963727010435334e-06,2.778576018298466033e-06
7.114109544733822860e-06,1.046148156026147287e-06
5.603676820834222852e-06,3.804255376079641487e-06
8.416243282025013812e-06,1.931008800406501242e-06
6.184945107222493642e-06,2.818241992194937686e-06
7.598166907565624746e-06,2.899229730452644853e-06
6.105236474853469943e-06,4.780151382053454154e-06
8.898774568870165737e-06,2.901397281655639987e-06
8.484021886690819303e-06,3.852433454800580148e-06
7.516731458721354372e-06,4.444727061438021698e-06
6.717702248391060470e-06,5.703627857909906987e-06
7.443120007277683857e-06,6.559880659497899422e-06
9.558058474661194708e-06,3.794014488925152307e-06
9.074007569184411458e-06,4.914356070959219925e-06
8.506171794174060126e-06,6.219292542313595476e-06
8.264552895405691881e-06,7.336139438188101525e-06
1.037105997050968933e-05,4.574786976634519151e-06
1.012248302821673616e-05,6.210881604894126161e-06
9.179036335650932012e-06,8.015412651761897448e-06
1.017589624885734917e-05,8.591980938926850722e-06
1.123726740874201982e-05,9.057338163827643654e-06
1.132579417100540426e-05,6.561061753973806061e-06
1.131809417335613250e-05,5.216084015709099619e-06
1.108782783337252130e-05,7.897274743803709053e-06
1.235426830298436497e-05,9.396968543840994356e-06
1.351051568977640323e-05,9.609868839446447596e-06
1.228573317777769602e-05,6.861548443612302269e-06
1.237493952245850645e-05,5.688306902410435821e-06
1.468757418427532313e-05,9.689124190044336234e-06
1.337443328479748178e-05,7.952584109192911490e-06
1.350847964612324117e-05,5.974216040374772340e-06
1.494672546466064887e-05,8.130652733059648369e-06
1.599494340657520744e-05,9.703526518027148450e-06
1.468334357539841029e-05,6.066082280108663659e-06
1.780474684682191574e-05,9.718396595079282734e-06
1.637053626435929152e-05,7.242302266334215968e-06
1.599369772041044004e-05,6.052976341257158300e-06
2.032055851329653317e-05,9.742218780896491647e-06
1.906909429973600203e-05,7.733970064572481427e-06
1.780478566840862169e-05,6.035445958026872026e-06
2.368644533869588569e-05,9.770608021286896280e-06
2.199547048086599569e-05,7.879189675476104315e-06
2.032052018875862690e-05,6.014049691913449099e-06
2.724335138953415557e-05,9.797763126045477085e-06
2.545645502249260707e-05,7.879626418127773041e-06
2.368625867334218609e-05,5.988042665175071721e-06
3.084913838394839989e-05,9.823111198304811779e-06
2.903819726487985833e-05,7.879908417226710987e-06
2.724316651033807982e-05,5.961769778854350137e-06
3.450032700504614071e-05,9.845748839571484077e-06
3.266754495100390938e-05,7.879808635563074906e-06
3.084914784550248513e-05,5.936689986699315635e-06
3.819179482895327911e-05,9.865186257536425566e-06
3.633988072540711309e-05,7.879540271251244985e-06
3.450043128816808696e-05,5.913673363863061203e-06
4.191687231455222594e-05,9.880891673986365095e-06
4.004932622275312497e-05,7.879259611885888273e-06
3.819185363503302904e-05,5.893710882655345456e-06
4.566794745024074141e-05,9.892672454570909931e-06
4.378861459515010358e-05,7.879172000603733698e-06
4.191676055688968059e-05,5.877625170569688836e-06
4.943723930572782290e-05,9.900319851049963095e-06
4.755012448684703625e-05,7.879044901194277601e-06
4.566785656367602838e-05,5.865583432087833340e-06
5.321704156622538524e-05,9.904323255243850150e-06
5.132591887224625027e-05,7.878978650235302921e-06
4.943711823273426638e-05,5.857677560945115726e-06
6.132194879877860287e-05,9.682961336139678924e-06
6.078459091419398641e-05,9.905547235908220699e-06
5.491168229404392556e-05,7.878968394104075561e-06
5.700082258744313768e-05,9.905472731542978339e-06
5.321696621311281449e-05,5.853615945135608158e-06
6.154452811054718809e-05,9.145596145407339033e-06
6.027296315272378347e-05,7.879007453197935619e-06
5.700078425108870168e-05,5.852463222988302027e-06
6.154448534843969378e-05,6.612449136107713730e-06
6.078454213535041219e-05,5.852496355004008890e-06
6.132190263442916010e-05,6.075083656080047659e-06
