Size 192,2
8.437498460100381224e-05,-1.216965677453063801e-05
8.469159810280162603e-05,-1.140542233134699118e-05
8.469171042833640445e-05,-7.802624032623104103e-06
8.437511702292710609e-05,-7.038422566053799444e-06
8.361065024415144538e-05,-1.248619179633713381e-05
8.217699204926793655e-05,-9.604042753983062466e-06
8.361081872039687827e-05,-6.721902111815079159e-06
7.822897285632720535e-05,-1.248485495168038033e-05
7.822920797356451670e-05,-6.723236009629827367e-06
7.525930045852599832e-05,-9.603982955125522634e-06
7.285192640733736914e-05,-1.247988201076336590e-05
7.285227176119542908e-05,-6.727970706878939871e-06
7.016721905661374415e-05,-9.604004226106857179e-06
6.748833568302643477e-05,-1.246997941738028414e-05
6.748858424304419068e-05,-6.737838561321537633e-06
6.481359351174515316e-05,-9.604067665817835720e-06
6.214811428271309628e-05,-1.245511921885419506e-05
6.214830559385405690e-05,-6.752969595634596560e-06
5.948859920092284452e-05,-9.604238384557770131e-06
5.684089034528467919e-05,-1.243656821338927629e-05
5.684077759287639841e-05,-6.771898344847793839e-06
5.419964842415589531e-05,-9.604376237940879103e-06
5.157124284278095033e-05,-1.241629498704429024e-05
5.157092441283959977e-05,-6.792498645660599127e-06
4.894886042049903611e-05,-9.604475740781485930e-06
4.634037776960338003e-05,-1.239442871451201792e-05
4.634003040117632750e-05,-6.814686894997864369e-06
4.373800238178109269e-05,-9.604541599621675523e-06
4.115174211823350995e-05,-1.236898891044541680e-05
4.115166797048494741e-05,-6.840399463360496414e-06
3.857324593236178769e-05,-9.604629655152273671e-06
3.601458714005474653e-05,-1.233681917330185901e-05
3.601515442030287927e-05,-6.872822161441202416e-06
3.346718066376690891e-05,-9.604838837861898469e-06
3.094500653279839351e-05,-1.229455022297753791e-05
3.094564240603426810e-05,-6.915800601532813249e-06
2.853832986505997016e-05,-9.604866587883547862e-06
2.616271678189480563e-05,-1.224095946620189911e-05
2.616282718806617317e-05,-6.972523118526192911e-06
2.439084851262336554e-05,-9.808028281896515280e-06
2.261596527124080626e-05,-1.218634497631154316e-05
2.261462377894424600e-05,-7.030318129107649695e-06
2.008919787464268327e-05,-1.213481772708107703e-05
2.056674066273469887e-05,-1.047506856752812408e-05
2.008628667616271145e-05,-7.069831796586358758e-06
1.828108949010813728e-05,-7.113826119464350197e-06
-2.833230596988370834e-06,1.263904192950802062e-08
-2.889025965430551774e-06,1.467118038330214578e-07
-2.888774116150304198e-06,6.464922097321083443e-07
-2.833249968637632247e-06,7.789143066997378162e-07
1.827720053700295936e-05,-1.209686175592257096e-05
1.666636834124013769e-05,-1.196981735296478704e-05
1.790150611725881737e-05,-8.985166215219962508e-06
1.665425819136690037e-05,-7.020955180515858136e-06
-2.699741202117669313e-06,-4.272016239471063017e-08
-2.565181276814574930e-06,5.055858831755876114e-07
-2.700749386521208631e-06,8.343672405597003860e-07
1.614536964773828338e-05,-1.044064781851459291e-05
1.509853078684585898e-05,-1.165328462694707751e-05
1.360281843018961315e-05,-1.117720474033209636e-05
1.566132731664871106e-05,-8.364208355455191509e-06
1.511470774264986551e-05,-6.669183496558294540e-06
-1.794654519079779308e-06,-5.666796437691672778e-08
-1.793539727559940521e-06,8.520665821970950062e-07
-1.324081174382977959e-06,3.985065434737971363e-07
1.220183173830999918e-05,-1.053100112570909554e-05
1.339610467497023152e-05,-9.615888201936989110e-06
1.390895547032880017e-05,-7.678060546401532628e-06
1.369707246680851029e-05,-6.079326137151962600e-06
-8.137207751929168513e-07,-1.413538040152083311e-07
-8.134404588672224314e-07,9.396179370604054398e-07
-2.312680140461375417e-07,3.997841888655026020e-07
1.089850871762427947e-05,-9.749889402597286889e-06
9.724330247314745096e-06,-8.847024567426354063e-06
1.212384884271383681e-05,-7.380132017342812301e-06
1.243951818349455932e-05,-5.269365047907270384e-06
4.379815011187863657e-07,-3.256173521193561568e-07
4.384346480978327439e-07,1.126486393027719381e-06
1.002243124187443456e-05,-7.473038279620569276e-06
8.687125991581776279e-06,-7.824484736186113372e-06
1.051632437856117090e-05,-5.943991320485633668e-06
1.137271808202823386e-05,-4.290933716856260295e-06
1.176780312951261040e-06,4.007865101809066202e-07
2.056270453011418829e-06,-5.925357594892377124e-07
2.055153468042795503e-06,1.397161993230235865e-06
7.777910989435719304e-06,-6.713704212881424408e-06
7.030504184703736783e-06,-5.549112516216324623e-06
6.438267789963770802e-06,-4.318249145521979270e-06
9.512131542021480139e-06,-4.583071281698527437e-06
1.051917846198182778e-05,-3.188298008115124915e-06
2.763532623653236213e-06,3.987844490444760790e-07
3.632336745409567672e-06,-8.554408328528051487e-07
3.632968976320544687e-06,1.673103243336013025e-06
7.692625218771528901e-06,-4.315286618397304567e-06
5.988767031110926265e-06,-3.052943394548749126e-06
5.066751607212025718e-06,-1.078940766401135770e-06
5.485488735916397896e-06,-1.301902741387085873e-06
5.709166881056580045e-06,-1.756441755081573280e-06
8.813276632828047453e-06,-3.027814450277465284e-06
9.885744280326837582e-06,-2.009533618782241032e-06
4.413689390428116321e-06,2.153475610728962637e-07
5.069400442542906429e-06,1.872467312476597356e-06
6.857241456576131269e-06,-2.158186396467404778e-06
5.513041693722403834e-06,-4.121402477200715817e-07
6.010181231141456052e-06,-1.144567402882500053e-06
8.313101999305711368e-06,-1.644876970883100050e-06
9.493194418732525832e-06,-8.036396972020517962e-07
5.539814376010894053e-06,1.021931598883945339e-06
5.477378702484345608e-06,2.088802414770475871e-06
7.119136039372173703e-06,-1.155515616997309634e-07
9.360112475787605123e-06,4.046111096907184903e-07
9.490212494541186295e-06,1.599029299104016007e-06
6.387550281280289985e-06,1.799157524992769773e-06
5.713402054894613588e-06,2.555049827359518165e-06
5.998579077649116775e-06,3.846993901178384691e-06
8.284642918913994600e-06,1.747450084724649585e-06
6.433822721104148491e-06,5.115276322942218534e-06
9.877729519645400490e-06,2.810176282313705793e-06
7.157801885688726996e-06,3.886817837729578285e-06
8.884003830874601017e-06,3.984554306100450469e-06
7.028821769399078754e-06,6.332468697668440487e-06
1.050452144434709741e-05,3.985921032001159891e-06
9.995786926725954121e-06,5.161715616641366531e-06
8.778289927263271258e-06,5.905861846053396479e-06
7.769755839785601168e-06,7.511230535422328604e-06
8.673984796549331141e-06,8.623233914095524850e-06
1.136956181213657932e-05,5.080118974021976562e-06
1.075229680469562433e-05,6.501428464698888622e-06
1.002202955508902792e-05,8.184948251620247488e-06
9.709811283662428191e-06,9.653820491710642549e-06
1.244331815692812634e-05,6.051503914255730266e-06
1.212047329454237144e-05,8.178354411678720963e-06
1.088690402401339253e-05,1.056506790389721288e-05
1.219799868923114994e-05,1.135670224663839426e-05
1.361100997549660703e-05,1.201673665169177577e-05
1.372198880704738369e-05,8.639755147152907962e-06
1.370878540527889093e-05,6.862388932980371833e-06
1.340058048181644902e-05,1.043316239663085307e-05
1.512367576759802518e-05,1.250500047531400003e-05
1.671288776680286567e-05,1.282806724700360956e-05
1.501912777272567627e-05,9.037895133305767385e-06
1.514369160005858967e-05,7.456248508355857243e-06
1.834441644777956012e-05,1.296502454816443373e-05
1.650877977820916498e-05,1.052998623610486482e-05
1.670098555955415996e-05,7.805076761214854047e-06
1.870119987880632578e-05,1.078232040241028601e-05
2.018685027695927016e-05,1.301682381062750341e-05
1.833038725378819899e-05,7.903835527736741899e-06
2.276573871522057874e-05,1.306844173589665000e-05
2.070894177626250395e-05,9.528139770520033700e-06
2.018441619488932140e-05,7.852068343909730119e-06
2.641393824916715751e-05,1.314668586391300233e-05
2.458652150763523763e-05,1.022219568500346569e-05
2.276757338278305711e-05,7.784753682609330832e-06
3.137396007615072722e-05,1.322875174567109833e-05
2.887073298868750383e-05,1.042964664960088706e-05
2.641498950454697277e-05,7.708740720948802154e-06
3.667541590622801310e-05,1.329462073137292031e-05
3.400445624909320186e-05,1.042838417481563974e-05
3.137450837846230778e-05,7.628413957426313597e-06
4.208515348002644571e-05,1.334545270872980564e-05
3.936433781159455215e-05,1.042771969435718849e-05
3.667566790272414545e-05,7.561478593418286153e-06
4.757750036642736415e-05,1.338312595499437152e-05
4.481953415937532708e-05,1.042707736115218304e-05
4.208526782426471328e-05,7.509344836306319143e-06
5.312991471353774867e-05,1.341019137054433533e-05
5.034532823684874576e-05,1.042629609974231507e-05
4.757771401517821563e-05,7.470193200162434627e-06
5.872497079416025853e-05,1.342915071826102194e-05
5.592159522931839164e-05,1.042554054026803728e-05
5.313020866673462221e-05,7.441568234563220797e-06
6.434972276609658259e-05,1.344186187882750375e-05
6.153338794594191339e-05,1.042486953479939724e-05
5.872526394502683650e-05,7.421297907180018773e-06
6.999394672038499431e-05,1.344987929754117903e-05
6.716933229139690638e-05,1.042430301933091070e-05
6.434988842388951284e-05,7.407307310758725365e-06
7.564926123590358950e-05,1.345403221378459997e-05
7.282033237004375691e-05,1.042397881208702275e-05
6.999398535308904508e-05,7.398393723352091654e-06
8.777482759710325110e-05,1.312287520152238841e-05
8.697081175640027377e-05,1.345590295713827879e-05
7.818434508066964179e-05,1.042384211483284444e-05
8.130963763099015296e-05,1.345564890063654982e-05
7.564927310456844034e-05,7.393728025082522558e-06
8.810786267825354155e-05,1.231886898563396557e-05
8.620531053349624810e-05,1.042378054818910032e-05
8.130967581275805388e-05,7.391994791875941303e-06
8.810786982763074184e-05,8.528683753491501042e-06
8.697083200916873021e-05,7.391665090201580385e-06
8.777483868895521600e-05,7.724687827906769012e-06
