Size 192,2
1.050653546435501609e-05,8.912343658842864346e-08
1.057421584546632647e-05,2.525770194415011952e-07
1.057425630586489764e-05,1.022961733717644624e-06
1.050658694713522002e-05,1.186389505554622485e-06
1.034312748535934503e-05,2.140930531831177339e-08
1.003679527118529236e-05,6.377665736826302402e-07
1.034320276950661349e-05,1.254093035988287788e-06
9.192698734995205216e-06,2.093434271538545924e-08
9.192765960905300844e-06,1.254735396574380135e-06
8.556680144079568297e-06,6.379325836649339876e-07
8.039700965715192567e-06,1.969732417608400991e-08
8.039395455794674222e-06,1.256595236977809162e-06
7.461604981844791719e-06,6.380761929189874537e-07
6.883295250686459372e-06,1.911994237646941478e-08
6.881934210685958120e-06,1.257761661130420625e-06
6.303448856377497021e-06,6.384721453593516876e-07
5.726123116740359000e-06,2.183709642745219212e-08
5.724375842056716501e-06,1.255690490674914920e-06
5.148407319500052350e-06,6.390198334409543313e-07
4.577139970286864350e-06,3.055578396279537787e-08
4.575558010368272785e-06,1.247913492820260536e-06
4.007809073239590222e-06,6.396429137459036797e-07
3.449511601181338968e-06,4.710346022913414104e-08
3.448421428546974176e-06,1.232653423960998046e-06
2.896133414209511035e-06,6.403526174386245805e-07
2.358782788050744902e-06,7.252844379008956086e-08
2.358135688570113095e-06,1.208655887531654768e-06
1.829765483506977891e-06,6.410794348108150150e-07
1.322879512656878578e-06,1.085838440475323172e-07
1.322770721133708016e-06,1.173916428724409449e-06
8.284008803368921039e-07,6.415881731112356553e-07
3.635247073825669209e-07,1.568579649105690632e-07
3.636847074913092979e-07,1.126613394473689866e-06
-8.456678285016348389e-08,6.420498818535275199e-07
-4.944358418068056321e-07,2.192358813450552132e-07
-4.946641805100885144e-07,1.064938288547740780e-06
-8.688745012569643782e-07,6.429409241072197883e-07
-1.198438306789971169e-06,2.941107397549753537e-07
-1.199237152573787294e-06,9.879696389805012876e-07
-1.433299186968987813e-06,6.202041280791438475e-07
-1.627624062203095555e-06,3.652751903939348748e-07
-1.629884976589838995e-06,9.149147934818860441e-07
-1.871556429958717022e-06,4.276888003850681409e-07
-1.844089099917406991e-06,5.624529081502126883e-07
-1.874784248469567393e-06,8.679929368809808516e-07
-2.013915953614414890e-06,8.179931634707459921e-07
6.784364376863334046e-07,-2.626142733718265884e-07
6.923148790128877124e-07,-2.958650981625852950e-07
6.922783458706915644e-07,-4.202626217809847170e-07
6.784483735509837797e-07,-4.532987717799834648e-07
-2.018705098991073767e-06,4.715022519562114373e-07
-2.111888228145426370e-06,5.165588854918918251e-07
-2.059515114788779864e-06,6.857642150471108720e-07
-2.128545183942266696e-06,7.740452504390926161e-07
6.452927970273156592e-07,-2.489456501746127307e-07
6.116157200255600189e-07,-3.854414460846973061e-07
6.454061416561481808e-07,-4.672154801036551665e-07
-2.153579803213330878e-06,6.139933102483885444e-07
-2.180503099681269065e-06,5.790910000052506055e-07
-2.213376588489240773e-06,6.302135925476271127e-07
-2.181207038648770364e-06,7.031059262181860447e-07
-2.197544224708859896e-06,7.291220997546780309e-07
4.197592324635634648e-07,-2.463765750317525951e-07
4.193343407766457308e-07,-4.719246064328863909e-07
3.027269608160762178e-07,-3.595969445593391026e-07
-2.209343824082838880e-06,6.877372953739449002e-07
-2.229735439083912092e-06,6.821141666396940346e-07
-2.224580477587267069e-06,7.040518913607244772e-07
-2.233580099246108396e-06,6.742261913110888076e-07
1.765963520693992969e-07,-2.271558630311035845e-07
1.763792327330259010e-07,-4.928092284471796980e-07
3.359583448441951754e-08,-3.603672773741387533e-07
-2.183045554054188902e-06,7.230358252525226938e-07
-2.121254379115820025e-06,7.337901143234603873e-07
-2.221822586520974003e-06,6.957748903543101162e-07
-2.241656231574470672e-06,6.105843323068525578e-07
-1.294229867474930589e-07,-1.847681230615565578e-07
-1.296249429153670382e-07,-5.367589457481100155e-07
-2.134868890212097158e-06,7.077766327996737079e-07
-2.032756016878184225e-06,7.297747144388142624e-07
-2.167994359256323402e-06,6.323947894542785081e-07
-2.229390280292897313e-06,5.130141913090282399e-07
-3.082199537599515857e-07,-3.611578216809872485e-07
-5.195215657663002735e-07,-1.230874668205882266e-07
-5.197875900326793422e-07,-6.004924335567960329e-07
-1.940289862985370945e-06,6.930899033526117558e-07
-1.822680533165096397e-06,6.047218789223852772e-07
-1.694380889741490370e-06,4.901985133236347600e-07
-2.091855843171790405e-06,5.297681149739565457e-07
-2.207394512301197958e-06,3.708612656575981676e-07
-6.896578673160496857e-07,-3.617895305481265095e-07
-8.975698058455475067e-07,-6.167689089411524881e-08
-8.971886955000552507e-07,-6.646688675066700172e-07
-1.884294169401679570e-06,5.007054257926216839e-07
-1.581280713777052172e-06,3.313628902352966723e-07
-1.260317467488553326e-06,-8.362098781806770335e-09
-1.379959420267914924e-06,3.898803492504317527e-08
-1.460597579823750601e-06,1.266901034491365812e-07
-2.027862859431378789e-06,3.460800216640705048e-07
-2.197351148172578888e-06,1.824371858169190372e-07
-1.085661854825324708e-06,-3.198712538401904668e-07
-1.217112426001367677e-06,-7.077150752457278203e-07
-1.707856181311351906e-06,2.085316794589894237e-07
-1.365807522931823999e-06,-1.624085589018788534e-07
-1.505969553036290119e-06,5.863884567698916411e-09
-1.961084668762023477e-06,1.202019870435322119e-07
-2.208602009877502733e-06,-5.367973060294582680e-08
-1.335244247104400448e-06,-5.001048126845584458e-07
-1.291116508229637165e-06,-7.609575543938385308e-07
-1.730198432303259604e-06,-1.971995905809748566e-07
-2.235283479395784942e-06,-3.222645865073886582e-07
-2.349802379868069631e-06,-6.263434363752314191e-07
-1.515381213802916785e-06,-6.774985141587845659e-07
-1.325423681204601951e-06,-8.913613797929451640e-07
-1.352459739692794953e-06,-1.282968916650049868e-06
-2.018123413318615163e-06,-6.422378981131982348e-07
-1.428538967746925687e-06,-1.717178475897783987e-06
-2.533201120949993599e-06,-9.517853036148658583e-07
-1.683646353667656539e-06,-1.279351402801108391e-06
-2.231095016758081610e-06,-1.312391881740876646e-06
-1.588057916790928772e-06,-2.155254788425021900e-06
-2.807077553731260038e-06,-1.313782077509751964e-06
-2.643079745838089393e-06,-1.717507880672464609e-06
-2.192007535067040809e-06,-1.990532252432807512e-06
-1.813726757475613941e-06,-2.623516436111380033e-06
-2.138483706608020915e-06,-3.096612011956032299e-06
-3.192286115409189807e-06,-1.676692625731649279e-06
-2.951622867028499569e-06,-2.225947597750874712e-06
-2.657788790385059890e-06,-2.919113722005382200e-06
-2.529435821737551932e-06,-3.565611382904227789e-06
-3.675464478870968301e-06,-2.025994408490459818e-06
-3.542410163754870128e-06,-2.926738076166658732e-06
-3.012304827035400241e-06,-3.993302896003375295e-06
-3.589607748075167878e-06,-4.388629124769947003e-06
-4.233977685889183721e-06,-4.743885813066075037e-06
-4.273791191351189576e-06,-3.133326687028355764e-06
-4.262097039876461606e-06,-2.339806466081447701e-06
-4.122534318155716099e-06,-3.970185849113807699e-06
-4.957795028466966254e-06,-5.014489470141955245e-06
-5.746829345348601296e-06,-5.213350156195921219e-06
-4.891491884762383314e-06,-3.314207111904449954e-06
-4.954855371435024882e-06,-2.566950665714392058e-06
-6.573493860166775707e-06,-5.316748989646035415e-06
-5.624076343788907344e-06,-4.047300722249803631e-06
-5.728219416173666930e-06,-2.687598827332615424e-06
-6.750607159002350126e-06,-4.183738000717374284e-06
-7.543087213667688892e-06,-5.382994522247101740e-06
-6.555173968715355695e-06,-2.704853762619208949e-06
-8.933453796047482760e-06,-5.449296946937458166e-06
-7.808010307428324070e-06,-3.522417417945423354e-06
-7.539433748134141430e-06,-2.639708199567758240e-06
-1.097682138449173158e-05,-5.549660747106049804e-06
-9.937061082928845502e-06,-3.892417536181045959e-06
-8.935160795801754587e-06,-2.555093136777644417e-06
-1.385607153742903889e-05,-5.654704242846066668e-06
-1.238701004780580179e-05,-4.008401918539131385e-06
-1.097735470110976195e-05,-2.460268415084487581e-06
-1.702196133183157486e-05,-5.739933934488279287e-06
-1.541322678864069599e-05,-4.008961438254021106e-06
-1.385590051149924675e-05,-2.361433843598507559e-06
-2.032589114720079068e-05,-5.808678613590091640e-06
-1.865274108742591677e-05,-4.010454038161202551e-06
-1.702145669840862208e-05,-2.279392494377921774e-06
-2.374073657385566334e-05,-5.862975176035525593e-06
-2.201662206806112216e-05,-4.011938933700609073e-06
-2.032539562440471620e-05,-2.213739933512109335e-06
-2.724141402701701851e-05,-5.904180610955922330e-06
-2.547844627059179588e-05,-4.013141650923331827e-06
-2.374037628124447784e-05,-2.162154600640887871e-06
-3.080509202552191483e-05,-5.934040981506936264e-06
-2.901421487803353228e-05,-4.014241395933210883e-06
-2.724104106427251552e-05,-2.123206698268552436e-06
-3.441258077667989679e-05,-5.954546908560004637e-06
-3.260269725960988988e-05,-4.015158883651515866e-06
-3.080480224161744827e-05,-2.095400488375842024e-06
-3.804879132034093807e-05,-5.967647895756802801e-06
-3.622681914486845372e-05,-4.015795956190212149e-06
-3.441236669337014874e-05,-2.076460970441369835e-06
-4.170233525410751036e-05,-5.975363153429603313e-06
-3.987335151292029577e-05,-4.016165673840290641e-06
-3.804869203488986840e-05,-2.064339459561217737e-06
-4.955280348927598407e-05,-5.764523834267178216e-06
-4.903214795751412739e-05,-5.980167470962662991e-06
-4.334216802296451227e-05,-4.016448451875626121e-06
-4.536557594593377770e-05,-5.979323541400862819e-06
-4.170223501315687233e-05,-2.057279555842119557e-06
-4.976846869612252373e-05,-5.243897392406337542e-06
-4.853626609883423539e-05,-4.016655409894690771e-06
-4.536552628123932869e-05,-2.053796522214419208e-06
-4.976847085058373060e-05,-2.789415126506079688e-06
-4.903213540974286759e-05,-2.053123362184896410e-06
-4.955280169482835051e-05,-2.268774290151245677e-06
