Size 192,2
6.327913640610581352e-05,-7.983045040885309055e-06
6.353838352753273097e-05,-7.357228085380754617e-06
6.353835020413390819e-05,-4.406765097894712235e-06
6.327909368245137884e-05,-3.780923078715375810e-06
6.265327091353707157e-05,-8.242256054841521186e-06
6.147909554305974994e-05,-5.881980484661434166e-06
6.265320750037599686e-05,-3.521699415140830012e-06
5.824594850641012865e-05,-8.241282615097615801e-06
5.824577667876804804e-05,-3.522436548772751499e-06
5.581308276435301103e-05,-5.881750856904032108e-06
5.384161197180701230e-05,-8.236239557298550572e-06
5.384112500658795489e-05,-3.526814666872739443e-06
5.164260189361015934e-05,-5.881307560891569328e-06
4.945122221247088830e-05,-8.224458887059310340e-06
4.945061857426287277e-05,-3.537657189726207564e-06
4.726354751691002243e-05,-5.880861483063342850e-06
4.508887506493170887e-05,-8.205217044934566404e-06
4.508835804444328877e-05,-3.556006330559143189e-06
4.291993634329510193e-05,-5.880414986416460266e-06
4.076800223263452131e-05,-8.179679497849637006e-06
4.076754902700364713e-05,-3.580677216679698007e-06
3.862362960449764631e-05,-5.879973226067886831e-06
3.649934815384591927e-05,-8.148331632989425067e-06
3.649908776814964507e-05,-3.611249327284956430e-06
3.438461378068690121e-05,-5.879582519249560692e-06
3.229322086635380177e-05,-8.110665874232096128e-06
3.229318439842318421e-05,-3.648266786453524606e-06
3.021395945682617327e-05,-5.879310027182880165e-06
2.816320258280367273e-05,-8.064279303281225115e-06
2.816334631199126504e-05,-3.694186834348749323e-06
2.612794934143531682e-05,-5.879203485356685798e-06
2.412872812250557708e-05,-8.006172761154368658e-06
2.412855167024747160e-05,-3.751894046433348224e-06
2.214876303533146122e-05,-5.879015888562733952e-06
2.021376404690354925e-05,-7.933775162259425507e-06
2.021310589254136613e-05,-3.824465993161760598e-06
1.837837873934920811e-05,-5.878246169903778204e-06
1.659463098183860746e-05,-7.847619466160390915e-06
1.659365110036489937e-05,-3.913462714331501534e-06
1.527104800340814680e-05,-6.026996599668782600e-06
1.397139213050505082e-05,-7.765598841599386935e-06
1.396897197371707721e-05,-3.997658217405282622e-06
1.214108209705386395e-05,-7.692205310451492924e-06
1.247546929381826149e-05,-6.505540327397385587e-06
1.213701779184893608e-05,-4.052520272951197256e-06
1.085069820143663603e-05,-4.112250169733908704e-06
-1.431692013686347965e-06,-8.591691935534325019e-08
-1.460284960831336676e-06,-1.715447415193051122e-08
-1.460154760200727979e-06,2.389758987837874679e-07
-1.431716964192323605e-06,3.068023710125795964e-07
1.084536527412407549e-05,-7.639523330614094660e-06
9.716754451074936924e-06,-7.526828115252858928e-06
1.057022229595887445e-05,-5.438216529927742491e-06
9.697935698618663166e-06,-4.077322707332948545e-06
-1.363246561076097599e-06,-1.143363719656572328e-07
-1.294329113600007735e-06,1.666453553175110265e-07
-1.363853358302738660e-06,3.351538963660798358e-07
9.344462835988831377e-06,-6.449780709831421990e-06
8.632004383805021828e-06,-7.277250072966441639e-06
7.617305265375534430e-06,-6.928339927405108654e-06
9.005136445531786279e-06,-5.014097460560119684e-06
8.631238531161622099e-06,-3.871182833448648973e-06
-8.993428330627529237e-07,-1.221149900305944284e-07
-8.990148191695477915e-07,3.435557329058442083e-07
-6.581693528003906565e-07,1.105904767982758043e-07
6.689367211862809385e-06,-6.462115946090106057e-06
7.469452665657302588e-06,-5.858131086808848890e-06
7.813031210784937721e-06,-4.556956798498373793e-06
7.666148354778519025e-06,-3.513774091042604342e-06
-3.963175339408585641e-07,-1.665689944727360152e-07
-3.966481933309446709e-07,3.869663435859673865e-07
-9.816764948995612990e-08,1.097639516459113105e-07
5.840440156691689218e-06,-5.920026319076991417e-06
5.100451864817382983e-06,-5.312782587936015266e-06
6.628897266545126901e-06,-4.363590499052897608e-06
6.825310897321359788e-06,-3.016278135041592936e-06
2.443479881285589498e-07,-2.613528530705628412e-07
2.441504593941902308e-07,4.800147986554491913e-07
5.289512212766823763e-06,-4.416711738851947869e-06
4.469348019738076077e-06,-4.635606465478312919e-06
5.595699739883124663e-06,-3.449786202481761969e-06
6.124150170921599836e-06,-2.429180254743943233e-06
6.212962496213844655e-07,1.087966426627600062e-07
1.069573897585995567e-06,-3.970471344957836883e-07
1.068451373104786148e-06,6.149564635016292992e-07
3.925996311738994784e-06,-3.920831566077590925e-06
3.507092510844827266e-06,-3.204249053403597351e-06
3.199207279222748960e-06,-2.461179862530474125e-06
4.978222531393912389e-06,-2.611767869407026376e-06
5.570783244273220516e-06,-1.789361573835348358e-06
1.429318009214245358e-06,1.063075052415129880e-07
1.870349807130642395e-06,-5.294320531095127634e-07
1.870732096021953932e-06,7.527110396502769662e-07
3.906542759123075994e-06,-2.452250998205701236e-06
2.976421540033377116e-06,-1.724710280980264242e-06
2.582095313301800445e-06,-6.400208942804672169e-07
2.779389714115915377e-06,-7.557957928219871492e-07
2.872937903792188000e-06,-9.990059952081993491e-07
4.555695294675657363e-06,-1.698510799938073974e-06
5.155228593999185540e-06,-1.130212754060255692e-06
2.265753840475571971e-06,1.148222818201024423e-08
2.615329268689729240e-06,8.537592194042022851e-07
3.469508896847272726e-06,-1.211211417791274842e-06
2.808269536119379444e-06,-2.994456267729883049e-07
3.043026199323396949e-06,-6.729606516582309357e-07
4.267471296531610867e-06,-9.286167960821150111e-07
4.884696569907578598e-06,-4.855562612501795496e-07
2.848720632524589763e-06,4.271902525043665261e-07
2.839059813702150790e-06,9.607098303278352581e-07
3.629389299166316370e-06,-1.237963533462326736e-07
4.776228438315069296e-06,1.380587696673370662e-07
4.780185828640771357e-06,7.263738477728804445e-07
3.291883499422559486e-06,8.248377815825025101e-07
2.974627387230056477e-06,1.180289260837187200e-06
3.150047929278266018e-06,1.766911558020224577e-06
4.207469001138486126e-06,8.157134465319606691e-07
3.391103193393516751e-06,2.304123154244582479e-06
4.906288035829832932e-06,1.309266052716946470e-06
3.691707823486721495e-06,1.797215081621255143e-06
4.456351841359727606e-06,1.839546979325009696e-06
3.678176713491349320e-06,2.803321608310895338e-06
5.125993719673983595e-06,1.839943138424785274e-06
4.902913518435507294e-06,2.337354898601968457e-06
4.414904282238720926e-06,2.637729365782773926e-06
4.014359516495052800e-06,3.251416619457028642e-06
4.385690396138525138e-06,3.649116664321524625e-06
5.422129990623913336e-06,2.313546898762905249e-06
5.184433173214909013e-06,2.865898645426971536e-06
4.910702299150010622e-06,3.485612122167426501e-06
4.795771493109682010e-06,3.992499899398673898e-06
5.784659711831360226e-06,2.712676450664012211e-06
5.666358512425183362e-06,3.475455472030801353e-06
5.230731518080091136e-06,4.285493284263090633e-06
5.682690146218613559e-06,4.520423635704235295e-06
6.151517747723793461e-06,4.695246441618080544e-06
6.197092412158547979e-06,3.632059214661286233e-06
6.197260749235324988e-06,3.028068882938764342e-06
6.094374892471124405e-06,4.211791910920623742e-06
6.625352037926186160e-06,4.818323720475555382e-06
7.099987133162097133e-06,4.883909402028517863e-06
6.605927493795879177e-06,3.764925194525338160e-06
6.641925121562747363e-06,3.261227690081412650e-06
7.573583389834457464e-06,4.896562730660860145e-06
7.056326657559631412e-06,4.217298759499035069e-06
7.106664301765249444e-06,3.408470293780519028e-06
7.679945512020224470e-06,4.283973531880586248e-06
8.079600535476354854e-06,4.880116411155774869e-06
7.578371768545341218e-06,3.463805999167260668e-06
8.761971134049286974e-06,4.863927139910557463e-06
8.230583212864425185e-06,3.940318952921412100e-06
8.080570655354378404e-06,3.480039373338359303e-06
9.667998854576154234e-06,4.840101373399014610e-06
9.226491396489555619e-06,4.127968165212346652e-06
8.761639292071020236e-06,3.500503170859489887e-06
1.082244550182432878e-05,4.815889003498306885e-06
1.025184432499950576e-05,4.180384838020968389e-06
9.667966875997164271e-06,3.522610943821740062e-06
1.198864965724283154e-05,4.795933545480979328e-06
1.141145008127642201e-05,4.179934215357388312e-06
1.082260607896586973e-05,3.544739059209980782e-06
1.312223157866544804e-05,4.778282558210032934e-06
1.256077766099448523e-05,4.179372792675427187e-06
1.198881200986301660e-05,3.563376529728167899e-06
1.422504416611154882e-05,4.761320145693290715e-06
1.367888574710765163e-05,4.178788914885992159e-06
1.312242743585655489e-05,3.579885055684754899e-06
1.529786136662089583e-05,4.745363376767024379e-06
1.476642522739584720e-05,4.178134900920548458e-06
1.422524993152914884e-05,3.595621800928122611e-06
1.634344203269746227e-05,4.731245399097590640e-06
1.582501141273161158e-05,4.177419072879434243e-06
1.529810040561875058e-05,3.610188099479331600e-06
1.736590147213835212e-05,4.719419689548955946e-06
1.685828035899718407e-05,4.176760245240753944e-06
1.634364657210467343e-05,3.622929922872817886e-06
1.836997977827011923e-05,4.710176317031429775e-06
1.787073777054279508e-05,4.176103445985653518e-06
1.736612470527506695e-05,3.633440008070708284e-06
1.936031314348669061e-05,4.703549085547374730e-06
1.886713774501714837e-05,4.175577756815716106e-06
1.837015150463885697e-05,3.641470172519567890e-06
2.145695902262325313e-05,4.641063170087298114e-06
2.131812440256201428e-05,4.698596594189135184e-06
1.980082871769111631e-05,4.175256556027470153e-06
2.034125422819830814e-05,4.699585710599064806e-06
1.936041582350845659e-05,3.647244639372831114e-06
2.151446277377614218e-05,4.502189097546577242e-06
2.118617812368017684e-05,4.174997570601831437e-06
2.034131879063572548e-05,3.650668223551514241e-06
2.151446847968232836e-05,3.847794703737521520e-06
2.131814945533178917e-05,3.651414801857247426e-06
2.145697023818246907e-05,3.708938696162463406e-06
