Size 192,2
4.399123122250452825e-05,-5.462488111445271214e-06
4.418721177183271791e-05,-4.989365948991667814e-06
4.418703782663189122e-05,-2.758982486550246967e-06
4.399103801519351127e-05,-2.285865781104648660e-06
4.351808920310762743e-05,-5.658457000459531458e-06
4.263044543977109762e-05,-3.874162308335811471e-06
4.351787721749298456e-05,-2.089901564204559147e-06
4.018645378374538675e-05,-5.658114455360600250e-06
4.018619049857854547e-05,-2.090454949126100429e-06
3.834729653071140045e-05,-3.874448488356893351e-06
3.685628769374187715e-05,-5.655932045952745640e-06
3.685570585242036194e-05,-2.092970861311926851e-06
3.519214221589111346e-05,-3.874493643909336291e-06
3.353241589813030335e-05,-5.649385601942380306e-06
3.353154455261526837e-05,-2.099492120678314760e-06
3.187422661076787038e-05,-3.874479080933442432e-06
3.022551637844009506e-05,-5.636042657990853171e-06
3.022443909567970824e-05,-2.112769402896697546e-06
2.858037724916857050e-05,-3.874171015755374345e-06
2.695065723493801003e-05,-5.613419647195120099e-06
2.694990292459504245e-05,-2.134755457905166483e-06
2.532775112204164981e-05,-3.873734293428827854e-06
2.372586404435101187e-05,-5.580876257474778865e-06
2.372546961290192448e-05,-2.166324102677774472e-06
2.213450686475257090e-05,-3.873300280527102672e-06
2.056991544149548186e-05,-5.537754470082289206e-06
2.056967623480887808e-05,-2.208219763870248953e-06
1.901980258525524570e-05,-3.872657243252210209e-06
1.750381206546643400e-05,-5.482132205582214271e-06
1.750352077108926146e-05,-2.262277755559942791e-06
1.600633853411450761e-05,-3.871841517387939896e-06
1.455196034885543839e-05,-5.412475226313839237e-06
1.455162975240534600e-05,-2.330430617920849068e-06
1.312048691339136761e-05,-3.870912971760091165e-06
1.174154704110599178e-05,-5.327361639633908754e-06
1.174083833851345130e-05,-2.414015715695574596e-06
1.044324631949563139e-05,-3.869380700766249339e-06
9.204352832164317105e-06,-5.228254731280822541e-06
9.203064809609369648e-06,-2.515160428759703528e-06
8.291194337713684147e-06,-3.969396519641747981e-06
7.417606045176772963e-06,-5.135751043297820588e-06
7.414645630883693223e-06,-2.609344470041105563e-06
6.205289920809898574e-06,-5.055360609158322804e-06
6.416553656282278099e-06,-4.282733992065543566e-06
6.201071729128340796e-06,-2.669537495484162954e-06
5.368615840184371555e-06,-2.733801360402370976e-06
-5.063520691226524013e-07,-9.520228535579195825e-07
-5.171060960546287307e-07,-9.258637460003255683e-07
-5.169217357649870527e-07,-8.294412908899131584e-07
-5.062507848528909299e-07,-8.041503648586194129e-07
5.362589452600113078e-06,-4.998973028283149464e-06
4.648732888890384025e-06,-4.907074125068663079e-06
5.178172136416759233e-06,-3.586418442650759177e-06
4.628557706971913270e-06,-2.738577398733024311e-06
-4.803528935921956692e-07,-9.630391910652282105e-07
-4.544462070581958766e-07,-8.576271869882793907e-07
-4.808656205431061279e-07,-7.939343447788272052e-07
4.407005537317603028e-06,-4.220391157187125959e-06
3.974218778683492202e-06,-4.725378259783924456e-06
3.361038294990690884e-06,-4.492386784406393586e-06
4.193036345028651254e-06,-3.328010164721011987e-06
3.965076780740826450e-06,-2.642780211618521063e-06
-3.054286935276256369e-07,-9.674114913658893420e-07
-3.059251943856914998e-07,-7.936058914435233862e-07
-2.158954647949803152e-07,-8.813306645866457990e-07
2.818533706315743254e-06,-4.187300061596863279e-06
3.265433886706853653e-06,-3.835585275826169906e-06
3.470212791015899400e-06,-3.059346742265380103e-06
3.379481361644952953e-06,-2.462934326193753666e-06
-1.196183432688910124e-07,-9.824354906527315297e-07
-1.199508238578498290e-07,-7.814512846469932510e-07
-1.206754087399563704e-08,-8.824442273244667040e-07
2.334587610596577807e-06,-3.850141485764703275e-06
1.933463510558343132e-06,-3.487995404633102656e-06
2.776887825360913781e-06,-2.950616503248732079e-06
2.881987323251047401e-06,-2.205097299733066691e-06
1.101141089853886164e-07,-1.014004018438240359e-06
1.099668405922873747e-07,-7.516338452806916700e-07
2.037301649797051133e-06,-2.975805473715873078e-06
1.610106174066076194e-06,-3.092717301470966438e-06
2.199636114272172445e-06,-2.448232303982297428e-06
2.477459438086588397e-06,-1.912432824068600517e-06
2.429560168914131330e-07,-8.831582521562716896e-07
3.996210971440025725e-07,-1.059233126918431101e-06
3.991225219048656332e-07,-7.067933737502298377e-07
1.340280594510843048e-06,-2.692923253823294475e-06
1.156440280949241721e-06,-2.319268627903670001e-06
1.042968938798994308e-06,-1.943675406319112102e-06
1.877846591331206153e-06,-2.010970107376090230e-06
2.164893355832245392e-06,-1.612009451469154675e-06
5.248900467572816986e-07,-8.842457111687598264e-07
6.769995682322188026e-07,-1.102746067642675844e-06
6.778347358137190349e-07,-6.600354792870472742e-07
1.358388572115075604e-06,-1.932938976140985762e-06
9.713823117183290693e-07,-1.595020886379486784e-06
9.073683123547287388e-07,-1.137588904206078145e-06
9.608126664525266854e-07,-1.180131674432491057e-06
9.735833043525663283e-07,-1.276608497273384114e-06
1.663958674270286400e-06,-1.571891084808742390e-06
1.926979342670449192e-06,-1.324030913433542122e-06
8.127242251671344908e-07,-9.174346408891062123e-07
9.502098160019132927e-07,-6.235218082074618291e-07
1.194318013584286247e-06,-1.358191703604581675e-06
9.854489849806425945e-07,-1.017345513602953220e-06
1.049690892112787815e-06,-1.148398845149053902e-06
1.530037324221238483e-06,-1.238261383946579289e-06
1.762669852252838898e-06,-1.068817122998115356e-06
1.025707347624049038e-06,-7.662818030905858648e-07
1.043652897839846063e-06,-5.885455738781929544e-07
1.276607070546499735e-06,-9.313910261915868291e-07
1.684909853428660307e-06,-8.423113742535141399e-07
1.625756238437601182e-06,-6.551157935244262531e-07
1.192112483940723744e-06,-6.245582960802275081e-07
1.105898014687888233e-06,-5.280247320504512930e-07
1.196314924333650107e-06,-3.898570160136341070e-07
1.464473741309758733e-06,-6.104859602201563751e-07
1.299717385025802620e-06,-3.058983923805458534e-07
1.600816861142927339e-06,-4.824217122418215713e-07
1.339518717683964147e-06,-3.693720892096500634e-07
1.496980575876208332e-06,-3.612229889835087891e-07
1.385297386177400401e-06,-2.469782809900404973e-07
1.580966355689028706e-06,-3.610395265509260414e-07
1.537346059678467021e-06,-2.840741601369375182e-07
1.494416083172418257e-06,-2.548696667175761486e-07
1.463604975972622096e-06,-2.375141260396518347e-07
1.507245496471274753e-06,-2.621256058031619054e-07
1.543645186212609441e-06,-2.748415655759186688e-07
1.534760524764978809e-06,-2.474662973719945226e-07
1.534266518693592037e-06,-2.613142528224395780e-07
1.536775087214254436e-06,-3.186943383780600965e-07
1.490157397118228731e-06,-2.270218254339251917e-07
1.493293046980219493e-06,-2.715266601846155996e-07
1.528526328899256192e-06,-3.828774688228142883e-07
1.475828428749373558e-06,-4.647126713322073654e-07
1.394938336101355878e-06,-5.605194135309524194e-07
1.400467686441688364e-06,-2.929314973131536333e-07
1.407572428762769491e-06,-2.110786356159020940e-07
1.423825389258483235e-06,-4.149864050204993300e-07
1.270964133468637711e-06,-6.393616963784858070e-07
1.110733388031091405e-06,-7.118317252314073889e-07
1.297403101185203737e-06,-3.143950435345724731e-07
1.283407563688053839e-06,-1.966587174550911025e-07
9.283064913397834639e-07,-7.618653355436241548e-07
1.153825327848896147e-06,-4.552493132548451083e-07
1.125366245664925002e-06,-1.748783191843155391e-07
8.918948678829371924e-07,-4.915178624371477452e-07
6.853579586655529569e-07,-8.074511631994767662e-07
9.412501690528302576e-07,-1.509542317054571941e-07
3.124620501584591701e-07,-8.519635238631132143e-07
6.258784273746003225e-07,-3.252655009174647246e-07
6.874554777367879502e-07,-1.047319176670400518e-07
-2.886986321504521081e-07,-9.174973788822901856e-07
2.740306865920120987e-08,-4.196501302894932801e-07
3.108781731391867089e-07,-4.636738290079688480e-08
-1.199917950627996410e-06,-9.828194599456058821e-07
-7.259802676273254209e-07,-4.517059234744463349e-07
-2.896715344052387518e-07,1.723446641773935852e-08
-2.251076146104654739e-06,-1.031386610687044210e-06
-1.710555411563581963e-06,-4.503902924305160880e-07
-1.200414061571185287e-06,8.143597032549543784e-08
-3.378378425673278648e-06,-1.064712858456649650e-06
-2.804321248226247988e-06,-4.494069088015492426e-07
-2.251373431406044329e-06,1.315865775955325332e-07
-4.555744732826136978e-06,-1.085789112596182173e-06
-3.960638252723046051e-06,-4.485226942272194739e-07
-3.378624568393515740e-06,1.668022082851523981e-07
-5.763287026622629036e-06,-1.098396973357804789e-06
-5.155747729226829766e-06,-4.477039404561411295e-07
-4.556000680063288619e-06,1.895643750542431426e-07
-6.989554132556420195e-06,-1.106450271326577618e-06
-6.373960285172943921e-06,-4.468484310490216419e-07
-5.763589271507414993e-06,2.038728635342919400e-07
-8.229867580398675007e-06,-1.112362782034651929e-06
-7.607715200958809213e-06,-4.458745201937595740e-07
-6.989905184597712129e-06,2.137341662159978153e-07
-9.481184988270520436e-06,-1.116176431988002686e-06
-8.854140431311895618e-06,-4.449324506835942289e-07
-8.230129879147591947e-06,2.215600359577434370e-07
-1.073919089298451658e-05,-1.117712667150836882e-06
-1.010962962768660465e-05,-4.440242797414080834e-07
-9.481485389341138309e-06,2.272359031360951688e-07
-1.343761819350596510e-05,-1.043465124921347972e-06
-1.325873341445226486e-05,-1.117567627366783149e-06
-1.130360190169633952e-05,-4.434093759951724790e-07
-1.199921161824489484e-05,-1.117774182841688235e-06
-1.073938978362410397e-05,2.303670803751228739e-07
-1.351171396866264532e-05,-8.645722066431196389e-07
-1.308846095757413742e-05,-4.429626169997268396e-07
-1.199932281242905331e-05,2.314016530500620377e-07
-1.351172388430308404e-05,-2.133223928460609987e-08
-1.325877775644678976e-05,2.316145462379947587e-07
-1.343763791340605202e-05,1.575287969094862301e-07
