Size 192,2
-2.660208531866189877e-05,4.786611328157866247e-06
-2.667588535082222108e-05,4.608377456684321478e-06
-2.667587552655732163e-05,3.768297298048590184e-06
-2.660207301774821011e-05,3.590046135915834573e-06
-2.642389983552470377e-05,4.860448083739892720e-06
-2.608985310267276713e-05,4.188319942735159285e-06
-2.642387939075473553e-05,3.516198879213544798e-06
-2.516964424385052362e-05,4.861028484480093310e-06
-2.516953144062942073e-05,3.515250706774170063e-06
-2.447668436519529587e-05,4.187931082493869390e-06
-2.391315612824077431e-05,4.863568723785751438e-06
-2.391265890932292083e-05,3.511568966393477561e-06
-2.328215411112325486e-05,4.187343810098549759e-06
-2.264740430833158053e-05,4.869938565893381511e-06
-2.264670972696932954e-05,3.503947466974470800e-06
-2.200929598553873039e-05,4.186652150028851995e-06
-2.136428504565146449e-05,4.881300383732160431e-06
-2.136373177577401857e-05,3.491786788829596883e-06
-2.071451790663481646e-05,4.186161096694338480e-06
-2.005474631788009329e-05,4.896814225123800323e-06
-2.005466931628395731e-05,3.475703506408338319e-06
-1.938941466449827143e-05,4.185935269021154599e-06
-1.871167384716184389e-05,4.915527144290007974e-06
-1.871231242214153575e-05,3.456908488642217175e-06
-1.802852863145671471e-05,4.186147364708411671e-06
-1.733170375240709554e-05,4.935873631604221843e-06
-1.733264308287865192e-05,3.437075103401649988e-06
-1.662956304633328119e-05,4.186682488628160565e-06
-1.591376518720602555e-05,4.956166130737558849e-06
-1.591470472310838437e-05,3.417809495211028463e-06
-1.519314688017341229e-05,4.187467905079985399e-06
-1.445954478237024512e-05,4.975993051884270819e-06
-1.446017895977440376e-05,3.399557803649544205e-06
-1.372127633929135568e-05,4.188408713938709175e-06
-1.297078349614960278e-05,4.995873346807606504e-06
-1.297128760688762440e-05,3.381703567954619342e-06
-1.224639004332204336e-05,4.189564843553099949e-06
-1.150997127839685539e-05,5.016436672910948350e-06
-1.151052108797950816e-05,3.362510391230467600e-06
-1.095529190512396637e-05,4.256193740649483435e-06
-1.037730326109412613e-05,5.035311792161403284e-06
-1.037805153419584710e-05,3.344632553947298728e-06
-9.535438467740062953e-06,5.052623704566250981e-06
-9.705848093841007332e-06,4.483148988110840767e-06
-9.536912400049322089e-06,3.332706532558230985e-06
-8.915249231495910015e-06,3.319060106960159316e-06
1.683885049695623015e-06,-3.743544617192367418e-07
1.717025277238150020e-06,-4.538412792534120616e-07
1.716882335929852658e-06,-7.508366576862607620e-07
1.683855727055243809e-06,-8.296383239919607752e-07
-8.915775769372899398e-06,5.065483191210115570e-06
-8.341232733267536960e-06,5.044790799786689200e-06
-8.794696298184259063e-06,3.973651068246893712e-06
-8.348794536175613740e-06,3.253719980408207546e-06
1.604697643579638929e-06,-3.416268201517365041e-07
1.524535998937065886e-06,-6.675169707054159253e-07
1.605018827057968912e-06,-8.627880307815755242e-07
-8.163187126360610017e-06,4.503816620375958664e-06
-7.766542129177944604e-06,4.961738987164766057e-06
-7.196439714191296568e-06,4.808916159557062746e-06
-7.991647719812290039e-06,3.739214796474762407e-06
-7.787507125907453385e-06,3.082958361974400448e-06
1.067026023548372696e-06,-3.349861135202557813e-07
1.065846552090555145e-06,-8.746640322229939567e-07
7.873740305083191853e-07,-6.062343187796136671e-07
-6.635890221483739099e-06,4.593820342871394734e-06
-7.126562796574045050e-06,4.224551838337558045e-06
-7.328017063717091882e-06,3.467468565459769109e-06
-7.251942785637045496e-06,2.807812900579542304e-06
4.847746827012409575e-07,-2.868576172500831959e-07
4.839827211939672036e-07,-9.284246596676257153e-07
1.388392302972449350e-07,-6.091290273151602800e-07
-6.098062546295438723e-06,4.309986414845499266e-06
-5.583659869418406761e-06,3.959257001192671751e-06
-6.616683081382866131e-06,3.343853420547330549e-06
-6.759648824641068116e-06,2.436532904087662212e-06
-2.580752377615821187e-07,-1.796067622045479864e-07
-2.590784210738289839e-07,-1.041908598928405695e-06
-5.713507810171804298e-06,3.391847497453532464e-06
-5.101280114278276839e-06,3.549567704912516240e-06
-5.937460607887874595e-06,2.723392712570219060e-06
-6.328222412471965294e-06,1.970175045678600660e-06
-6.971479384861652574e-07,-6.122548702975502109e-07
-1.218881273206475324e-06,-2.350382636962520741e-08
-1.219289123251028328e-06,-1.205437867722161621e-06
-4.666387227968025943e-06,3.079825739567203350e-06
-4.274144468544748307e-06,2.546106664677648905e-06
-3.933324089488215949e-06,1.964141704574885971e-06
-5.479076045552183330e-06,2.100766301142009215e-06
-5.974294315995168361e-06,1.416844795527088383e-06
-1.639414084416578194e-06,-6.138287958061852146e-07
-2.155746011824200432e-06,1.318504162609715720e-07
-2.156213059205613266e-06,-1.371723433149088085e-06
-4.587682434659148915e-06,1.971625357473907601e-06
-3.661360258901281854e-06,1.331640732712824005e-06
-3.026699338064767631e-06,2.658423560649568657e-07
-3.292958488449019195e-06,3.940809599051811010e-07
-3.449344438404537219e-06,6.476190576828422200e-07
-5.151501741305704356e-06,1.333532330316033484e-06
-5.718185361367175541e-06,7.938177518613553660e-07
-2.621582868597517080e-06,-5.075349199356853698e-07
-2.991037093756928141e-06,-1.489937385043113239e-06
-4.110851028018688635e-06,8.752349555512461411e-07
-3.291704188417237120e-06,-1.270449112570065302e-07
-3.606439598290128442e-06,3.042043507333345380e-07
-4.899345799687809866e-06,5.980752950461446593e-07
-5.575636132930579852e-06,1.186899237852295304e-07
-3.276257050819127158e-06,-9.789427708776552986e-07
-3.214137140521422797e-06,-1.621883264326696316e-06
-4.234102267479526217e-06,-2.733907209529271596e-07
-5.548218791057148216e-06,-5.861340835269077068e-07
-5.699641220571445326e-06,-1.317261214701662388e-06
-3.764142483604362391e-06,-1.437422767376350815e-06
-3.336410938373717730e-06,-1.918663098585849191e-06
-3.472718857846177781e-06,-2.765286552148314563e-06
-4.940869292359271126e-06,-1.388611466457063229e-06
-3.711227853145698839e-06,-3.636716017101420576e-06
-6.010436700910693210e-06,-2.075158145135916762e-06
-4.213542988690026135e-06,-2.778647954508445562e-06
-5.361395006005600498e-06,-2.847544112480412293e-06
-4.085052787885458610e-06,-4.491139591678096692e-06
-6.490794141347401665e-06,-2.850942801673595573e-06
-6.150987386760644736e-06,-3.660088617543589759e-06
-5.289477462534919636e-06,-4.184351378810125743e-06
-4.572312937011331671e-06,-5.351800134286284439e-06
-5.206776663360660283e-06,-6.187914676038469650e-06
-7.156182351189569592e-06,-3.595714837076886529e-06
-6.710908353239814197e-06,-4.621141537471531287e-06
-6.177735913999558480e-06,-5.866631975817708165e-06
-5.947586429026513222e-06,-6.983324779694298412e-06
-7.982853760826163139e-06,-4.279534826593249359e-06
-7.746015283013727541e-06,-5.871866572264662991e-06
-6.818785538471537837e-06,-7.695645165356280583e-06
-7.816414650159579972e-06,-8.330063855509990857e-06
-8.905377336486453832e-06,-8.874225356407925731e-06
-8.982545085978068032e-06,-6.226902197997852109e-06
-8.967102306036359505e-06,-4.868102865671751065e-06
-8.732922368091300514e-06,-7.620980842111775451e-06
-1.009356740535215611e-05,-9.281319080845763398e-06
-1.135860736775674613e-05,-9.562185236174270173e-06
-1.000022226156672492e-05,-6.534691754894176083e-06
-1.009949001641721775e-05,-5.299200968034409160e-06
-1.266733776898471183e-05,-9.692787938246473723e-06
-1.118299284025410119e-05,-7.718401457783797881e-06
-1.134031497481260104e-05,-5.546218295082740214e-06
-1.295093421781090688e-05,-7.927165980847829092e-06
-1.416577488288486494e-05,-9.758276467481158438e-06
-1.264839989676860060e-05,-5.607320505556707143e-06
-1.628125961070839409e-05,-9.824121682028349531e-06
-1.458389809033211218e-05,-6.908005129823848009e-06
-1.416129501281057279e-05,-5.544518851276988146e-06
-1.931775007172829140e-05,-9.924632251165681356e-06
-1.778657707323399480e-05,-7.477124211212151899e-06
-1.628204302640555274e-05,-5.463109913005333035e-06
-2.350824948810312925e-05,-1.003230510285599090e-05
-2.138275670401602600e-05,-7.651892840548222410e-06
-1.931756468679228872e-05,-5.370681089795686233e-06
-2.804587161783169585e-05,-1.012120316561352387e-05
-2.575012060210358296e-05,-7.653830870524750310e-06
-2.350764024689969015e-05,-5.272212660984019218e-06
-3.272580258948085309e-05,-1.019172228128855195e-05
-3.036421800525256209e-05,-7.656427960179324361e-06
-2.804503429544500358e-05,-5.189030688515703449e-06
-3.751553651621584952e-05,-1.024509908413963002e-05
-3.510448440150760183e-05,-7.658792753431586706e-06
-3.272505393751359035e-05,-5.123593609027073249e-06
-4.238548702348703823e-05,-1.028411162538004469e-05
-3.993866650914571561e-05,-7.660929607149260051e-06
-3.751466648607225098e-05,-5.074763955191529291e-06
-4.731243784954599821e-05,-1.031154491376741021e-05
-4.484062273482599715e-05,-7.662895187246108333e-06
-4.238454982937009570e-05,-5.039751810409382785e-06
-5.227724743583007965e-05,-1.032873580909656650e-05
-4.978966546891268905e-05,-7.664442216129671088e-06
-4.731169762517757100e-05,-5.015769047968199698e-06
-5.726206805407801990e-05,-1.033660674504480515e-05
-5.476750187937590061e-05,-7.665613420344356065e-06
-5.227671883274659446e-05,-5.001295729487646128e-06
-6.225161456941221728e-05,-1.033786748761873052e-05
-5.975679642665988667e-05,-7.666479312239977685e-06
-5.726171137565679909e-05,-4.995540263235718163e-06
-7.292629826875780916e-05,-1.004266906681189529e-05
-7.221878256174898232e-05,-1.033576568133912459e-05
-6.448549479883001806e-05,-7.667061878390792867e-06
-6.723729393777916645e-05,-1.033638271397330789e-05
-6.225124771894755210e-05,-4.995770912260052700e-06
-7.321935315961626122e-05,-9.335099658020144160e-06
-7.154529313302130842e-05,-7.667409474773435860e-06
-6.723713295330204767e-05,-4.998053666089928543e-06
-7.321923408097691041e-05,-5.999795901532092530e-06
-7.221863241470182957e-05,-4.999106526492189967e-06
-7.292616564968807118e-05,-5.292212989547591894e-06
