Size 192,2
-1.101920685469493037e-04,1.523883488658928784e-05
-1.106287486754553291e-04,1.418475626209188027e-05
-1.106288251180810773e-04,9.215437792061739996e-06
-1.101921583401294243e-04,8.161364464774695658e-06
-1.091378706967497075e-04,1.567542336121706344e-05
-1.071603756858031969e-04,1.170009886207564376e-05
-1.091379801081186291e-04,7.724775651658571514e-06
-1.017149313741978539e-04,1.567360853053873114e-05
-1.017150511541342980e-04,7.726223932026942236e-06
-9.761865966224416715e-05,1.169959989308183535e-05
-9.429835687664546093e-05,1.566625753444218227e-05
-9.429827178031407163e-05,7.732279459285427856e-06
-9.059466975030006726e-05,1.169876881412373316e-05
-8.689934526105890151e-05,1.565158289712757195e-05
-8.689913699442160775e-05,7.744732171251645508e-06
-8.320869996226614763e-05,1.169738152666032499e-05
-7.953185468162780663e-05,1.562774472317076356e-05
-7.953171325167393102e-05,7.765361467383290344e-06
-7.586287691210664920e-05,1.169553379234786865e-05
-7.221484516558904069e-05,1.559183055879196950e-05
-7.221474616233855093e-05,7.797210957348732260e-06
-6.857884948711497563e-05,1.169334159168951967e-05
-6.497307745803173142e-05,1.554118460651781223e-05
-6.497304230758056459e-05,7.843225999835940740e-06
-6.138426370758527607e-05,1.169102256371892278e-05
-5.783586130834714493e-05,1.547492950178020293e-05
-5.783563909988263915e-05,7.904419770219575089e-06
-5.430883769614375034e-05,1.168849847666169193e-05
-5.083250717717197482e-05,1.539323145322858192e-05
-5.083167382071825872e-05,7.980582620526926847e-06
-4.738127911757614440e-05,1.168566334516476496e-05
-4.398997470664639048e-05,1.529735113289921826e-05
-4.398838897225512793e-05,8.070667477024231229e-06
-4.062709903206460158e-05,1.168254129037544145e-05
-3.733241177195020392e-05,1.518682836435337536e-05
-3.733018789513311745e-05,8.175383918907096060e-06
-3.420055653940052036e-05,1.167834409209024196e-05
-3.114250887763917900e-05,1.506231401718339629e-05
-3.113993022975049583e-05,8.297568578220738608e-06
-2.886788601868620096e-05,1.193315963149411682e-05
-2.661783324172201863e-05,1.494704791007627081e-05
-2.661329511159244487e-05,8.410934069811592281e-06
-2.343250349733666678e-05,1.484637517091099007e-05
-2.402359487610822910e-05,1.276722061983448401e-05
-2.342638425482372909e-05,8.483422854099212184e-06
-2.117072678760915930e-05,8.561545474134114642e-06
3.097590733020169917e-06,4.650042403333290341e-07
3.160087450390364912e-06,3.146948417724169204e-07
3.159704349729312312e-06,-2.453348748245295441e-07
3.097506029815502300e-06,-3.935936621633833004e-07
-2.116434146079354198e-05,1.477521971557472207e-05
-1.916774117830600375e-05,1.459661757284007281e-05
-2.068827322200666386e-05,1.089598051220676835e-05
-1.914384358753780941e-05,8.469479310911178421e-06
2.947914033799320590e-06,5.271691334809680250e-07
2.796880498181870727e-06,-8.693458839626570808e-08
2.949099869989974957e-06,-4.554653615901721599e-07
-1.851573853727991046e-05,1.269437167088519930e-05
-1.723480143081475595e-05,1.418058020648971019e-05
-1.540675388192933016e-05,1.357722013611590671e-05
-1.791589722933165731e-05,1.013206801992130681e-05
-1.724574689263084744e-05,8.062638715928432433e-06
1.933061769332972765e-06,5.428447370620994664e-07
1.932266652563654113e-06,-4.728905667516994252e-07
1.407109801252264965e-06,3.484463078590323443e-08
-1.371088712391578266e-05,1.276475832857234586e-05
-1.514826086692439374e-05,1.165854683570154489e-05
-1.577199699261018902e-05,9.297352701280744378e-06
-1.551090232721069742e-05,7.371167373807608601e-06
8.385861584468224593e-07,6.342487750534014121e-07
8.388402843687573127e-07,-5.640897896608700803e-07
1.940339687504798919e-07,3.539189812545585385e-08
-1.214399054517837753e-05,1.179923774236554167e-05
-1.075011755701705061e-05,1.069728650111678393e-05
-1.360994963028201259e-05,8.937937886080186078e-06
-1.398262643785103755e-05,6.416866477565817769e-06
-5.436969145845914422e-07,8.329936594816625143e-07
-5.435522866650198614e-07,-7.614623289567764068e-07
-1.110484737178325980e-05,9.042444220478985194e-06
-9.536240007123494259e-06,9.457226119612383055e-06
-1.168680717109615807e-05,7.223208544764238241e-06
-1.269429531629925092e-05,5.274782512352854413e-06
-1.353492340235637786e-06,3.642702016183179115e-08
-2.314244708765814115e-06,1.120232960967879148e-06
-2.312088742948492554e-06,-1.048349616470502421e-06
-8.479843360885128527e-06,8.125062989241829423e-06
-7.633184065180465596e-06,6.753075023402241874e-06
-6.983366222823897510e-06,5.314944694850174863e-06
-1.050617060840072069e-05,5.619042011230588564e-06
-1.166803343294063101e-05,4.005556259803136382e-06
-3.084906743216422739e-06,4.114125475466004630e-08
-4.028819874516556439e-06,1.402948882513958225e-06
-4.028999682352078771e-06,-1.341251760164886505e-06
-8.405775816288095807e-06,5.305995738975541501e-06
-6.500174703259346525e-06,3.858004010914276449e-06
-5.569180196313927907e-06,1.641722686904980180e-06
-6.008385077288710240e-06,1.885788212312520879e-06
-6.232015824932477840e-06,2.390449508407534269e-06
-9.689722896006850588e-06,3.821204766280298947e-06
-1.090053325934769233e-05,2.670113000728289730e-06
-4.875778532444065940e-06,2.431700003476722167e-07
-5.602584778210402977e-06,-1.554329281542388768e-06
-7.488123424792349122e-06,2.834344480978718307e-06
-6.052471221877337001e-06,9.166764218241006559e-07
-6.574009818964138545e-06,1.712465264541012550e-06
-9.117280167093252916e-06,2.258210855582578171e-06
-1.041155682075416006e-05,1.330669964030197484e-06
-6.107294851140261050e-06,-6.366753661085736156e-07
-6.061366513384576751e-06,-1.785226900968388241e-06
-7.795914657393045619e-06,5.717701077639902160e-07
-1.022936736288275384e-05,9.805678085526136133e-09
-1.030980412474428370e-05,-1.267963519364058877e-06
-7.037751537945866070e-06,-1.481942152394001999e-06
-6.332668373486788876e-06,-2.272693608457902163e-06
-6.672707670107521255e-06,-3.602559250066629537e-06
-9.043843197444959557e-06,-1.442673816355051713e-06
-7.164920563000049924e-06,-4.868460709963292181e-06
-1.065870971291640980e-05,-2.548759194778984493e-06
-7.881033882107046644e-06,-3.656042486055254902e-06
-9.637704599309134332e-06,-3.754960182243880929e-06
-7.795052857163101809e-06,-6.066801524880188469e-06
-1.123763044642754189e-05,-3.756459852442128753e-06
-1.072233247860823837e-05,-4.929520843613517286e-06
-9.536327404165329352e-06,-5.656779045154928147e-06
-8.557697876762444589e-06,-7.190213007557924149e-06
-9.448029795607902612e-06,-8.223909557785736549e-06
-1.202836574663942173e-05,-4.859393488133387042e-06
-1.143712262683584265e-05,-6.226409981030405840e-06
-1.074554003914605468e-05,-7.809556711463696261e-06
-1.045197821234053371e-05,-9.155579650226636091e-06
-1.300416350872607931e-05,-5.816220218092576222e-06
-1.270114014375402605e-05,-7.795323853841000966e-06
-1.156044145680402901e-05,-9.968309942074613211e-06
-1.276119790049469806e-05,-1.065403977278470894e-05
-1.403641984318152262e-05,-1.120410733921545094e-05
-1.414592761743208852e-05,-8.215307987967755682e-06
-1.413884632202772863e-05,-6.596287529321110009e-06
-1.385967605792883210e-05,-9.818184000367131031e-06
-1.537253662075614976e-05,-1.160461602115017324e-05
-1.675264793717805739e-05,-1.185332831680710751e-05
-1.529431833895198337e-05,-8.575376294418669612e-06
-1.540132183082301197e-05,-7.169687617519946534e-06
-1.815545943347498620e-05,-1.194310134427605551e-05
-1.659330963229897914e-05,-9.877935995951169857e-06
-1.675298755873661831e-05,-7.517094589277518650e-06
-1.846508836541280963e-05,-1.008824084138012261e-05
-1.970982801755433652e-05,-1.195506739410263603e-05
-1.815242618938097178e-05,-7.629629239987590071e-06
-2.185845586702777772e-05,-1.196734695954387853e-05
-2.015785498459823303e-05,-9.031398647854653182e-06
-1.970914676248844739e-05,-7.617663751840285736e-06
-2.483655899327225433e-05,-1.198663571179484067e-05
-2.335738370577445308e-05,-9.614189190494274389e-06
-2.185874905670261352e-05,-7.601504962776342946e-06
-2.880325023430524325e-05,-1.200744232757107758e-05
-2.681395383499755693e-05,-9.785249665838877700e-06
-2.483652174612041593e-05,-7.582664492326544536e-06
-3.297081414500897546e-05,-1.202496061191860343e-05
-3.088168889005711841e-05,-9.785187692048752424e-06
-2.880317848040852110e-05,-7.562701275956319782e-06
-3.716764647487701996e-05,-1.204033667165213859e-05
-3.506455709687281906e-05,-9.785333096398989711e-06
-3.297073819598517880e-05,-7.545508762986459893e-06
-4.139158723032281006e-05,-1.205447179967708874e-05
-3.927518418507723689e-05,-9.785393873744326448e-06
-3.716769426014648826e-05,-7.530416166347370247e-06
-4.564098873433287523e-05,-1.206706555973499352e-05
-4.351222318955445004e-05,-9.785411263706833148e-06
-4.139158162377943651e-05,-7.516401877368442893e-06
-4.991197948112948129e-05,-1.207701709011662596e-05
-4.777330435159047076e-05,-9.785420335043085299e-06
-4.564091639690108818e-05,-7.503759483770325363e-06
-5.419886637346346117e-05,-1.208401245823412237e-05
-5.205324750084059369e-05,-9.785386718725918925e-06
-4.991198564781876507e-05,-7.493720045022750149e-06
-5.849611476793541365e-05,-1.208839636790352604e-05
-5.634615417777566818e-05,-9.785371887083279144e-06
-5.419887631837236444e-05,-7.486657524459696120e-06
-6.279985110272813639e-05,-1.209103956246063270e-05
-6.064717207434675949e-05,-9.785250620486322441e-06
-5.849615808211925728e-05,-7.482239190640462135e-06
-7.202669530504504398e-05,-1.183886997200518064e-05
-7.141484348172603839e-05,-1.209229766230159331e-05
-6.472877386014773676e-05,-9.785183660241146414e-06
-6.710673059013833161e-05,-1.209216323510366388e-05
-6.279982412041318091e-05,-7.479396788406513678e-06
-7.228013501648598025e-05,-1.122703535220469034e-05
-7.083231154766504191e-05,-9.784939004584274582e-06
-6.710682371358185833e-05,-7.478031065846684551e-06
-7.228016569447783825e-05,-8.342806931380952886e-06
-7.141490265449301224e-05,-7.477580331742987764e-06
-7.202673499863896896e-05,-7.730995365127023804e-06
