Size 192,2
-1.065255358809622590e-04,1.511849299702113440e-05
-1.069439760645385699e-04,1.410828283594702326e-05
-1.069438925730889354e-04,9.346021063071488554e-06
-1.065254459300740632e-04,8.335816184273409671e-06
-1.055153258297495696e-04,1.553693304621515831e-05
-1.036205093947425608e-04,1.172711452731940913e-05
-1.055152327754967491e-04,7.917376195716002815e-06
-9.840245306734961229e-05,1.553655114137436499e-05
-9.840231000000020881e-05,7.917388778843244539e-06
-9.447551012799462115e-05,1.172673555230311339e-05
-9.128959167084606534e-05,1.553500011626806848e-05
-9.128950151232132220e-05,7.918143552758455386e-06
-8.773391932290733233e-05,1.172604032575099773e-05
-8.417993327778092508e-05,1.553023931560285238e-05
-8.418025596368447613e-05,7.921193345938432425e-06
-8.062772847603401100e-05,1.172509661285394280e-05
-7.708028034104183088e-05,1.551958601590027682e-05
-7.708100219034040048e-05,7.929591224289955255e-06
-7.353699491061043499e-05,1.172392437401574825e-05
-7.000428844629206853e-05,1.549912508249827868e-05
-7.000510297456110677e-05,7.947433553884794926e-06
-6.647955676642450717e-05,1.172263701037500986e-05
-6.297471197977600908e-05,1.546413657778166308e-05
-6.297536432563258224e-05,7.979717038148296190e-06
-5.948295373527260564e-05,1.172141953479607719e-05
-5.602326353536606459e-05,1.541087896648709842e-05
-5.602343057809484845e-05,8.030384656466929078e-06
-5.258221739990574800e-05,1.172027145512044104e-05
-4.918663383462611475e-05,1.533798113974430122e-05
-4.918632290157902355e-05,8.101091973363779296e-06
-4.581538403203653235e-05,1.171912960900766512e-05
-4.250273698159479064e-05,1.524487565543936513e-05
-4.250219639466442078e-05,8.192061988188737212e-06
-3.922036829758821468e-05,1.171787066526138237e-05
-3.600857828735402926e-05,1.513129683260111114e-05
-3.600759234554882767e-05,8.303426291660693069e-06
-3.295972876590541107e-05,1.171559224212469821e-05
-2.998893890391399547e-05,1.500075322777754265e-05
-2.998745131987105877e-05,8.435633530965186042e-06
-2.778237339761227112e-05,1.196405800837012340e-05
-2.560529387255584005e-05,1.488068487170323678e-05
-2.560141513065569227e-05,8.556806022501630698e-06
-2.252814330256125598e-05,1.477741936923005798e-05
-2.309722807158417023e-05,1.277086000820236440e-05
-2.252270658820261973e-05,8.633252775553482985e-06
-2.034784558439818299e-05,8.714309199176951704e-06
2.986360711897220708e-06,8.961014327037250215e-07
3.045164494708204070e-06,7.544853611612226450e-07
3.044767698859830749e-06,2.278284037089390216e-07
2.986297366474557488e-06,8.854613771749084999e-08
-2.034047394949813558e-05,1.470541730557285626e-05
-1.841806589839991524e-05,1.453077830926091394e-05
-1.988077078012669472e-05,1.096559234241661152e-05
-1.839482788820865470e-05,8.630638018144450941e-06
2.845429297357146122e-06,9.547837149997300680e-07
2.703841108581098794e-06,3.772498026424425576e-07
2.846867767421402148e-06,3.057404561317076112e-08
-1.778953844271636287e-05,1.269803874615725756e-05
-1.655817663148510653e-05,1.412752003618640579e-05
-1.480170324424965915e-05,1.354611305729821746e-05
-1.721296150379560279e-05,1.023208642509218517e-05
-1.656968376597225514e-05,8.243628262898201753e-06
1.891465605163052864e-06,9.718392032462438794e-07
1.891134658475706332e-06,1.484780973177612725e-08
1.396421656417989668e-06,4.939835205437792610e-07
-1.317288945011939201e-05,1.276410202832159433e-05
-1.455315127689333148e-05,1.170104742928095010e-05
-1.515340816571630730e-05,9.431468261283108262e-06
-1.490358157362358045e-05,7.582081068614442086e-06
8.591339261140889771e-07,1.063119609602243513e-06
8.597437856741761941e-07,-7.340536724745826254e-08
2.475987720321828705e-07,4.957179627170682486e-07
-1.166894377305178385e-05,1.183683366487278449e-05
-1.033135976651029229e-05,1.077933148689776211e-05
-1.307772535782816755e-05,9.087900420311209319e-06
-1.343745670828157383e-05,6.667021594703173776e-06
-4.559006558680937264e-07,1.259564743937765089e-06
-4.555564565708149667e-07,-2.666256642041706680e-07
-1.067258635217632149e-05,9.190275266567603319e-06
-9.164844083767354930e-06,9.589388334567528453e-06
-1.123313807957217397e-05,7.442806999663015674e-06
-1.220291901037189978e-05,5.570427461679241272e-06
-1.231734670218403189e-06,4.973922668062025678e-07
-2.156593577082828939e-06,1.543205092016831971e-06
-2.154473086982755861e-06,-5.491894759805775491e-07
-8.149168457998997515e-06,8.311731508890594924e-06
-7.333008279550125870e-06,6.994097139552377692e-06
-6.702871507949244308e-06,5.611182977112679240e-06
-1.009996986522684572e-05,5.902715192075830930e-06
-1.122062214960044765e-05,4.348909089441259512e-06
-2.899551346062190065e-06,5.021178567663277577e-07
-3.813866532962759840e-06,1.822921214359991786e-06
-3.814030725264551044e-06,-8.391441087307552896e-07
-8.076771880828082244e-06,5.603062574623523565e-06
-6.232522147753156305e-06,4.207774504818477373e-06
-5.312950965750496283e-06,2.060423797730834459e-06
-5.743536568326675014e-06,2.299014746613319459e-06
-5.965095269774559494e-06,2.789158477908875197e-06
-9.316579548333353851e-06,4.172420688401570422e-06
-1.048841528263905712e-05,3.059863067412841833e-06
-4.634927251157552515e-06,6.980652469273775858e-07
-5.338205740922407921e-06,-1.050716750409413101e-06
-7.186953006314375394e-06,3.220230389381747279e-06
-5.783152328341138107e-06,1.355969192453036279e-06
-6.295425155217316242e-06,2.131462784899367239e-06
-8.765703498232539740e-06,2.662765790472579522e-06
-1.002609239692000354e-05,1.762051563064973552e-06
-5.830556212322615053e-06,-1.569816668753058765e-07
-5.780336199927808629e-06,-1.277854658755460778e-06
-7.483452048004224282e-06,1.026070930378615695e-06
-9.858631874838930380e-06,4.776467299691776246e-07
-9.955034512390140220e-06,-7.721533464462796935e-07
-6.735490437988230025e-06,-9.801983393076107738e-07
-6.040797701774227778e-06,-1.759327588653755014e-06
-6.364154840417832528e-06,-3.077701399822454887e-06
-8.707789546559372793e-06,-9.381552912903068799e-07
-6.839159996728733609e-06,-4.344657208297867479e-06
-1.031744497378782204e-05,-2.030499891312082095e-06
-7.557500999625294949e-06,-3.127080969762961527e-06
-9.305455697469007021e-06,-3.226255039395807051e-06
-7.459360192172701244e-06,-5.549290069670865170e-06
-1.091295760710233642e-05,-3.228128504429024002e-06
-1.040028035854476192e-05,-4.402252022937845890e-06
-9.204268484867068385e-06,-5.134399361446910712e-06
-8.216461826891659125e-06,-6.689974757896764072e-06
-9.112882445039366896e-06,-7.747982834574932470e-06
-1.172837893372599780e-05,-4.329123916642263282e-06
-1.112974714496852315e-05,-5.713111270367785938e-06
-1.042716297861120293e-05,-7.326476630917430915e-06
-1.012829025090401039e-05,-8.708624206105976389e-06
-1.273517904799443062e-05,-5.291919280348274276e-06
-1.242751080867200910e-05,-7.315280423356233154e-06
-1.125945347629080986e-05,-9.549668432812077662e-06
-1.249400969311742889e-05,-1.026449268136963307e-05
-1.380929630030255572e-05,-1.084233939131945487e-05
-1.391887172132883689e-05,-7.747943317543659920e-06
-1.390918587415130461e-05,-6.083087746390718995e-06
-1.362358654001814702e-05,-9.403656407100157631e-06
-1.519503045541727409e-05,-1.126405103667376909e-05
-1.663043571131291398e-05,-1.152858580105183216e-05
-1.510970408848605710e-05,-8.119353005407069023e-06
-1.522063585415323191e-05,-6.665257814458269409e-06
-1.809248866484797523e-05,-1.162686292149685352e-05
-1.646111375165284243e-05,-9.471793907968713167e-06
-1.662811190678479707e-05,-7.017027495371231043e-06
-1.841472238960700908e-05,-9.691936852745462440e-06
-1.971698330238140883e-05,-1.164389535873937328e-05
-1.808758162295617556e-05,-7.129198338936413531e-06
-2.196592995181061641e-05,-1.166008384300518926e-05
-2.018446432813653644e-05,-8.588179288308179845e-06
-1.971630249224087981e-05,-7.111595015854508903e-06
-2.508815060511526346e-05,-1.168320961753314610e-05
-2.353675406496962480e-05,-9.196904459491203897e-06
-2.196657790909033617e-05,-7.089875563876175176e-06
-2.924944525337906884e-05,-1.170505121327901341e-05
-2.716260894055767846e-05,-9.375450141253667457e-06
-2.508844180805449412e-05,-7.066915029240450883e-06
-3.361857291790317111e-05,-1.171969754877839003e-05
-3.142941762123686134e-05,-9.374926908278840288e-06
-2.924945848741564662e-05,-7.045065713443209282e-06
-3.800847282967259074e-05,-1.172781362871195540e-05
-3.581102599731334461e-05,-9.374628160104624318e-06
-3.361853368523803339e-05,-7.029755904242215148e-06
-4.240846386191994202e-05,-1.173101767299826448e-05
-4.020758792677223809e-05,-9.374236527897015527e-06
-3.800865482189357350e-05,-7.020956034555749074e-06
-4.681128760318120261e-05,-1.173094294582614345e-05
-4.461002642938970445e-05,-9.373763861841843202e-06
-4.240879022336315629e-05,-7.017007044658715966e-06
-5.121215082482786395e-05,-1.172873989123510586e-05
-4.901243930233848182e-05,-9.373290107414905864e-06
-4.681155323686947954e-05,-7.016243271262570684e-06
-5.560778072707470984e-05,-1.172510981448528974e-05
-5.341105913276235389e-05,-9.372939024315469559e-06
-5.121223755870013875e-05,-7.017595508326510618e-06
-5.999590153284074139e-05,-1.172075199352104501e-05
-5.780321923519953593e-05,-9.372657039685954993e-06
-5.560781485328444824e-05,-7.020478021404050549e-06
-6.437602216677119394e-05,-1.171681421189553679e-05
-6.218724930233172790e-05,-9.372421767817967981e-06
-5.999599049334092195e-05,-7.024233257495589087e-06
-7.374132110565291554e-05,-1.145631800011355491e-05
-7.312048786266421194e-05,-1.171349712173869467e-05
-6.633601478164617260e-05,-9.372284555959269913e-06
-6.874986638838096169e-05,-1.171424293315176310e-05
-6.437611180339032537e-05,-7.027843161662542444e-06
-7.399847690117720490e-05,-1.083545245604535456e-05
-7.252963739061675053e-05,-9.372158548615747010e-06
-6.874991261436117222e-05,-7.030209627119649679e-06
-7.399852785180696072e-05,-7.908830955839414882e-06
-7.312054458424376653e-05,-7.030787646388304425e-06
-7.374137571244281705e-05,-7.287965179383917193e-06
