Size 192,2
7.740518286203125758e-05,-1.318343985813030015e-05
7.766644246965338978e-05,-1.255281572024241212e-05
7.766651368513271777e-05,-9.579706889528543320e-06
7.740525846168529016e-05,-8.949061767735576450e-06
7.677447561026081769e-05,-1.344463265069155799e-05
7.559140220356801924e-05,-1.106623804777621726e-05
7.677454742860092456e-05,-8.687855983230114673e-06
7.233373143199461593e-05,-1.344339786419362897e-05
7.233374984744245283e-05,-8.688755651591110297e-06
6.988319263049447673e-05,-1.106598042304852423e-05
6.789674560158772874e-05,-1.343974609771432753e-05
6.789649452379920447e-05,-8.691613978462626972e-06
6.568063235200308464e-05,-1.106559560868188327e-05
6.346865384153197896e-05,-1.343372115668678776e-05
6.346818738927831197e-05,-8.696703292980010103e-06
6.125788363927008550e-05,-1.106500229490371131e-05
5.905267703505784159e-05,-1.342607686343135037e-05
5.905227801479496548e-05,-8.703249484193008624e-06
5.684878697188867192e-05,-1.106440669472472248e-05
5.465081747725515263e-05,-1.341833746945124600e-05
5.465022557464351851e-05,-8.709762822046885020e-06
5.245392250467375932e-05,-1.106378275898083978e-05
5.026265414936011470e-05,-1.341170475970792458e-05
5.026185400498489207e-05,-8.715562244150626048e-06
4.807205322374381553e-05,-1.106327737786349505e-05
4.588471241236590572e-05,-1.340819225975884304e-05
4.588411298743673845e-05,-8.718472891970450374e-06
4.369705611089117338e-05,-1.106290188023757203e-05
4.150843260738653495e-05,-1.340991232237225716e-05
4.150847173683607985e-05,-8.715975016533401281e-06
3.931832643003203782e-05,-1.106244039432899771e-05
3.712261367967944863e-05,-1.341710247078645961e-05
3.712325070883439298e-05,-8.707598380522100010e-06
3.492413298093620573e-05,-1.106202931339185444e-05
3.271759944103570745e-05,-1.342773294844460831e-05
3.271832375699603281e-05,-8.695721492503578087e-06
3.059721298458892123e-05,-1.106166837438437355e-05
2.846860587499282127e-05,-1.343957086306916184e-05
2.846912445598818355e-05,-8.682387742630017053e-06
2.687089042306015308e-05,-1.124771635809566660e-05
2.523263647818587546e-05,-1.344916720039555713e-05
2.523287729361719560e-05,-8.671500764072300745e-06
2.286844664330677689e-05,-1.345626807577273772e-05
2.333354713664221463e-05,-1.187723075618071590e-05
2.286839516310416198e-05,-8.665138383382204405e-06
2.114482551399773206e-05,-8.659148772137563362e-06
-3.672061124864286130e-06,-9.909877756237395086e-08
-3.745634833207925220e-06,7.773903842190469999e-08
-3.745280430708849589e-06,7.369695126215432915e-07
-3.672057281750479560e-06,9.116125163773382124e-07
2.114600653220888345e-05,-1.346067216325895286e-05
1.957625482211024123e-05,-1.337503368795682765e-05
2.079928469239810296e-05,-1.046022454807535282e-05
1.958088392673874184e-05,-8.516505923271110788e-06
-3.495979856268724434e-06,-1.721432013172710891e-07
-3.318319705621521720e-06,5.509741069588661596e-07
-3.497302142443909530e-06,9.846865321962273893e-07
1.908041174350082964e-05,-1.189261047746154493e-05
1.802468485902366082e-05,-1.311221694885434249e-05
1.651007708644813867e-05,-1.267263503868344786e-05
1.860862779816654643e-05,-9.833633671920119211e-06
1.806005272644556128e-05,-8.102973291156731546e-06
-2.301769637874488677e-06,-1.903253307403815313e-07
-2.300437045031074726e-06,1.007098416813156748e-06
-1.681495265034371742e-06,4.091502759196769009e-07
1.505333618341217302e-05,-1.206386952894963090e-05
1.631348615636057846e-05,-1.110891020117191604e-05
1.683973823265775971e-05,-9.122077824621826689e-06
1.663022376771966033e-05,-7.430713661064624554e-06
-1.010092427068581323e-06,-2.994970878222665208e-07
-1.009965044675782902e-06,1.118630697179423011e-06
-2.463716701957102164e-07,4.099835206577445684e-07
1.367383620391936997e-05,-1.129141220357345858e-05
1.238925910377041087e-05,-1.036575893494516704e-05
1.498651849087466523e-05,-8.803270504131008683e-06
1.533560995353865046e-05,-6.520093049881838520e-06
6.286286764923220714e-07,-5.360929260635748034e-07
6.289638026720737553e-07,1.356974421859374592e-06
1.271329986493691610e-05,-8.911720861380178796e-06
1.121771067941867956e-05,-9.299837613872152824e-06
1.326137459816489462e-05,-7.242945296013435344e-06
1.421597390449003156e-05,-5.397390086457328355e-06
1.591118081226656431e-06,4.106050703461626776e-07
2.733422027414545040e-06,-8.777525224468528913e-07
2.731911171469071622e-06,1.701830084559420184e-06
1.017468076764251893e-05,-8.106288830198631060e-06
9.272651253507245103e-06,-6.800580657077860308e-06
8.521732824705005569e-06,-5.398386709984657823e-06
1.213708087636322117e-05,-5.717561137090293773e-06
1.330596604802687449e-05,-4.097759391161478085e-06
3.650934752880793479e-06,4.076703873494694072e-07
4.774796823309054817e-06,-1.214139202759532599e-06
4.774545875347216017e-06,2.051681257597342741e-06
1.002639899316489815e-05,-5.406677158964406924e-06
7.935959323665667793e-06,-3.912689990180921303e-06
6.646467331734350451e-06,-1.500718855473632432e-06
7.205680187851477875e-06,-1.781903026855583328e-06
7.521027998533961727e-06,-2.347086390858797298e-06
1.134248760794887328e-05,-3.903130855486858195e-06
1.263583732915782637e-05,-2.670352812825979747e-06
5.785844213993173152e-06,1.713296037119048303e-07
6.607379123089677302e-06,2.300699037092280483e-06
8.972927824608479055e-06,-2.851295306948435749e-06
7.221009228459013928e-06,-6.455517944266249287e-07
7.882299793245953272e-06,-1.583261496979413216e-06
1.075189536758957406e-05,-2.224109747174322673e-06
1.223687003793433932e-05,-1.165934270839134726e-06
7.219806934819386484e-06,1.198776061273529117e-06
7.111831465108867806e-06,2.579980073797343769e-06
9.269662095182640407e-06,-2.985956356995112889e-07
1.212356418537670631e-05,3.731593052104056388e-07
1.237110674127761316e-05,1.931354727256986449e-06
8.290531630524918428e-06,2.192562976083716432e-06
7.395445671267361428e-06,3.197569690841763183e-06
7.725629011579321917e-06,4.938296712124659261e-06
1.077849561349249744e-05,2.104129944618990599e-06
8.261501778785676321e-06,6.692155062253254274e-06
1.295475144529476575e-05,3.526170364465779897e-06
9.268640066068765463e-06,4.977828828406899358e-06
1.161580272260660619e-05,5.113420971056498772e-06
9.045068723606592648e-06,8.394955910817223773e-06
1.387557514140111511e-05,5.116814077054384600e-06
1.318164285421806096e-05,6.744191940086338636e-06
1.146828235928423971e-05,7.788924918343287260e-06
1.004492855482602419e-05,1.008251600612466405e-05
1.130922417408426018e-05,1.170211997972069195e-05
1.515105139796486483e-05,6.620663582632076543e-06
1.427208652365049297e-05,8.641617700574684565e-06
1.322437889279251457e-05,1.107219400081627622e-05
1.277394635207461874e-05,1.322885117685029361e-05
1.673724410130677693e-05,7.979964525380679264e-06
1.627151937855529762e-05,1.107234800762765399e-05
1.447200073711059637e-05,1.458986528961062397e-05
1.639679918544085119e-05,1.579229283943427500e-05
1.849005932585265550e-05,1.681669341795979380e-05
1.864512199925594485e-05,1.175304497181396450e-05
1.862063850147574270e-05,9.134095438187354477e-06
1.816511058817557280e-05,1.442645357134525242e-05
2.075963213229868365e-05,1.758136062776318974e-05
2.316869284946988347e-05,1.810477076391276164e-05
2.058882407379523911e-05,1.234249056497628346e-05
2.077903516072901932e-05,9.976966365653442090e-06
2.565576349665447335e-05,1.834379868330518853e-05
2.284067058066823882e-05,1.459845793851137556e-05
2.313959670442172694e-05,1.046087203521164258e-05
2.619611592085954865e-05,1.499106154905730145e-05
2.849612545762407961e-05,1.845941096809446260e-05
2.562446952409994230e-05,1.058310610670669342e-05
3.250189387926392189e-05,1.857634082013145843e-05
2.929155958231569360e-05,1.305538026977076343e-05
2.848984657271148006e-05,1.046962705547309510e-05
3.824347512229180372e-05,1.875747918157368626e-05
3.535074792482837194e-05,1.413091403820404599e-05
3.250524316009413241e-05,1.032002086897371707e-05
4.616050610851790659e-05,1.895433096163769883e-05
4.214634562262410032e-05,1.445808083501436626e-05
3.824494444740014380e-05,1.014734988784587891e-05
5.473344253554927457e-05,1.912129973473154369e-05
5.039581449936624913e-05,1.445790813565382861e-05
4.616073697737470771e-05,9.959729913527984538e-06
6.358666088336647581e-05,1.925950047447273653e-05
5.911680370561733853e-05,1.445883182940401577e-05
5.473314655797410961e-05,9.795497118341859520e-06
7.267069820971939109e-05,1.937038115227568159e-05
6.809400528320955464e-05,1.445952401108847785e-05
6.358637136061269556e-05,9.658906851800073802e-06
8.193492207379794951e-05,1.945518510523127912e-05
7.727640190528790962e-05,1.445999954461597218e-05
7.267034885876149308e-05,9.549162124530629104e-06
9.133272074664075437e-05,1.951630598254557955e-05
8.661487399702841729e-05,1.446019788521869280e-05
8.193472118690070397e-05,9.464989846877389573e-06
1.008237296178306642e-04,1.955742370110514182e-05
9.606551287615891022e-05,1.446011026386448131e-05
9.133266711058874723e-05,9.403996661722383306e-06
1.103744158125324068e-04,1.958263042247599520e-05
1.055914089334296255e-04,1.445983453128123784e-05
1.008237012884586400e-04,9.362490276579150754e-06
1.199582121697198957e-04,1.959573000282953202e-05
1.151624865159026577e-04,1.445957875125999011e-05
1.103743819769061572e-04,9.336762069437988518e-06
1.405220281050682341e-04,1.903682689511754895e-05
1.391584428389310913e-04,1.960161784921227697e-05
1.242564754486840555e-04,1.445939466731475430e-05
1.295568065481823448e-04,1.960066305072505154e-05
1.199581322482220092e-04,9.323241325510553165e-06
1.410868441878771926e-04,1.767327606318512746e-05
1.378599943345301551e-04,1.445921323144144712e-05
1.295567939030021945e-04,9.317892806179820569e-06
1.410867616588002771e-04,1.124519552303559941e-05
1.391583689192577575e-04,9.316881337625840522e-06
1.405219444560405881e-04,9.881664291339577983e-06
