Size 192,2
-3.562924828956908109e-05,6.763375260074152601e-06
-3.574556530156464384e-05,6.482716272342522700e-06
-3.574538106542739273e-05,5.159175309398153543e-06
-3.562903104410952400e-05,4.878453708714155676e-06
-3.534846263154799400e-05,6.879595489965223904e-06
-3.482140381485763494e-05,5.820884076077206077e-06
-3.534818417026279512e-05,4.762202408231983862e-06
-3.337155238723401332e-05,6.877702840656272184e-06
-3.337109487820071036e-05,4.763591853609900568e-06
-3.228199809230038891e-05,5.820450330273786919e-06
-3.140109755030662481e-05,6.872986412957305134e-06
-3.140053452916024391e-05,4.767496243005279257e-06
-3.041883090153245614e-05,5.819812235482391378e-06
-2.944096780853625991e-05,6.867023656807687325e-06
-2.944069345100260981e-05,4.772295442750641671e-06
-2.846395411297430146e-05,5.819329428828951276e-06
-2.749091223209946283e-05,6.861515801095110268e-06
-2.749060544650045959e-05,4.776697773862795184e-06
-2.651826106606525275e-05,5.818928601138977124e-06
-2.554880233493513059e-05,6.857756294106997065e-06
-2.554819644039383838e-05,4.779474820512899066e-06
-2.457908714631924717e-05,5.818543580595273974e-06
-2.361175822939562942e-05,6.855561280969932554e-06
-2.361088849629603648e-05,4.781035950425932015e-06
-2.264357532716771877e-05,5.818204779029841094e-06
-2.167661059281582783e-05,6.854869598483977098e-06
-2.167601463798481145e-05,4.781278532332354465e-06
-2.070886774985040144e-05,5.817770747826815427e-06
-1.974056679506524216e-05,6.856265904625166949e-06
-1.974050422992602906e-05,4.779104206464600030e-06
-1.877158173760937171e-05,5.817228803992221545e-06
-1.779937515711818035e-05,6.860760472996488732e-06
-1.779985223432340203e-05,4.773507016466882180e-06
-1.682575169992754272e-05,5.816804485048897529e-06
-1.584592951451103393e-05,6.869358287455096215e-06
-1.584645440415662318e-05,4.763989028594488432e-06
-1.490310087426858661e-05,5.816539250615709092e-06
-1.395161834797004344e-05,6.882605916123259217e-06
-1.395202589400871990e-05,4.749186334572793293e-06
-1.323631204057968337e-05,5.900399053646573422e-06
-1.249644061103476599e-05,6.896806998621682324e-06
-1.249692224749967370e-05,4.733510645964612181e-06
-1.142284155868078951e-05,6.910331672038671550e-06
-1.163756868832970429e-05,6.187644216779859150e-06
-1.142356706466987108e-05,4.722721330154612935e-06
-1.063440215472194161e-05,4.710701360183742959e-06
1.942704150290760224e-06,3.770137948322781734e-07
1.982221550051001001e-06,2.819389467027278453e-07
1.981988123566243268e-06,-7.224766060680240959e-08
1.942658473177560207e-06,-1.660172481454980223e-07
-1.063564962043736575e-05,6.920380904310693409e-06
-9.910441293688746828e-06,6.888527740151488908e-06
-1.047948069673641940e-05,5.539166514725784121e-06
-9.916326466987481500e-06,4.634317010051115383e-06
1.848035107964294609e-06,4.163567910863437429e-07
1.752490548964511726e-06,2.801448078543460969e-08
1.848799962653232715e-06,-2.051432503568193851e-07
-9.683827112893138246e-06,6.204753799262454946e-06
-9.188501116898915001e-06,6.776658546788643612e-06
-8.476641952828705703e-06,6.579056101602865678e-06
-9.466233616803008480e-06,5.245137145824159182e-06
-9.209770784189811831e-06,4.428104711173424751e-06
1.205963583406177187e-06,4.262465409069324611e-07
1.205300566845945636e-06,-2.164043050593020783e-07
8.730342873386058839e-07,1.044598118195159434e-07
-7.783202930707229855e-06,6.302839237054514996e-06
-8.387095526016018026e-06,5.847267484034561598e-06
-8.636328218645011656e-06,4.907124547408586876e-06
-8.539384359555905654e-06,4.095708379262003836e-06
5.135716928335950432e-07,4.827679621101481578e-07
5.133680991602163184e-07,-2.747575393644773504e-07
1.058244354333356219e-07,1.034293462551448562e-07
-7.121388469401299338e-06,5.944076584726662950e-06
-6.495957440572837291e-06,5.506669111676540051e-06
-7.755281059786939455e-06,4.753827145936427764e-06
-7.926803911959513378e-06,3.647357846524239900e-06
-3.596736152195059164e-07,6.052680993774800798e-07
-3.602029923355764115e-07,-3.999283739107766592e-07
-6.653616676695801201e-06,4.808836174929103403e-06
-5.917072686369088552e-06,4.998977798786988528e-06
-6.922943440945060344e-06,3.996655009413234290e-06
-7.392597921827483994e-06,3.089339620117775642e-06
-8.706351047056431840e-07,1.020107097317708504e-07
-1.474920175325771916e-06,7.821717924149995152e-07
-1.474672747941923899e-06,-5.809931533817702090e-07
-5.398190667411771055e-06,4.422734765671018474e-06
-4.939544269192452092e-06,3.780023402380034668e-06
-4.549274335109192262e-06,3.084526122127677896e-06
-6.369993224243175518e-06,3.246040518703105686e-06
-6.955670501532656448e-06,2.435320590057124903e-06
-1.960267499618591176e-06,1.021253434231008151e-07
-2.552352909438517929e-06,9.558276888375852286e-07
-2.552437579619854009e-06,-7.637445305882419916e-07
-5.313632169558108687e-06,3.091198888483994979e-06
-4.241188520387939409e-06,2.337739640912521179e-06
-3.541616638333941580e-06,1.103857942895476070e-06
-3.839791955727897550e-06,1.249370321875975715e-06
-4.011467428940894840e-06,1.540618338141825655e-06
-5.976687357325210332e-06,2.336718752894808836e-06
-6.636026304771787825e-06,1.707836659688640832e-06
-3.085323559400830749e-06,2.250946867024628370e-07
-3.511558672941266613e-06,-8.929181044320129376e-07
-4.766967507981998573e-06,1.801545580149961455e-06
-3.843355885005677107e-06,6.553658951980999991e-07
-4.195105048630316569e-06,1.145705780753538190e-06
-5.679257659179501342e-06,1.479746411837137170e-06
-6.450922332282995877e-06,9.304332085785232823e-07
-3.834709287635522275e-06,-3.125483181624411358e-07
-3.771614239145524184e-06,-1.039804100546128546e-06
-4.914366098277472283e-06,4.805863467578293903e-07
-6.405249098314794828e-06,1.270782232274145652e-07
-6.554161970521315506e-06,-6.956095915450777901e-07
-4.392133073950437736e-06,-8.330203451283039036e-07
-3.915868950533064390e-06,-1.368217022197248777e-06
-4.080921590064282959e-06,-2.300443505800196029e-06
-5.708713444225579415e-06,-7.818988227414192102e-07
-4.357008045022999722e-06,-3.249209523502233025e-06
-6.880468606902522354e-06,-1.541540759932962030e-06
-4.902912811032677777e-06,-2.318632726202079660e-06
-6.163916087311436215e-06,-2.392468808682068515e-06
-4.772899379120261785e-06,-4.174492913855989929e-06
-7.390060075700203910e-06,-2.394924634078579599e-06
-7.016882274554977225e-06,-3.275505621861480977e-06
-6.084294172527753998e-06,-3.843560093846921888e-06
-5.308749048828088772e-06,-5.098928209306404587e-06
-5.995612534335664518e-06,-5.991486192605684497e-06
-8.096158692737587143e-06,-3.206790422102342047e-06
-7.615848132077470163e-06,-4.311072498114924668e-06
-7.041814075293883575e-06,-5.646122228584678665e-06
-6.794547688156836728e-06,-6.837339984041678197e-06
-8.974388522774142876e-06,-3.945795966644823697e-06
-8.719022902276657203e-06,-5.648451765747854331e-06
-7.727340400213383398e-06,-7.593308407656446620e-06
-8.790677232292259358e-06,-8.264487630329536946e-06
-9.950048412924691774e-06,-8.839418879355014379e-06
-1.003394423673213858e-05,-6.025454195227638539e-06
-1.001920407242164039e-05,-4.577289336838202266e-06
-9.767856604581722562e-06,-7.508599605473722378e-06
-1.121179756370989631e-05,-9.269512780722044049e-06
-1.255446610626115075e-05,-9.566289532622687731e-06
-1.111421469950623125e-05,-6.352199019101957222e-06
-1.122019664712745809e-05,-5.038510176082378805e-06
-1.394273802587757157e-05,-9.704164678233713508e-06
-1.236880675157291412e-05,-7.608913295179666442e-06
-1.253626901330292935e-05,-5.301878849092954924e-06
-1.424383708493043197e-05,-7.829445837652839732e-06
-1.553258082079717536e-05,-9.773859267225151813e-06
-1.392369680596914835e-05,-5.366369135571007292e-06
-1.777852709347722772e-05,-9.844505444427141129e-06
-1.597653694267427699e-05,-6.746137771766808330e-06
-1.552861192509905015e-05,-5.298654155535203287e-06
-2.100699158579028944e-05,-9.954380243780972369e-06
-1.937824843850872457e-05,-7.349468729049706502e-06
-1.778027069272599854e-05,-5.209518099441706041e-06
-2.547286114598457126e-05,-1.007507222366681148e-05
-2.320600280998524390e-05,-7.534456779179933144e-06
-2.100759610014860609e-05,-5.106461938255169459e-06
-3.032336244592601887e-05,-1.017869590808845187e-05
-2.786655119188406334e-05,-7.535713525811427441e-06
-2.547261752427546814e-05,-4.993945816085294441e-06
-3.534695172513541075e-05,-1.026573948896081987e-05
-3.280803853341180781e-05,-7.537574301358960176e-06
-3.032276278991540803e-05,-4.894524644895636897e-06
-4.051459492212249622e-05,-1.033580908825915580e-05
-3.790900927371377432e-05,-7.539297045396641965e-06
-3.534636335789567555e-05,-4.811115979695204862e-06
-4.579417011818797149e-05,-1.038905863491573818e-05
-4.313801504854252345e-05,-7.540681580055673103e-06
-4.051416653142252778e-05,-4.744188254673488806e-06
-5.115483630589646758e-05,-1.042660624263324080e-05
-4.846308594638247758e-05,-7.541775753919438143e-06
-4.579379231736104629e-05,-4.693440436287596874e-06
-5.657023630183000032e-05,-1.045112115640536865e-05
-5.385514622434904743e-05,-7.542403261511142731e-06
-5.115463998578467553e-05,-4.657717992430768282e-06
-6.202019301771848634e-05,-1.046625203691914100e-05
-5.929076022190455530e-05,-7.542672387751965892e-06
-5.657020822070820152e-05,-4.633936684304264707e-06
-6.748963739224722201e-05,-1.047412122496793179e-05
-6.475269748733704454e-05,-7.542788843209066675e-06
-6.202028017004374634e-05,-4.619189776663252990e-06
-7.922722335666744985e-05,-1.015556551900874453e-05
-7.844887565104064170e-05,-1.047794665241970685e-05
-6.994282905713806087e-05,-7.542800628868745121e-06
-7.296812000377409923e-05,-1.047728847719461436e-05
-6.748962957190748218e-05,-4.611440654766030229e-06
-7.954962660201611688e-05,-9.377248099105690941e-06
-7.770767477267005144e-05,-7.542641663941714759e-06
-7.296813983146145633e-05,-4.608187878080629547e-06
-7.954957971033298062e-05,-5.708046204430915012e-06
-7.844884265119960918e-05,-4.607378341196018907e-06
-7.922717815474461089e-05,-4.929749495567845881e-06
