Size 192,2
-6.522972012056895124e-05,1.056609609822539417e-05
-6.546912750172356797e-05,9.988161653716899946e-06
-6.546921497628550434e-05,7.263635619829914346e-06
-6.522981897521561482e-05,6.685705425886317367e-06
-6.465175421080694164e-05,1.080547827815142864e-05
-6.356769595430569666e-05,8.625915154962403482e-06
-6.465186785814655470e-05,6.446323967455368115e-06
-6.058213458977574977e-05,1.080499131172562711e-05
-6.058219359684178813e-05,6.446667139493978557e-06
-5.833536386258810017e-05,8.625696262123393694e-06
-5.651347409225890566e-05,1.080220712898636067e-05
-5.651347864654976259e-05,6.448865349337328097e-06
-5.448093926943090986e-05,8.625446534888564734e-06
-5.245289275326298339e-05,1.079462889409062146e-05
-5.245270654868116667e-05,6.455503563929610795e-06
-5.042767672630746160e-05,8.624974666552572754e-06
-4.841082119882862938e-05,1.078178882391362631e-05
-4.841025914512427666e-05,6.467344328656944114e-06
-4.639830207994503436e-05,8.624477513336930467e-06
-4.439661984356242939e-05,1.076568489726436815e-05
-4.439562947797623160e-05,6.482550600471845569e-06
-4.239954290943128383e-05,8.623978333675643457e-06
-4.041391816189841352e-05,1.074872588362550342e-05
-4.041290274352051285e-05,6.498980136759069312e-06
-3.843236649133748879e-05,8.623543510279510886e-06
-3.646200424329497613e-05,1.073170098119627379e-05
-3.646148201292034299e-05,6.515357043993238924e-06
-3.449580909060752832e-05,8.623074381600202251e-06
-3.254084666152293100e-05,1.071367896591626629e-05
-3.254088597405740740e-05,6.532267312024681823e-06
-3.059097734552732051e-05,8.622504547703690946e-06
-2.865364284123696960e-05,1.069268562837892790e-05
-2.865386132155889773e-05,6.551720616159317286e-06
-2.672301401827738171e-05,8.621778742096606170e-06
-2.480747811319590325e-05,1.066689748197951903e-05
-2.480742961944999540e-05,6.575738868060950329e-06
-2.297678570264817416e-05,8.620616623076863947e-06
-2.116383162571873919e-05,1.063604586419280231e-05
-2.116339302219089326e-05,6.605786645573639590e-06
-1.980926348576499168e-05,8.775466112556759820e-06
-1.844457190446006353e-05,1.060617135273951105e-05
-1.844342032806221154e-05,6.634909541254753187e-06
-1.649376707277576396e-05,1.057885352438246928e-05
-1.686677927478297864e-05,9.290757716297419930e-06
-1.649182910331240483e-05,6.654197403990240560e-06
-1.508968959023751339e-05,6.675637564709059305e-06
2.443288281992681660e-06,6.615089431880662780e-07
2.491218105211950829e-06,5.460983305382175759e-07
2.490886754141793491e-06,1.169128787186228883e-07
2.443233655001368347e-06,3.403594724079915927e-09
-1.508832769209435788e-05,1.055899586289136545e-05
-1.382901244022576084e-05,1.046886820419905709e-05
-1.479932698719455042e-05,8.133389074728647271e-06
-1.382338234164571934e-05,6.588886139311605148e-06
2.328437336271143222e-06,7.093176905916596469e-07
2.213088997308846676e-06,2.386104746729951682e-07
2.329605567612713644e-06,-4.386106992836048180e-08
-1.342463022602414587e-05,9.274783512177028219e-06
-1.259709912194003774e-05,1.023265923292257199e-05
-1.141292590615220185e-05,9.866251320399414474e-06
-1.304611780129391027e-05,7.641232868816859100e-06
-1.261464378387704629e-05,6.294550597149656417e-06
1.551097374142640205e-06,7.233485724670164166e-07
1.550874140829364739e-06,-5.684343635344940683e-08
1.147485801040058810e-06,3.338190505507923348e-07
-1.029370020478558464e-05,9.365988276918294696e-06
-1.125255430084109385e-05,8.634042584539123067e-06
-1.166035659227393837e-05,7.092641291417911273e-06
-1.149398234109095163e-05,5.806801112184968114e-06
7.089629863881640671e-07,7.986146526842814589e-07
7.095013966740299903e-07,-1.294097226797641791e-07
2.093523293939500307e-07,3.354164742926301264e-07
-9.246133197466427494e-06,8.751737712692047094e-06
-8.291441346319564979e-06,8.033083977257565790e-06
-1.023514959763781991e-05,6.851454756120067931e-06
-1.049289367740575651e-05,5.140643554134743229e-06
-3.656872245440644849e-07,9.597435526697281037e-07
-3.651842148516528022e-07,-2.871106981296280947e-07
-8.533350750633450808e-06,6.928091851917015635e-06
-7.438742513041696025e-06,7.214640335956883611e-06
-8.936983271317190260e-06,5.685011491852178737e-06
-9.637984662402464674e-06,4.330251468745339434e-06
-9.996775215041457742e-07,3.374070722250729279e-07
-1.755500348716107020e-06,1.192187963744837422e-06
-1.753694940743106771e-06,-5.169444166239404039e-07
-6.687219452826020547e-06,6.316094102437322651e-06
-6.058233556952336971e-06,5.359994535302437039e-06
-5.551142986295987155e-06,4.343971461231693964e-06
-8.114086970356306858e-06,4.567590267587623663e-06
-8.950199968355671858e-06,3.408491423367973106e-06
-2.362559177120956814e-06,3.417482985287804539e-07
-3.109685245700030595e-06,1.421193412864903303e-06
-3.109022587680728289e-06,-7.517745509784635050e-07
-6.604486343133141877e-06,4.344558963377675247e-06
-5.162732871651009247e-06,3.287992832046938277e-06
-4.346867972584335117e-06,1.616244592581660126e-06
-4.711241957118156376e-06,1.807775502736148653e-06
-4.909723668773749845e-06,2.195235785928008733e-06
-7.538511205935420624e-06,3.272582138417040926e-06
-8.440864115350985358e-06,2.414065041491191469e-06
-3.780915629682949461e-06,5.015397376444555172e-07
-4.338900668936831532e-06,-9.207961865523430597e-07
-5.891288035887309933e-06,2.538647015072495124e-06
-4.730203224131935427e-06,1.044269354962225516e-06
-5.162728775507077562e-06,1.673900046139342778e-06
-7.121220216170209749e-06,2.105182411479670966e-06
-8.129028258937617430e-06,1.386738659814899212e-06
-4.744890679143358474e-06,-1.881172097490862461e-07
-4.684668051676038652e-06,-1.106821375274570037e-06
-6.107402878902911525e-06,7.984535073043074612e-07
-8.028811746818273790e-06,3.509721316964321037e-07
-8.161101645364893774e-06,-6.808391435259380188e-07
-5.469279591330278966e-06,-8.541389519648606867e-07
-4.882788004543840226e-06,-1.511730517028084563e-06
-5.119082233061833475e-06,-2.641501469751371340e-06
-7.113528871514867250e-06,-8.038268605775101972e-07
-5.487218541742002534e-06,-3.763131567002989889e-06
-8.516841541890534178e-06,-1.730168639217665471e-06
-6.129229751170982643e-06,-2.672538156000350416e-06
-7.646968037693239507e-06,-2.758514055540513100e-06
-6.003431075538644504e-06,-4.844719913209152859e-06
-9.086887632692817267e-06,-2.759657340517080860e-06
-8.639513757045444025e-06,-3.799710812021757374e-06
-7.553287144854887606e-06,-4.462613982654097855e-06
-6.652764340717801015e-06,-5.903331312986163995e-06
-7.457383906742058267e-06,-6.909865157157842295e-06
-9.875587370369340748e-06,-3.724017215623633222e-06
-9.322217919591234682e-06,-4.996790096159251329e-06
-8.665185590800466558e-06,-6.515080953696796765e-06
-8.383731603495923665e-06,-7.850215092520081549e-06
-1.085581177981536572e-05,-4.587011429549821090e-06
-1.056499083244698294e-05,-6.511295725374340576e-06
-9.446228140002444840e-06,-8.684753811192130475e-06
-1.063940341596999793e-05,-9.415338952496236937e-06
-1.193023492870994172e-05,-1.002982100696948962e-05
-1.202883463835103968e-05,-6.931165282347883920e-06
-1.201495048467854000e-05,-5.313066380522457988e-06
-1.173442366706618146e-05,-8.572546731525180634e-06
-1.332023462915070591e-05,-1.048563921656736806e-05
-1.478614430713299739e-05,-1.079053426600325077e-05
-1.322037448750454277e-05,-7.294104391928899225e-06
-1.333539904144469194e-05,-5.844430384231235336e-06
-1.629477942449488592e-05,-1.092271154876269685e-05
-1.459376642674183221e-05,-8.667268951737224159e-06
-1.477276798263698269e-05,-6.154119037112942103e-06
-1.662435354469781588e-05,-8.901193356297857910e-06
-1.800461173452548141e-05,-1.097615674881090811e-05
-1.628006435099965373e-05,-6.238357393107666554e-06
-2.040268641287750132e-05,-1.102818052944633016e-05
-1.848820096767843198e-05,-7.737430461109496887e-06
-1.800266435721040363e-05,-6.183093861064680922e-06
-2.380332584013040596e-05,-1.110474042531961873e-05
-2.209896207087064265e-05,-8.380177892216532636e-06
-2.040519270936175551e-05,-6.112982508144004318e-06
-2.843095500851483556e-05,-1.118077771728060520e-05
-2.609563182980014610e-05,-8.571883114603840879e-06
-2.380487192850055958e-05,-6.036505979039439038e-06
-3.337294509190560574e-05,-1.123676489765981555e-05
-3.088460959046171781e-05,-8.569316425959724781e-06
-2.843181373533060945e-05,-5.959529483029180053e-06
-3.840364687225386679e-05,-1.127510647480585977e-05
-3.587625614278584183e-05,-8.567514377339129634e-06
-3.337346701296298336e-05,-5.899979564920418434e-06
-4.349276232922606776e-05,-1.129929343959423256e-05
-4.094076773275016678e-05,-8.566036097489954128e-06
-3.840409080611192476e-05,-5.858401386013676453e-06
-4.861706698735750691e-05,-1.131338110458737333e-05
-4.605066629182206415e-05,-8.564825353795051907e-06
-4.349321245063383879e-05,-5.831535896444744569e-06
-5.376148972899940081e-05,-1.132131927682873743e-05
-5.118685871401591769e-05,-8.563874717629396248e-06
-4.861739964764515604e-05,-5.815294182862229041e-06
-5.891733716876574505e-05,-1.132541575109604177e-05
-5.633813021544073349e-05,-8.563049815419392246e-06
-5.376174644867998250e-05,-5.805560421382611822e-06
-6.407866429045908519e-05,-1.132696077159803176e-05
-6.149752187118420396e-05,-8.562384368521391563e-06
-5.891751575022387185e-05,-5.799983566943049477e-06
-6.924192352632694224e-05,-1.132725213583882569e-05
-6.666021462546197688e-05,-8.561943918676507846e-06
-6.407881183482782986e-05,-5.797362304358592477e-06
-8.030083451537249574e-05,-1.102332794763913531e-05
-7.956757997916481123e-05,-1.132705153364601825e-05
-7.155479275815857041e-05,-8.561794268405530453e-06
-7.440507318620498379e-05,-1.132709059806730728e-05
-6.924197761948723182e-05,-5.796489857210113567e-06
-8.060455784349485650e-05,-1.029007211634497283e-05
-7.886952375594488479e-05,-8.561772709444689673e-06
-7.440507313656100617e-05,-5.796484225765313069e-06
-8.060454504825860468e-05,-6.833476891534394795e-06
-7.956757187475125442e-05,-5.796505601314197335e-06
-8.030082247503879985e-05,-6.100226732149449264e-06
