Size 192,2
-1.376288986057943393e-04,1.934620652466233562e-05
-1.381780451874238752e-04,1.802047886733604019e-05
-1.381778548677581678e-04,1.177082096587229714e-05
-1.376286879110042197e-04,1.044509369418025661e-05
-1.363031429899419890e-04,1.989533375590023134e-05
-1.338162880008699320e-04,1.489559877049745878e-05
-1.363029113403094075e-04,9.895966122919093772e-06
-1.269679882399329940e-04,1.989447478497471879e-05
-1.269677542544857382e-04,9.896687626865784826e-06
-1.218145223876774500e-04,1.489559644043210365e-05
-1.176354702598540416e-04,1.988967594433930816e-05
-1.176351477209459299e-04,9.901496098068435196e-06
-1.129723392839586095e-04,1.489550640564543507e-05
-1.083166742673105892e-04,1.987689810649281809e-05
-1.083162080157178619e-04,9.913913829222247196e-06
-1.036656885379690221e-04,1.489523362873770951e-05
-9.902945025446300306e-05,1.985248790431238600e-05
-9.902882431328614214e-05,9.938039222873089958e-06
-9.440232109964381737e-05,1.489488585878078359e-05
-8.979936457424610283e-05,1.981268871302437431e-05
-8.979922970343189254e-05,9.977439637735458451e-06
-8.521118425611345372e-05,1.489453956922388197e-05
-8.065810169177739389e-05,1.975456137289522212e-05
-8.065876094859517737e-05,1.003456636764726880e-05
-7.612627105544136647e-05,1.489413866599621855e-05
-7.164220720070716981e-05,1.967597231681739623e-05
-7.164322621349436624e-05,1.011174750638980145e-05
-6.718586671571177490e-05,1.489363767904380007e-05
-6.279139416135010011e-05,1.957540458714313378e-05
-6.279192986157855309e-05,1.021083728167205686e-05
-5.843095293998403096e-05,1.489310571001524102e-05
-5.414784487993510578e-05,1.945131973792053458e-05
-5.414784521570828343e-05,1.033398797161660204e-05
-4.990573962947301480e-05,1.489237293642855378e-05
-4.575637832888837969e-05,1.930160084391117513e-05
-4.575563692404238214e-05,1.048315746985631859e-05
-4.181900628385525233e-05,1.489060211682966522e-05
-3.798484937878611039e-05,1.912934815865025148e-05
-3.798331939337943236e-05,1.066075760793104731e-05
-3.513811825196796568e-05,1.521203475954506632e-05
-3.233254576219533915e-05,1.896981833746783151e-05
-3.232790647073852217e-05,1.082448439925368989e-05
-2.837077133954079054e-05,1.883134922281048650e-05
-2.910147851973592220e-05,1.625125952556172703e-05
-2.836371123255940861e-05,1.092858558065593857e-05
-2.556710930174439388e-05,1.103952266714299196e-05
3.658355805426663280e-06,1.372482008502722680e-06
3.732040119072335304e-06,1.194914019502871091e-06
3.731507149934868326e-06,5.346817747043947136e-07
3.658242484376604749e-06,3.601311592694130745e-07
-2.555682732435304530e-05,1.873395637532625205e-05
-2.308918407465748940e-05,1.850475060174631999e-05
-2.496414234806864214e-05,1.393121720720874277e-05
-2.305659580798372391e-05,1.094026618840537202e-05
3.481655630625365523e-06,1.446125275550249019e-06
3.303995112501260224e-06,7.222674299618560579e-07
3.483501292682565625e-06,2.875686649501222017e-07
-2.228066749852561997e-05,1.615202055098093775e-05
-2.070560901191739617e-05,1.798050086744754417e-05
-1.845970513674460850e-05,1.723015983234897142e-05
-2.153979141320122039e-05,1.299399380650720184e-05
-2.071579101733736291e-05,1.045589497011919224e-05
2.285132489102289344e-06,1.467465215737929655e-06
2.284806850438917006e-06,2.686077355670886744e-07
1.664531054922481879e-06,8.687630370013245582e-07
-1.638471914443043504e-05,1.622235380364422713e-05
-1.813939462977899949e-05,1.486924468880974760e-05
-1.890475274749309223e-05,1.197415881008720960e-05
-1.858335420124855337e-05,9.625318744558867472e-06
9.924389477023014368e-07,1.578418911695550517e-06
9.929733025991123236e-07,1.607436474533078035e-07
2.296108913216886134e-07,8.702565314794384636e-07
-1.447325816341092528e-05,1.503322564670429559e-05
-1.278218161689775032e-05,1.368350896292187132e-05
-1.625902459233479226e-05,1.153823479252154775e-05
-1.671121058665044279e-05,8.474715779042843881e-06
-6.444598083182653574e-07,1.815750783927538265e-06
-6.442804329390168887e-07,-7.419263693541547299e-08
-1.321330633796532342e-05,1.166530885262595678e-05
-1.131657321136594588e-05,1.216840099311780274e-05
-1.391858929147925573e-05,9.457564908737376970e-06
-1.513835009576097662e-05,7.101883263933699335e-06
-1.604811868353745028e-06,8.714667983876710842e-07
-2.744527710219045345e-06,2.156691561868432622e-06
-2.742320278767492805e-06,-4.158431055302167215e-07
-1.004427630482677884e-05,1.054902480423524636e-05
-9.033102763855523532e-06,8.892191420339362872e-06
-8.262801741883592764e-06,7.159300186778695855e-06
-1.249141210742921058e-05,7.520793665266027904e-06
-1.388915624499020950e-05,5.582020142854112122e-06
-3.659239636945403799e-06,8.761440687269982627e-07
-4.778946362282670498e-06,2.490518368216207118e-06
-4.779866770007633588e-06,-7.643312520161366174e-07
-9.964749086362756302e-06,7.146118761933536869e-06
-7.692305194406486897e-06,5.412491147387601880e-06
-6.603627020765948967e-06,2.771189483760275920e-06
-7.121786717884814995e-06,3.060212880518274972e-06
-7.383007921804060123e-06,3.659910440432618758e-06
-1.150699439864911471e-05,5.363348914630221468e-06
-1.295531973251376897e-05,3.988690407498406956e-06
-5.784084923163532277e-06,1.114543170006124456e-06
-6.649611510846480122e-06,-1.017948357910960432e-06
-8.875063004662433130e-06,4.186635742582216698e-06
-7.177036486519377377e-06,1.910742989910162484e-06
-7.792112722343955190e-06,2.853728393135873261e-06
-1.082056542056994785e-05,3.498503205812931109e-06
-1.235919060269149374e-05,2.396617953888690308e-06
-7.247291476858193501e-06,6.920334145725997052e-08
-7.196783085719988819e-06,-1.291381537985360922e-06
-9.246500656767248536e-06,1.496053424680475127e-06
-1.213471561253044796e-05,8.301841695341521803e-07
-1.221835373125260446e-05,-6.809509194309255417e-07
-8.353284416209780770e-06,-9.338127309155414737e-07
-7.521431767659085901e-06,-1.866522768239652563e-06
-7.930214868806883632e-06,-3.431332442649074809e-06
-1.072401574432803774e-05,-8.906039638454791416e-07
-8.517661237252181707e-06,-4.913647737031777824e-06
-1.261942034022719321e-05,-2.194169415804191088e-06
-9.354957181422515920e-06,-3.496595550301261946e-06
-1.141833307644951333e-05,-3.612890836328993065e-06
-9.262596982276589619e-06,-6.313741126729465307e-06
-1.328834193620940939e-05,-3.614928023196091105e-06
-1.268360232710639291e-05,-4.988650901803613051e-06
-1.130062381980269582e-05,-5.836911564597156523e-06
-1.016034266293555034e-05,-7.618969190599516014e-06
-1.120120111589213356e-05,-8.814635594249211077e-06
-1.420013087521735043e-05,-4.909329921999129743e-06
-1.351311970245375211e-05,-6.500191537643001495e-06
-1.271133531661838694e-05,-8.334364835434986791e-06
-1.237148450628767056e-05,-9.885590591293342882e-06
-1.532349200769544140e-05,-6.028885391372105854e-06
-1.497344797033169622e-05,-8.317178074815566145e-06
-1.365693317894323506e-05,-1.081698253094901052e-05
-1.504099508696485082e-05,-1.159701971297122452e-05
-1.650516343316817477e-05,-1.221540773635251486e-05
-1.663266791318068820e-05,-8.801534686333078943e-06
-1.662505247782481078e-05,-6.938334246226939663e-06
-1.630592776047371496e-05,-1.063709590295066398e-05
-1.803091245222316892e-05,-1.266338499158097062e-05
-1.959861656240627470e-05,-1.293567904434383977e-05
-1.794512994283094516e-05,-9.216037026310001137e-06
-1.806577711781955838e-05,-7.608561552442510086e-06
-2.118732177250323348e-05,-1.302828901304210867e-05
-1.942337998749733599e-05,-1.069864137051689707e-05
-1.960179745280360108e-05,-8.018664818553827462e-06
-2.153874513351023174e-05,-1.093521515895342120e-05
-2.293726402306955857e-05,-1.303127458864872030e-05
-2.118654465180827337e-05,-8.156229759240861440e-06
-2.534672353158634993e-05,-1.303518729616278768e-05
-2.344404707408584827e-05,-9.746206597540493487e-06
-2.293661476634342136e-05,-8.154355448866944548e-06
-2.866567787989275637e-05,-1.304292307298805285e-05
-2.702114803113215980e-05,-1.040244648007217713e-05
-2.534625420089454365e-05,-8.150750977236163270e-06
-3.306184855249293412e-05,-1.305301862074359709e-05
-3.086076980941345908e-05,-1.059451808667680783e-05
-2.866522390766734424e-05,-8.144704706517392340e-06
-3.766001798354426860e-05,-1.306179550143529586e-05
-3.535815057960528562e-05,-1.059533356256401849e-05
-3.306152963338277205e-05,-8.136754238971322307e-06
-4.227120662442408880e-05,-1.306754889503028720e-05
-3.996380924885369550e-05,-1.059612389580140247e-05
-3.765970277113433648e-05,-8.129637758365664140e-06
-4.688838133070056624e-05,-1.306917441983075447e-05
-4.457933725004261131e-05,-1.059683762980566718e-05
-4.227089333662455042e-05,-8.125435872167819097e-06
-5.150302959476033585e-05,-1.306678450157975973e-05
-4.919658486102687899e-05,-1.059766714117435105e-05
-4.688800170739145987e-05,-8.125357436351862917e-06
-5.610752341361677334e-05,-1.306131662464717801e-05
-5.380719762212711303e-05,-1.059862152606882227e-05
-5.150254557313957866e-05,-8.129554268645033984e-06
-6.069728108288847626e-05,-1.305452887020276108e-05
-5.840472780048875843e-05,-1.059968553837886956e-05
-5.610699576877392289e-05,-8.137055153290687136e-06
-6.527154621014958497e-05,-1.304809505078515899e-05
-6.298656993120999687e-05,-1.060071327856135593e-05
-6.069667260918652378e-05,-8.145861625112791156e-06
-6.983335881816825959e-05,-1.304384798875040974e-05
-6.755382182494054687e-05,-1.060169339138380410e-05
-6.527097102697988285e-05,-8.154221868334553367e-06
-7.958754744801082854e-05,-1.277393732832546022e-05
-7.894086424369958148e-05,-1.304181196272286320e-05
-7.187405446456253595e-05,-1.060243735012399258e-05
-7.438798861651375785e-05,-1.304203907024431340e-05
-6.983290224783894585e-05,-8.160248845069680606e-06
-7.985540961842956204e-05,-1.212723697259482251e-05
-7.832526223200651512e-05,-1.060295779863027338e-05
-7.438782298671319296e-05,-8.163328969683946701e-06
-7.985534692411088559e-05,-9.078729751905303762e-06
-7.894075976616403108e-05,-8.164104775438345862e-06
-7.958747070008766699e-05,-8.431997495544747036e-06
