Size 192,2
5.987558393424648168e-05,-7.597187414481292756e-06
6.012219240963126909e-05,-7.001843953364480093e-06
6.012224665751492007e-05,-4.195361259150813226e-06
5.987564827749514021e-05,-3.600034994721521657e-06
5.928022696372169667e-05,-7.843786318387835951e-06
5.816353960336803614e-05,-5.598622906529647096e-06
5.928030985225004701e-05,-3.353444425862264772e-06
5.508792050680747941e-05,-7.843600124535675267e-06
5.508805023968954995e-05,-3.353761975574822181e-06
5.277322727158005936e-05,-5.598700049806307536e-06
5.089616050717772768e-05,-7.840996326954606543e-06
5.089613040207301891e-05,-3.356512732851869070e-06
4.880196129526639308e-05,-5.598758779161657243e-06
4.671292998026265511e-05,-7.832385357912433947e-06
4.671283795781267873e-05,-3.365315281993491346e-06
4.462698915831453178e-05,-5.598676089658380337e-06
4.255224066857435898e-05,-7.814713215934448532e-06
4.255253171271993000e-05,-3.382727855473655488e-06
4.048401379972704100e-05,-5.598515919305530389e-06
3.843402665745387795e-05,-7.786191738222966580e-06
3.843432390488460149e-05,-3.410448568161718484e-06
3.639381845179016201e-05,-5.598204296444760432e-06
3.437805333541089166e-05,-7.747942505800798813e-06
3.437791956381054095e-05,-3.447691790048719335e-06
3.237481916512188930e-05,-5.597806409753578809e-06
3.040165519317287795e-05,-7.701002091481662433e-06
3.040094788103016719e-05,-3.493766985965531055e-06
2.844320173787813738e-05,-5.597244121716836173e-06
2.651949108495370256e-05,-7.646086800748159556e-06
2.651860807792703697e-05,-3.547442050972009673e-06
2.461259944735734356e-05,-5.596369546778304448e-06
2.274537642048855967e-05,-7.582826568023188669e-06
2.274450794976044037e-05,-3.608962585211758447e-06
2.089757881164234653e-05,-5.595198363053246515e-06
1.909512174261621459e-05,-7.509335756250003407e-06
1.909404824528365699e-05,-3.680157272942322404e-06
1.738584087316837743e-05,-5.593158036874860422e-06
1.572591046307813203e-05,-7.426328371723495787e-06
1.572461362022188540e-05,-3.763102900675207184e-06
1.449416265980737850e-05,-5.730581678378051615e-06
1.328492719524305540e-05,-7.349416528829859481e-06
1.328217255979261590e-05,-3.839638855984048645e-06
1.158048289029417359e-05,-7.282742468398275801e-06
1.189264556961445961e-05,-6.175692693637149699e-06
1.157646038269959638e-05,-3.888179795345925685e-06
1.037704392340823442e-05,-3.940363252359769302e-06
-1.417537684364607121e-06,-3.111946333899006415e-08
-1.445660074476488425e-06,3.645103923671367617e-08
-1.445547330947765414e-06,2.883255098710397166e-07
-1.417566825212958937e-06,3.550557757353905414e-07
1.037280249592170427e-05,-7.235757755936613032e-06
9.317951674980096965e-06,-7.132766168989575689e-06
1.011680590289957766e-05,-5.178867464925105043e-06
9.301404930924973841e-06,-3.903154749174270493e-06
-1.350245953858605053e-06,-5.902623155636948144e-08
-1.282375316809959825e-06,2.172408526380786264e-07
-1.350788596538995205e-06,3.829611962482235149e-07
8.970784687480283542e-06,-6.125859531816424488e-06
8.301879134309298307e-06,-6.902692287616636250e-06
7.348446245647281996e-06,-6.578287846106526609e-06
8.653692805734830614e-06,-4.779735806465394448e-06
8.302931110495149347e-06,-3.703635240837660032e-06
-8.938931824954046572e-07,-6.604482528167186703e-08
-8.935019826313451031e-07,3.911400886900885373e-07
-6.572827902381811941e-07,1.626710585016006425e-07
6.472589355595665870e-06,-6.144086670965535714e-06
7.210683775113654419e-06,-5.573687809698912113e-06
7.534220677678291434e-06,-4.347911099378981219e-06
7.396690768152040953e-06,-3.359796009932634339e-06
-4.012386697876591678e-07,-1.078123501919078198e-07
-4.012456053901101443e-07,4.331503371063228999e-07
-1.101872290362047056e-07,1.625617303811195861e-07
5.668874504421375914e-06,-5.635996859480036922e-06
4.963873994979733709e-06,-5.063550018377334392e-06
6.416833706301423660e-06,-4.163990959992329793e-06
6.604136684705000441e-06,-2.882628796767145880e-06
2.237341846781250907e-07,-1.993133098331069202e-07
2.235788778875499712e-07,5.239298315643514534e-07
5.143695668860865356e-06,-4.214723294557228746e-06
4.359020026280725897e-06,-4.423428022116593320e-06
5.435853656161260185e-06,-3.293688663577642134e-06
5.940733369739251351e-06,-2.317364585811514952e-06
5.911055587742603074e-07,1.618632184163604960e-07
1.028252420249206149e-06,-3.321476171191920984e-07
1.027084846063784505e-06,6.561088820489276781e-07
3.836651025195697380e-06,-3.743918624592796923e-06
3.429604000145270237e-06,-3.057666928599817762e-06
3.127122508443750825e-06,-2.344092196121917045e-06
4.844851355280556603e-06,-2.490936598073397665e-06
5.415411318070733644e-06,-1.698304627649124185e-06
1.379006776416706821e-06,1.593021677243610330e-07
1.810126279465309263e-06,-4.633792650711097310e-07
1.810417241843174744e-06,7.922336399738090693e-07
3.812921397214345881e-06,-2.336706521433182228e-06
2.906784836868765172e-06,-1.632427241104762157e-06
2.509273721415224571e-06,-5.743922535290033269e-07
2.704893396864127667e-06,-6.886691421624927323e-07
2.799501205254859586e-06,-9.269756245279887375e-07
4.439203470739547729e-06,-1.609506659501223827e-06
5.020933541243919319e-06,-1.057254242147552772e-06
2.196846026245203933e-06,6.631862621562932928e-08
2.537232451965801485e-06,8.926754148425604123e-07
3.384486038957498241e-06,-1.135265752353411391e-06
2.731084556578714804e-06,-2.405866333144083873e-07
2.964358173545553321e-06,-6.080691278227242410e-07
4.160591678757006170e-06,-8.607204105737282367e-07
4.765239146678525105e-06,-4.268682808463300864e-07
2.766831109039493765e-06,4.734744588488943440e-07
2.754106723450551179e-06,9.986940097821159604e-07
3.537363064356649214e-06,-7.204838237876884173e-08
4.664292784465901625e-06,1.855106159539813974e-07
4.677129268954627676e-06,7.667403425726038200e-07
3.200373005051094832e-06,8.639259589222130865e-07
2.884833194948608950e-06,1.217660708726663835e-06
3.052233836577138287e-06,1.805530064188946914e-06
4.107891196803095572e-06,8.525790274632165301e-07
3.285854033845479671e-06,2.350219786259164079e-06
4.811485003417412257e-06,1.344851941751109724e-06
3.591811321856029232e-06,1.833802601284766053e-06
4.360535377730428606e-06,1.876421968435480823e-06
3.569975607440412500e-06,2.859304451006517958e-06
5.042139453185393746e-06,1.876665336948977179e-06
4.817246330755297950e-06,2.380993041911351766e-06
4.317378453186567508e-06,2.688478819671382985e-06
3.906128872995261472e-06,3.323108088506959498e-06
4.284103805193820963e-06,3.740078240646896252e-06
5.355086458032388409e-06,2.354581292274236002e-06
5.109407509920399315e-06,2.923791345081463089e-06
4.824728142232323735e-06,3.569965739116378554e-06
4.704685524899146265e-06,4.106413014750202857e-06
5.739841024855887228e-06,2.760810663824215289e-06
5.615861063444153360e-06,3.560696891836886240e-06
5.157152910285255293e-06,4.421814414235819629e-06
5.635152991658793535e-06,4.680336265318595824e-06
6.136158238040269776e-06,4.879747589965841805e-06
6.182771914757825015e-06,3.726773914293028159e-06
6.182087675455492749e-06,3.085097125308146309e-06
6.071554425651280013e-06,4.350918804341281594e-06
6.650422323969710078e-06,5.022501715641913076e-06
7.173001832803921144e-06,5.104837037909267226e-06
6.625550058123317441e-06,3.868349210942887728e-06
6.665759005301442969e-06,3.323881099862884109e-06
7.698895261237129157e-06,5.128102065777096243e-06
7.119283094265039621e-06,4.364174141726470276e-06
7.177225746479642234e-06,3.471835146037470792e-06
7.816051940293215015e-06,4.440366628333800802e-06
8.270810603713220482e-06,5.120732707312606940e-06
7.701336360262108453e-06,3.524103864975502327e-06
9.051549226906284725e-06,5.113644838710200561e-06
8.438624601769029434e-06,4.051489350470486775e-06
8.271333797486769929e-06,3.531259775550108785e-06
1.011159500878073609e-05,5.104056650848763491e-06
9.589759594140287113e-06,4.264717337851859880e-06
9.051513067889757012e-06,3.539864344999503983e-06
1.149487755534543004e-05,5.095193706525022973e-06
1.080563082888649024e-05,4.325868392099668739e-06
1.011153659385147199e-05,3.548473025987443347e-06
1.292401178872680450e-05,5.089064048792956812e-06
1.221117450058821473e-05,4.325763387932411759e-06
1.149481404005476549e-05,3.556518687773023319e-06
1.434411807798871684e-05,5.085099718793651087e-06
1.363530605285698988e-05,4.325727429057014861e-06
1.292395073360801905e-05,3.562275859293002633e-06
1.575821427078554984e-05,5.083040857503432078e-06
1.505191119291751941e-05,4.325996554927012927e-06
1.434411202198320694e-05,3.566466178672360770e-06
1.716924641346905084e-05,5.082800198424910626e-06
1.646402294971453705e-05,4.326430239269345350e-06
1.575825233314698240e-05,3.569327740299300476e-06
1.858069373331039254e-05,5.084705746132234636e-06
1.787460040603193137e-05,4.327111486306554767e-06
1.716930870158104956e-05,3.570704251451168956e-06
1.999622238327411814e-05,5.088368704456489176e-06
1.928741625233990867e-05,4.328049447951340197e-06
1.858058932647189143e-05,3.570469436108817516e-06
2.141770726037020212e-05,5.091896525287766211e-06
2.070592039700352156e-05,4.329047212097624068e-06
1.999604049162718818e-05,3.568782289632740021e-06
2.284300867773182006e-05,5.093781910111671198e-06
2.212991019178224244e-05,4.329858863771681108e-06
2.141745403612694149e-05,3.567124403553530333e-06
2.589817325696382443e-05,5.010404261803383246e-06
2.569564412330657951e-05,5.094301252266829320e-06
2.348202034806716414e-05,4.330250249370267870e-06
2.426959647060897583e-05,5.094383777887951207e-06
2.284302172286879523e-05,3.566350316328925807e-06
2.598206610163203775e-05,4.807868340620899805e-06
2.550290959319935914e-05,4.330517056577481139e-06
2.426965201400805582e-05,3.566482548901454261e-06
2.598219169114633390e-05,3.853098679647740049e-06
2.569576873232686935e-05,3.566637600936430389e-06
2.589830398658867999e-05,3.650542607515099904e-06
