Size 192,2
-1.358691756218588216e-04,1.835599834351742333e-05
-1.364119908205410029e-04,1.704565126469997907e-05
-1.364122982973007951e-04,1.086855990959257890e-05
-1.358695224160076393e-04,9.558216006757596497e-06
-1.345587506207893830e-04,1.889874824576256131e-05
-1.321010791568849325e-04,1.395711798514076679e-05
-1.345591438202652372e-04,9.015461632989673363e-06
-1.253320105803338083e-04,1.889758502768689726e-05
-1.253324294616502957e-04,9.016080657584874119e-06
-1.202387890315470185e-04,1.395647601929691687e-05
-1.161082009007544677e-04,1.889193175266505332e-05
-1.161085282219161114e-04,9.020219990987688206e-06
-1.114994299247554482e-04,1.395598109368219759e-05
-1.068982913219554154e-04,1.887865336062960424e-05
-1.068979953656304843e-04,9.032365917647972628e-06
-1.023013120066917453e-04,1.395518990043231463e-05
-9.771956661146504017e-05,1.885325792578799404e-05
-9.771947355341396131e-05,9.056287913871269630e-06
-9.314673593300667911e-05,1.395430386991652429e-05
-8.859976354170141929e-05,1.881047786624676749e-05
-8.859982058463143693e-05,9.097152075900057864e-06
-8.406798598784338025e-05,1.395303899418520191e-05
-7.957517060247867348e-05,1.874662960217680354e-05
-7.957526543746250638e-05,9.158041485943121908e-06
-7.510467861768177435e-05,1.395149048432560196e-05
-7.068764841452615598e-05,1.866013131099463748e-05
-7.068729187374713180e-05,9.240841784557784385e-06
-6.629974638201252058e-05,1.394957744712808097e-05
-6.197941988597906497e-05,1.855127362879182101e-05
-6.197846754984238395e-05,9.345493686965104151e-06
-5.769436460944609677e-05,1.394731454378343537e-05
-5.349052033322511987e-05,1.842059838906364124e-05
-5.348912292144913802e-05,9.471382768427662516e-06
-4.932793406981846485e-05,1.394469029301241318e-05
-4.525949605001777494e-05,1.826785852055170424e-05
-4.525759278933955788e-05,9.619298214580141378e-06
-4.139872472720335160e-05,1.394079030542747835e-05
-3.764022468231817311e-05,1.809632188382909420e-05
-3.763761312705778388e-05,9.791233165442408148e-06
-3.484872642520009227e-05,1.425402550835820517e-05
-3.209745230154118569e-05,1.793962918777125255e-05
-3.209198309069091358e-05,9.948241476695695261e-06
-2.821035633597459847e-05,1.780502656083243814e-05
-2.892796005919648868e-05,1.527199914802134813e-05
-2.820282960901971780e-05,1.004694277440981132e-05
-2.545767851621351816e-05,1.015185541793594145e-05
3.705061744630468684e-06,4.758002398461599531e-07
3.779776762338329935e-06,2.961125126846887358e-07
3.779373094159989483e-06,-3.733902666935246856e-07
3.705026948846866105e-06,-5.506552417517805228e-07
-2.544844731492249644e-05,1.771105863745135370e-05
-2.302404058067661114e-05,1.748780910559431218e-05
-2.486720882955043786e-05,1.299240359815536112e-05
-2.299307601980201025e-05,1.004933206085329116e-05
3.526143217730402405e-06,5.501040218701384283e-07
3.345636973557139274e-06,-1.840718616550253557e-07
3.527612006190532483e-06,-6.246518486135195743e-07
-2.223047070768155125e-05,1.517573946998962348e-05
-2.068011491660962984e-05,1.697567937513978604e-05
-1.846886164956648590e-05,1.624009140069628383e-05
-2.150293892443959628e-05,1.206813583684922390e-05
-2.069242989414372507e-05,9.565953864381672106e-06
2.312894644038187175e-06,5.690689199141990559e-07
2.311978878969104676e-06,-6.454398040832469985e-07
1.684084311183815729e-06,-3.822462756842262520e-08
-1.642159451958465915e-05,1.525155038362969183e-05
-1.815481673200492586e-05,1.391591017234575047e-05
-1.890945667963219156e-05,1.106109559025947092e-05
-1.859397421952288016e-05,8.738922675414714610e-06
1.004323022509176214e-06,6.786062058684835382e-07
1.004691529515329518e-06,-7.543094795339937091e-07
2.335827290646612553e-07,-3.743852113063825354e-08
-1.453316794099936695e-05,1.408197527591958493e-05
-1.285728903304554501e-05,1.275093899947593922e-05
-1.629978368437870747e-05,1.062933377317340250e-05
-1.674892928555896815e-05,7.594443373392677885e-06
-6.487787728696998755e-07,9.166017588464944063e-07
-6.485934719522805540e-07,-9.906501856746489604e-07
-1.328454922146691184e-05,1.075575162448187478e-05
-1.140017310068093907e-05,1.125484977258918842e-05
-1.398486094988011746e-05,8.566834434478864200e-06
-1.519644562111256909e-05,6.225849426950144918e-06
-1.617574876931282342e-06,-3.632200901422358784e-08
-2.766998718090716113e-06,1.259950851551115971e-06
-2.764619342203659157e-06,-1.334334382591889337e-06
-1.013329694215132260e-05,9.651481306010732328e-06
-9.120739163865754551e-06,8.003987547724920206e-06
-8.344983538710115935e-06,6.278145765982974081e-06
-1.256743433059272313e-05,6.640933896006230298e-06
-1.396161272779825526e-05,4.706211801424722511e-06
-3.689217430399997854e-06,-3.124354022474154856e-08
-4.818197582990711548e-06,1.596975241609161524e-06
-4.818803566176812989e-06,-1.685085918196359098e-06
-1.004838558648744144e-05,6.266581982058738696e-06
-7.768711368306277366e-06,4.532565902557913284e-06
-6.659825331329632027e-06,1.881089001399338653e-06
-7.184255499539871288e-06,2.172498803353709475e-06
-7.450562254230497945e-06,2.775818742621950644e-06
-1.158835530489823815e-05,4.486507732574870928e-06
-1.303888841501726742e-05,3.108446090051863267e-06
-5.831461939834142046e-06,2.095904608908239026e-07
-6.701565580410536966e-06,-1.940350394043854212e-06
-8.952318287278535544e-06,3.306259841805764145e-06
-7.237782658504359796e-06,1.013968046372095935e-06
-7.860272933810271624e-06,1.964947507193856287e-06
-1.090299634380451657e-05,2.616161302840127994e-06
-1.245132716712139050e-05,1.506816674356761854e-06
-7.304820139231718808e-06,-8.432483465591727896e-07
-7.251062137955392281e-06,-2.216542274048739240e-06
-9.322469322354044096e-06,5.999455174019257221e-07
-1.223236408934690874e-05,-7.240767173026619302e-08
-1.232643756052639469e-05,-1.599681977226023608e-06
-8.418263382028270448e-06,-1.854524117592260172e-06
-7.576424223260967770e-06,-2.799005724636194821e-06
-7.985290108618650550e-06,-4.386614907338609503e-06
-1.081455402352035389e-05,-1.809001227672682508e-06
-8.575990539316461902e-06,-5.894798247566739552e-06
-1.274061610431502131e-05,-3.130811910612752483e-06
-9.428147294591376619e-06,-4.451492073813005101e-06
-1.152288106059287875e-05,-4.570434412013069931e-06
-9.330179619224840575e-06,-7.321494550045855867e-06
-1.342727153470361040e-05,-4.573019444455893359e-06
-1.281333879771945350e-05,-5.970854247520302297e-06
-1.140383402914909778e-05,-6.835099771765171570e-06
-1.024129003421003511e-05,-8.654939416524966213e-06
-1.130183209457877052e-05,-9.879137609304339303e-06
-1.436292392610873693e-05,-5.889413535718432559e-06
-1.366187451827349816e-05,-7.513126820206828078e-06
-1.284305498231811368e-05,-9.388441728313141662e-06
-1.249569056348233130e-05,-1.097771455745567251e-05
-1.551526154303865717e-05,-7.030304239282238233e-06
-1.515765894084340201e-05,-9.372013318681125070e-06
-1.381011692818066082e-05,-1.193408981051488327e-05
-1.522819772898842939e-05,-1.273675942018301369e-05
-1.672994089527483119e-05,-1.337497942702965364e-05
-1.685977717163111600e-05,-9.868604538644954599e-06
-1.685140889168565569e-05,-7.958920832396608263e-06
-1.652438373373313994e-05,-1.175253383101943870e-05
-1.829754090999064802e-05,-1.383784844320497643e-05
-1.991021456597735550e-05,-1.412053157103315119e-05
-1.820805028369470462e-05,-1.029376029116199894e-05
-1.833216724525745152e-05,-8.643186910639423320e-06
-2.154588739129746901e-05,-1.421800454768494869e-05
-1.972841984428180221e-05,-1.181811793276951653e-05
-1.991246556942949343e-05,-9.061325001233438384e-06
-2.190745032937710968e-05,-1.206227724946723572e-05
-2.334969524998178515e-05,-1.422317102350473429e-05
-2.154420918191497311e-05,-9.200860076190971930e-06
-2.583486269026065888e-05,-1.422861498462079443e-05
-2.387168888927597890e-05,-1.083725566829208078e-05
-2.334890440807214950e-05,-9.196867238919503331e-06
-2.925932978231605785e-05,-1.423712966185841998e-05
-2.756252604576234097e-05,-1.151379554651718003e-05
-2.583441973493933767e-05,-9.191500560916495072e-06
-3.379305557905840459e-05,-1.424670405587869027e-05
-3.152352629650797785e-05,-1.171195900932866542e-05
-2.925876960159151050e-05,-9.185185940519520020e-06
-3.853219445065294310e-05,-1.425577708904195540e-05
-3.615987173990105341e-05,-1.171321759072127354e-05
-3.379243860156849375e-05,-9.178308548311113458e-06
-4.328544380262919818e-05,-1.426412132095633724e-05
-4.090624899245553733e-05,-1.171452525490858487e-05
-3.853156110023658691e-05,-9.171822848833616670e-06
-4.805116656776945610e-05,-1.427070573442913850e-05
-4.566633942977768037e-05,-1.171563853102702905e-05
-4.328503658661059570e-05,-9.165810037695912388e-06
-5.282513732271283560e-05,-1.427429282199724320e-05
-5.043721221403323687e-05,-1.171665733248975593e-05
-4.805095360540457736e-05,-9.161499915369835002e-06
-5.760081731144261601e-05,-1.427428090991698342e-05
-5.521326618446231114e-05,-1.171744437366683236e-05
-5.282507118855565045e-05,-9.159896999681170322e-06
-6.237170254425572458e-05,-1.427150982738129171e-05
-5.998731076628712068e-05,-1.171796842231466034e-05
-5.760069797618629225e-05,-9.161369064388602283e-06
-6.713503667621454219e-05,-1.426818159258053792e-05
-6.475444492736378839e-05,-1.171829035515948355e-05
-6.237144859210220192e-05,-9.164820434193798722e-06
-7.189229130376378039e-05,-1.426641410911474813e-05
-6.951416788911534219e-05,-1.171861336218333170e-05
-6.713461200936739030e-05,-9.168599768220127541e-06
-8.208020390421768870e-05,-1.398658384160070411e-05
-8.140462763664341780e-05,-1.426641322445520992e-05
-7.402257393860268867e-05,-1.171865430804780652e-05
-7.664803483818018073e-05,-1.426638605266043764e-05
-7.189226131470192809e-05,-9.170646386354675822e-06
-8.236004047037179547e-05,-1.331101602121854689e-05
-8.076150793422038124e-05,-1.171869949652947437e-05
-7.664810876006192589e-05,-9.170973374272553313e-06
-8.236014835926433106e-05,-1.012633155628487968e-05
-8.140473763676359575e-05,-9.170915709841253495e-06
-8.208031704569605260e-05,-9.450750006773457463e-06
