Size 192,2
-1.204381705320626070e-04,1.704928349052121114e-05
-1.209101603810830677e-04,1.590984484308393911e-05
-1.209102150006982000e-04,1.053840014641393661e-05
-1.204382304076520788e-04,9.398946740443308727e-06
-1.192987009495163751e-04,1.752124856173925937e-05
-1.171615011145591214e-04,1.322410071286552472e-05
-1.192987618876977153e-04,8.926971334844439993e-06
-1.112755466199744032e-04,1.752065816016533625e-05
-1.112755805528220103e-04,8.927075050138559727e-06
-1.068462872032156368e-04,1.322353390745830239e-05
-1.032529340920420441e-04,1.751796461341550957e-05
-1.032532863371127480e-04,8.928733900752864377e-06
-9.924318633265529052e-05,1.322297226740951306e-05
-9.523654838274799180e-05,1.751021555784455037e-05
-9.523693320684874556e-05,8.934946592564919543e-06
-9.123341440018098490e-05,1.322218329450242604e-05
-8.723864966769204633e-05,1.749367280623958130e-05
-8.723874358069776851e-05,8.949431134376495867e-06
-8.325062644911715329e-05,1.322112032869481052e-05
-7.927933238349999369e-05,1.746424620085584579e-05
-7.927887965568490450e-05,8.976260096762011189e-06
-7.531873770361602110e-05,1.321967321111824681e-05
-7.138546556488785182e-05,1.741919704818456287e-05
-7.138437876062244097e-05,9.017896511889077367e-06
-6.746709734453873030e-05,1.321772564336188514e-05
-6.358729700241754585e-05,1.735729718321686105e-05
-6.358567575227161233e-05,9.075659659275537780e-06
-5.972676387780892471e-05,1.321534916840561102e-05
-5.591605346111401265e-05,1.727761896819960899e-05
-5.591424870220652757e-05,9.150629169964143232e-06
-5.212991584421381640e-05,1.321270386423081412e-05
-4.840505046007618931e-05,1.717896404573440646e-05
-4.840387599844411587e-05,9.244253911104283251e-06
-4.471134587526859718e-05,1.320986288921869278e-05
-4.109048799465369359e-05,1.705942932181360780e-05
-4.108957607322975380e-05,9.358464363731714344e-06
-3.765061759166005715e-05,1.320629921662336521e-05
-3.429236333980471835e-05,1.692112672884006446e-05
-3.429073119127758152e-05,9.496264652476925423e-06
-3.179628261006390969e-05,1.348696802567421128e-05
-2.932845329233759943e-05,1.679270992688537302e-05
-2.932400936736621273e-05,9.624578167134820788e-06
-2.583665597471560146e-05,1.668143346181278424e-05
-2.648424683524792253e-05,1.440241533109680420e-05
-2.583018032080638745e-05,9.706208680188597459e-06
-2.335864557650580955e-05,9.793697149872070888e-06
3.464959483865489322e-06,8.550962266767711145e-07
3.534484868285709248e-06,6.877606601650176065e-07
3.534060247748266019e-06,6.490671346187751514e-08
3.464909842899582002e-06,-9.988760091146962119e-08
-2.335122556081120992e-05,1.660334297861813560e-05
-2.116378268711190333e-05,1.640774521042166479e-05
-2.282949933823996068e-05,1.235219203597733127e-05
-2.113802136666299947e-05,9.694199978685767190e-06
3.298367336188218912e-06,9.243855128731970072e-07
3.130553156042589291e-06,2.414836597748282068e-07
3.299937604835561142e-06,-1.685078635469012701e-07
-2.044947982012543510e-05,1.432344947711066206e-05
-1.904590486052973387e-05,1.595225622478275347e-05
-1.704317961730802248e-05,1.529214157656032556e-05
-1.979283977164936426e-05,1.151619140127334981e-05
-1.905926499435902811e-05,9.249196562003060668e-06
2.169474725558095448e-06,9.431916523725775279e-07
2.169057914327034470e-06,-1.864309049512807127e-07
1.585003242517797143e-06,3.789434999101099200e-07
-1.518421246998341759e-05,1.440324959172874523e-05
-1.676041662851669543e-05,1.319011625640512128e-05
-1.744460786555103375e-05,1.060257515576893451e-05
-1.715939057627836732e-05,8.491175065776031028e-06
9.528064084416775613e-07,1.046047591500229888e-06
9.533806952335998394e-07,-2.865072500604692250e-07
2.362900765195682807e-07,3.805457479153679991e-07
-1.346632654785049306e-05,1.334683139563941026e-05
-1.193687167477785192e-05,1.214053615036600559e-05
-1.507541680740994551e-05,1.020971380945623001e-05
-1.548581639529500326e-05,7.444082960368619879e-06
-5.843682202271747520e-07,1.268369316910883643e-06
-5.840473627415552215e-07,-5.058435302523859890e-07
-1.232657532870878545e-05,1.032634898539435890e-05
-1.060224986601326385e-05,1.078239876891990919e-05
-1.296689343741926957e-05,8.329660996425925035e-06
-1.407510186833660807e-05,6.189041656518014721e-06
-1.485492092674960442e-06,3.821421841490634395e-07
-2.555383192040955884e-06,1.589597940324845326e-06
-2.553204681249347341e-06,-8.267432406698439289e-07
-9.439687031207041621e-06,9.322500597946997705e-06
-8.504379252524648782e-06,7.815682557331942598e-06
-7.781957331272869655e-06,6.233958156348734674e-06
-1.166998054510808746e-05,6.568271235741592822e-06
-1.295149744932125245e-05,4.790515568759998467e-06
-3.414001055341022201e-06,3.868641603793541483e-07
-4.466365970328572693e-06,1.905492753963189413e-06
-4.466919212912996676e-06,-1.155556019517231581e-06
-9.354722550574428355e-06,6.224929321033508896e-06
-7.242542657285808138e-06,4.627891794892288932e-06
-6.188395370795346837e-06,2.172618308588508419e-06
-6.681902139300766743e-06,2.444342636320938364e-06
-6.935701429479758968e-06,3.004628235777511483e-06
-1.077260267264359125e-05,4.587976985241829390e-06
-1.211315790084121180e-05,3.314419238188819834e-06
-5.411330572608214245e-06,6.111416889564151695e-07
-6.218854414695003975e-06,-1.395003293765704197e-06
-8.334548080167629005e-06,3.497811604212646722e-06
-6.727886841222654055e-06,1.364035493376413911e-06
-7.313816986458860366e-06,2.251521954552444392e-06
-1.014114520636525423e-05,2.859136763945550001e-06
-1.158241258709409464e-05,1.827595165949990243e-06
-6.783281577982876180e-06,-3.698858120453625721e-07
-6.727101822720619610e-06,-1.653991217311978510e-06
-8.673140425027839028e-06,9.842750479237324715e-07
-1.138846582510110303e-05,3.560974536860220866e-07
-1.149296236711288438e-05,-1.074671373866979175e-06
-7.819516581103852336e-06,-1.313223833958070215e-06
-7.026545033308190998e-06,-2.202880741989888049e-06
-7.399782041987713516e-06,-3.704729676842720647e-06
-1.007024561096010488e-05,-1.266293796906453365e-06
-7.945829393117813405e-06,-5.142588836410009110e-06
-1.189908955883863435e-05,-2.513288948546079888e-06
-8.760160421922891417e-06,-3.762518849455316266e-06
-1.074691520519176780e-05,-3.875735359364874743e-06
-8.654227963285772803e-06,-6.507654211611852971e-06
-1.256748587968377039e-05,-3.878396657652836295e-06
-1.198447147523542535e-05,-5.211189565286130611e-06
-1.063238964053866610e-05,-6.039411187014949461e-06
-9.516109267071709053e-06,-7.794267771147572773e-06
-1.053082120368476937e-05,-8.983353589131392100e-06
-1.348047073188640956e-05,-5.130522556819096450e-06
-1.280510407622843502e-05,-6.693380346213895946e-06
-1.201393151733257918e-05,-8.509037512935767160e-06
-1.167768743566902587e-05,-1.005833046159319175e-05
-1.460652234379006838e-05,-6.222380755290068645e-06
-1.426037718767394623e-05,-8.495863073049168178e-06
-1.295001931543455116e-05,-1.099760939620897420e-05
-1.433269418518661956e-05,-1.179217596342723293e-05
-1.580251648155222045e-05,-1.243071819251114645e-05
-1.592651602801204821e-05,-8.981042309108061203e-06
-1.591663903286811679e-05,-7.116570291922044162e-06
-1.559731281478445145e-05,-1.082964730236392718e-05
-1.734560400139660794e-05,-1.289594478328793105e-05
-1.894021266654305520e-05,-1.318564481555848022e-05
-1.725296330247192938e-05,-9.397058400706066408e-06
-1.737597564051877538e-05,-7.775014033811165836e-06
-2.056182427361428065e-05,-1.329142698957435768e-05
-1.875477035219844416e-05,-1.090236524210956532e-05
-1.893896758522550463e-05,-8.174428961195455770e-06
-2.091938301021909860e-05,-1.114661858737137219e-05
-2.235975640791469790e-05,-1.330734972396416543e-05
-2.055729948370294631e-05,-8.303856965352213114e-06
-2.484597851492906088e-05,-1.332389249782616017e-05
-2.287748755969523469e-05,-9.924784993790034747e-06
-2.235856828712827759e-05,-8.289209234782235366e-06
-2.829484950147653186e-05,-1.335016442071015475e-05
-2.658101328937575265e-05,-1.060018988388648732e-05
-2.484612115510246959e-05,-8.269539287148058057e-06
-3.289595678756021389e-05,-1.338066774842701976e-05
-3.058692636703934023e-05,-1.079919262066039665e-05
-2.829483690344121550e-05,-8.245749195077237904e-06
-3.774224216621457711e-05,-1.340984235639400144e-05
-3.531031952114586215e-05,-1.080002354093980867e-05
-3.289579670236740424e-05,-8.218182510572562740e-06
-4.264020305717509019e-05,-1.343849746831063905e-05
-4.018236905820912590e-05,-1.080112751478740890e-05
-3.774191044694437424e-05,-8.191209276974640796e-06
-4.758894702502341621e-05,-1.346553121511575163e-05
-4.510621118564381326e-05,-1.080233904356805266e-05
-4.263985213055352714e-05,-8.164898396233479617e-06
-5.258372556205037006e-05,-1.348931665983861697e-05
-5.007906027449470469e-05,-1.080361956002048804e-05
-4.758865074225996966e-05,-8.140360083946949972e-06
-5.761667478736391695e-05,-1.350842389563628955e-05
-5.509450886870867725e-05,-1.080496066438203338e-05
-5.258350420153291594e-05,-8.119218279371521400e-06
-6.267816241876134086e-05,-1.352253998602609509e-05
-6.014339164165431143e-05,-1.080620915044261233e-05
-5.761657326739812288e-05,-8.102774057413153841e-06
-6.775926459289854833e-05,-1.353234251180951168e-05
-6.521602030298449338e-05,-1.080735538542293150e-05
-6.267805734646242973e-05,-8.091062129631501680e-06
-7.285234936147825028e-05,-1.353853633879682883e-05
-7.030416367480015003e-05,-1.080846650210397560e-05
-6.775899882860868717e-05,-8.083550639670121832e-06
-8.378179852838667338e-05,-1.324284355075987609e-05
-8.305698281374465262e-05,-1.354304530097707641e-05
-7.513622290574507076e-05,-1.080911478208874537e-05
-7.795300353252315490e-05,-1.354214334336015979e-05
-7.285228487784725030e-05,-8.079091205290922400e-06
-8.408203414424042608e-05,-1.251807160697026456e-05
-8.236678553469045378e-05,-1.080965090697906890e-05
-7.795296801621082454e-05,-8.076679350395572806e-06
-8.408214506916898386e-05,-9.101185368068991327e-06
-8.305706462391192224e-05,-8.076145992052796019e-06
-8.378190629970308056e-05,-8.376368676586693398e-06
