Size 192,2
8.922795472179926256e-05,-1.269778628124268966e-05
8.957407219272813415e-05,-1.186234292611301705e-05
8.957366273075203589e-05,-7.923421989633757948e-06
8.922748254273990141e-05,-7.087903389386289216e-06
8.839237421072543917e-05,-1.304380301698639558e-05
8.682442808126869635e-05,-9.892787262985323066e-06
8.839180224236090880e-05,-6.741851300981810010e-06
8.250861858956066823e-05,-1.304150939792920751e-05
8.250774042724810667e-05,-6.743719654787984428e-06
7.926215730837303454e-05,-9.892589300131820871e-06
7.663276700356566205e-05,-1.303405330942951706e-05
7.663186416565748150e-05,-6.750822046784665434e-06
7.369977867289130319e-05,-9.892094962228926595e-06
7.077548983165367173e-05,-1.302076017268165725e-05
7.077501539740028644e-05,-6.762823399004477137e-06
6.785489362842152337e-05,-9.891641290922318023e-06
6.494675311830275840e-05,-1.300153616180766470e-05
6.494577365200123636e-05,-6.780651053213378128e-06
6.204368809180670693e-05,-9.890896355606834778e-06
5.915770480515678562e-05,-1.297549564580517415e-05
5.915651337840814475e-05,-6.805360751851449083e-06
5.627908102640544842e-05,-9.890119258869967798e-06
5.342320782958715804e-05,-1.294084595385120457e-05
5.342194422873529575e-05,-6.838857782598063947e-06
5.057753863106498256e-05,-9.889292724706131335e-06
4.776076339361269097e-05,-1.289630764153814435e-05
4.775994808334828041e-05,-6.882095023437437443e-06
4.495757798171934626e-05,-9.888577313566681814e-06
4.218910966065659847e-05,-1.284181036680873788e-05
4.218889102877316773e-05,-6.935165979087009389e-06
3.943801546430875896e-05,-9.887793203169063143e-06
3.672779695865164900e-05,-1.277640565228957170e-05
3.672796493880146532e-05,-6.998614496528996074e-06
3.403881180570082283e-05,-9.886893418810290137e-06
3.139647340750333895e-05,-1.269963268568442487e-05
3.139651219814223250e-05,-7.073371634581358655e-06
2.888354562386548355e-05,-9.885300903981493104e-06
2.642119415757631471e-05,-1.261338768356389240e-05
2.642071989573947078e-05,-7.160204758635398557e-06
2.458924948952308375e-05,-1.009302223816195118e-05
2.276777948286294768e-05,-1.253501737575032664e-05
2.276533983143665875e-05,-7.238853141996880286e-06
2.018211516780922979e-05,-1.246798683179654055e-05
2.066673825053560551e-05,-1.077318910068273936e-05
2.017859869595620644e-05,-7.288228635375576692e-06
1.833868493810300986e-05,-7.340458275306494435e-06
-2.804800942812903923e-06,-2.100418557252002801e-07
-2.860574630541488111e-06,-7.596212478945888898e-08
-2.860266145862346741e-06,4.236752679928544629e-07
-2.804759069439276250e-06,5.560022936340547799e-07
1.833421569672068181e-05,-1.242126786285338366e-05
1.669718373010417578e-05,-1.228584104862382537e-05
1.794929569185889053e-05,-9.249048362118082931e-06
1.668255834036374075e-05,-7.251877617895599687e-06
-2.671294812518930896e-06,-2.654504623739698303e-07
-2.536682824232280311e-06,2.825744034426300425e-07
-2.672319794374830962e-06,6.113193886584171338e-07
1.616596140870062804e-05,-1.072842345350263942e-05
1.510559043470582544e-05,-1.195798840225701920e-05
1.359071651091794329e-05,-1.147092546589895193e-05
1.567439721237208025e-05,-8.617870509663026648e-06
1.512089505458798443e-05,-6.899566498235574470e-06
-1.766325169562066566e-06,-2.795130705462743237e-07
-1.765382203669811202e-06,6.280147119405915078e-07
-1.296621155962209715e-06,1.747741153204633425e-07
1.217396148170370414e-05,-1.081161757709665375e-05
1.338035836875832277e-05,-9.886229599466095767e-06
1.389973901096098930e-05,-7.922481902226783494e-06
1.368531905851403842e-05,-6.305644681961313794e-06
-7.877408943625334883e-07,-3.632006678705076256e-07
-7.876432917541701884e-07,7.134334041577400504e-07
-2.079380790412626948e-07,1.755133999672576633e-07
1.085780035674835748e-05,-1.001786600138911514e-05
9.674250792559512771e-06,-9.102359466765930823e-06
1.209474890246093092e-05,-7.620709615108061484e-06
1.241323221369815322e-05,-5.488829891738302694e-06
4.576120191371215030e-07,-5.453210771122779275e-07
4.579311955113676791e-07,8.972387226035858602e-07
9.975098670008089217e-06,-7.712846193615103722e-06
8.631092763772572340e-06,-8.066692503024366391e-06
1.047263228254943163e-05,-6.169559322141130737e-06
1.133500557977515279e-05,-4.503348601073176185e-06
1.191447056613311311e-06,1.761284204373742127e-07
2.064120132803203266e-06,-8.088873787544776078e-07
2.062867440905636430e-06,1.163822176174334793e-06
7.717833055428981724e-06,-6.943491908658174636e-06
6.970493758754287945e-06,-5.769250457409164491e-06
6.382438892903473425e-06,-4.530286312147254943e-06
9.461896569080455145e-06,-4.796975193331602484e-06
1.047240834070627224e-05,-3.395543844350197458e-06
2.765395353699725240e-06,1.736846289567794696e-07
3.625770273340335435e-06,-1.068181713914123721e-06
3.626358056329802460e-06,1.435431408007305721e-06
7.636538071476002234e-06,-4.526536461125458080e-06
5.938319247348348660e-06,-3.259659989848953509e-06
5.041598238737571622e-06,-1.288250849335397221e-06
5.452300510992184566e-06,-1.509484750701564846e-06
5.669189757529973139e-06,-1.962384041635391675e-06
8.759117024313727078e-06,-3.233693217876942862e-06
9.830436025275046487e-06,-2.215072187131683329e-06
4.399047389601018579e-06,-8.481785644955720057e-09
5.052181438623012527e-06,1.632401890711739028e-06
6.807529162540656210e-06,-2.362376309675166534e-06
5.483082823571250154e-06,-6.277477224087720005e-07
5.970534123879095747e-06,-1.353133841271261723e-06
8.258335487356382196e-06,-1.849899011418048215e-06
9.429210822377117647e-06,-1.012947572769840990e-06
5.516247828112018494e-06,7.915449392922203601e-07
5.460508046556487336e-06,1.846007776945908827e-06
7.071878955936705785e-06,-3.283324640793617136e-07
9.289282816728019386e-06,1.869807915095414919e-07
9.402915033126379865e-06,1.366307820113023355e-06
6.358484802895799929e-06,1.562444647668626768e-06
5.698559599888616802e-06,2.303349907636362640e-06
5.990564238926105965e-06,3.564051830996429087e-06
8.221161037427028446e-06,1.516785723844597742e-06
6.428961968293412937e-06,4.788044591606774821e-06
9.766714852938748089e-06,2.558751876588488305e-06
7.124670048197982444e-06,3.607144649811936794e-06
8.799703251276441739e-06,3.703580827858657637e-06
7.015844528505934027e-06,5.957701054779955088e-06
1.035657523831428844e-05,3.706260001905150895e-06
9.863920564744897893e-06,4.841192716888219673e-06
8.701010539700455173e-06,5.552604312542188723e-06
7.739087899480452743e-06,7.075979928853930893e-06
8.607866023349777476e-06,8.121186503807532536e-06
1.116508665444778664e-05,4.767999806465507560e-06
1.057975325645618036e-05,6.120608317374157212e-06
9.890620430630218352e-06,7.707712491134593972e-06
9.596674522981349996e-06,9.077694040229751662e-06
1.216428374654816993e-05,5.703282960322034420e-06
1.186138898674283955e-05,7.699956118493609539e-06
1.070767027693772916e-05,9.918551508974162491e-06
1.192996527204431797e-05,1.063948622365293455e-05
1.323825815480287922e-05,1.122995780171935096e-05
1.334443609840641314e-05,8.130177748945775665e-06
1.333370274803736023e-05,6.477071815803488819e-06
1.304937855834620300e-05,9.783662738172752541e-06
1.462525152369692175e-05,1.166379282358279249e-05
1.607074318128799456e-05,1.194330788974124170e-05
1.453523333774272030e-05,8.500128674546119181e-06
1.464760463145751015e-05,7.045512897237415093e-06
1.754771400883592891e-05,1.205504806602416190e-05
1.589325809503912368e-05,9.861914324632273089e-06
1.606414309289148280e-05,7.385031280040514843e-06
1.787161958355327823e-05,1.008830524573467647e-05
1.920165824889540833e-05,1.208829952601507478e-05
1.753866350548241614e-05,7.488402439577897771e-06
2.150485156989919377e-05,1.212279411011910662e-05
1.967317555460580135e-05,8.962877656538161992e-06
1.919943638128116759e-05,7.457213914034263132e-06
2.473935799909092776e-05,1.217762087991247061e-05
2.312332205431823697e-05,9.586927019907015934e-06
2.150546936831004542e-05,7.415064310745266892e-06
2.911251064611892789e-05,1.223894352349201121e-05
2.690855504967317526e-05,9.773508444362117840e-06
2.473958042493182982e-05,7.364851110413143171e-06
3.376935962082206182e-05,1.229034751787256441e-05
3.142516857382008256e-05,9.774795939560532290e-06
2.911216401785333735e-05,7.308878600580166643e-06
3.850813757917551441e-05,1.232938733161733451e-05
3.612662783828492094e-05,9.776381547742801504e-06
3.376883006821875595e-05,7.260852570131978655e-06
4.330487152545886754e-05,1.235561888896630602e-05
4.089860828338878106e-05,9.777981360509041769e-06
3.850757849911622778e-05,7.224937802993204334e-06
4.813527965594966893e-05,1.237015439774031888e-05
4.571602008207992061e-05,9.779487729348970782e-06
4.330440579491065149e-05,7.201845362289200165e-06
5.297983627238675013e-05,1.237535431803533802e-05
5.055634313735693632e-05,9.780697876652447176e-06
4.813500615807267418e-05,7.190130292944900163e-06
5.782457495366885656e-05,1.237417671096809222e-05
5.540294162911921688e-05,9.781756606735425788e-06
5.297956099527083556e-05,7.187202804866823015e-06
6.266021476961603171e-05,1.236954974306718118e-05
6.024423997674718822e-05,9.782664822090402166e-06
5.782430612940990143e-05,7.190322940551895538e-06
6.748278443848796391e-05,1.236401766188955667e-05
6.507353578449617479e-05,9.783523624300017956e-06
6.265994493352136045e-05,7.196680375905612604e-06
7.778237240601801902e-05,1.207664988475725659e-05
7.709969389216296835e-05,1.235944906112700981e-05
6.963913699598665960e-05,9.784222141647123025e-06
7.229394406051119638e-05,1.236021930147682309e-05
6.748254793665437107e-05,7.203798436416131409e-06
7.806514279731315063e-05,1.139392974918331710e-05
7.644999099948775201e-05,9.784806712965364825e-06
7.229380511881945345e-05,7.208828958683428246e-06
7.806512726623757951e-05,8.175707245063422701e-06
7.709963878437356996e-05,7.210131333712861931e-06
7.778234544601189205e-05,7.492950202300980104e-06
