Size 192,2
7.534294453149153808e-05,-1.292036555496523828e-05
7.559363146116293314e-05,-1.231512867557437811e-05
7.559358681418725499e-05,-9.461984448889496102e-06
7.534288753220351746e-05,-8.856719640748530147e-06
7.473772334359752992e-05,-1.317106472332535216e-05
7.360264732124622471e-05,-1.088855189880371147e-05
7.473764019765450489e-05,-8.606008440025554533e-06
7.047683952535038212e-05,-1.317135923668558820e-05
7.047670517505598344e-05,-8.605663469078165872e-06
6.812473650046032344e-05,-1.088850550476001606e-05
6.621507030481199596e-05,-1.317397036228496586e-05
6.621489496972726089e-05,-8.602740692424769699e-06
6.408212532908569260e-05,-1.088837674349542939e-05
6.194427287664153203e-05,-1.318153265528722750e-05
6.194398191352658864e-05,-8.594754219462819982e-06
5.980322047824380597e-05,-1.088820831939240453e-05
5.765345423051591731e-05,-1.319416273552218549e-05
5.765284654122608478e-05,-8.581738016173397999e-06
5.549877012976355955e-05,-1.088794261338669751e-05
5.333379110200311214e-05,-1.320924476084136570e-05
5.333290568957063969e-05,-8.566300818605816433e-06
5.116356253970238575e-05,-1.088761716617695828e-05
4.898474617996128873e-05,-1.322267617511637314e-05
4.898382238286000720e-05,-8.552693158151345555e-06
4.680166772280491925e-05,-1.088741574609009242e-05
4.461343590355991922e-05,-1.323164786384209153e-05
4.461281377147176356e-05,-8.543589690043956254e-06
4.242272800193412809e-05,-1.088736474050304835e-05
4.022993448559413480e-05,-1.323575962403355399e-05
4.022999557511733180e-05,-8.539445918172005129e-06
3.803673568672712743e-05,-1.088736702004970511e-05
3.584297036764529966e-05,-1.323633221069832738e-05
3.584359098538813165e-05,-8.538757522337301392e-06
3.365010363360510664e-05,-1.088752079241513972e-05
3.145789011071218857e-05,-1.323422547248441849e-05
3.145852231776602692e-05,-8.540748357945485492e-06
2.935572127319611648e-05,-1.088747284866524795e-05
2.725580371431128601e-05,-1.322975354899494481e-05
2.725598106436731365e-05,-8.545077672912718700e-06
2.568237259524772809e-05,-1.107011315086230723e-05
2.407897784269492030e-05,-1.322452355320928953e-05
2.407874278082866094e-05,-8.550260851215423855e-06
2.177208873654345390e-05,-1.321970577917592168e-05
2.222210853763074496e-05,-1.168361423433471862e-05
2.177176530407570526e-05,-8.553669231032865546e-06
2.009787879808672755e-05,-8.557284240306169173e-06
-3.472254699112946635e-06,-4.206508111553441238e-07
-3.541074806622730735e-06,-2.551321920596920987e-07
-3.540716852101035334e-06,3.613414085501225450e-07
-3.472255475914665711e-06,5.245611109695007658e-07
2.009752602830003118e-05,-1.321643250445454791e-05
1.857864304430533860e-05,-1.312704535426706763e-05
1.975902869918139641e-05,-1.030531115634608629e-05
1.858127701002759095e-05,-8.428249255786905142e-06
-3.307478368124401165e-06,-4.890952907543387102e-07
-3.141498923821499904e-06,1.870420423398533702e-07
-3.308908597947649391e-06,5.927147220779406842e-07
1.809699302385020880e-05,-1.169054648357378296e-05
1.708087579524272977e-05,-1.286548135303079506e-05
1.562441228628788845e-05,-1.243699826823389350e-05
1.764141194226350316e-05,-9.702373195702967805e-06
1.711391536579722603e-05,-8.038839703587970182e-06
-2.190700601263412429e-06,-5.073310959652510384e-07
-2.189842610726710612e-06,6.124097952124007246e-07
-1.611214881323628006e-06,5.251920268936607581e-08
1.422755451508171434e-05,-1.184584864362750625e-05
1.543400393376264277e-05,-1.092993046834075303e-05
1.594014190054793208e-05,-9.020434151471470362e-06
1.573899207402925423e-05,-7.401298682969428213e-06
-9.831431607164829644e-07,-6.116861876915801459e-07
-9.835512904186730436e-07,7.158751110043772829e-07
-2.687197265392078852e-07,5.166327464617232411e-08
1.290774876693624094e-05,-1.110132849239105852e-05
1.168249366246888064e-05,-1.021294509848853386e-05
1.416357218275654982e-05,-8.716617493305441286e-06
1.449773150464920083e-05,-6.535065685099790060e-06
5.517987916262614457e-07,-8.378252399758536551e-07
5.516180311271386030e-07,9.403573672178892355e-07
1.199237667332116708e-05,-8.820959333482870281e-06
1.056704598967229139e-05,-9.191645799404243956e-06
1.251601140536034971e-05,-7.227323782464257391e-06
1.342713324919858133e-05,-5.467773433229377432e-06
1.455745152066709548e-06,5.067142594834825617e-08
2.531410908443621005e-06,-1.164844889181344401e-06
2.529685364134778566e-06,1.267701915751044859e-06
9.574953953514316664e-06,-8.051702537822751603e-06
8.718789269860455240e-06,-6.807592337062506261e-06
8.006576651055977688e-06,-5.472177648545225910e-06
1.144565777776110569e-05,-5.774357198359779884e-06
1.255885940512418029e-05,-4.232885177390726632e-06
3.395761103140249802e-06,4.687754745711488497e-08
4.457815805432972286e-06,-1.487565005378137489e-06
4.457129979309940021e-06,1.601874493934078900e-06
9.437135835239110100e-06,-5.479496266221519039e-06
7.451303254895977340e-06,-4.059044528158704510e-06
6.229350612008344984e-06,-1.763992819242410523e-06
6.759638362610805277e-06,-2.032449581266612494e-06
7.058637946873143442e-06,-2.570248644233470902e-06
1.069022539139437689e-05,-4.048818331482034375e-06
1.192051358359265062e-05,-2.877330231409770017e-06
5.413130848463887743e-06,-1.777016462794672431e-07
6.190986646310920114e-06,1.841051411678544404e-06
8.437785831444987784e-06,-3.049511516054631125e-06
6.773800389376455199e-06,-9.537309869279947198e-07
7.402113241248033161e-06,-1.844693954263366663e-06
1.012927350444831439e-05,-2.453996320142068518e-06
1.154158890499471245e-05,-1.449135292987632303e-06
6.771776963366237228e-06,7.963358479785554774e-07
6.668051474272792569e-06,2.107384213381273827e-06
8.720677640746177147e-06,-6.258916591357037152e-07
1.143525212667336133e-05,1.175016275508915007e-08
1.167471722517055804e-05,1.491972651837845677e-06
7.788446049829707217e-06,1.739577012546867636e-06
6.936250148139768043e-06,2.696151327211045732e-06
7.247272489808856001e-06,4.356157342520413183e-06
1.015754221156028907e-05,1.654886809682091634e-06
7.754612316819415905e-06,6.032477706852131735e-06
1.223590266627193840e-05,3.008972064313304570e-06
8.717856463038837453e-06,4.392728938152829347e-06
1.095881195932288290e-05,4.522150982333658077e-06
8.500601490333379128e-06,7.661458853761151394e-06
1.312098081633558271e-05,4.525326713924549510e-06
1.245861678766256658e-05,6.080628862765640435e-06
1.081783627085536486e-05,7.080651149166057802e-06
9.454684721616372570e-06,9.279468265718132555e-06
1.066512150457542404e-05,1.083476835488572137e-05
1.434799690088574815e-05,5.961442044003504864e-06
1.350562429933584525e-05,7.898079812373972523e-06
1.250088853923153991e-05,1.023045024584720105e-05
1.206884736547594204e-05,1.230298100924187176e-05
1.587436804650408829e-05,7.262190124650117131e-06
1.542807353671757017e-05,1.023162924334664982e-05
1.369943326875081472e-05,1.361264045508983358e-05
1.555046560515346721e-05,1.477095794723574423e-05
1.756406511124456834e-05,1.575789880404783602e-05
1.771211203971327411e-05,1.088647334918382443e-05
1.768748373596866903e-05,8.368900396923678196e-06
1.725077619992354864e-05,1.345773317488726720e-05
1.974905224571475333e-05,1.649431623650848469e-05
2.206794594637768997e-05,1.699772375943329230e-05
1.958362841020014323e-05,1.145367285802103155e-05
1.976621285249846130e-05,9.178061753449045111e-06
2.446226048056676688e-05,1.722692135322953071e-05
2.175224967376291406e-05,1.362431515607439625e-05
2.203948241959239910e-05,9.643479225401094241e-06
2.498263831232093015e-05,1.400207547723063694e-05
2.719525139232325506e-05,1.733599820892023859e-05
2.443206715091099398e-05,9.761777609739864494e-06
3.104714300292221003e-05,1.744530775437674801e-05
2.796130667693920996e-05,1.214111936884905021e-05
2.718929495618580154e-05,9.654350875067073198e-06
3.655932601092481943e-05,1.761238625392959084e-05
3.378428290760299786e-05,1.317530708171088473e-05
3.105007021635601365e-05,9.514642040991436354e-06
4.414226881144614375e-05,1.779102472964532965e-05
4.030052523592267042e-05,1.348965350674530969e-05
3.656043962482238808e-05,9.356036079065396010e-06
5.233296737214432342e-05,1.794020986759480696e-05
4.819214577038392487e-05,1.348968011976810152e-05
4.414240705227692046e-05,9.186477544060722006e-06
6.077208156476415931e-05,1.806362905395006983e-05
5.651409532995679336e-05,1.349077092837663242e-05
5.233259899544096878e-05,9.040179151103479196e-06
6.941681091918256645e-05,1.816379580701639367e-05
6.506328851851932117e-05,1.349177868331845306e-05
6.077169450989613109e-05,8.918885830162443887e-06
7.822599718398258104e-05,1.824293286870485304e-05
7.379687413253280617e-05,1.349255958668947967e-05
6.941653935364449734e-05,8.820492405537336481e-06
8.716220390879382465e-05,1.830294577929992406e-05
8.267560409233538953e-05,1.349324222201063354e-05
7.822581031076623046e-05,8.742887815629703908e-06
9.619210270087326744e-05,1.834605347435825935e-05
9.166390972518412002e-05,1.349360744394788055e-05
8.716216500217321007e-05,8.684053494406319658e-06
1.052873946460267785e-04,1.837508496347751676e-05
1.007308050291107893e-04,1.349368993057417121e-05
9.619207415982442997e-05,8.641383329625785352e-06
1.144242456094320310e-04,1.839250648622193333e-05
1.098505654072614972e-04,1.349364717852009909e-05
1.052873217725075342e-04,8.612278364934586062e-06
1.340520406778744091e-04,1.786320129924704147e-05
1.327503519856369546e-04,1.840233310986755794e-05
1.185249427342565233e-04,1.349354077223823876e-05
1.235837971506462726e-04,1.840065216591164703e-05
1.144242730510375511e-04,8.594642891038100068e-06
1.345912247222312607e-04,1.656158325013765638e-05
1.315106861128546205e-04,1.349341772096329602e-05
1.235838543203157159e-04,8.586307087849891939e-06
1.345912642989168580e-04,1.042522985184149644e-05
1.327504013467880261e-04,8.584486897573821560e-06
1.340520846273046045e-04,9.123615766021905967e-06
