Size 192,2
8.167297741199366706e-05,-1.369099885799229768e-05
8.195118198934438626e-05,-1.301934495630102369e-05
8.195119206015943133e-05,-9.853346273127527372e-06
8.167300122844504159e-05,-9.181756680135052943e-06
8.100133113973094392e-05,-1.396921116849710996e-05
7.974167634589338863e-05,-1.143637853070226500e-05
8.100139637404307736e-05,-8.903577026119061560e-06
7.627224566494337544e-05,-1.396947754190492129e-05
7.627246507484958043e-05,-8.903835328578896648e-06
7.366185184225101891e-05,-1.143691768147566555e-05
7.154399691967703440e-05,-1.396960061032661795e-05
7.154412088281724292e-05,-8.904797955840287340e-06
6.917988983281419960e-05,-1.143758157124868775e-05
6.681652712701372909e-05,-1.396979690094766029e-05
6.681666170751795412e-05,-8.906388302680849419e-06
6.445301214025974583e-05,-1.143856771252401421e-05
6.209040627726886347e-05,-1.397023483665340401e-05
6.209079119020174356e-05,-8.908425703967584239e-06
5.972794577767426857e-05,-1.143992667101713571e-05
5.736641921388499981e-05,-1.397063102981432088e-05
5.736719280521478158e-05,-8.911068460343142840e-06
5.500549910683774732e-05,-1.144160057115393418e-05
5.264435736816000012e-05,-1.397255205733546137e-05
5.264531141446155489e-05,-8.912512852773322699e-06
5.028358553871756887e-05,-1.144346353284835777e-05
4.792006325065735175e-05,-1.397804251384339853e-05
4.792093941201608766e-05,-8.910592444616647592e-06
4.555545929481654170e-05,-1.144530535746324420e-05
4.318501539910293943e-05,-1.398764556132630601e-05
4.318558739504931558e-05,-8.904505216257793958e-06
4.081173571523907605e-05,-1.144699999288487480e-05
3.843103830503102056e-05,-1.399936532926678496e-05
3.843115740346827574e-05,-8.895936650917132964e-06
3.604671014685047713e-05,-1.144850780524819166e-05
3.365618321939451487e-05,-1.400970956751871913e-05
3.365598798263328160e-05,-8.888649130009159850e-06
3.135983414404350635e-05,-1.144975423936345651e-05
2.906132571010076833e-05,-1.401385562447206899e-05
2.906098773142102340e-05,-8.887200737294616521e-06
2.733725924306235649e-05,-1.165070647980665616e-05
2.557890077656848306e-05,-1.401108147349974734e-05
2.557871306173279980e-05,-8.892063193075754133e-06
2.305005992036400400e-05,-1.400429904697359242e-05
2.354247582680566014e-05,-1.232336380903633850e-05
2.304949759758876307e-05,-8.897872880573830788e-06
2.121592614886164512e-05,-8.905588698357731867e-06
-3.574309446217183891e-06,-3.648367716193230845e-07
-3.644515555543653482e-06,-1.960101243734935063e-07
-3.644103039842800416e-06,4.328799494976285438e-07
-3.574237112491950345e-06,5.994015897397159648e-07
2.121530774955239003e-05,-1.399774080405282101e-05
1.955475344739493140e-05,-1.389637463311354163e-05
2.084329598734228510e-05,-1.081613216985575124e-05
1.955524591752331220e-05,-8.770432814234358502e-06
-3.406242280479588518e-06,-4.346274801801415001e-07
-3.236999574251978357e-06,2.552204833070025225e-07
-3.407580523128408887e-06,6.690040164440477365e-07
1.902684248892230501e-05,-1.232675467500563731e-05
1.792103048424246325e-05,-1.360489365696007355e-05
1.633663013758677440e-05,-1.313261443100462458e-05
1.852784895567381694e-05,-1.016078365137032478e-05
1.795224251047824505e-05,-8.355278094031994782e-06
-2.267603237637628078e-06,-4.527669059510238107e-07
-2.266333430626359841e-06,6.906098294341423727e-07
-1.675632253140210949e-06,1.197525281716574029e-07
1.482452215944709504e-05,-1.248232108006066633e-05
1.612704578306596405e-05,-1.149225587117101148e-05
1.667523659327696124e-05,-9.421980949671609871e-06
1.645415522380659203e-05,-7.675631507516371491e-06
-1.033534442065469861e-06,-5.597122187938121461e-07
-1.033210794411221466e-06,8.005741121392785955e-07
-3.006925653250237621e-07,1.212134193269467497e-07
1.339970631838549491e-05,-1.166888119421141642e-05
1.208554803274473796e-05,-1.070458960836745090e-05
1.475016419647665082e-05,-9.094166327929942685e-06
1.510574087119178328e-05,-6.751958101379297388e-06
5.418322967467475212e-07,-7.924000360389660036e-07
5.424596452343304316e-07,1.036686742018279118e-06
1.241739827940542227e-05,-9.203563490704495700e-06
1.089785100755026239e-05,-9.599577550869517909e-06
1.297542334210233055e-05,-7.495958791521906985e-06
1.394635244061211371e-05,-5.619745333664500494e-06
1.472495191991579446e-06,1.228260313800109002e-07
2.580580133906145414e-06,-1.128958649646324826e-06
2.579487848138211214e-06,1.378800157139217566e-06
9.844939230635868239e-06,-8.373210706590578708e-06
8.946664866107194202e-06,-7.047708536121187471e-06
8.207902832581172930e-06,-5.630349313027413121e-06
1.183296236133000592e-05,-5.947434861407822803e-06
1.300890919421381078e-05,-4.318909979359419104e-06
3.472075885996712405e-06,1.209640817755771152e-07
4.567920281552551895e-06,-1.461642970610426077e-06
4.568065026803488166e-06,1.727115811215274080e-06
9.708915925870298801e-06,-5.635433834431924112e-06
7.635219324037623910e-06,-4.141139265508159275e-06
6.393375203031623554e-06,-1.746105099341012784e-06
6.937214582855270347e-06,-2.023971360015899968e-06
7.240605724569096645e-06,-2.582860679696153995e-06
1.102935373687643062e-05,-4.126085785312213565e-06
1.231800021227468599e-05,-2.900281264522252782e-06
5.554223630193043540e-06,-1.095203391510136689e-07
6.362661394161893844e-06,1.976760728889978068e-06
8.670735258070653184e-06,-3.080115559351025448e-06
6.955943420005528723e-06,-9.084087251855263147e-07
7.600630617910650324e-06,-1.829008158669645540e-06
1.043794838262216857e-05,-2.458255043779185088e-06
1.190338510510045885e-05,-1.415870515009512551e-06
6.961123150256379566e-06,8.993851968573303262e-07
6.859650198818690929e-06,2.251877826497413130e-06
8.970802592028067097e-06,-5.620582440220054142e-07
1.178068874394684314e-05,9.593461732294725135e-08
1.201023433613959256e-05,1.620156336025106871e-06
8.015255284087584206e-06,1.875218405609791318e-06
7.140753403851351912e-06,2.856499085203356575e-06
7.469150105594592724e-06,4.554787533841146474e-06
1.045208212547999802e-05,1.792437824900657091e-06
7.997688370283834440e-06,6.260773304430218184e-06
1.257116076984226702e-05,3.179289749572098942e-06
8.977009112432531235e-06,4.594933360945793320e-06
1.126460764106997570e-05,4.726254176450497617e-06
8.763786758416544003e-06,7.914755781607298499e-06
1.346076494071208220e-05,4.728944768550800462e-06
1.278472058834290806e-05,6.311441910590014380e-06
1.112074251707323453e-05,7.326483160453195633e-06
9.738838337966094740e-06,9.550514889394494148e-06
1.096737130590166298e-05,1.111789822640370947e-05
1.469405769391478564e-05,6.191871046272377168e-06
1.384132174663509582e-05,8.152391640937205777e-06
1.282561412823998823e-05,1.050721778392908226e-05
1.238924992816798756e-05,1.259366434329917304e-05
1.622838512666565351e-05,7.512009287595245362e-06
1.577722688363483988e-05,1.050635180958902661e-05
1.403495844171280681e-05,1.390842661738586416e-05
1.589794689833742611e-05,1.506845577352774662e-05
1.792205341156706864e-05,1.605429092951398911e-05
1.807289516503413155e-05,1.116469148805695074e-05
1.804932924518455855e-05,8.631483972373591668e-06
1.760908536958568206e-05,1.374772815670189530e-05
2.011435060673863966e-05,1.678916603532599910e-05
2.243859903344744343e-05,1.728967349853941941e-05
1.995100176866734478e-05,1.173463792655261784e-05
2.013416416942416298e-05,9.449834053259045016e-06
2.483673771052470085e-05,1.751566667847018831e-05
2.212455975783052462e-05,1.391074168839200356e-05
2.241195665791044405e-05,9.921518992325185340e-06
2.535838195231568910e-05,1.428797917718085297e-05
2.757071386665677521e-05,1.762085475804890062e-05
2.480781747216152469e-05,1.004293053981454833e-05
3.142108170822336077e-05,1.772624464644561828e-05
2.833784336589562346e-05,1.242619253534815622e-05
2.756496444800081075e-05,9.938737232974575550e-06
3.692462907091174993e-05,1.788703062334906803e-05
3.415531135876231407e-05,1.345968130849417048e-05
3.142388298059226877e-05,9.802909065207388335e-06
4.448486872425684704e-05,1.805714659328360719e-05
4.065663554484445189e-05,1.377301446803027938e-05
3.692558895579470664e-05,9.648930016616606630e-06
5.263661289951727332e-05,1.819573032046138138e-05
4.851835214493951579e-05,1.377243946463789592e-05
4.448504181696143851e-05,9.486388540345788354e-06
6.101527882388894925e-05,1.830622192451445443e-05
5.679167144239675779e-05,1.377303005772450812e-05
5.263633476047687554e-05,9.349605945083768266e-06
6.957365655368758959e-05,1.839235028416610649e-05
6.526784763588503564e-05,1.377371496244483185e-05
6.101504289792852718e-05,9.240537837026593248e-06
7.826988816971623220e-05,1.845792653956913811e-05
7.390157838876076414e-05,1.377453873457622392e-05
6.957340609981254318e-05,9.155864242942931866e-06
8.706848996316677322e-05,1.850564844132796287e-05
8.265460394644535665e-05,1.377533341279684172e-05
7.826971125124859046e-05,9.091899256346798992e-06
9.593870024144253710e-05,1.853808948651124007e-05
9.149367623859086724e-05,1.377605083767533215e-05
8.706825176566288351e-05,9.045778269612581547e-06
1.048544913681402776e-04,1.855770281278122086e-05
1.003907299874472593e-04,1.377670194140908802e-05
9.593837479469753096e-05,9.014674576267074098e-06
1.137943988484432339e-04,1.856736506202450465e-05
1.093217773644895033e-04,1.377713202603603756e-05
1.048543162922824001e-04,8.996191730645125505e-06
1.329649250533902077e-04,1.804456704560557497e-05
1.316938531912820024e-04,1.857106323971879227e-05
1.178024135371409810e-04,1.377733307753670784e-05
1.227437427699848416e-04,1.857067309746512448e-05
1.137943447695710891e-04,8.987118997261590969e-06
1.334914199813933445e-04,1.677349460831553706e-05
1.304836475389227143e-04,1.377750535836142215e-05
1.227437139735346454e-04,8.984191096534450884e-06
1.334914136712014735e-04,1.078152083158904269e-05
1.316938408923835034e-04,8.983942776366178089e-06
1.329649168747668476e-04,9.510442485575944593e-06
