Size 192,2
-4.843900350419411529e-05,8.244845497529420584e-06
-4.861260009341330341e-05,7.825878806905056708e-06
-4.861274066456348924e-05,5.850551626083688560e-06
-4.843915135367449524e-05,5.431549276247067681e-06
-4.801994339469109040e-05,8.418368840431060350e-06
-4.723378486965967523e-05,6.838217078736105862e-06
-4.802008280499727230e-05,5.258007311975265521e-06
-4.506899490863948502e-05,8.417143771751954258e-06
-4.506904363527483505e-05,5.259076553328351623e-06
-4.344102539016951294e-05,6.838106182340512743e-06
-4.212264413647594328e-05,8.412096943985906462e-06
-4.212254523843126205e-05,5.263772635615522167e-06
-4.065312431838478160e-05,6.837955908895258073e-06
-3.918941521220762735e-05,8.402761359087436197e-06
-3.918926834401150833e-05,5.272922727077432274e-06
-3.772949827825985031e-05,6.837775048653929874e-06
-3.627737255670153822e-05,8.389933855654444351e-06
-3.627768352235193723e-05,5.285710754507970638e-06
-3.483071366518987515e-05,6.837758009713860339e-06
-3.339250434393642734e-05,8.375332842289327404e-06
-3.339277394300792218e-05,5.300109374801306505e-06
-3.195996000628796216e-05,6.837731467139838885e-06
-3.053615093044728554e-05,8.360880755129664261e-06
-3.053605987371999598e-05,5.314496194636739297e-06
-2.911695419269865726e-05,6.837697605733291964e-06
-2.770615298949977357e-05,8.347724569967095002e-06
-2.770590964518911904e-05,5.327435213982127672e-06
-2.629890948319808425e-05,6.837461978350805582e-06
-2.489858127356629920e-05,8.336735044851055308e-06
-2.489850691401205245e-05,5.337764508384202665e-06
-2.350099993465964548e-05,6.837127824382816825e-06
-2.210827762290552235e-05,8.328563632205351677e-06
-2.210823799806892426e-05,5.344881127724097231e-06
-2.071742598564985276e-05,6.836520239416881601e-06
-1.932940947398873046e-05,8.323384816901852691e-06
-1.932914972169836129e-05,5.348705206115050543e-06
-1.799779083775634238e-05,6.835667818182786729e-06
-1.666724963966024315e-05,8.320530493271596637e-06
-1.666689653497470025e-05,5.350132404148628921e-06
-1.566920841737139957e-05,6.950825318395755129e-06
-1.465112264290814889e-05,8.317787843323638856e-06
-1.465078424692691600e-05,5.351721553225862695e-06
-1.318605861391795624e-05,8.313619383086604903e-06
-1.347145494512434533e-05,7.339468541204014566e-06
-1.318511749569271182e-05,5.353660261389974642e-06
-1.212171801548367968e-05,5.357199561643455067e-06
2.022893491033948593e-06,4.703436509383792241e-07
2.062805545404150832e-06,3.742717481082811619e-07
2.062559373142860011e-06,1.679611869554014664e-08
2.022868770429927394e-06,-7.778313365016165376e-08
-1.212220874279982474e-05,8.309482991474800555e-06
-1.115888810537899425e-05,8.250193211296273757e-06
-1.190591489293828130e-05,6.464820034118399920e-06
-1.115816627001458590e-05,5.278266533347688785e-06
1.927274034436314924e-06,5.101225287817424595e-07
1.831114193802761347e-06,1.180905126116415102e-07
1.928200250921538258e-06,-1.171948219851201600e-07
-1.085243103360047847e-05,7.339765888911427295e-06
-1.021145258587811803e-05,8.080338096062091407e-06
-9.292790493381702184e-06,7.805354838588495327e-06
-1.056227505905350953e-05,6.084066473765432911e-06
-1.022795159702030742e-05,5.037755266904334310e-06
1.279681276987224157e-06,5.213050165274844477e-07
1.279360163225517226e-06,-1.281564182236397603e-07
9.436132828997351894e-07,1.967744169461985215e-07
-8.417448404115768134e-06,7.426825839314604143e-06
-9.170797040982375041e-06,6.854170730900210389e-06
-9.487760883629657729e-06,5.655392480020469322e-06
-9.358796455396572810e-06,4.645149323698189022e-06
5.791703710114712480e-07,5.823429468694961069e-07
5.793806198188049517e-07,-1.881825444630639641e-07
1.644922030875681819e-07,1.973704407309725800e-07
-7.593201875227498350e-06,6.953877721901916871e-06
-6.834748803469310541e-06,6.394329014950267974e-06
-8.372903751547536993e-06,5.464771326036038846e-06
-8.576918459357747897e-06,4.112274691768743584e-06
-3.119964837552324049e-07,7.141344769066053968e-07
-3.118296314406333074e-07,-3.187524476319327962e-07
-7.025996667899247474e-06,5.526146497726776206e-06
-6.151847671411372498e-06,5.753889522907533104e-06
-7.346690684178627374e-06,4.541090669093706784e-06
-7.904823742696103582e-06,3.460942971513983296e-06
-8.371326755245675521e-07,1.981570482693515085e-07
-1.462352807119526493e-06,9.046395641178392628e-07
-1.461176399913397898e-06,-5.089382850436431368e-07
-5.547435582840345765e-06,5.044289112762923027e-06
-5.035038848881607525e-06,4.280918261153945723e-06
-4.617159293055729748e-06,3.466596824551278158e-06
-6.688593226130533279e-06,3.648805811098420694e-06
-7.361310352522670579e-06,2.715570113410576559e-06
-1.964703977143408539e-06,2.007445941058366591e-07
-2.582100623122031670e-06,1.092281654000016784e-06
-2.581889203103867959e-06,-7.030489580742010566e-07
-5.472488592848086475e-06,3.468807181751833897e-06
-4.294885218706874099e-06,2.613934429818333281e-06
-3.607066606852749085e-06,1.252073898127438244e-06
-3.910633138963660086e-06,1.409019908676592115e-06
-4.078246184889243995e-06,1.725926008647046955e-06
-6.226177708204375307e-06,2.604615411296952085e-06
-6.959035169187695495e-06,1.906500492320489067e-06
-3.137289374950670191e-06,3.316002961815601290e-07
-3.595186109838142716e-06,-8.422449607133257222e-07
-4.885308470910982311e-06,2.007583757470885419e-06
-3.923629802147405239e-06,7.801755880007230735e-07
-4.283462224432448354e-06,1.298838670804150470e-06
-5.887797789413578349e-06,1.654298642938685864e-06
-6.714330123895883383e-06,1.064767912509565513e-06
-3.931049537229306801e-06,-2.367941840097803736e-07
-3.877973636879224061e-06,-9.960446189845931497e-07
-5.057353026689685273e-06,5.812884607767790929e-07
-6.637845478852402512e-06,2.117736315475470440e-07
-6.754935647579645545e-06,-6.424787746988127358e-07
-4.525922845479605210e-06,-7.860158481991081902e-07
-4.038949835903814677e-06,-1.332382954616628278e-06
-4.229269814796990537e-06,-2.273530105771657776e-06
-5.886615379093489236e-06,-7.422088034831824529e-07
-4.529957344542970241e-06,-3.211841014371294158e-06
-7.056217278140837528e-06,-1.512978200289993450e-06
-5.067694552795930946e-06,-2.297967090666421920e-06
-6.331986102886285604e-06,-2.370049571847181710e-06
-4.957154416212888576e-06,-4.118542261100422031e-06
-7.536785695176426672e-06,-2.371218282357437622e-06
-7.163224734334099040e-06,-3.241436784421675051e-06
-6.252633806517798111e-06,-3.797437603674395757e-06
-5.496914968747209189e-06,-5.009314228286403007e-06
-6.169752813597157832e-06,-5.858684918905639205e-06
-8.202214587213331687e-06,-3.177106803465426654e-06
-7.736807592717783971e-06,-4.246716858330952174e-06
-7.183501103204125835e-06,-5.526345375012091278e-06
-6.946121607048842888e-06,-6.655287577977691781e-06
-9.029969099459925100e-06,-3.899925240785802418e-06
-8.783994382830095932e-06,-5.523876458451228537e-06
-7.839577181388923221e-06,-7.363647346472579705e-06
-8.846849106535283091e-06,-7.986573862513943336e-06
-9.939744613658025847e-06,-8.514712438176777040e-06
-1.002268500547797763e-05,-5.879069162205595979e-06
-1.001120714434979882e-05,-4.509480917747790228e-06
-9.772097278855827347e-06,-7.272793126029362299e-06
-1.112045054970205792e-05,-8.908193009307070672e-06
-1.237107444492038437e-05,-9.175626626089185473e-06
-1.103404613856432809e-05,-6.186424071979796403e-06
-1.113294056676224298e-05,-4.954377411394780732e-06
-1.366057274879061965e-05,-9.295742376578994645e-06
-1.220318975537264252e-05,-7.357931169840827778e-06
-1.235784191819743098e-05,-5.210724023242902306e-06
-1.394130910665938088e-05,-7.560108410711186287e-06
-1.512980597868021981e-05,-9.351145661250916217e-06
-1.364583845850733994e-05,-5.276949924648822661e-06
-1.719859641319295196e-05,-9.406846084544044358e-06
-1.554251428344379792e-05,-6.558713942704675035e-06
-1.512714419817089991e-05,-5.221607109089590216e-06
-2.015509676156957116e-05,-9.492794171719101445e-06
-1.866763976296142118e-05,-7.113592190735446313e-06
-1.720049966408232435e-05,-5.148821518971719656e-06
-2.421847885593276151e-05,-9.586148544601992582e-06
-2.216036093513809507e-05,-7.281299232811090618e-06
-2.015601774806155666e-05,-5.065281992800980955e-06
-2.860776163208297586e-05,-9.666652795169115311e-06
-2.638839525101414744e-05,-7.280415465772143674e-06
-2.421879288421534978e-05,-4.974548897238502668e-06
-3.313549168408275820e-05,-9.736010990342118188e-06
-3.084985447016178354e-05,-7.280361413603872971e-06
-2.860775436033982831e-05,-4.894026636256004402e-06
-3.778237358267329911e-05,-9.794093159197034501e-06
-3.544068478752295068e-05,-7.280431025097850931e-06
-3.313545453952478027e-05,-4.824779960963761812e-06
-4.252668012913854748e-05,-9.840433280424641617e-06
-4.014003765480437619e-05,-7.280387496745209590e-06
-3.778238837544591034e-05,-4.766749729068407976e-06
-4.734677547535510382e-05,-9.875900807734673849e-06
-4.492571007987647733e-05,-7.280230661082113417e-06
-4.252674348175998194e-05,-4.720190687263734641e-06
-5.222349739959958098e-05,-9.902158331769811888e-06
-4.977702893835927854e-05,-7.280108340655457123e-06
-4.734681257267633111e-05,-4.684429099535245400e-06
-5.714138755623391150e-05,-9.920950438500610410e-06
-5.467662560703693522e-05,-7.280017710237119086e-06
-5.222352125810067968e-05,-4.657968205819837988e-06
-6.208795925691235063e-05,-9.933446704913688149e-06
-5.961084884880058291e-05,-7.279914707854465290e-06
-5.714142883829672199e-05,-4.638978432915677003e-06
-7.272877596359502708e-05,-9.649451498131804818e-06
-7.202294590372860389e-05,-9.941770927643883463e-06
-6.430971929899078265e-05,-7.279886128999711520e-06
-6.705213351423542842e-05,-9.940180962695257670e-06
-6.208797039073267032e-05,-4.626337078222671517e-06
-7.302114628536742304e-05,-8.943689824343049145e-06
-7.135058977322821959e-05,-7.279977585160306145e-06
-6.705210040442433875e-05,-4.619656538225299432e-06
-7.302114085646369077e-05,-5.616274830594978265e-06
-7.202293064745646039e-05,-4.618180005341302916e-06
-7.272876765621032614e-05,-4.910504243531960485e-06
