Size 192,2
8.554513238224949884e-05,-1.316736995359833061e-05
8.584596055306479775e-05,-1.244110649088960972e-05
8.584553088552280067e-05,-9.017347001471271949e-06
8.554464776642569659e-05,-8.291051114137442559e-06
8.481885113965518868e-05,-1.346818917052601038e-05
8.345631883982873394e-05,-1.072915386352318657e-05
8.481829389083296155e-05,-7.990218947567820793e-06
7.970526370869638298e-05,-1.346772973160573210e-05
7.970459306427392734e-05,-7.990679481836666110e-06
7.688262041713165055e-05,-1.072936529684321328e-05
7.459366615524760436e-05,-1.346730146703233731e-05
7.459291008869064067e-05,-7.991617448159763585e-06
7.203789051739635681e-05,-1.072932895251164508e-05
6.948267308328020229e-05,-1.346779973224317164e-05
6.948239573108971239e-05,-7.991120771882158228e-06
6.692629091854128051e-05,-1.072961905920749972e-05
6.436938646247400821e-05,-1.346998941135914156e-05
6.436878743837557673e-05,-7.989679615222221833e-06
6.181046867357798042e-05,-1.073015166593926688e-05
5.925081646134033929e-05,-1.347292567962693046e-05
5.924994341814957899e-05,-7.988005510334615585e-06
5.668905885460190239e-05,-1.073081868974297088e-05
5.412798849314027252e-05,-1.347392686712329922e-05
5.412717062356434816e-05,-7.988521485629324041e-06
5.156602912920880451e-05,-1.073152202568905647e-05
4.900737017558595129e-05,-1.347061820026886709e-05
4.900713679282937661e-05,-7.993665246474478784e-06
4.644996953744800155e-05,-1.073245704577716722e-05
4.389917255073041210e-05,-1.346160698887367249e-05
4.389952461897329817e-05,-8.004673808714436351e-06
4.135235469210140025e-05,-1.073352723449114118e-05
3.881564356694841062e-05,-1.344615637467318752e-05
3.881647826089788079e-05,-8.022319749696460773e-06
3.628563446006571153e-05,-1.073470782617120158e-05
3.376948684669316933e-05,-1.342353104065169385e-05
3.377034402052391112e-05,-8.047532947150140621e-06
3.136349135473185621e-05,-1.073588597324540560e-05
2.897444637051723327e-05,-1.339459786210478107e-05
2.897515975953554614e-05,-8.080657822218933537e-06
2.718920325708851148e-05,-1.094320684049954185e-05
2.538462403169585414e-05,-1.336545493772585778e-05
2.538448666093409535e-05,-8.113058125477297895e-06
2.280154532764182558e-05,-1.333890753901657455e-05
2.329839909111621946e-05,-1.162917733861861964e-05
2.280064887017368866e-05,-8.134740187419173312e-06
2.093950741127256917e-05,-8.158154412071139222e-06
-3.509823305170646635e-06,1.727914531915467112e-07
-3.578983098041767034e-06,3.388732898287444298e-07
-3.578694586190437767e-06,9.583782887184423541e-07
-3.509846723752821308e-06,1.122589856564887652e-06
2.093693081267267777e-05,-1.331981241089602179e-05
1.926079943474145003e-05,-1.320680016798954432e-05
2.055593329963247842e-05,-1.009563655898304972e-05
1.925750179754086560e-05,-8.036721695585734391e-06
-3.344411848550259180e-06,1.042611226959872947e-07
-3.177419008039860293e-06,7.838651920388351570e-07
-3.345526990848646817e-06,1.191404792018696724e-06
1.872471894536139006e-05,-1.161901174087279871e-05
1.761728722243954858e-05,-1.290073742233247357e-05
1.603226504072943008e-05,-1.241877200394017416e-05
1.822200762174007110e-05,-9.439567302451399509e-06
1.764611571629198683e-05,-7.635245759354795681e-06
-2.222260485134012902e-06,8.806609951668521850e-08
-2.220677258791542187e-06,1.213446344518940323e-06
-1.639599063712838609e-06,6.521510527581485698e-07
1.452658390094683080e-05,-1.175864335085920426e-05
1.582023533179654820e-05,-1.077264244068493265e-05
1.636853134518398038e-05,-8.704396607512082361e-06
1.614792816458073945e-05,-6.970569281138183758e-06
-1.008800954673128454e-06,-1.420217149950262337e-08
-1.008128357411761123e-06,1.321052105297471142e-06
-2.896641531707568044e-07,6.548439650694936429e-07
1.311306519388083138e-05,-1.094208174721665301e-05
1.181613446396899003e-05,-9.980320389080042209e-06
1.445267323349980144e-05,-8.380910104378665976e-06
1.480559581265792164e-05,-6.062919146165766680e-06
5.355728558381951156e-07,-2.388342629205599373e-07
5.365936307786891956e-07,1.551781694811220176e-06
1.214503274932461932e-05,-8.489736672842713340e-06
1.064781758221554657e-05,-8.881126384024282287e-06
1.269706925739718277e-05,-6.801490093708482470e-06
1.365602239996317708e-05,-4.951771006253900488e-06
1.446503786030674251e-06,6.578520457286825239e-07
2.529839176243356089e-06,-5.652056259453047322e-07
2.529256586391776384e-06,1.886644919457091233e-06
9.613984453986746816e-06,-7.667451156066842040e-06
8.736201743704559008e-06,-6.361993633902424155e-06
8.016274579023383213e-06,-4.967773416495730503e-06
1.157295469450412623e-05,-5.276787163860476363e-06
1.272936930458369387e-05,-3.676984880767443516e-06
3.401590059090858905e-06,6.574600332121035347e-07
4.471791665314697992e-06,-8.878873142097990918e-07
4.472768060938618754e-06,2.227696782981583121e-06
9.486679944219318257e-06,-4.971570780876332094e-06
7.459079127180148307e-06,-3.506778718238746950e-06
6.253647323940319619e-06,-1.163609730529647692e-06
6.783390766347951706e-06,-1.434507138959613201e-06
7.077756041957348310e-06,-1.980608048092289016e-06
1.078377831184040892e-05,-3.489264050096314871e-06
1.204703816419621600e-05,-2.288382314019061614e-06
5.435605788472932720e-06,4.337423467921210767e-07
6.227055774299257520e-06,2.472724131001275664e-06
8.474341466656947508e-06,-2.466149808891124647e-06
6.803167276568865445e-06,-3.450392697622217814e-07
7.430760932737016305e-06,-1.243579510800868849e-06
1.020469175021728241e-05,-1.856467422509359364e-06
1.163728641233497082e-05,-8.372323389882732536e-07
6.810991294669458909e-06,1.420736728925954439e-06
6.714136107732667850e-06,2.741743532800866991e-06
8.770814920432987857e-06,-3.712392721506544005e-09
1.151526113135832990e-05,6.398955685507895492e-07
1.173509792343233311e-05,2.127914295892580731e-06
7.842129057226770737e-06,2.375154310936697950e-06
6.990482797229876682e-06,3.331539550030742950e-06
7.315484751298612089e-06,4.985273633387619967e-06
1.021701565968687248e-05,2.297119526493566409e-06
7.835686676840152235e-06,6.640508115040049512e-06
1.227666753446463557e-05,3.649944882532021347e-06
8.784223503883316372e-06,5.026221385434901668e-06
1.100669380418765928e-05,5.155434072247321493e-06
8.584696692941182791e-06,8.243417902705081727e-06
1.313420168341905328e-05,5.159380012346899820e-06
1.247808937122407123e-05,6.694986099165012112e-06
1.086966903609722604e-05,7.676093653384280033e-06
9.534519169330322856e-06,9.821763650679327825e-06
1.072524094147612950e-05,1.132976177174328989e-05
1.431902337674638312e-05,6.582344048341070705e-06
1.349713426942373292e-05,8.475692330866865307e-06
1.251975109157426092e-05,1.074214919697428883e-05
1.210013348188381980e-05,1.274273934886943781e-05
1.578973988306319346e-05,7.863792842715575202e-06
1.535710066985773319e-05,1.074162325599780224e-05
1.368542505574368499e-05,1.399892454273449552e-05
1.547179249487065576e-05,1.510188805721763873e-05
1.740730713359073403e-05,1.603271677249218130e-05
1.755251421865405067e-05,1.137372115826014747e-05
1.753009732698363048e-05,8.947400885691241370e-06
1.711125858890569600e-05,1.383903310029961523e-05
1.949620706068111569e-05,1.672466280367853353e-05
2.170279386687250784e-05,1.719098736222640929e-05
1.934290039017060668e-05,1.192018647958977507e-05
1.951565935210360835e-05,9.741365754883798088e-06
2.397549815947972476e-05,1.739733875327489833e-05
2.140953634274935191e-05,1.398945009824298971e-05
2.167921215145931000e-05,1.020358396942160535e-05
2.447045919642850249e-05,1.434622423683201357e-05
2.655697583993954942e-05,1.748735828168076570e-05
2.394992771436759067e-05,1.032842672837890203e-05
3.018374159913337907e-05,1.757758125760384825e-05
2.728372857150605281e-05,1.259027732908968703e-05
2.655146734456915525e-05,1.024149237718166389e-05
3.534487604841321371e-05,1.771399312104506477e-05
3.275253226689788221e-05,1.356741360957755241e-05
3.018550516209917651e-05,1.012905278366257169e-05
4.240258883076373478e-05,1.785857125229704673e-05
3.883348157317039856e-05,1.386388962046800982e-05
3.534520438146904588e-05,1.000290337622489142e-05
4.998588279607863951e-05,1.797920777858889182e-05
4.615784263979163426e-05,1.386601834145919968e-05
4.240197135939928361e-05,9.869843989493381597e-06
5.776642383749785602e-05,1.807989282966687881e-05
5.384508240672031303e-05,1.386894800908889725e-05
4.998482114365691018e-05,9.755734541801240099e-06
6.571282329677287544e-05,1.816277752484419473e-05
6.171405652409058288e-05,1.387165335018884268e-05
5.776550900110759290e-05,9.660734645785705108e-06
7.379301873841453681e-05,1.822826705570707606e-05
6.973283774427072588e-05,1.387379634361676875e-05
6.571223509055831836e-05,9.582757603907404812e-06
8.197639837351791909e-05,1.827753140728786163e-05
7.786963897601605609e-05,1.387529448760010078e-05
7.379266773538269402e-05,9.520893807813849436e-06
9.023545692494199411e-05,1.831268150413845839e-05
8.609521110682476501e-05,1.387614691079351839e-05
8.197620602311796113e-05,9.474002238295933106e-06
9.854681949358209893e-05,1.833650886619094694e-05
9.438392240657724743e-05,1.387659435342725231e-05
9.023530454275331257e-05,9.440094160219963059e-06
1.068923349488161255e-04,1.835152439511521940e-05
1.027150900762130578e-04,1.387683893267605177e-05
9.854674563263809950e-05,9.416905004272757676e-06
1.248198893671245138e-04,1.786885201396623803e-05
1.236308487768904675e-04,1.836130808670536051e-05
1.106374387687934790e-04,1.387702450082410865e-05
1.152578454158911537e-04,1.835934588157443447e-05
1.068922634089054249e-04,9.402297606629885632e-06
1.253124141130065091e-04,1.667990146599654684e-05
1.224984007841129472e-04,1.387723013426147667e-05
1.152577985794842898e-04,9.394898394319840842e-06
1.253124287822999041e-04,1.107455838957133596e-05
1.236308459767500312e-04,9.393123588736646261e-06
1.248198998979200961e-04,9.885589000453686695e-06
