Size 192,2
8.019589287284304454e-05,-1.184052209931895807e-05
8.049637750856852337e-05,-1.111510092639929373e-05
8.049637760600612498e-05,-7.695422805480473167e-06
8.019589308248798159e-05,-6.969993380003845838e-06
7.947046146937186684e-05,-1.214099690881832075e-05
7.810996892950934666e-05,-9.405255009055730672e-06
7.947045978612103808e-05,-6.669513439066478102e-06
7.436324584035372272e-05,-1.214088606410671719e-05
7.436322199265839273e-05,-6.669421830983854850e-06
7.154359895712008308e-05,-9.404958808571385796e-06
6.925530104118654020e-05,-1.214163449818703284e-05
6.925539053565788990e-05,-6.668078299897046750e-06
6.670058029850326885e-05,-9.404437844924477770e-06
6.414409603868353094e-05,-1.214331377345533542e-05
6.414478439448625480e-05,-6.665114919825480565e-06
6.158698456890786428e-05,-9.403727934716025924e-06
5.902689608519492417e-05,-1.214517634222862704e-05
5.902804576460512294e-05,-6.661547535065993862e-06
5.646655446499550756e-05,-9.402866940375535592e-06
5.390424204891926935e-05,-1.214443440224487574e-05
5.390530532482109660e-05,-6.660164482953441358e-06
5.134313082893883457e-05,-9.401841873406367535e-06
4.878496985084099377e-05,-1.213622884309800390e-05
4.878556534092751563e-05,-6.666033208527701922e-06
4.623052740353873177e-05,-9.400710560518171376e-06
4.368702153008328904e-05,-1.211665728326953829e-05
4.368701703277999565e-05,-6.683352757367053128e-06
4.115073872102017029e-05,-9.399626880091437061e-06
3.863516401322705698e-05,-1.208319891080935381e-05
3.863474274196163348e-05,-6.714780527646471478e-06
3.613114903652523069e-05,-9.398566278769104185e-06
3.365766281608250298e-05,-1.203472296079461898e-05
3.365704960274800204e-05,-6.761153261469985045e-06
3.120028904825271923e-05,-9.397463986070686418e-06
2.878231769054156758e-05,-1.197133540428432032e-05
2.878146112166320684e-05,-6.822554168798261944e-06
2.648059137520342591e-05,-9.395727403301784369e-06
2.422385825247414366e-05,-1.189608039769830439e-05
2.422287109705533779e-05,-6.898158840087364736e-06
2.254386372187661415e-05,-9.586089458756736785e-06
2.087286606981928090e-05,-1.182588909917287020e-05
2.087057794256985110e-05,-6.968831879571268885e-06
1.850073413807690098e-05,-1.176453032202793627e-05
1.894527667076031284e-05,-1.021004049169378107e-05
1.849737894096113546e-05,-7.013937874504917024e-06
1.680970818121398604e-05,-7.062125394399500664e-06
-2.574499810209988815e-06,-5.459684818946995742e-07
-2.626179192187351679e-06,-4.216067077385982185e-07
-2.625843411860332157e-06,4.137853451075053719e-08
-2.574431125928918596e-06,1.638879234164845948e-07
1.680550366895593729e-05,-1.172138031714243514e-05
1.530414284866347174e-05,-1.159671483725134327e-05
1.645239086105356637e-05,-8.812273528671825878e-06
1.529069387932287659e-05,-6.981452720831542836e-06
-2.450688797136734001e-06,-5.974422250647720332e-07
-2.325967502061250124e-06,-8.975440964768100240e-08
-2.451788940465664071e-06,2.149425756784742258e-07
1.481683554827455297e-05,-1.016848806785804876e-05
1.384501274639845179e-05,-1.129533025499434461e-05
1.245698950266175608e-05,-1.084825339377924467e-05
1.436613999544798800e-05,-8.233830472465871771e-06
1.385879141022975277e-05,-6.659563249862094607e-06
-1.611917485397579669e-06,-6.113322792292984535e-07
-1.611514502765939953e-06,2.287515568037034929e-07
-1.177318366198992456e-06,-1.916531153323522722e-07
1.115967477147649682e-05,-1.024328786641555147e-05
1.226404769710304699e-05,-9.395870053462351883e-06
1.273980666842568194e-05,-7.596919518440013208e-06
1.254322610939944314e-05,-6.116866686701317342e-06
-7.066403120856920471e-07,-6.891131287095210384e-07
-7.071008409636811915e-07,3.045421281755690083e-07
-1.719681246486075598e-07,-1.929197360778899518e-07
9.954951137030426770e-06,-9.515700768638089019e-06
8.872354366787171240e-06,-8.677193690129512494e-06
1.108698132531200779e-05,-7.320831832506484751e-06
1.137823510061580610e-05,-5.370327474758032220e-06
4.413125347709324429e-07,-8.569100925089305128e-07
4.410297173713005502e-07,4.698794206202691346e-07
9.147619362371432443e-06,-7.405270678282828325e-06
7.918782100404092494e-06,-7.728990483729665016e-06
9.602658957796180123e-06,-5.993451734311807989e-06
1.039120137380538300e-05,-4.469934938219562451e-06
1.115664808177871410e-06,-1.942532594077500395e-07
1.916830478216537017e-06,-1.098332357792196129e-06
1.915095659560456415e-06,7.103249865557745324e-07
7.084208425095495596e-06,-6.701428739848876170e-06
6.401812292070639549e-06,-5.627853492998808758e-06
5.865299134427553452e-06,-4.495411191210966073e-06
8.678627726766632793e-06,-4.738648590968010545e-06
9.601994001335356732e-06,-3.458225796234409765e-06
2.559740772419154166e-06,-1.981484777317358731e-07
3.347624896874778392e-06,-1.335123917260398655e-06
3.347486044853886625e-06,9.550376769848098916e-07
7.010696584660480671e-06,-4.491760115874099225e-06
5.460288139125575505e-06,-3.334912854285281834e-06
4.642283800396514866e-06,-1.535750076248397000e-06
5.017432987378710905e-06,-1.737564788420908943e-06
5.215331793655760508e-06,-2.150741035845653021e-06
8.036567386963693437e-06,-3.310704884331357437e-06
9.015006756613153202e-06,-2.380780869126563336e-06
4.055031732081998346e-06,-3.661911140617519211e-07
4.651449256939013107e-06,1.132010399542729639e-06
6.254307346081801948e-06,-2.515515938328959960e-06
5.045617324167188396e-06,-9.323237182102635551e-07
5.490653287817893598e-06,-1.594687856234402762e-06
7.579374033561645470e-06,-2.047605605880694879e-06
8.648359498957557516e-06,-1.283931978264454762e-06
5.075762164049081468e-06,3.635722308091280726e-07
5.024406508699971102e-06,1.325878091238334023e-06
6.496480387628734428e-06,-6.593352299211551902e-07
8.520724922247614825e-06,-1.896402122441730735e-07
8.625412368961603903e-06,8.856680006490412326e-07
5.844283542532343171e-06,1.066067844109518267e-06
5.241387684773218388e-06,1.742082751191982578e-06
5.506851450658522820e-06,2.891689483509325840e-06
7.546069797796875969e-06,1.022763149593071104e-06
5.905205182313052547e-06,4.011449336500168367e-06
8.959776510072960755e-06,1.971773831448234120e-06
6.542712483363439518e-06,2.930056242258496238e-06
8.075631954935031940e-06,3.016648796104977482e-06
6.439695238068540454e-06,5.082323764346032275e-06
9.503365277299390224e-06,3.017894043799563985e-06
9.052585305382849471e-06,4.056024573385742924e-06
7.983981498039534981e-06,4.709417542028705593e-06
7.100031247643605439e-06,6.110782198080241988e-06
7.896598815009022977e-06,7.074953145806769865e-06
1.025123276106301665e-05,3.986717560575454329e-06
9.712180329032879338e-06,5.229810765600162944e-06
9.076416215974657191e-06,6.693380942640136522e-06
8.805169671785020589e-06,7.961691558731081355e-06
1.117766691748150424e-05,4.841960999784142503e-06
1.089769167126292732e-05,6.685896447157308566e-06
9.830003818570020129e-06,8.742846743414350952e-06
1.096251594858200937e-05,9.415942357664897300e-06
1.217775731237348039e-05,9.970952247188830759e-06
1.227543237340327899e-05,7.083551812525446235e-06
1.226497159884966043e-05,5.551596006590578945e-06
1.200031740848479396e-05,8.621195757893604830e-06
1.347083552248828289e-05,1.037962459739299182e-05
1.482259043414738966e-05,1.064525994945378334e-05
1.338524521626644596e-05,7.426021951308227067e-06
1.349075532593937406e-05,6.072112825597761420e-06
1.620628324342447324e-05,1.075331192496595603e-05
1.465408694361864468e-05,8.696623607771588216e-06
1.481547790347340487e-05,6.380984487300144145e-06
1.650965381336786698e-05,8.908531255815004836e-06
1.776011593580483324e-05,1.078788112878366368e-05
1.619699671923360550e-05,6.472411238694439502e-06
1.992738378145777253e-05,1.082260267731879251e-05
1.820250196610000276e-05,7.850985448912287126e-06
1.775845051836602641e-05,6.437559196850237058e-06
2.297668609857382325e-05,1.087575249623428822e-05
2.145262155217330681e-05,8.435488091995245141e-06
1.992860709489615046e-05,6.391974861795065073e-06
2.710006697851934069e-05,1.093062339951268434e-05
2.502274470065556802e-05,8.609481781124852007e-06
2.297728837276631999e-05,6.340404297508193637e-06
3.148331741912476747e-05,1.097189918259787877e-05
2.927902914806931252e-05,8.608878676873140204e-06
2.710030375595432378e-05,6.287145268065334835e-06
3.593023493426900940e-05,1.099987047681224824e-05
3.369810770880671220e-05,8.608593546381740100e-06
3.148343058361052489e-05,6.245606642660350408e-06
4.041787230263489889e-05,1.101716277218275435e-05
3.816883749558925426e-05,8.608386019283428901e-06
3.593023854759680636e-05,6.217080832910907784e-06
4.492882665726716907e-05,1.102668176672260291e-05
4.267056552732782397e-05,8.608204622639219395e-06
4.041792230250487944e-05,6.199395090757942096e-06
4.945155068682936659e-05,1.103090401469181254e-05
4.718897121880711524e-05,8.607915023983983948e-06
4.492896211984076824e-05,6.189448483496052340e-06
5.397838765212262523e-05,1.103155087448872516e-05
5.171481524553899763e-05,8.607646166513729230e-06
4.945163294941834633e-05,6.184685810853462174e-06
5.850379512253343293e-05,1.103005862596519469e-05
5.624166739297998413e-05,8.607458172688869512e-06
5.397843350165546124e-05,6.183548973669192291e-06
6.302498578649928991e-05,1.102800997759636562e-05
6.076512847090130115e-05,8.607410885520393697e-06
5.850381325970078550e-05,6.184756853652341293e-06
7.269914163488320038e-05,1.076057062557758542e-05
7.205776840061245772e-05,1.102624012459410029e-05
6.504891583637511208e-05,8.607436035126178598e-06
6.754227115056784430e-05,1.102651472598275913e-05
6.302499262118582029e-05,6.186844145425471576e-06
7.296480641634647477e-05,1.011919013431695595e-05
7.144723500817501145e-05,8.607462601151050891e-06
6.754225409572648623e-05,6.188371910707124993e-06
7.296480639755807782e-05,7.095737248112940097e-06
7.205776194369766159e-05,6.188679157039958169e-06
7.269913982531306070e-05,6.454351255299945677e-06
