Size 192,2
8.074466339031510472e-05,-1.134013806056109629e-05
8.106323962570917419e-05,-1.057109339711482630e-05
8.106320308621516881e-05,-6.945476241325218653e-06
8.074462183384855773e-05,-6.176442446783618008e-06
7.997556465034041993e-05,-1.165867553881209862e-05
7.853272330222152908e-05,-8.758290792915785042e-06
7.997551976778468589e-05,-5.857912699214459285e-06
7.455974714208133259e-05,-1.165785342302788680e-05
7.455974866266902481e-05,-5.859153816799060308e-06
7.157091281705965874e-05,-8.758833564908595400e-06
6.914804479668546779e-05,-1.165362654666195800e-05
6.914799577909585214e-05,-5.864583256691253392e-06
6.644586744683933944e-05,-8.759571817665145010e-06
6.374948361764228673e-05,-1.164440658397306013e-05
6.374937473921196728e-05,-5.875708415277657457e-06
6.105730867348192477e-05,-8.760627150416548829e-06
5.837504466514968073e-05,-1.162880348593103256e-05
5.837487544240474663e-05,-5.893563182632198554e-06
5.569930353467984980e-05,-8.761868120685519326e-06
5.303832762319096272e-05,-1.160588234196698501e-05
5.303800285776443614e-05,-5.919195091390240034e-06
5.038622725065828862e-05,-8.763360723980244719e-06
4.775432362170922105e-05,-1.157513815279119553e-05
4.775373442334258407e-05,-5.953315952763261053e-06
4.513339409798673051e-05,-8.765140146129235936e-06
4.253834582053784007e-05,-1.153612948010727902e-05
4.253797783076694876e-05,-5.996455721993313729e-06
3.995688749759183727e-05,-8.767186752777441470e-06
3.740659035530796776e-05,-1.148829401003299517e-05
3.740705334871625558e-05,-6.048982307509296668e-06
3.487325339856306097e-05,-8.769658629217313750e-06
3.237676714164104035e-05,-1.143005459830403475e-05
3.237794279854099748e-05,-6.112239386371229177e-06
2.990134221549215732e-05,-8.772270450825835967e-06
2.747084753340504608e-05,-1.135761267841578131e-05
2.747176658283152656e-05,-6.189821637524487927e-06
2.516204665608376190e-05,-8.774076038740577095e-06
2.290566061307462115e-05,-1.127024011417833743e-05
2.290582800001092679e-05,-6.285149843389967869e-06
2.122928932394572467e-05,-8.965851556763213979e-06
1.957169316915127188e-05,-1.118555058706729561e-05
1.956991233374402207e-05,-6.376025319322019552e-06
1.722904275669467650e-05,-1.110971872811807880e-05
1.766271983414017215e-05,-9.582614843486730657e-06
1.722575737628169421e-05,-6.435423502352455659e-06
1.556987802450242152e-05,-6.499005329286697051e-06
-2.316651077095969334e-06,-5.980325455947747130e-07
-2.363018191782482785e-06,-4.864171645684143963e-07
-2.362749116502691317e-06,-7.102004606298518942e-08
-2.316636059637550709e-06,3.888487185974006508e-08
1.556326200752099521e-05,-1.105584112207774320e-05
1.410042240843567870e-05,-1.092325129965921836e-05
1.521362487809523461e-05,-8.211486890948033738e-06
1.408305341760699969e-05,-6.438067863387874414e-06
-2.205543857094487429e-06,-6.442581604915172008e-07
-2.093675965977357349e-06,-1.888076825933576077e-07
-2.206620079151123665e-06,8.465228262998373219e-08
1.362211486841964948e-05,-9.529652635383040820e-06
1.268615744025963123e-05,-1.061615690205699498e-05
1.135169356941871798e-05,-1.017412046464156418e-05
1.318357448996227725e-05,-7.656159796900964299e-06
1.269490817083178973e-05,-6.147728815659642627e-06
-1.452691911878334061e-06,-6.569351219827367722e-07
-1.452343569578890503e-06,9.686037190023261597e-08
-1.062623436056186123e-06,-2.802571003273750693e-07
1.011559737381394093e-05,-9.579604566127836315e-06
1.116260231487656750e-05,-8.772709495536721704e-06
1.161880825794094288e-05,-7.050463205289054146e-06
1.142928473742857834e-05,-5.649611652974998874e-06
-6.405570386689960072e-07,-7.257478624630559423e-07
-6.407297467743869275e-07,1.646792538591613801e-07
-1.615606643971503748e-07,-2.806945035442773093e-07
8.975234385387447864e-06,-8.876167896845470426e-06
7.962166928802928015e-06,-8.075050503649893342e-06
1.004383092067953876e-05,-6.791884563868212314e-06
1.031695682018690473e-05,-4.959022882804926169e-06
3.871803430828636221e-07,-8.743054311926869141e-07
3.872410635656580883e-07,3.129743380782591631e-07
8.220877943634901660e-06,-6.871102540507330867e-06
7.078517509674028117e-06,-7.173939506226073084e-06
8.646129605858759941e-06,-5.548076274119019555e-06
9.381503971535833032e-06,-4.130887583441081476e-06
9.905784870472122244e-07,-2.806574570245121937e-07
1.706802706898579964e-06,-1.088210372155630182e-06
1.705830935693140321e-06,5.293949648592146692e-07
6.309055726511075953e-06,-6.207705159038202516e-06
5.690015785750369259e-06,-5.211146629075681144e-06
5.210256513872184764e-06,-4.164525012514828525e-06
7.788000514253696295e-06,-4.383893409657331224e-06
8.638179265563869201e-06,-3.207095278521275711e-06
2.282049377523981986e-06,-2.824538495222305709e-07
2.986105162100392432e-06,-1.297733633304478921e-06
2.987029844842695077e-06,7.500375290192221369e-07
6.253424399593661905e-06,-4.158396194549746648e-06
4.850998568905255141e-06,-3.102058507529151073e-06
4.139936360070258554e-06,-1.474425526445042623e-06
4.471469520168882127e-06,-1.654710773157601726e-06
4.643012955826865029e-06,-2.026453755531290041e-06
7.194700857487316639e-06,-3.074528278592322348e-06
8.085342635534875134e-06,-2.229938177978776137e-06
3.618909593813837465e-06,-4.310409146106739692e-07
4.157311192866891566e-06,9.104102969261234568e-07
5.575162082155549015e-06,-2.353803559239275492e-06
4.500769384112583460e-06,-9.340754397195069844e-07
4.893817172153227925e-06,-1.525814747716210499e-06
6.776744291514762780e-06,-1.928987054105574105e-06
7.737676672657974053e-06,-1.242432379915047141e-06
4.535237671211795685e-06,2.246270840950184394e-07
4.495489232637639940e-06,1.083857191394256085e-06
5.799919898159438830e-06,-6.820982923224527886e-07
7.612848517368422810e-06,-2.617128159650887727e-07
7.689709728700189588e-06,6.958957569068767132e-07
5.226579314126448671e-06,8.549886834778287510e-07
4.694156081848121509e-06,1.452531449850357035e-06
4.940986032624701986e-06,2.463414083231624066e-06
6.735158601368235266e-06,8.222366445662769799e-07
5.304566561367346474e-06,3.434815723271004054e-06
7.968818563415028719e-06,1.660877705712284372e-06
5.854947980113899282e-06,2.501233505369900314e-06
7.193804427805507707e-06,2.578198500292124091e-06
5.780459622371421650e-06,4.358783896519134333e-06
8.425301443493298309e-06,2.580534870920421758e-06
8.032541847378350596e-06,3.481241181011050821e-06
7.117191212444788974e-06,4.041562468389327041e-06
6.361270026856817753e-06,5.232194209750480638e-06
7.048502721847446685e-06,6.041346834940954005e-06
9.048291143378156163e-06,3.426516984781422965e-06
8.590718017013554433e-06,4.486375357838501011e-06
8.054308018780179370e-06,5.719555511343878780e-06
7.826163603547534725e-06,6.773645611516863107e-06
9.815916005403496684e-06,4.166466402842760232e-06
9.581601931781203452e-06,5.711990405978222612e-06
8.691072381696101176e-06,7.413942374000857246e-06
9.632373059511449597e-06,7.956220077363157790e-06
1.063315174388462350e-05,8.391854216119606989e-06
1.071660976146581408e-05,6.043019239206400339e-06
1.070903160976727048e-05,4.774085275975419222e-06
1.049300208078159127e-05,7.301419604973156632e-06
1.168478391153920095e-05,8.709036276770581290e-06
1.277077810464201621e-05,8.905949177713729149e-06
1.162076242590966526e-05,6.326926393189143160e-06
1.170397978759387654e-05,5.222441742871605562e-06
1.387521559021134294e-05,8.977343115780598692e-06
1.264459816191945048e-05,7.352316608053536717e-06
1.276921511372492441e-05,5.495669060077307593e-06
1.411864416215666946e-05,7.519258108854349008e-06
1.509817596898961039e-05,8.986622318850157152e-06
1.387162219719871079e-05,5.585505826370652186e-06
1.678736094346386560e-05,8.995681675417308386e-06
1.545068526079989264e-05,6.690149034249051726e-06
1.509688227700564740e-05,5.578235557818650074e-06
1.912194503528550583e-05,9.007241462616122213e-06
1.796386578343192681e-05,7.150526677706164250e-06
1.678677007888086263e-05,5.570030255362021233e-06
2.221654877990711198e-05,9.017137570551676101e-06
2.066710349349564445e-05,7.287045630918328131e-06
1.912120300087077090e-05,5.563341147299982678e-06
2.544891947176979074e-05,9.024139055694093981e-06
2.383140014888435356e-05,7.289806743103972094e-06
2.221577707069668207e-05,5.559541869390091741e-06
2.868706702607773029e-05,9.031209203620829050e-06
2.706636969715797613e-05,7.292613323085853998e-06
2.544811850830550884e-05,5.558415673067963812e-06
3.193495924996346091e-05,9.040549321178181603e-06
3.030843103915259113e-05,7.295281018526096209e-06
2.868615301916589716e-05,5.556812473226499711e-06
3.519821508582355907e-05,9.051928856178938421e-06
3.356325627455624712e-05,7.297713975923844440e-06
3.193411150919125399e-05,5.552476454902568789e-06
3.848064517368497516e-05,9.064324065663928275e-06
3.683573500053767563e-05,7.299753249328927565e-06
3.519752344641991176e-05,5.545454596543273948e-06
4.178385855171165417e-05,9.076431619362886348e-06
4.012861947463230240e-05,7.301365725516448014e-06
3.848019003366248247e-05,5.536725917447414410e-06
4.510702682632113304e-05,9.087216002332693606e-06
4.344218376767042131e-05,7.302468590948955313e-06
4.178358695116176280e-05,5.527419549418105929e-06
4.844718131028907397e-05,9.095475434359538410e-06
4.677458281306147978e-05,7.303086216780492986e-06
4.510689662860860430e-05,5.518460003220884641e-06
5.563479573029199774e-05,8.904441936547952715e-06
5.515794591306327088e-05,9.101912359537499674e-06
4.994747298413940487e-05,7.303401807411866086e-06
5.179976447862747277e-05,9.100486670839867554e-06
4.844711112142689177e-05,5.511150233910275873e-06
5.583231919291079426e-05,8.427662179109802500e-06
5.470364506295744391e-05,7.303675012974198469e-06
5.179969048346515329e-05,5.506588589567429000e-06
5.583229897692271746e-05,6.179708991892063335e-06
5.515790690099973953e-05,5.505433640438554592e-06
5.563476957905071649e-05,5.702913156174551399e-06
