Size 192,2
-1.391324869462567091e-04,1.946114393853372546e-05
-1.396845845204691900e-04,1.812839098969091394e-05
-1.396844713830685104e-04,1.184527256657581694e-05
-1.391323521176280600e-04,1.051247480042216779e-05
-1.377996307159469989e-04,2.001316385799646624e-05
-1.352993512885235998e-04,1.498679409039827381e-05
-1.377994538847621586e-04,9.960433117613652632e-06
-1.284147174347699657e-04,2.001157087281002118e-05
-1.284144403881305654e-04,9.961711897601230884e-06
-1.232346944780147611e-04,1.498649034566232007e-05
-1.190347379985703892e-04,2.000554083511623001e-05
-1.190342493383119050e-04,9.966901230906170922e-06
-1.143484602125723255e-04,1.498582606835982369e-05
-1.096698985976304923e-04,1.999278050851470661e-05
-1.096696864509764480e-04,9.978348601990278335e-06
-1.049952022178360025e-04,1.498525381228246862e-05
-1.003337014244600622e-04,1.997168390727074974e-05
-1.003338240428077615e-04,9.998413732213766664e-06
-9.567897843142920782e-05,1.498472825444271455e-05
-9.104393214233975841e-05,1.993991877477085335e-05
-9.104424308540163863e-05,1.002902373206070446e-05
-8.641951199647462283e-05,1.498415607186777682e-05
-8.182295779972976362e-05,1.989430362494034110e-05
-8.182325719819551354e-05,1.007357467700182190e-05
-7.724209158642532326e-05,1.498371263229298137e-05
-7.270024677042109210e-05,1.983060773564160472e-05
-7.270033623898373683e-05,1.013640383124446141e-05
-6.818044451508339389e-05,1.498341099308104998e-05
-6.371373800765449120e-05,1.974511188277045160e-05
-6.371365371486883554e-05,1.022136698605336686e-05
-5.927636257655691259e-05,1.498318923683677230e-05
-5.490793991103604078e-05,1.963461241119236398e-05
-5.490775317072067073e-05,1.033169887408964367e-05
-5.057649582059694631e-05,1.498307692030039588e-05
-4.633062674651299039e-05,1.949599331784169535e-05
-4.632973736658263823e-05,1.047075421151209643e-05
-4.229757332708343872e-05,1.498172063737617778e-05
-3.836400003094788758e-05,1.932924194952398810e-05
-3.836229044483482545e-05,1.064364889299768194e-05
-3.544161210652445158e-05,1.531162427064512255e-05
-3.255999254177278110e-05,1.916778789694495401e-05
-3.255521698371597738e-05,1.081033215728722140e-05
-2.849282522534541209e-05,1.902222174016995234e-05
-2.924140868108527730e-05,1.637753032458933990e-05
-2.848499328896580499e-05,1.091982493644837506e-05
-2.561713440782062659e-05,1.103874316802969419e-05
3.621697609034478152e-06,1.361360167802471000e-06
3.693442223055359143e-06,1.188466352230166859e-06
3.692944630415183092e-06,5.458769655101123746e-07
3.621632756810488138e-06,3.760047068501242501e-07
-2.560615873408899877e-05,1.891788952076932091e-05
-2.308024723119776655e-05,1.867826338073781916e-05
-2.499687620849598649e-05,1.399993348098740314e-05
-2.304447039589324245e-05,1.094437067746585120e-05
3.449668672665150462e-06,1.433071497864766361e-06
3.276946359194131957e-06,7.284951285823059292e-07
3.451576328402128695e-06,3.054045071833878335e-07
-2.225102528223377610e-05,1.626994356784529995e-05
-2.064458404228387972e-05,1.813506031589725052e-05
-1.835511810573796110e-05,1.736352742513635423e-05
-2.149268372124716060e-05,1.304434383324599940e-05
-2.065185581132161958e-05,1.045975070506149164e-05
2.285293126134729704e-06,1.454651259922124886e-06
2.285130212113451437e-06,2.870937583310635011e-07
1.681242377607435469e-06,8.719824766153323110e-07
-1.624644213452463331e-05,1.632899859433714076e-05
-1.802656228696118007e-05,1.495440852225025135e-05
-1.880575966929138413e-05,1.200769410124527779e-05
-1.847770012892020449e-05,9.625455268360240936e-06
1.025846960772281523e-06,1.565644707649523880e-06
1.026722310309974553e-06,1.810386897080816334e-07
2.808586160380957805e-07,8.746654778747394882e-07
-1.430815688611963595e-05,1.511436992702474050e-05
-1.260030944094824558e-05,1.374112876101946997e-05
-1.611699758220043249e-05,1.156650854586975641e-05
-1.657409605924129136e-05,8.467399707322735138e-06
-5.750201731325659656e-07,1.802755033212662404e-06
-5.743999841890731095e-07,-5.089162874115456064e-08
-1.303642631437054788e-05,1.169449665424919407e-05
-1.112547544290926795e-05,1.220244869346099321e-05
-1.374855181369912783e-05,9.463353000719237351e-06
-1.497915709823814045e-05,7.088790539671570377e-06
-1.516947860169402785e-06,8.773887643416881808e-07
-2.638054562156408359e-06,2.144030347360868862e-06
-2.635253384910875815e-06,-3.896424889303450029e-07
-9.847636619953272391e-06,1.056391894069203299e-05
-8.838376038482079964e-06,8.894951427112124769e-06
-8.074029578512728996e-06,7.152088422127969977e-06
-1.231165507448819727e-05,7.512660815109512816e-06
-1.371537565656058652e-05,5.566682554311364681e-06
-3.537931893107512206e-06,8.836650653425932912e-07
-4.643317365197057418e-06,2.479163622158922316e-06
-4.643669305974530931e-06,-7.369618706895728675e-07
-9.775833718173226056e-06,7.137226754114287082e-06
-7.510087891854054543e-06,5.401053635925969957e-06
-6.444802094992027073e-06,2.761933248497910199e-06
-6.955609728543445835e-06,3.050639720665019274e-06
-7.210993441314647648e-06,3.648858220855275822e-06
-1.132262469891491103e-05,5.348836939056728117e-06
-1.277087249089658939e-05,3.975485568588047166e-06
-5.635268055293386717e-06,1.120921939855236674e-06
-6.494659034919337473e-06,-9.911260867554234734e-07
-8.693915803427102533e-06,4.173305270058109193e-06
-7.012524110150407418e-06,1.909857469078880692e-06
-7.620144763177815046e-06,2.846211334098607118e-06
-1.063584118958853300e-05,3.486881970907488281e-06
-1.216728471093676272e-05,2.391040570072122796e-06
-7.085972861568985195e-06,8.472419430730310374e-08
-7.038531368145810689e-06,-1.262903335005556259e-06
-9.068086013467705788e-06,1.495897965963390999e-06
-1.193891974296502971e-05,8.360996894582320786e-07
-1.201585507789178425e-05,-6.600534701655928488e-07
-8.185345171267038853e-06,-9.101482789305643529e-07
-7.362251456268861697e-06,-1.832652034543071689e-06
-7.770374235988593322e-06,-3.379696941964285848e-06
-1.053552668788323609e-05,-8.692139234405804576e-07
-8.354597196234214788e-06,-4.842787273720701719e-06
-1.240892163546142853e-05,-2.157521458698581325e-06
-9.180900418942084532e-06,-3.445035952201878044e-06
-1.122102533813401588e-05,-3.559255782138248762e-06
-9.092091186406373959e-06,-6.223377066193227720e-06
-1.306703024374315549e-05,-3.560651777441080488e-06
-1.246953862069708579e-05,-4.916047437527628733e-06
-1.110469697292583939e-05,-5.753036811536698323e-06
-9.979703028447420491e-06,-7.509293565086356378e-06
-1.100689636337945049e-05,-8.686325780384908797e-06
-1.396478922009538266e-05,-4.837473275439502097e-06
-1.328719727588288869e-05,-6.405445490687706221e-06
-1.249638281454715198e-05,-8.212633926773928473e-06
-1.216138112433591534e-05,-9.740362961654951872e-06
-1.507146167511155215e-05,-5.940574012168078963e-06
-1.472637296811866374e-05,-8.194546224010268608e-06
-1.342864940509275437e-05,-1.065675651351995063e-05
-1.479289988711736782e-05,-1.142387105674143594e-05
-1.623575960053890484e-05,-1.203124346993392850e-05
-1.636150876296859762e-05,-8.670869693937000900e-06
-1.635393094049399494e-05,-6.836078651471745924e-06
-1.603965824538891092e-05,-1.047804658109669874e-05
-1.773929743241214562e-05,-1.247050517632974104e-05
-1.928274861394883879e-05,-1.273570127322228151e-05
-1.765492141128537556e-05,-9.078587567204038480e-06
-1.777346508701558228e-05,-7.496068411926790392e-06
-2.084670100104549028e-05,-1.282355115159183449e-05
-1.911142692872308063e-05,-1.053668776935004087e-05
-1.928657830365527643e-05,-7.900663672744614752e-06
-2.119333555095113543e-05,-1.076788733483262223e-05
-2.256605227758510011e-05,-1.282109449937501664e-05
-2.084704311760643839e-05,-8.037318061287720451e-06
-2.492876605763684266e-05,-1.281747712842082601e-05
-2.306602929867677856e-05,-9.600807305497149232e-06
-2.256652803835513055e-05,-8.038588258951363656e-06
-2.816634508204296560e-05,-1.280966053794406633e-05
-2.656696006586565010e-05,-1.024275468766974986e-05
-2.492889386871885280e-05,-8.042013956567721771e-06
-3.242221620385434856e-05,-1.279902119022614740e-05
-3.029746808361526226e-05,-1.042826611914519774e-05
-2.816672696201015191e-05,-8.048257462632564784e-06
-3.684019678020025452e-05,-1.279012741286044705e-05
-3.463390171451713288e-05,-1.042725092635902864e-05
-3.242257352132795189e-05,-8.056575612091727018e-06
-4.124606198691091582e-05,-1.278430417124364959e-05
-3.904476630983623220e-05,-1.042621360042878545e-05
-3.684051031947330396e-05,-8.063325859596762922e-06
-4.564607943562514077e-05,-1.278121945522516303e-05
-4.344677428728744071e-05,-1.042529496463578452e-05
-4.124633449253651098e-05,-8.067177675773703653e-06
-5.004422159235098565e-05,-1.277958457184772798e-05
-4.784546253956579190e-05,-1.042438932812780533e-05
-4.564635904189148324e-05,-8.068488502490970711e-06
-5.444174881217609356e-05,-1.277834767893750502e-05
-5.224323240648595705e-05,-1.042329626703008229e-05
-5.004459002299835183e-05,-8.068147998393184790e-06
-5.883984060506799909e-05,-1.277785072232503858e-05
-5.664072974006423343e-05,-1.042208602854000410e-05
-5.444214637385593234e-05,-8.067041735201841492e-06
-6.324010049232363438e-05,-1.277793715109606102e-05
-6.103974061232446163e-05,-1.042091996550909130e-05
-5.884020840220400124e-05,-8.065130668504294563e-06
-6.764273124852092378e-05,-1.277810781551286381e-05
-6.544119756509172677e-05,-1.041985061482126172e-05
-6.324045673884167796e-05,-8.062812160193474369e-06
-7.707850833497386918e-05,-1.251882346516116432e-05
-7.645282788195852271e-05,-1.277799156187741229e-05
-6.961568767371646325e-05,-1.041902351086659480e-05
-7.204755232195490561e-05,-1.277812628819774425e-05
-6.764301996222622424e-05,-8.060691537952414720e-06
-7.733767318713203730e-05,-1.189313882038463205e-05
-7.585718153578773371e-05,-1.041841614428338776e-05
-7.204769552142078126e-05,-8.059281517523953238e-06
-7.733768505708546242e-05,-8.943673506755870021e-06
-7.645288172617936630e-05,-8.058880491338066623e-06
-7.707853217979050687e-05,-8.318028034285559867e-06
