Size 192,2
-1.952428753807373241e-05,3.538289949421028243e-06
-1.958342463032306956e-05,3.395629247026596882e-06
-1.958315562545516865e-05,2.722497333461023245e-06
-1.952396576988096381e-05,2.579729849667368168e-06
-1.938153091171200304e-05,3.597356265087091634e-06
-1.911316945199819747e-05,3.058976088449270441e-06
-1.938110752494423295e-05,2.520611116965366562e-06
-1.837597692724587224e-05,3.595658156875490269e-06
-1.837518985396805637e-05,2.521614176059966856e-06
-1.782216274809145858e-05,3.058406767391006820e-06
-1.737583873460665838e-05,3.590850909781868067e-06
-1.737472454427347555e-05,2.525167349142877535e-06
-1.687885160639069848e-05,3.057323746700015867e-06
-1.638625757894811552e-05,3.583793849003788273e-06
-1.638536553487741134e-05,2.529648195546696995e-06
-1.589520906386789815e-05,3.055910992944899449e-06
-1.540855138138847968e-05,3.576361174107869382e-06
-1.540752984600320976e-05,2.533638904644772772e-06
-1.492284041752683761e-05,3.053953903770433293e-06
-1.444003224135190596e-05,3.571101530947082189e-06
-1.443886026341363870e-05,2.534540563827588790e-06
-1.395694615426044026e-05,3.051778419160132753e-06
-1.347505766269297534e-05,3.568981881474548800e-06
-1.347327517412112081e-05,2.532108881152221347e-06
-1.299099298627505317e-05,3.049352426414072041e-06
-1.250635294195988875e-05,3.570233754290117652e-06
-1.250478699983729891e-05,2.526225612634691317e-06
-1.201845393252229361e-05,3.046807456456214632e-06
-1.152734769508426332e-05,3.575581273051470227e-06
-1.152646041045809644e-05,2.515829644904934083e-06
-1.103222492519500616e-05,3.044126037398788729e-06
-1.052998928789460886e-05,3.585897371957423086e-06
-1.052987238952253831e-05,2.499855213562457874e-06
-1.002241186119548303e-05,3.041349250642079494e-06
-9.502814725237540905e-06,3.602814016083553516e-06
-9.502856369455933819e-06,2.476949123271667980e-06
-8.997397926687650914e-06,3.038840200189737236e-06
-8.476372197787411682e-06,3.626404439997309539e-06
-8.476193817231054669e-06,2.447008321644435838e-06
-8.080748013364253793e-06,3.084095745638857619e-06
-7.660708246361412689e-06,3.649980384124132031e-06
-7.660828258777189367e-06,2.418647517892828116e-06
-7.042421858507039848e-06,3.670337917331197972e-06
-7.170216760154969123e-06,3.248986424136791192e-06
-7.042426678529063672e-06,2.400675313779820743e-06
-6.579207274177117515e-06,2.382630315752411558e-06
1.214244765515650391e-06,-3.601548438496692819e-07
1.239077481014468457e-06,-4.196722840934747166e-07
1.239040058834873533e-06,-6.422162018843171930e-07
1.214305166015243483e-06,-7.012917572220142401e-07
-6.582093964175826007e-06,3.684114280638957332e-06
-6.149937834953028111e-06,3.671796359004153179e-06
-6.492064212735602639e-06,2.869955072761808855e-06
-6.155092843894343262e-06,2.326857542522846806e-06
1.154917111997331608e-06,-3.356648451650023642e-07
1.094688992398346003e-06,-5.797770719897201838e-07
1.155203604028669860e-06,-7.261199638774864464e-07
-6.016836295394963612e-06,3.266578647960064340e-06
-5.716151776952166663e-06,3.612477922570864517e-06
-5.282648907389436630e-06,3.497650777480473135e-06
-5.886069796988747891e-06,2.690673831599824230e-06
-5.729622467903667720e-06,2.192263965027302202e-06
7.514689132795103039e-07,-3.308193159969418412e-07
7.508744791370433082e-07,-7.337421494549599956e-07
5.428348285673414386e-07,-5.326437966369121734e-07
-4.856634639797189491e-06,3.334830113893053621e-06
-5.229411027993577846e-06,3.055296372507023086e-06
-5.380801288425932868e-06,2.481990524597116353e-06
-5.321178477665310222e-06,1.980562770354963117e-06
3.179991066603192528e-07,-2.961063270471313878e-07
3.181278568334121896e-07,-7.691491634019198960e-07
6.374359124984569886e-08,-5.325011925058289846e-07
-4.447116889667160331e-06,3.117562127036813281e-06
-4.056953197859681503e-06,2.849219265560345831e-06
-4.839011238172594890e-06,2.385346424156958282e-06
-4.944562418597845909e-06,1.698194157304864078e-06
-2.266859952673162437e-07,-2.189821538792361548e-07
-2.265473487222560361e-07,-8.455073525996682859e-07
-4.154514505218490653e-06,2.418275548082639522e-06
-3.694496376224381924e-06,2.536236598824553063e-06
-4.321448287429218879e-06,1.913214599322133271e-06
-4.613336819411980935e-06,1.346674564254554378e-06
-5.448621469159915662e-07,-5.318061187347783133e-07
-9.216165238227639744e-07,-1.071040645881410439e-07
-9.207575748686705976e-07,-9.561048609972460803e-07
-3.368895338893474785e-06,2.177522842316326961e-06
-3.080155384514789891e-06,1.775242829620421563e-06
-2.834978176994627584e-06,1.339775981778458936e-06
-3.974854474159230836e-06,1.442800131622547115e-06
-4.340444650639557263e-06,9.347840803472732252e-07
-1.223557307619492426e-06,-5.297730417045619311e-07
-1.592553003399316839e-06,2.765319000780692041e-09
-1.591960284119999046e-06,-1.067937702151165465e-06
-3.313765995954852549e-06,1.344369141658346797e-06
-2.641804482025381565e-06,8.708833173469648541e-07
-2.207669963011878836e-06,9.648345077091588883e-08
-2.392797630970177844e-06,1.879458111982675003e-07
-2.499171565642052050e-06,3.707503012587176255e-07
-3.727627086573880808e-06,8.715946872351755676e-07
-4.139504775183748538e-06,4.774829683412940635e-07
-1.924025518638247106e-06,-4.514430802739069767e-07
-2.189849743113203312e-06,-1.146813852038370626e-06
-2.970978949171407484e-06,5.345048961148371278e-07
-2.395462653503229182e-06,-1.828404416737621138e-07
-2.614150436551580747e-06,1.235166428641857667e-07
-3.540614015350473167e-06,3.335849424112487701e-07
-4.021560558741819629e-06,-9.729308201738847410e-09
-2.390910228647874425e-06,-7.855515916359535982e-07
-2.352451808087102958e-06,-1.237569024040027485e-06
-3.062566058322908469e-06,-2.918579863266819407e-07
-3.990824887648045575e-06,-5.111734910219647837e-07
-4.080304829207560523e-06,-1.022406300485996304e-06
-2.738158797759460573e-06,-1.108983309599019378e-06
-2.442758780445339125e-06,-1.440544001569795320e-06
-2.546221218457328722e-06,-2.016680924821420305e-06
-3.555770536130533457e-06,-1.076965827161663906e-06
-2.717883164541571027e-06,-2.602771044931298625e-06
-4.280177098607909455e-06,-1.546409162728323310e-06
-3.055490284166443374e-06,-2.028010743962314139e-06
-3.836068650179786970e-06,-2.072693963419710638e-06
-2.974800203933504719e-06,-3.173895574636713870e-06
-4.594082166320210307e-06,-2.073443054528782794e-06
-4.362863559577566176e-06,-2.617242852326039206e-06
-3.785676466517483761e-06,-2.968890489558865329e-06
-3.305697559764910245e-06,-3.745337082794776522e-06
-3.729586862109529227e-06,-4.297373138072182772e-06
-5.030466376158442968e-06,-2.573865360307709873e-06
-4.732720425484632756e-06,-3.256507615758461954e-06
-4.376494904621408448e-06,-4.083220805213413458e-06
-4.223082954117981587e-06,-4.822216098184784391e-06
-5.574616935846573092e-06,-3.028851899850106433e-06
-5.415437768706060044e-06,-4.083615689164027732e-06
-4.799822603716160555e-06,-5.291879909990137433e-06
-5.459298837421464422e-06,-5.710417327163036328e-06
-6.180154054805346343e-06,-6.071314665119381614e-06
-6.232371028762378118e-06,-4.316621115662624489e-06
-6.223644696730187655e-06,-3.417562665551955564e-06
-6.065966518432417006e-06,-5.240161105733063895e-06
-6.966816582397374661e-06,-6.341997558880989910e-06
-7.806791461765155983e-06,-6.530661643962978085e-06
-6.905334610986057055e-06,-4.518851470744156118e-06
-6.972228298506168127e-06,-3.700264655456155373e-06
-8.676705709973061851e-06,-6.619777523666137642e-06
-7.688914919917415241e-06,-5.303741792722805950e-06
-7.794967043704274754e-06,-3.859565782361816088e-06
-8.865307886343916209e-06,-5.441856019631099008e-06
-9.676723072507160001e-06,-6.666854913300114672e-06
-8.664330516352121279e-06,-3.896010576003086465e-06
-1.109321986823028328e-05,-6.714274435799142489e-06
-9.955490632819198301e-06,-4.759280871766383626e-06
-9.674705562878656442e-06,-3.848761837035393961e-06
-1.313703701171604043e-05,-6.787885057727379543e-06
-1.210478538055242010e-05,-5.137730552432765894e-06
-1.109508728823219410e-05,-3.786458121634789889e-06
-1.597403764107527448e-05,-6.868097780747047840e-06
-1.453292921068231393e-05,-5.252960420168189757e-06
-1.313828858126690181e-05,-3.714490655221325319e-06
-1.906426908466533912e-05,-6.937063743313499937e-06
-1.749802032059370236e-05,-5.251628811328605847e-06
-1.597479579240768195e-05,-3.635804264617507554e-06
-2.227430207178698754e-05,-6.996241503719333756e-06
-2.065059459890566563e-05,-5.250707666027320243e-06
-1.906469848989951818e-05,-3.565439445337031479e-06
-2.558792068818027056e-05,-7.046089773299309504e-06
-2.391525618845291218e-05,-5.249801518071115946e-06
-2.227449957638722374e-05,-3.504444988632970775e-06
-2.898758866205225498e-05,-7.086617260500319047e-06
-2.727490146999056065e-05,-5.248863665165389601e-06
-2.558815193611795632e-05,-3.452569381125825457e-06
-3.245578126018767409e-05,-7.117810930588328234e-06
-3.071179189013253317e-05,-5.247818279431829143e-06
-2.898791316040096866e-05,-3.409997908768971235e-06
-3.597608436160843360e-05,-7.140556658734113275e-06
-3.420875746078823321e-05,-5.246698045375500392e-06
-3.245626000443480041e-05,-3.376668098318572800e-06
-3.953340612598120897e-05,-7.156148000881860008e-06
-3.774987494928990688e-05,-5.245599685613382121e-06
-3.597656176263756974e-05,-3.351779677089044028e-06
-4.311461997461118713e-05,-7.165531719742808736e-06
-4.132114241106269191e-05,-5.244697856594976911e-06
-3.953381272346194350e-05,-3.334172306651979369e-06
-5.081912045729899773e-05,-6.959253441546689039e-06
-5.030806712217314230e-05,-7.170902895824984940e-06
-4.472345430653914378e-05,-5.244143304665115543e-06
-4.670910934082365669e-05,-7.169914702957795133e-06
-4.311482396043158255e-05,-3.323332399208850281e-06
-5.103080942494339617e-05,-6.448253858445651846e-06
-4.982126102239714711e-05,-5.243687903265828726e-06
-4.670919313361271603e-05,-3.317905818170326639e-06
-5.103077953162127810e-05,-4.039124199328820955e-06
-5.030806825624629724e-05,-3.316527300826402890e-06
-5.081909772391287418e-05,-3.528159322431634422e-06
