Size 192,2
5.169049608435621272e-05,-5.866076482586747841e-06
5.191454053961653040e-05,-5.325268909273735054e-06
5.191484656043044441e-05,-2.775905904784040163e-06
5.169085066748301622e-05,-2.235170575045509271e-06
5.114963815878047264e-05,-6.090079865136764113e-06
5.013534305319543619e-05,-4.050665490844800161e-06
5.115007488237674439e-05,-2.011201820307781857e-06
4.734125808154259331e-05,-6.089598712407370849e-06
4.734191269406415125e-05,-2.012124402525969318e-06
4.523953753223517241e-05,-4.050960964701374735e-06
4.353544513498705298e-05,-6.086158773351267648e-06
4.353583117317365899e-05,-2.016054346253757352e-06
4.163512945492369284e-05,-4.051342194050190121e-06
3.973995930319429508e-05,-6.077567098586164508e-06
3.974003203393059136e-05,-2.025769001323327977e-06
3.784829553980104735e-05,-4.051736742079718695e-06
3.596653252197866272e-05,-6.061351573572922589e-06
3.596715906790376297e-05,-2.043113567782130058e-06
3.409165854552768281e-05,-4.052395208470170127e-06
3.223287930164255786e-05,-6.034745380200235074e-06
3.223382713515236375e-05,-2.070775272109647376e-06
3.038495648715328063e-05,-4.053120643650406765e-06
2.856074876959278772e-05,-5.996367560381762775e-06
2.856140908325732338e-05,-2.110140030885501449e-06
2.675098159045449385e-05,-4.053753652072744942e-06
2.497276972719786434e-05,-5.946405245249101177e-06
2.497294646722462923e-05,-2.161185526444871830e-06
2.321185615847165849e-05,-4.054340890518418229e-06
2.148912020965741419e-05,-5.886073022694130830e-06
2.148900195481030019e-05,-2.222984667115718789e-06
1.978643486038657464e-05,-4.054958882640427909e-06
1.812853813467863665e-05,-5.814909177137470642e-06
1.812821267015245400e-05,-2.295559533057453553e-06
1.649392473071094640e-05,-4.055449100694384037e-06
1.491154031212286635e-05,-5.730970035346796987e-06
1.491078996759066843e-05,-2.380859893561035272e-06
1.341792183486226101e-05,-4.055093952303929416e-06
1.198260470548982547e-05,-5.634198936720737521e-06
1.198148694932404300e-05,-2.481659811442921897e-06
1.092216695980223201e-05,-4.173217983084332961e-06
9.896859452368114523e-06,-5.544034444179674105e-06
9.894220898819669827e-06,-2.574781824565318713e-06
8.465141486876052713e-06,-5.465662938686089968e-06
8.719993907636156019e-06,-4.545855159241280338e-06
8.461324142758372635e-06,-2.634151949763043902e-06
7.468234292138626481e-06,-2.697235723492709616e-06
-8.807018945726733440e-07,-5.856513564398312434e-08
-8.985687040294437545e-07,-1.562731100245072583e-08
-8.985050720318127916e-07,1.444748909799638889e-07
-8.807226219833349408e-07,1.868937037381712278e-07
7.462070696659973019e-06,-5.410726866333698342e-06
6.601413088998515534e-06,-5.311833122777802604e-06
7.245819505433925733e-06,-3.718073351797659000e-06
6.582256765744215256e-06,-2.687925498190103081e-06
-8.379335196024867994e-07,-7.630683914105234147e-08
-7.947327056440159204e-07,9.924261588083961081e-08
-8.382699679044971323e-07,2.046195205959426770e-07
6.313628500174213966e-06,-4.486719753663213816e-06
5.781273728736731910e-06,-5.106771308424358915e-06
5.025237734320237380e-06,-4.833467953679802890e-06
6.055670131558278211e-06,-3.400932397656356527e-06
5.776311254873889426e-06,-2.552332488487550270e-06
-5.477611202948301088e-07,-8.056855489977751199e-08
-5.474531022601782116e-07,2.097133824547501014e-07
-3.974499090475384432e-07,6.481597847109925332e-08
4.344357077456971215e-06,-4.472251168541051020e-06
4.911462121758032263e-06,-4.029568886814634287e-06
5.166337521543604608e-06,-3.065265119511430765e-06
5.056317191566285972e-06,-2.307637494330305154e-06
-2.352957594868396681e-07,-1.059051037934543786e-07
-2.351291581210681444e-07,2.361066418492020986e-07
-5.124691562748056301e-08,6.540323821303014596e-08
3.728874918225721427e-06,-4.063196757952111093e-06
3.203966211331408082e-06,-3.614103987957518238e-06
4.297270398148881188e-06,-2.926653324467873848e-06
4.436726918293118122e-06,-1.961735314079437910e-06
1.592063974774543278e-07,-1.619433656013020819e-07
1.594326848657351047e-07,2.934529125924697407e-07
3.339153376694319687e-06,-2.963326781022864512e-06
2.765918314856830372e-06,-3.118123019090832019e-06
3.555151782958041770e-06,-2.274760537494862176e-06
3.926433317911493693e-06,-1.559361723817133119e-06
3.905572198349685460e-07,6.603387354839578192e-08
6.649075097152681905e-07,-2.431400658031212402e-07
6.645074544579771504e-07,3.767765207571697317e-07
2.393292734984419286e-06,-2.604597616872841456e-06
2.118385592052993084e-06,-2.104069786041822872e-06
1.926691722121262033e-06,-1.590906977285415046e-06
3.124158829819400329e-06,-1.689549171275849033e-06
3.527931335632788230e-06,-1.130049513895137554e-06
8.851933173232666461e-07,6.546678092563206847e-08
1.154639718837431621e-06,-3.230109578973530133e-07
1.155551809654149349e-06,4.623911256230057603e-07
2.394628340362011092e-06,-1.581475826835467556e-06
1.792900759495375487e-06,-1.094579667743187881e-06
1.583963612779590626e-06,-3.899133676787114203e-07
1.698541898636275974e-06,-4.623749573026510782e-07
1.747130042699483932e-06,-6.174671345547729266e-07
2.832746346288466160e-06,-1.070955912094074599e-06
3.227922271831597937e-06,-6.979731661733420030e-07
1.396285615302393826e-06,7.905721415777206567e-09
1.618048446910621181e-06,5.267348972683967177e-07
2.120696024810347375e-06,-7.514079212187144475e-07
1.722765670088378389e-06,-1.797115265244826314e-07
1.859730685161223392e-06,-4.101600819920045858e-07
2.639874275475065082e-06,-5.673463843885628850e-07
3.029221720070569023e-06,-2.877573410079764762e-07
1.759069599247920154e-06,2.669441014031956573e-07
1.762005507739949977e-06,5.922069031520817704e-07
2.232080111902505709e-06,-6.051350207333698790e-08
2.945023763256039089e-06,9.997917216203840868e-08
2.922510054140492504e-06,4.547624892425087685e-07
2.037561632391949177e-06,5.134968511638098699e-07
1.851719951987198101e-06,7.215778081750804094e-07
1.971537394214178217e-06,1.057133134188681595e-06
2.584265641968869487e-06,5.152739977813565284e-07
2.127801225779422227e-06,1.347708632950985281e-06
2.972894179133767790e-06,8.016211480901527171e-07
2.287661236651144001e-06,1.079732540101663538e-06
2.716307720441469539e-06,1.103058702676562890e-06
2.298885184740181184e-06,1.610146064712382096e-06
3.070599474464459801e-06,1.103120385031296611e-06
2.946508568523467029e-06,1.371726722843157225e-06
2.695246097184390047e-06,1.527459906403393747e-06
2.490742847310123146e-06,1.829138110670776143e-06
2.686131908866265802e-06,2.010846911306217976e-06
3.198695936932311428e-06,1.363683082330063331e-06
3.080943189938179072e-06,1.639791596188835580e-06
2.949072131751451292e-06,1.932483531505894452e-06
2.894773295644172806e-06,2.154271582763886394e-06
3.352740576365723325e-06,1.573825659393967181e-06
3.297077680022146188e-06,1.923639695200903712e-06
3.100984563908540721e-06,2.270550061418945800e-06
3.298450186363955855e-06,2.352156359920594253e-06
3.493116613559445016e-06,2.399249917459572083e-06
3.517120638353849995e-06,1.990787598097798182e-06
3.519815832331782379e-06,1.731601484560809242e-06
3.476709121861440603e-06,2.222754885116359729e-06
3.673723818092708050e-06,2.427841976848367959e-06
3.840405901161778869e-06,2.430859380689195899e-06
3.674517753226452200e-06,2.046534875430444143e-06
3.686314239170206457e-06,1.849488361472055124e-06
3.998030961036579607e-06,2.416935537352552211e-06
3.836275479960151341e-06,2.209770614956710503e-06
3.849295241706500579e-06,1.929257340531516289e-06
4.035243140976305557e-06,2.227791845056458599e-06
4.146977885541312914e-06,2.390264182365064524e-06
4.005363778810740458e-06,1.965774315608515658e-06
4.329283933706865351e-06,2.363694834748734798e-06
4.196780002576184293e-06,2.127887749020532838e-06
4.148216815546566701e-06,1.992679668244540463e-06
4.525963323447797091e-06,2.322925641579489941e-06
4.440200218328858013e-06,2.181441267407171141e-06
4.328294211110960459e-06,2.027540976325111630e-06
4.708769382735224412e-06,2.277753217028415461e-06
4.630033552504051820e-06,2.194265134671693578e-06
4.525268967602685416e-06,2.067434919358130223e-06
4.822268277417278491e-06,2.236415561865969959e-06
4.778153540680739916e-06,2.195211779721691363e-06
4.708321256827578626e-06,2.112111781617479323e-06
4.859695938097792192e-06,2.196226916325353457e-06
4.853657955394556265e-06,2.196170637766581691e-06
4.821871298199163083e-06,2.154880804337651620e-06
4.820261496062453770e-06,2.156191721228366577e-06
4.852875521623468958e-06,2.197221822939789906e-06
4.859483301153324933e-06,2.197006752030234233e-06
4.703729189436031666e-06,2.117032614701979989e-06
4.774738494820610901e-06,2.198506616701325986e-06
4.820048988597059814e-06,2.239425302292614084e-06
4.512297777464766834e-06,2.080223411865958536e-06
4.620085524135574012e-06,2.199795358097535408e-06
4.703505381760086586e-06,2.281217951845344248e-06
4.252682775487646022e-06,2.048084801522078238e-06
4.392978490683630784e-06,2.200905552734983820e-06
4.512138113838250109e-06,2.320535160635663199e-06
3.936238883955158628e-06,2.022783437384026407e-06
4.102682610986431634e-06,2.201974811937508399e-06
4.252397526534348895e-06,2.354870923615972711e-06
3.578156234179201418e-06,2.005621141032147698e-06
3.762627842124942201e-06,2.202844152823100002e-06
3.935965936488676370e-06,2.382138749584599148e-06
2.748911546773391280e-06,2.017832990138826586e-06
2.804296735609373819e-06,1.994952883761917395e-06
3.409346475351780662e-06,2.203285401372908820e-06
3.195643032778818612e-06,1.996949984163434100e-06
3.578154160862924607e-06,2.400504038249157460e-06
2.725965311437800713e-06,2.073127980044691113e-06
2.857569412002594855e-06,2.203733917897166149e-06
3.195632352882367764e-06,2.410134274069771839e-06
2.726074441319065844e-06,2.334290487386434793e-06
2.804386725233838492e-06,2.412413808027859427e-06
2.749020185797364329e-06,2.389550021686423460e-06
