Size 192,2
5.037951492621946828e-05,-7.170385737772196131e-06
5.058337134186785913e-05,-6.678298012958975194e-06
5.058298513110808182e-05,-4.358339285488117502e-06
5.037907700867516635e-05,-3.866214596225662645e-06
4.988736273679464714e-05,-7.374195275898343201e-06
4.896389348931131779e-05,-5.518257791675084467e-06
4.988685389951411574e-05,-3.662389099608353278e-06
4.642227240982079226e-05,-7.372955002576603704e-06
4.642151824801243811e-05,-3.663481841136962938e-06
4.450971972316455368e-05,-5.518210598050697109e-06
4.296081208175045306e-05,-7.368960610466146934e-06
4.296020163662364616e-05,-3.667497892025789203e-06
4.123259040240365722e-05,-5.517878538263506026e-06
3.950966427384483743e-05,-7.361004756226891551e-06
3.950958834597375740e-05,-3.674628831097092863e-06
3.778899028811263223e-05,-5.517700775904218340e-06
3.607632830291792372e-05,-7.348735192526439674e-06
3.607557860875723659e-05,-3.686134996753554872e-06
3.436690653322373471e-05,-5.517204145288283838e-06
3.266925264275573028e-05,-7.331035474325885258e-06
3.266827335058835962e-05,-3.702902687042194791e-06
3.097654870423917275e-05,-5.516760299810641382e-06
2.929976732254009370e-05,-7.307014426084345962e-06
2.929880176086644799e-05,-3.726186724149556072e-06
2.763026486101453072e-05,-5.516411071464807910e-06
2.598092463124298900e-05,-7.275933170498190814e-06
2.598030100399264429e-05,-3.756729020680584821e-06
2.434145613087598591e-05,-5.516029355121929623e-06
2.272555963975715721e-05,-7.238117417286581917e-06
2.272517917247469162e-05,-3.793641805330773047e-06
2.112204349212847305e-05,-5.515384781678893007e-06
1.954585032284558317e-05,-7.192900117237840593e-06
1.954631456275919102e-05,-3.837704982661954746e-06
1.798518649382074041e-05,-5.514673471671634360e-06
1.645644097295820822e-05,-7.138553963953042201e-06
1.645700813180635684e-05,-3.890386756954100323e-06
1.500620689298526238e-05,-5.513474024768494811e-06
1.359227387422623166e-05,-7.075545413743148323e-06
1.359226314979849067e-05,-3.954017848287059586e-06
1.254271687464716643e-05,-5.631360407008540676e-06
1.150801185284196598e-05,-7.015998161420167131e-06
1.150630920309982695e-05,-4.014085424325844989e-06
1.004780785302330460e-05,-6.963096801030773578e-06
1.031648295683259256e-05,-6.013495621391463263e-06
1.004453889969071291e-05,-4.053013774947005049e-06
9.014372438996805109e-06,-4.095587968580108079e-06
-1.227715232395857142e-06,-7.036410058698562623e-07
-1.252361973530385862e-06,-6.441508956161809715e-07
-1.252156697467697282e-06,-4.234390468813314476e-07
-1.227680814537080491e-06,-3.651698206841306865e-07
9.011162369888439712e-06,-6.925290200390098086e-06
8.103643698319519168e-06,-6.838811560979093079e-06
8.791683463382602112e-06,-5.159114743989082158e-06
8.089767964503277620e-06,-4.061711389976302168e-06
-1.168545126236726141e-06,-7.283737189947819009e-07
-1.109293478607426351e-06,-4.864080151679702053e-07
-1.169332116014434502e-06,-3.410469071756638369e-07
7.805508268535287536e-06,-5.973622913097856310e-06
7.228726814291344601e-06,-6.643030884022909255e-06
6.406407228078927106e-06,-6.364926168157131271e-06
7.532308951625358324e-06,-4.815588804188989720e-06
7.229711119467451855e-06,-3.888277637954578800e-06
-7.684854835349726628e-07,-7.366944602138201202e-07
-7.687651660083267661e-07,-3.355921500850003583e-07
-5.610631055775927294e-07,-5.371236755523085992e-07
5.650400471813433533e-06,-5.991969868476862547e-06
6.287907362482567158e-06,-5.499718388994408466e-06
6.566792371409242195e-06,-4.443298103525877743e-06
6.447891684555451632e-06,-3.590567494635961243e-06
-3.355261270135867993e-07,-7.762803863541477418e-07
-3.361995526351155434e-07,-3.002114596932510036e-07
-7.928632354989057967e-08,-5.394081608294753636e-07
4.956011059164942782e-06,-5.554286395731644408e-06
4.346466706719311335e-06,-5.060631967002850168e-06
5.602056383838311022e-06,-4.284374592744241433e-06
5.763484322787282024e-06,-3.178060023502037746e-06
2.152490106959142827e-07,-8.587442096537786684e-07
2.145518046130723670e-07,-2.225160738928963723e-07
4.501704320166109968e-06,-4.328059083708469396e-06
3.823285059733431855e-06,-4.508336153217798280e-06
4.753991519197976137e-06,-3.532794659498379447e-06
5.190134694936466433e-06,-2.689559454956899191e-06
5.386369333995618024e-07,-5.419071963839455356e-07
9.233506708969616366e-07,-9.759898141959453560e-07
9.218221100767739640e-07,-1.093400853168008728e-07
3.371274442024333197e-06,-3.921534122311366308e-06
3.018959899278819245e-06,-3.328865206501565269e-06
2.756876972802622297e-06,-2.712515672969625259e-06
4.242635751293049290e-06,-2.839401058793458644e-06
4.735775747188101292e-06,-2.154481754251287957e-06
1.231377216851160875e-06,-5.455355977490304571e-07
1.608684778949512708e-06,-1.089486642453567236e-06
1.608646049648764143e-06,5.965756300551789380e-09
3.350055328683728875e-06,-2.706165613105621739e-06
2.565696719872377776e-06,-2.097723811468213476e-06
2.218714733536792740e-06,-1.184163738162933766e-06
2.389152860551156743e-06,-1.282552694992801321e-06
2.471803266652685453e-06,-1.488257972193842023e-06
3.891459729515136490e-06,-2.077757904243563065e-06
4.394439175307313856e-06,-1.600311214585800970e-06
1.946690211428079540e-06,-6.273395576617960919e-07
2.242311223472933920e-06,9.005910422804942600e-08
2.978620362051213004e-06,-1.668146886789639052e-06
2.411669383129235768e-06,-8.939150037203093327e-07
2.614356145912131199e-06,-1.212330565314745415e-06
3.650125486609731922e-06,-1.430388525902898670e-06
4.173062663228967080e-06,-1.055095784782879331e-06
2.442219282673317028e-06,-2.744933224435890353e-07
2.430712705412645763e-06,1.807430223665325898e-07
3.110530601753778912e-06,-7.480602606370161372e-07
4.085574138971811380e-06,-5.254969484969780865e-07
4.097036999466001924e-06,-2.262341680034422691e-08
2.817489686798811558e-06,6.292410625736656924e-08
2.543789771712625289e-06,3.691213451847083665e-07
2.688200598776604906e-06,8.768137402186443918e-07
3.603933540664678224e-06,5.167412518134584326e-08
2.889375829513256345e-06,1.349409718059899464e-06
4.214299785584894036e-06,4.766672695208726794e-07
3.155503180063434933e-06,9.007169235840420186e-07
3.823046613890738226e-06,9.367783393654297712e-07
3.134505994745062199e-06,1.791617224664469964e-06
4.416449795240452406e-06,9.363606785223991257e-07
4.221080950208960329e-06,1.374008977268207849e-06
3.784577865842063626e-06,1.642193560098131586e-06
3.425483387874773749e-06,2.197153222151655153e-06
3.754455993438462516e-06,2.563391983176732286e-06
4.692195929569776721e-06,1.349918642520698738e-06
4.477015051751132027e-06,1.847033375418978604e-06
4.226998818717434457e-06,2.414039282478270032e-06
4.121558504404304802e-06,2.887552499834514070e-06
5.032407998981121531e-06,1.702536449151045225e-06
4.923219353552254408e-06,2.405845362158665282e-06
4.518676209197076641e-06,3.167589829166897061e-06
4.940906886767722907e-06,3.399014081331654614e-06
5.385207930283979112e-06,3.579874896782916589e-06
5.425810466688057841e-06,2.552138890225433086e-06
5.424977302409889173e-06,1.985020665032326959e-06
5.326739191005103097e-06,3.106922060742800288e-06
5.843723364641148142e-06,3.710147638142976271e-06
6.312303936337125454e-06,3.787486129179629565e-06
5.820217750526216675e-06,2.677069754738244625e-06
5.856636220305692137e-06,2.192401830715575166e-06
6.785437540345256228e-06,3.811702237917988296e-06
6.262103135753220430e-06,3.120658778881496396e-06
6.315208824079792135e-06,2.319303377537456213e-06
6.890614303681894177e-06,3.189448035260614867e-06
7.303954678643684896e-06,3.809275149354806915e-06
6.786934408329985046e-06,2.362241613242111752e-06
8.016182267495820639e-06,3.807154658136406401e-06
7.455313984817806412e-06,2.835622194484804225e-06
7.304737597052064184e-06,2.363576255003536429e-06
8.994366398868934779e-06,3.805374393612801856e-06
8.510772326999530737e-06,3.028394468508500490e-06
8.017021417676131070e-06,2.364154850074304345e-06
1.028679314487501980e-05,3.803514135034515548e-06
9.640873994931908818e-06,3.083212807537026039e-06
8.995260662190472200e-06,2.363047537853961293e-06
1.163310530919078416e-05,3.800397628338316753e-06
1.096073553771123027e-05,3.081507493808097412e-06
1.028759342391629393e-05,2.361271115272439348e-06
1.297438060076380917e-05,3.795161220041304751e-06
1.230527052580658825e-05,3.080011537516001434e-06
1.163375406223445948e-05,2.361121762868061912e-06
1.430663973200972487e-05,3.788676370917473348e-06
1.364244327527542419e-05,3.078604606359017911e-06
1.297489182003853115e-05,2.363484629426936735e-06
1.562869662049262757e-05,3.782640807719803845e-06
1.496937872228676543e-05,3.077201776236387027e-06
1.430699552102565466e-05,2.367161063777050947e-06
1.694304004376566010e-05,3.777963704309336563e-06
1.628704803676028095e-05,3.075835165468248949e-06
1.562898899832461510e-05,2.370301308783666064e-06
1.825282204097494708e-05,3.774250113999576167e-06
1.759887652276955096e-05,3.074540734240963208e-06
1.694351822638089241e-05,2.372264594278935815e-06
1.955795303793586424e-05,3.770401560324903291e-06
1.890662637569377676e-05,3.073401755825308450e-06
1.825342106446565952e-05,2.373537468279986090e-06
2.085706835841719036e-05,3.766686696335077652e-06
2.020871378664992413e-05,3.072501515754112064e-06
1.955852033192462982e-05,2.375422428741516986e-06
2.362569158783120772e-05,3.687787684613794676e-06
2.344220228558282254e-05,3.763802227110747015e-06
2.143722272455554284e-05,3.072050552350885490e-06
2.215079607361121580e-05,3.764270754078697943e-06
2.085719048931411845e-05,2.377827329602010724e-06
2.370169161819979251e-05,3.504278316139882160e-06
2.326760170192299310e-05,3.071779639966799921e-06
2.215079091322830177e-05,2.379496696874309233e-06
2.370163260746797852e-05,2.639308619126451332e-06
2.344215060886545017e-05,2.379809002203978139e-06
2.362563201072612776e-05,2.455815874591655100e-06
