Size 192,2
5.568335647002879680e-05,-7.294277891351799186e-06
5.590265036305120880e-05,-6.764786260495137067e-06
5.590227884020672387e-05,-4.268737247098706873e-06
5.568293497142037400e-05,-3.739221651590008424e-06
5.515390264512451038e-05,-7.513606302336834230e-06
5.416062847893417449e-05,-5.516728192011996356e-06
5.515341487491991240e-05,-3.519887450140230926e-06
5.142589084200919927e-05,-7.514079040201870789e-06
5.142532584685617365e-05,-3.519886698007354564e-06
4.936712218910357209e-05,-5.517397233561098680e-06
4.769650097547417715e-05,-7.515851086238737215e-06
4.769615142943099142e-05,-3.519830991949673046e-06
4.583097750999537900e-05,-5.518179410855133561e-06
4.396437070777968042e-05,-7.517680768702819389e-06
4.396472449062414461e-05,-3.519889431397688589e-06
4.209786869607937853e-05,-5.519548369129333317e-06
4.023144805375156603e-05,-7.517466877647129402e-06
4.023141342493795548e-05,-3.522636143318062865e-06
3.836596350997077898e-05,-5.520772756380038697e-06
3.650379381084760004e-05,-7.512760389634449359e-06
3.650347565720513072e-05,-3.529880149218990798e-06
3.464406959140165409e-05,-5.521916159999729568e-06
3.279237939756043360e-05,-7.500831500866747382e-06
3.279192697882642681e-05,-3.544260187026619484e-06
3.094559603037433691e-05,-5.522892512030567763e-06
2.911271166486958088e-05,-7.478784667121523651e-06
2.911247416394296443e-05,-3.568140711997973542e-06
2.728847111891887083e-05,-5.523604385884509140e-06
2.548538390200214153e-05,-7.444552025066513032e-06
2.548541336279484381e-05,-3.603491171685593280e-06
2.369550262904991192e-05,-5.523930571737293687e-06
2.193499491799523929e-05,-7.396690916851729244e-06
2.193549214240746685e-05,-3.651725433266044102e-06
2.019197965403558731e-05,-5.524084536613018067e-06
1.848646382779227070e-05,-7.334834869000924770e-06
1.848722038030440969e-05,-3.713926060335246547e-06
1.686956024251519488e-05,-5.523829134816439355e-06
1.529623576402443341e-05,-7.260728476676648204e-06
1.529647849036716475e-05,-3.790827391908914769e-06
1.412948682401676410e-05,-5.655570173494237601e-06
1.298255562577578337e-05,-7.190426613240581592e-06
1.298086916475001723e-05,-3.863659058136814760e-06
1.136674517251977829e-05,-7.128662794664962752e-06
1.166297299421118485e-05,-6.079003435492907549e-06
1.136368358359305561e-05,-3.910420534016174965e-06
1.022675429121691790e-05,-3.960531635971679044e-06
-1.463495197783988804e-06,-8.995403022736850047e-08
-1.492088956420559310e-06,-2.120204972389962802e-08
-1.491945034039933316e-06,2.348395097407063269e-07
-1.463507902311711850e-06,3.026429598036881561e-07
1.022195529798856418e-05,-7.085258596851505176e-06
9.222188772174238821e-06,-6.988925623847339149e-06
9.979938321507190980e-06,-5.135221166060237061e-06
9.207726243144030714e-06,-3.925447944475325239e-06
-1.395061669772479402e-06,-1.183672802595457317e-07
-1.326199980791122669e-06,1.625421394305301201e-07
-1.395662889640145563e-06,3.309906620154295460e-07
8.893588154019068279e-06,-6.034599391863923432e-06
8.258294258259704022e-06,-6.772809637464936275e-06
7.353198336523923825e-06,-6.467469068397840725e-06
8.593933328027025204e-06,-4.757378857823249358e-06
8.262175384229064737e-06,-3.735159843420625507e-06
-9.313186859025882486e-07,-1.261215043287053727e-07
-9.309776311681125597e-07,3.395236221439727001e-07
-6.904554931340527173e-07,1.066673509373264317e-07
6.519088802337949007e-06,-6.058410376142595282e-06
7.223514871610129488e-06,-5.514142198758206549e-06
7.532346292329736026e-06,-4.348044188523236300e-06
7.403534549634233071e-06,-3.405258155397382296e-06
-4.288614736871620296e-07,-1.707020166384963149e-07
-4.290122760441535502e-07,3.836650669454518123e-07
-1.304112580670842932e-07,1.062661515675229259e-07
5.752470322737068698e-06,-5.578701018207275460e-06
5.076044631705144752e-06,-5.036189735738992927e-06
6.469583281553727974e-06,-4.174220170806020346e-06
6.652109390219783647e-06,-2.946141011645092091e-06
2.134169251524219944e-07,-2.674429347752759359e-07
2.132488771515083959e-07,4.794174815064826182e-07
5.249267384690625911e-06,-4.226110420016443633e-06
4.489955065068331151e-06,-4.427984516174189731e-06
5.532845673394324935e-06,-3.341399354952181800e-06
6.022636339827405020e-06,-2.398078954628055510e-06
5.933006623398002550e-07,1.055929062240533447e-07
1.046795435406381990e-06,-4.073610036065457897e-07
1.045817814440194170e-06,6.191391100506510067e-07
3.981405113468210937e-06,-3.779781774900934271e-06
3.577188092645813315e-06,-3.117035891996467600e-06
3.267927043962854149e-06,-2.423374200417226370e-06
4.962727088958687078e-06,-2.567037933748076638e-06
5.523853630138881527e-06,-1.790246957831243624e-06
1.411339291556234102e-06,1.034533412435520680e-07
1.860125750917180414e-06,-5.446985368015264565e-07
1.860482603956939827e-06,7.622785085436005014e-07
3.950649459240968881e-06,-2.418086461089394689e-06
3.038283434628501447e-06,-1.723799410105232297e-06
2.594886008117213679e-06,-6.608530527551161595e-07
2.804916559030237446e-06,-7.781588745002632897e-07
2.911584468842838213e-06,-1.019983098008189823e-06
4.569934026609042569e-06,-1.703578069323269961e-06
5.152258904315778748e-06,-1.151688386272847451e-06
2.263326296676014549e-06,7.566088652890255771e-09
2.610755853678306424e-06,8.670290327346662824e-07
3.513052531198781849e-06,-1.232173079070722699e-06
2.825968996925519765e-06,-3.145104038915353251e-07
3.075770011565168341e-06,-6.954350467688800905e-07
4.295524022503765961e-06,-9.555549298490919682e-07
4.916761513537751279e-06,-5.116003283088751440e-07
2.852090694342472884e-06,4.286147597278011249e-07
2.829685447827211983e-06,9.785553053810170302e-07
3.662054805295350130e-06,-1.494764531961369211e-07
4.830063815670972340e-06,1.198356219432752297e-07
4.871010200736508042e-06,7.319741370777341535e-07
3.298120817010153219e-06,8.335838917879541561e-07
2.959330862184331436e-06,1.213629440034075476e-06
3.121578780622827984e-06,1.854625245049957991e-06
4.262227523117677895e-06,8.149386732992965715e-07
3.357408364945321896e-06,2.465938280174666160e-06
5.041755720469518882e-06,1.347403699379384131e-06
3.703205891730149867e-06,1.880059540851536609e-06
4.550251160839923956e-06,1.928308361765301862e-06
3.660887890142149363e-06,3.045281430439732564e-06
5.323666985751310118e-06,1.929447286773839041e-06
5.075459706239340270e-06,2.495965180178321837e-06
4.502015244502793756e-06,2.847147371373082246e-06
4.028905029798075300e-06,3.589291038960037712e-06
4.460027715721022739e-06,4.090522110509713089e-06
5.708185535177925602e-06,2.462340209954547874e-06
5.422512164043314555e-06,3.123831182932946110e-06
5.088214170921871053e-06,3.890144885648291394e-06
4.946327723924724775e-06,4.541703026277300623e-06
6.181892288733963397e-06,2.925905876933683089e-06
6.036098189565134242e-06,3.883976158152387700e-06
5.484003638430054079e-06,4.935053487801451483e-06
6.066301015172211778e-06,5.266174761412787006e-06
6.683751007190961154e-06,5.530062429249280716e-06
6.736090178833806024e-06,4.087809695975338295e-06
6.731906540717871735e-06,3.304498083290841267e-06
6.598506611593759891e-06,4.861963518854286307e-06
7.330099367280162347e-06,5.721280530638595145e-06
7.994759760303522212e-06,5.837556364933729649e-06
7.291904286827866389e-06,4.262506924697837811e-06
7.342655641858198896e-06,3.583780082565532406e-06
8.669571339942788621e-06,5.876960323695616469e-06
7.919662143160051279e-06,4.889970345214650093e-06
7.995103345905498201e-06,3.754973980946295995e-06
8.819039922219564014e-06,4.990306622663699427e-06
9.412814883924133059e-06,5.876750267028262433e-06
8.668881668921721046e-06,3.812610255510703021e-06
1.043509717919111041e-05,5.874825265306684922e-06
9.629231978439963969e-06,4.486918984609043390e-06
9.413155288519269682e-06,3.812254549217850195e-06
1.183239052782832838e-05,5.867330732027070133e-06
1.114364162910417536e-05,4.764369664596959742e-06
1.043531001285672572e-05,3.814515870698218828e-06
1.365482448583819066e-05,5.852345331775769599e-06
1.274836589677777334e-05,4.844329761682047236e-06
1.183288261710941016e-05,3.821982492426868622e-06
1.552117655758094954e-05,5.833406257066902960e-06
1.459424349317094488e-05,4.844034495332250367e-06
1.365516360955370772e-05,3.836030916574042818e-06
1.734995869833612364e-05,5.813760989469239288e-06
1.644195195076252178e-05,4.843700147377574782e-06
1.552145201790154234e-05,3.854420540437218364e-06
1.914326646420213643e-05,5.797251629790364895e-06
1.825189609199011885e-05,4.843477097718188769e-06
1.734990644218471499e-05,3.873408430909045423e-06
2.090955476420091908e-05,5.785702207808181662e-06
2.003002753346874327e-05,4.843385968245493018e-06
1.914318417338194497e-05,3.889568086178299224e-06
2.265941666105776556e-05,5.779504472715630629e-06
2.178640796731322950e-05,4.843407779512334258e-06
2.090953087519442007e-05,3.900950799954519245e-06
2.440278756883310451e-05,5.777696203053303424e-06
2.353163652916283953e-05,4.843468529433029458e-06
2.265959619451704524e-05,3.907362371944388414e-06
2.614648881665936387e-05,5.778794940248275004e-06
2.527416663466180047e-05,4.843500146051876302e-06
2.440285568529644781e-05,3.909357377695742774e-06
2.789448254993946757e-05,5.781018879365890053e-06
2.701964922401766178e-05,4.843504230445057976e-06
2.614648189745711929e-05,3.908234275022264307e-06
3.164987138713378341e-05,5.680057977885824060e-06
3.140075095185822370e-05,5.783227395062938272e-06
2.867883205090746766e-05,4.843654929155325704e-06
2.964664136005136169e-05,5.782723133241058462e-06
2.789436731836095667e-05,3.906107638985874919e-06
3.175306351708297685e-05,5.430966379008713725e-06
3.116349353202670157e-05,4.843777610193673229e-06
2.964663194446054016e-05,3.904730486005302335e-06
3.175308767394877492e-05,4.256576477320359873e-06
3.140077060374742981e-05,3.904303165239236390e-06
3.164989535878161097e-05,4.007476516641040573e-06
