Size 192,2
-3.829610599697043138e-05,6.862222632717508122e-06
-3.842514356908846741e-05,6.550674157613663490e-06
-3.842517883660805789e-05,5.082004624623813134e-06
-3.829613391594374408e-05,4.770404318938967244e-06
-3.798457818917857663e-05,6.991275064450805812e-06
-3.740035207596591671e-05,5.816324333435308628e-06
-3.798457599784451445e-05,4.641325814118801214e-06
-3.579119547227902550e-05,6.991549660946533099e-06
-3.579104775983135792e-05,4.640696153244625880e-06
-3.457963545713094140e-05,5.815996864235617824e-06
-3.359579503652564033e-05,6.992871795283301037e-06
-3.359573069313643532e-05,4.638878859717394801e-06
-3.249679475702322207e-05,5.815631807411937250e-06
-3.139596337984288673e-05,6.994990466565596808e-06
-3.139661145787617572e-05,4.636093063662001457e-06
-3.029446012083941429e-05,5.815215276632752847e-06
-2.919093675496124224e-05,6.996968691558308343e-06
-2.919248834300380591e-05,4.633379384299288230e-06
-2.808735526786849618e-05,5.814944542169895342e-06
-2.698207375829214449e-05,6.997991146987872106e-06
-2.698360654390669625e-05,4.631311406149249855e-06
-2.587713076959498483e-05,5.814680492847874431e-06
-2.477184258853888538e-05,6.997350594805106773e-06
-2.477257193231428907e-05,4.631389797901025766e-06
-2.366737402164957460e-05,5.814533988920894248e-06
-2.256462371174355777e-05,6.994440767652315821e-06
-2.256467358190806751e-05,4.634456221555652514e-06
-2.146333175812495703e-05,5.814490625726952646e-06
-2.036551579494845539e-05,6.989291773438970437e-06
-2.036546877635067620e-05,4.639949906939562632e-06
-1.926968888190005227e-05,5.814682661224988140e-06
-1.817797557850185558e-05,6.983104284742853802e-06
-1.817806674512590344e-05,4.646425154749897406e-06
-1.708849887155909996e-05,5.814841330977146951e-06
-1.600303534743130699e-05,6.977004274301966729e-06
-1.600304253129032069e-05,4.652422730202288193e-06
-1.496319644775854307e-05,5.814742312017714592e-06
-1.392617791774752607e-05,6.972519854526742654e-06
-1.392608027917210745e-05,4.656570987861296473e-06
-1.314940321984314229e-05,5.904963322071521706e-06
-1.235746868050132042e-05,6.970593015309639229e-06
-1.235730241535382876e-05,4.657787670468894635e-06
-1.121630118267633710e-05,6.970931092046250709e-06
-1.144001588610340745e-05,6.208785553576338331e-06
-1.121641350439765460e-05,4.657085264182867392e-06
-1.038621067888178222e-05,4.655412572549062646e-06
1.830023306757001286e-06,4.550185427647118393e-07
1.866951952405311471e-06,3.661064162816820868e-07
1.866724883603693941e-06,3.520146391328183329e-08
1.829996300659538790e-06,-5.234875315188000055e-08
-1.038635428650995848e-05,6.972002085981120971e-06
-9.630374031215683891e-06,6.930302851217905814e-06
-1.021938153220017958e-05,5.524441774680845207e-06
-9.633077828440240054e-06,4.586899979164466801e-06
1.741527074963722249e-06,4.918405932731209789e-07
1.652426604137539936e-06,1.289927375056009224e-07
1.742368632665587020e-06,-8.882539531590795860e-08
-9.391561029224347671e-06,6.215480353576375663e-06
-8.882727035779350373e-06,6.803725395060688722e-06
-8.152812155253526537e-06,6.592473097075479227e-06
-9.164910736707502161e-06,5.222147298351624332e-06
-8.901109236205538729e-06,4.386735788150093053e-06
1.141873188902988120e-06,5.019868085937311577e-07
1.141545275298536353e-06,-9.887208667112558622e-08
8.307242106059359131e-07,2.016198241898531161e-07
-7.449210820209732605e-06,6.300082018286375730e-06
-8.058516759133090398e-06,5.838363988783727502e-06
-8.312915365068605648e-06,4.878702855459499556e-06
-8.212726212724594287e-06,4.060288592506858611e-06
4.939689393864179506e-07,5.569100054615573521e-07
4.940128395986902354e-07,-1.535444002743389733e-07
1.114591097838551592e-07,2.016742306072809039e-07
-6.782328797671532394e-06,5.928565876389800079e-06
-6.159370630449474889e-06,5.482188812848490978e-06
-7.418459601714961544e-06,4.724858100941197932e-06
-7.588885913025449448e-06,3.617560290742221562e-06
-3.264329770151306999e-07,6.747211564283014229e-07
-3.264814257588607120e-07,-2.714747936030867214e-07
-6.316811621550907621e-06,4.778555951367327973e-06
-5.588863894674987502e-06,4.967408215220723994e-06
-6.583867384403712876e-06,3.968334533407607069e-06
-7.048947049007282222e-06,3.069971305587799602e-06
-8.073665423103107970e-07,2.016665476990488266e-07
-1.377180130354263109e-06,8.439006862593819561e-07
-1.376503091439722504e-06,-4.419933171909118737e-07
-5.080050751003735034e-06,4.389584737920413404e-06
-4.637030084818300000e-06,3.753993263664342120e-06
-4.265351487415746378e-06,3.069714946941187249e-06
-6.037419352349533121e-06,3.226037703472862687e-06
-6.609903570382241460e-06,2.433267892104636580e-06
-1.834568625213329256e-06,2.030209501607288486e-07
-2.393939316107165723e-06,1.010224891086340672e-06
-2.393855883505738191e-06,-6.153846921748767503e-07
-5.005094004203618679e-06,3.074504319358529200e-06
-3.974290122028286414e-06,2.341602105740739699e-06
-3.326463346199983272e-06,1.152130486251381376e-06
-3.605858245564993961e-06,1.291386841071947667e-06
-3.764462320650293689e-06,1.570840592717251968e-06
-5.650783709654672031e-06,2.337953225084680789e-06
-6.287809024938245565e-06,1.730734633094225174e-06
-2.897200053458352884e-06,3.202984077984412292e-07
-3.304191545089276203e-06,-7.390527198655626998e-07
-4.484065326045506616e-06,1.820463305069817493e-06
-3.612145995583401764e-06,7.270454420225068020e-07
-3.942269905707033571e-06,1.192840557413893850e-06
-5.361760494438454014e-06,1.510916143140645391e-06
-6.098135239506090895e-06,9.863491182597852875e-07
-3.609206941307122055e-06,-1.903206278144127531e-07
-3.553667838687109285e-06,-8.783225500290012219e-07
-4.629429059232057961e-06,5.567850076556066161e-07
-6.046936331204450295e-06,2.218586791146774368e-07
-6.176687256878819574e-06,-5.553961566349457862e-07
-4.140613872871617371e-06,-6.847006433417969450e-07
-3.693476776619472372e-06,-1.187205259398043184e-06
-3.855918369623826888e-06,-2.059494282567818008e-06
-5.381397704437182485e-06,-6.398313088085003193e-07
-4.122031838488006349e-06,-2.940309243355455050e-06
-6.473420297332637434e-06,-1.352535768447784511e-06
-4.627523668505208612e-06,-2.078747412230195747e-06
-5.803677957693239286e-06,-2.147933425019735259e-06
-4.514766369669831787e-06,-3.796659561070526670e-06
-6.938870098578111336e-06,-2.150610323136828504e-06
-6.591506975090066614e-06,-2.968205370303739253e-06
-5.731296756304834625e-06,-3.492492393615544196e-06
-5.016728885194426496e-06,-4.645433251065543457e-06
-5.652941927923967107e-06,-5.460322086074382956e-06
-7.581881214005254176e-06,-2.906977658237030235e-06
-7.140979545216109154e-06,-3.923019535086603818e-06
-6.615708943133098492e-06,-5.144232351568033799e-06
-6.389812176092925781e-06,-6.226953302639432012e-06
-8.379733193552567049e-06,-3.592037727567699093e-06
-8.147068538982689832e-06,-5.145741297403760183e-06
-7.244178443251888829e-06,-6.909895609679026677e-06
-8.211014218338125750e-06,-7.511885081821384377e-06
-9.260597196196180772e-06,-8.022164127974303914e-06
-9.338083273621411532e-06,-5.488611097550234482e-06
-9.325107681201316967e-06,-4.174335407666861632e-06
-9.098520658188861645e-06,-6.827470662812823771e-06
-1.039657711153098483e-05,-8.402256176971581794e-06
-1.159918505647756972e-05,-8.660338143812794067e-06
-1.031158889578936836e-05,-5.785233590403191265e-06
-1.040579010219510838e-05,-4.601097874264274701e-06
-1.283905541696049182e-05,-8.776597383165191221e-06
-1.143728480671837786e-05,-6.912737743300358853e-06
-1.158493551574201612e-05,-4.848579789798674882e-06
-1.310844256409096749e-05,-7.108675891930331983e-06
-1.425073340665014611e-05,-8.830583569284733303e-06
-1.282377349915658383e-05,-4.913958252040432750e-06
-1.623732150312138080e-05,-8.885744343898086087e-06
-1.464644780059615771e-05,-6.147939699961841646e-06
-1.424693052642402036e-05,-4.862737776594755902e-06
-1.907672216604773790e-05,-8.972211287251214104e-06
-1.764712939604086119e-05,-6.683795397534214780e-06
-1.623797124001905069e-05,-4.795048751756497158e-06
-2.298549290779568940e-05,-9.069475537031553497e-06
-2.100369416353353448e-05,-6.847781607413955786e-06
-1.907652256202705817e-05,-4.715804165258009190e-06
-2.721869764607178107e-05,-9.155517621699032701e-06
-2.507588736792119781e-05,-6.849848867641075578e-06
-2.298482750046524720e-05,-4.627183081417348663e-06
-3.159633159008391621e-05,-9.229786643254031173e-06
-2.938451987401966592e-05,-6.852290157446508545e-06
-2.721789901623019786e-05,-4.546602382976680843e-06
-3.609736908967467971e-05,-9.291908200368566081e-06
-3.382769067230348827e-05,-6.854487584793492035e-06
-3.159562563220832368e-05,-4.477031095011542845e-06
-4.069931237883885137e-05,-9.342038198364091556e-06
-3.838293051937620545e-05,-6.856397112915410335e-06
-3.609675121341469683e-05,-4.419028104087817672e-06
-4.538091615267754128e-05,-9.380763669384842922e-06
-4.302821121584196482e-05,-6.857966266085867594e-06
-4.069880810126295072e-05,-4.372382998844681799e-06
-5.012191678166839974e-05,-9.408439512623578631e-06
-4.774294139260412689e-05,-6.859169546944607514e-06
-4.538052517871003885e-05,-4.336436310290824845e-06
-5.490264120288162016e-05,-9.425692014079003887e-06
-5.250708151255984200e-05,-6.859953284472936520e-06
-5.012166368255929847e-05,-4.310754801885909354e-06
-5.970504609191584560e-05,-9.434128278790179567e-06
-5.730148682438786890e-05,-6.860318562137069818e-06
-5.490253332708769016e-05,-4.294639647116907346e-06
-7.000977897246555182e-05,-9.153998881243695200e-06
-6.932655656709798490e-05,-9.436998300068818673e-06
-6.185928589718933722e-05,-6.860404621735510183e-06
-6.451553721012084463e-05,-9.436729992811103670e-06
-5.970502886729849007e-05,-4.286627825689191106e-06
-7.029277908649603809e-05,-8.470778535634904583e-06
-6.867602270356726150e-05,-6.860383993578105338e-06
-6.451554826430324859e-05,-4.284072582817602843e-06
-7.029278068455039566e-05,-5.249986351501290047e-06
-6.932656122855480657e-05,-4.283770985917647182e-06
-7.000978145797511203e-05,-4.566768858811646825e-06
