Size 192,2
-4.010824653040225593e-05,7.584039013750099874e-06
-4.023681772032558062e-05,7.273654247576305197e-06
-4.023712629034823641e-05,5.810601946319023918e-06
-4.010859649534967181e-05,5.500242893563837575e-06
-3.979786450322808335e-05,7.712609721923872886e-06
-3.921598644725956639e-05,6.542181480771133253e-06
-3.979827069428715642e-05,5.371682074148555757e-06
-3.761249996500715749e-05,7.712891814354083108e-06
-3.761297743704238798e-05,5.371352614394247453e-06
-3.640621920766692790e-05,6.541998562083892553e-06
-3.542660312803254564e-05,7.713438467507795841e-06
-3.542691642578044533e-05,5.370303684168686064e-06
-3.433319619089960419e-05,6.541832354751878997e-06
-3.323844512030801283e-05,7.714725219197030151e-06
-3.323836340919310132e-05,5.368451471266611424e-06
-3.214326267087153815e-05,6.541184433520066278e-06
-3.104597488874586005e-05,7.716427974105585596e-06
-3.104655340300680404e-05,5.365629586886534638e-06
-2.994884839924769721e-05,6.540599636304849335e-06
-2.884928967023177201e-05,7.717480756555566667e-06
-2.885009753414365750e-05,5.363033327545867444e-06
-2.775038615474935804e-05,6.539822324775853942e-06
-2.665001581633665451e-05,7.717063428730894657e-06
-2.665068271113111491e-05,5.361455201413956704e-06
-2.555079896954676335e-05,6.538764565151568999e-06
-2.445123719399932218e-05,7.715412673878813181e-06
-2.445154817932374190e-05,5.360741120329690063e-06
-2.335298561910995789e-05,6.537460066987239205e-06
-2.225479875909315011e-05,7.713762196937177826e-06
-2.225455972487103314e-05,5.359395567378259927e-06
-2.115680654100122432e-05,6.535955539649813555e-06
-2.005779928539013014e-05,7.714922522039022586e-06
-2.005665449631871295e-05,5.354729634117931850e-06
-1.895644888569727549e-05,6.534154563650457436e-06
-1.785155224930936460e-05,7.721739983354937293e-06
-1.785000413323044701e-05,5.344303892103399801e-06
-1.678659951582617176e-05,6.532395324824523789e-06
-1.571424267021082928e-05,7.735489170740839776e-06
-1.571302863172769907e-05,5.326400881866601595e-06
-1.490626821999632751e-05,6.626027079455393963e-06
-1.407067130326744599e-05,7.752085592781886907e-06
-1.407050418970530491e-05,5.306481984637620791e-06
-1.285601689688461973e-05,7.768825072318948934e-06
-1.309956955400233887e-05,6.950211167930503307e-06
-1.285658979415367285e-05,5.292089732633672266e-06
-1.196230454866802926e-05,5.276240062137419491e-06
2.155825240715321700e-06,3.919589795052656609e-07
2.200055109218835635e-06,2.855339457293253380e-07
2.199786135043337477e-06,-1.109611324741729606e-07
2.155769224949528517e-06,-2.159101342473103690e-07
-1.196406341207141185e-05,7.781229989112619359e-06
-1.114077581998840505e-05,7.745916575415886734e-06
-1.178745267624541347e-05,6.215299029320016029e-06
-1.114759185691047646e-05,5.187467685812065180e-06
2.049860154496466487e-06,4.359939442022268811e-07
1.942893978974096816e-06,1.264972122372317559e-09
2.050725733045870408e-06,-2.596804087206031727e-07
-1.088378952406589534e-05,6.970165258840839186e-06
-1.032074986816108129e-05,7.619712827874959750e-06
-9.511409807629899230e-06,7.395223778156484687e-06
-1.063629006344697355e-05,5.880577207303981576e-06
-1.034421728571080455e-05,4.951825243014213160e-06
1.331245082589293858e-06,4.471503515424702138e-07
1.330711357622286130e-06,-2.717732146170148140e-07
9.587346022660346000e-07,8.754514127221975567e-08
-8.723427378825140732e-06,7.081079825463035468e-06
-9.409460926677001461e-06,6.563814749514969541e-06
-9.692092920633782734e-06,5.495821613927103305e-06
-9.580920864523022004e-06,4.573709961483568531e-06
5.565973754156195869e-07,5.105462790376474157e-07
5.566214719336430783e-07,-3.355370298598949521e-07
1.013824124652045631e-07,8.740601804254872256e-08
-7.971147870174452379e-06,6.672424459047889288e-06
-7.260690525940709749e-06,6.174459807860003056e-06
-8.689883291900795892e-06,5.320819805017757731e-06
-8.882815443334274891e-06,4.064621201475990322e-06
-4.181006930576071782e-07,6.473483710724836301e-07
-4.182446556037300553e-07,-4.728657872744722275e-07
-7.439075173961797546e-06,5.381741120581878337e-06
-6.605220776366956555e-06,5.596853840031457102e-06
-7.743003467360657524e-06,4.460404518163554626e-06
-8.273605633934990830e-06,3.432755549514266726e-06
-9.869167764123728060e-07,8.719907751635972873e-08
-1.659244140044389354e-06,8.442907466134686989e-07
-1.658430937700448144e-06,-6.714347159344402642e-07
-6.018372154566402723e-06,4.941573723027404815e-06
-5.502054987635665718e-06,4.213124763791109810e-06
-5.065962903454185072e-06,3.426585286789973558e-06
-7.115723865804934535e-06,3.609375575647126958e-06
-7.774990395810073602e-06,2.695047720969881018e-06
-2.198673951624355892e-06,8.885462034375449965e-08
-2.857066535602657566e-06,1.038098605090421806e-06
-2.856755302310796899e-06,-8.726230498120972690e-07
-5.924544182690027933e-06,3.433534762758628467e-06
-4.723137150753280817e-06,2.584795203896953549e-06
-3.954432060691572367e-06,1.202750330849404612e-06
-4.283871195337393113e-06,1.364937507494801550e-06
-4.472199223452798798e-06,1.690378499251636106e-06
-6.669954989479343329e-06,2.583400397038367386e-06
-7.408727601346697747e-06,1.878267607574328782e-06
-3.449281258377173757e-06,2.268193125423563686e-07
-3.925067403291441522e-06,-1.014833341627662358e-06
-5.313730053159547242e-06,1.981694951767177241e-06
-4.289691075192227042e-06,7.041976478471494212e-07
-4.678349265703874262e-06,1.249439554409438965e-06
-6.334425730038849827e-06,1.621874437963044914e-06
-7.193574818760487317e-06,1.009504432555615090e-06
-4.283442700621602573e-06,-3.707408356524422762e-07
-4.216249995164043766e-06,-1.177068425589120992e-06
-5.479949775927877659e-06,5.071758183527673482e-07
-7.136644164942987489e-06,1.154527563861891311e-07
-7.292616907278356930e-06,-7.954458652815157158e-07
-4.903890930693315624e-06,-9.486764131853570737e-07
-4.378429000679772353e-06,-1.538687337377806656e-06
-4.565296458579430470e-06,-2.563064603447223759e-06
-6.359357380677013557e-06,-8.934817457749185287e-07
-4.873696139200138741e-06,-3.601962646204048766e-06
-7.644672848939906322e-06,-1.729240743241721803e-06
-5.471157057195283230e-06,-2.584257097305969144e-06
-6.856282416550548186e-06,-2.664479643784946725e-06
-5.332701746832124295e-06,-4.613413468813728349e-06
-8.197548540912414757e-06,-2.666669462873534699e-06
-7.787827584497393317e-06,-3.631050404803164617e-06
-6.768839869279628435e-06,-4.252163123317443259e-06
-5.921905268185323239e-06,-5.620959659555697172e-06
-6.673091438739049980e-06,-6.591469811690875843e-06
-8.964151051425600251e-06,-3.556489805760870141e-06
-8.440114501106281319e-06,-4.761426796205053188e-06
-7.814656745873804286e-06,-6.215149782048098303e-06
-7.545459535714924895e-06,-7.509418877567011712e-06
-9.917819321608318983e-06,-4.364357794513880580e-06
-9.639639273113996713e-06,-6.216789320818318252e-06
-8.561238091091836669e-06,-8.329060764689496661e-06
-9.716643432099706222e-06,-9.055403306387296999e-06
-1.097493288440043738e-05,-9.676000611983298500e-06
-1.106713147526899165e-05,-6.626061960234121645e-06
-1.105157115424013422e-05,-5.053144101254617836e-06
-1.077825131416176804e-05,-8.234791336164100177e-06
-1.234230334931129197e-05,-1.013973982208521693e-05
-1.379587233162955303e-05,-1.045833809067211068e-05
-1.223821788122383772e-05,-6.980691584967380127e-06
-1.235290670760877084e-05,-5.556518315455880462e-06
-1.529764191623023275e-05,-1.060499672873745409e-05
-1.359650132850138328e-05,-8.341219518365325034e-06
-1.377729413245000795e-05,-5.845020415859183623e-06
-1.562355617894303891e-05,-8.579149442525464662e-06
-1.701487008419865955e-05,-1.067741048238666731e-05
-1.527768426039743415e-05,-5.916938296177461928e-06
-1.943834454491119283e-05,-1.075076717450985304e-05
-1.749475838043794906e-05,-7.409313896390241581e-06
-1.701047102127932757e-05,-5.846174574139614237e-06
-2.291668079601847264e-05,-1.086440193194080545e-05
-2.116295310072682562e-05,-8.059991365544235431e-06
-1.943998500961339961e-05,-5.752852539382230717e-06
-2.771965471879197853e-05,-1.098846345042128803e-05
-2.528295670098979110e-05,-8.258558700177343829e-06
-2.291702470155829790e-05,-5.645030406512315730e-06
-3.292831938912012561e-05,-1.109432824162484528e-05
-3.029152215216025979e-05,-8.258737741156053769e-06
-2.771947777341380529e-05,-5.527453116874760347e-06
-3.831516554399122971e-05,-1.118349144830883928e-05
-3.559394743868517360e-05,-8.259668570622168574e-06
-3.292789835538706731e-05,-5.423969374625668664e-06
-4.385160735343686855e-05,-1.125695373064038025e-05
-4.106051746665965378e-05,-8.260626502769863108e-06
-3.831481154997106375e-05,-5.336749235226778736e-06
-4.950873545427428459e-05,-1.131491844861484923e-05
-4.666218003614166989e-05,-8.261593135443910486e-06
-4.385132198794417831e-05,-5.265222135022275633e-06
-5.525802769840872352e-05,-1.135821100719829693e-05
-5.237005911175631048e-05,-8.262479061521243160e-06
-4.950847623491074037e-05,-5.209141118876235357e-06
-6.107254330509630680e-05,-1.138815028355648354e-05
-5.815616249150701550e-05,-8.263317923108371986e-06
-5.525766424155359588e-05,-5.167603029843977018e-06
-6.692947572101655743e-05,-1.140727793309002131e-05
-6.399521567025772122e-05,-8.264114487742925749e-06
-6.107207832728159182e-05,-5.139293553384287713e-06
-7.281186403874367473e-05,-1.141854206006890415e-05
-6.986739124063641904e-05,-8.264758691732623593e-06
-6.692907446423226132e-05,-5.121575091829134903e-06
-8.544551420119829606e-05,-1.107827467342328292e-05
-8.460769076021443409e-05,-1.142528305873539979e-05
-7.545137705267110167e-05,-8.265195564742783179e-06
-7.870754267832986246e-05,-1.142404307277685943e-05
-7.281171213528238892e-05,-5.111402785687384318e-06
-8.579255699214188380e-05,-1.024049819958107007e-05
-8.380976262514521402e-05,-8.265675075411808590e-06
-7.870744070992279648e-05,-5.106819051024766115e-06
-8.579257177729721583e-05,-6.290861536929165078e-06
-8.460767141115982186e-05,-5.106022114445774246e-06
-8.544552037585881039e-05,-5.453049090315761300e-06
