Size 192,2
7.633771232933334754e-05,-1.301918182758732761e-05
7.658644255710993817e-05,-1.241855447731519274e-05
7.658644617782489920e-05,-9.587439092078058986e-06
7.633772315054759285e-05,-8.986838987475186490e-06
7.573718964933842581e-05,-1.326799037477237364e-05
7.461119075034854846e-05,-1.100299407582096651e-05
7.573722050149161479e-05,-8.738042650647560443e-06
7.150943667097751704e-05,-1.326935885166695997e-05
7.150954091682742509e-05,-8.736777729791448885e-06
6.917391335438144873e-05,-1.100315513729052907e-05
6.727606547341238809e-05,-1.327486551215953187e-05
6.727599472951269037e-05,-8.731676254303440471e-06
6.515559781733530316e-05,-1.100341058855517784e-05
6.302906674155823931e-05,-1.328485222539072135e-05
6.302888402086784096e-05,-8.722364792769808840e-06
6.089880449495315687e-05,-1.100368912500657005e-05
5.876013811289586210e-05,-1.329830777308035414e-05
5.875987616718483623e-05,-8.709181875023512770e-06
5.661637881772063559e-05,-1.100389073753432233e-05
5.446244962875941049e-05,-1.331494597379467699e-05
5.446208691206814702e-05,-8.692929988786476196e-06
5.230264110724066809e-05,-1.100420977159668093e-05
5.013183979537244849e-05,-1.333323016613585311e-05
5.013122240606285719e-05,-8.675359106635953689e-06
4.795476746622573161e-05,-1.100451683758275637e-05
4.576648857277648284e-05,-1.335172728188927339e-05
4.576610285856458349e-05,-8.657809952342442747e-06
4.357239339958329067e-05,-1.100482166903065646e-05
4.136711051455171207e-05,-1.336930520583069811e-05
4.136736207173922076e-05,-8.640976530892865193e-06
3.915702236828801948e-05,-1.100504250633794107e-05
3.693692031160822559e-05,-1.338419396952023254e-05
3.693773323685326231e-05,-8.626309651778227893e-06
3.471355595507431992e-05,-1.100514041454942046e-05
3.248284888345840456e-05,-1.339463873332698293e-05
3.248372051090452745e-05,-8.615729416159974378e-06
3.034048329375472133e-05,-1.100516631657927344e-05
2.819389915676652868e-05,-1.340079989717942152e-05
2.819459749415254113e-05,-8.609273305965226160e-06
2.658422334230632747e-05,-1.119255726681709540e-05
2.493846409493829879e-05,-1.340355235434344692e-05
2.493874883258896899e-05,-8.606455926547677203e-06
2.256750962714694646e-05,-1.340446698782335747e-05
2.303183527949493071e-05,-1.182374959222973681e-05
2.256733404155000141e-05,-8.605617036815842437e-06
2.084326105235250181e-05,-8.605414086650959511e-06
-3.597296775108017141e-06,-1.978136097059852970e-07
-3.668997166976336373e-06,-2.544377958852762226e-08
-3.668600929227892729e-06,6.170131183025123366e-07
-3.597236488859271999e-06,7.871890886565630543e-07
2.084355558456694248e-05,-1.340467655215467608e-05
1.927652151763359253e-05,-1.331546645638013410e-05
2.049562499280217063e-05,-1.040587755756396256e-05
1.927986819517780130e-05,-8.468833807181285007e-06
-3.425677111193047024e-06,-2.690338290376255085e-07
-3.252548357825647656e-06,4.356760305687724524e-07
-3.426941528649308820e-06,8.583778282838784832e-07
1.878040009897779953e-05,-1.183480363035060007e-05
1.772996591759063819e-05,-1.304872947846308445e-05
1.622374816807536520e-05,-1.260793597687827753e-05
1.830969958992536856e-05,-9.783061215935699511e-06
1.776387022159569345e-05,-8.063496623905856944e-06
-2.261852862239443721e-06,-2.868166499465534859e-07
-2.260439777221107544e-06,8.804541644332621599e-07
-1.657304743164681149e-06,2.977860083037713660e-07
1.477824157116363781e-05,-1.199873972796594346e-05
1.602720756355347341e-05,-1.105121789681127786e-05
1.655016137216846852e-05,-9.077507773443349798e-06
1.634156708363386406e-05,-7.402164772988173779e-06
-1.002665104251481745e-06,-3.935113112521834390e-07
-1.002379650317739218e-06,9.905078477612584391e-07
-2.572629273859234495e-07,2.993362656336962476e-07
1.341152901026366382e-05,-1.122940283301684072e-05
1.214239009474539223e-05,-1.031051883415791927e-05
1.471133900070684485e-05,-8.762590604681642966e-06
1.505644606623825384e-05,-6.504954392898000742e-06
5.974357387741853935e-07,-6.253501424184622912e-07
5.981136929725830816e-07,1.226018930577922162e-06
1.246296384696085922e-05,-8.870177839714861058e-06
1.098708903748626145e-05,-9.253759723641802722e-06
1.300452699431898503e-05,-7.220920690129305573e-06
1.394715865386784190e-05,-5.400098295036947191e-06
1.539121306796602094e-06,3.010571316772110395e-07
2.657457072519154640e-06,-9.607097768848996207e-07
2.656483560469198203e-06,1.566910660987806969e-06
9.959467709117240125e-06,-8.073444267838560318e-06
9.073261410149690632e-06,-6.786168506289782920e-06
8.336408930274707526e-06,-5.404737406099954608e-06
1.189543928381246633e-05,-5.717121714305559156e-06
1.304708002894348794e-05,-4.122600256775969642e-06
3.556525169904487499e-06,2.993345358868850606e-07
4.658698079928019765e-06,-1.291462432080517608e-06
4.658619919073090161e-06,1.912775560158638253e-06
9.816330161941566029e-06,-5.412142330528523416e-06
7.761787786718330007e-06,-3.943698842229430591e-06
6.495912663256548297e-06,-1.573797873807440812e-06
7.045371264884234074e-06,-1.850202823541830731e-06
7.355145066927693245e-06,-2.405243804221601545e-06
1.111277907728709329e-05,-3.932452939540692158e-06
1.238531904349838102e-05,-2.721108725388391578e-06
5.650520666758009517e-06,6.805973001955081936e-08
6.456603148152721023e-06,2.159225271080379923e-06
8.781892785129082019e-06,-2.900065472935362483e-06
7.060141153761848600e-06,-7.342214890744779338e-07
7.710338428257598558e-06,-1.655233946509136205e-06
1.053196033669470448e-05,-2.283657114301160780e-06
1.199240359077078839e-05,-1.244686047120529841e-06
7.058222143207459538e-06,1.077228115095204237e-06
6.950883487109803996e-06,2.434205348753695683e-06
9.074603185755476649e-06,-3.939064161892142238e-07
1.188187873490030692e-05,2.657533997667347025e-07
1.212867156936890160e-05,1.796515664546809044e-06
8.110063818886678651e-06,2.053214910305533013e-06
7.228518232261551470e-06,3.042459298303326775e-06
7.550387477305507792e-06,4.757983693910688369e-06
1.055999351063261765e-05,1.965276520124639636e-06
8.074888480504403148e-06,6.490612380287518314e-06
1.270821910264057775e-05,3.364618034178491789e-06
9.070836927794350308e-06,4.795673476208522165e-06
1.138762580634985240e-05,4.928798689429298260e-06
8.845493889989478918e-06,8.174174152811046606e-06
1.362305918856532401e-05,4.931597972266691060e-06
1.293806307297034626e-05,6.539082143662807429e-06
1.124107286154947573e-05,7.573298186347787457e-06
9.831239550248938426e-06,9.847396680649261522e-06
1.108234299792964977e-05,1.145631099537403374e-05
1.489227845698229427e-05,6.415258850539453928e-06
1.402070613526013757e-05,8.417900725116645220e-06
1.298080807988702101e-05,1.083095268870137678e-05
1.253367420794000761e-05,1.297627914322713951e-05
1.647206397364980713e-05,7.759146816398825844e-06
1.600982403502214531e-05,1.083164998645559746e-05
1.422032530623509414e-05,1.433249437091752738e-05
1.613626005776374445e-05,1.553281103752501122e-05
1.822161532139153351e-05,1.655702340697621440e-05
1.837488764280390192e-05,1.150887389114750262e-05
1.834956385207700820e-05,8.902641645110816773e-06
1.789658085088703120e-05,1.417259858605315492e-05
2.048586393100077879e-05,1.732166150170308023e-05
2.289055256547348934e-05,1.784546160668601064e-05
2.031400511566407282e-05,1.209561924186063258e-05
2.050369892775232356e-05,9.737873272258896470e-06
2.537422159993381506e-05,1.808483767794807575e-05
2.256216624888364268e-05,1.434567925955322090e-05
2.286086746950060112e-05,1.021691581904634992e-05
2.591404717866351248e-05,1.473729565881105061e-05
2.821163760277213919e-05,1.820009134162985228e-05
2.534281655943162204e-05,1.033697891244877080e-05
3.221304590368609660e-05,1.831555588890156376e-05
2.900664626866533585e-05,1.280415541845257395e-05
2.820585979299219942e-05,1.022227171075310930e-05
3.794555182287492114e-05,1.849229685612762287e-05
3.505863321725617216e-05,1.387693943659167155e-05
3.221681311215020662e-05,1.007272520836155273e-05
4.583969073707523667e-05,1.868044425466560413e-05
4.183955709995062036e-05,1.420233285971970381e-05
3.794748105529636756e-05,9.902446699929576669e-06
5.437133138061132459e-05,1.883619856206613277e-05
5.005784698170216620e-05,1.420079975642532829e-05
4.584039221220233333e-05,9.720789359865152893e-06
6.316341568870548109e-05,1.896414337811069774e-05
5.872749162821670857e-05,1.420035999951723122e-05
5.437146151766201671e-05,9.564896072231117007e-06
7.217130476990581568e-05,1.906921195914379249e-05
6.763453150992799914e-05,1.419990064348040415e-05
6.316348133766769963e-05,9.436179420321999425e-06
8.135573871717034333e-05,1.915493128473377761e-05
7.673670613628216981e-05,1.419969970544362404e-05
7.217119698780620474e-05,9.330390215155766220e-06
9.068234078678305348e-05,1.922298045561425935e-05
8.599773561701814248e-05,1.419979181100274695e-05
8.135553210916317843e-05,9.244576987871492747e-06
1.001197020394947832e-04,1.927451164014688117e-05
9.538491810643555608e-05,1.420001612709266048e-05
9.068222402819276276e-05,9.176865178454855703e-06
1.096371226263426950e-04,1.931047140547005199e-05
1.048672865951070593e-04,1.420046045379874131e-05
1.001194189311198238e-04,9.125992018933331215e-06
1.192058745690286825e-04,1.933200809398154027e-05
1.144150209141554390e-04,1.420073067702411211e-05
1.096369375738523823e-04,9.090767954064371821e-06
1.397707102082260491e-04,1.877934908307056990e-05
1.384068210674390168e-04,1.934423272645628705e-05
1.235016014156744050e-04,1.420080268500360322e-05
1.288020956450397578e-04,1.934207354839000958e-05
1.192057203620515795e-04,9.069559000845957094e-06
1.403356570793340083e-04,1.741554610574427622e-05
1.371077915801327139e-04,1.420073688450030235e-05
1.288020629864595719e-04,9.059439875910428223e-06
1.403355816826541962e-04,1.098596806040235855e-05
1.384067475247524278e-04,9.057298345108304080e-06
1.397706321086159367e-04,9.622177428702185053e-06
