Size 192,2
-1.044224284987900367e-04,1.415628272644840115e-05
-1.048428892114642913e-04,1.314143557312308686e-05
-1.048429784440333518e-04,8.356744633509034174e-06
-1.044225195432318113e-04,7.341847093721938249e-06
-1.034074069897794644e-04,1.457661019671193421e-05
-1.015031073303120307e-04,1.074905877629650271e-05
-1.034074801222532012e-04,6.921491712128032561e-06
-9.625968940037772821e-05,1.457401039465174944e-05
-9.625969023376913531e-05,6.923528915004378988e-06
-9.231636054798727392e-05,1.074850550434628246e-05
-8.912154639819402685e-05,1.456399025523148366e-05
-8.912134034080478994e-05,6.932328954293686117e-06
-8.555939541898183100e-05,1.074774559404408429e-05
-8.200791419169176501e-05,1.454554563334152173e-05
-8.200779350348902017e-05,6.949078435206744549e-06
-7.846294402636002198e-05,1.074671767112350100e-05
-7.493425825359071083e-05,1.451763325530298259e-05
-7.493451553374247019e-05,6.974777004195848128e-06
-7.141527952795589658e-05,1.074557088796067685e-05
-6.791956212009325495e-05,1.447796182945754310e-05
-6.791988086425387785e-05,7.011782207392443788e-06
-6.443766227915792653e-05,1.074427150755417709e-05
-6.098870394821937022e-05,1.442341628729091955e-05
-6.098863667077865136e-05,7.063492592060101674e-06
-5.755818243811742228e-05,1.074268308126476091e-05
-5.417183879999265327e-05,1.435222144875278558e-05
-5.417150502133540637e-05,7.131435183416753195e-06
-5.080871877968874862e-05,1.074092034065751402e-05
-4.750055337379586524e-05,1.426454522534734409e-05
-4.750010501672741311e-05,7.215308662819360862e-06
-4.422001808155127782e-05,1.073891491655859886e-05
-4.100379918268221740e-05,1.416183503590805046e-05
-4.100308964187236905e-05,7.313640956744357806e-06
-3.781917458457862395e-05,1.073661039453793713e-05
-3.470659789668196897e-05,1.404465047904223731e-05
-3.470541221784433891e-05,7.426368202599621627e-06
-3.175242204472103361e-05,1.073328310451339251e-05
-2.887532586869491995e-05,1.391449962111418230e-05
-2.887354898477455700e-05,7.556181744042676507e-06
-2.673822980167143293e-05,1.097294517344191982e-05
-2.463064282469837489e-05,1.379591418835847337e-05
-2.462654790051001393e-05,7.674548246325255417e-06
-2.165226846240107130e-05,1.369357621283187292e-05
-2.220232407634597791e-05,1.175276510521916246e-05
-2.164663014469728563e-05,7.749614352622060003e-06
-1.954286127702018961e-05,7.829672678670191068e-06
2.850554437310389367e-06,3.800391747598090695e-07
2.907503461036833509e-06,2.430569006147747513e-07
2.907191095480672010e-06,-2.671053495943087865e-07
2.850541285590622319e-06,-4.021558481379500316e-07
-1.953578157550849758e-05,1.362187659858828725e-05
-1.767785687490205771e-05,1.345103057432110743e-05
-1.909043506917708097e-05,1.000618953143942232e-05
-1.765417398728493434e-05,7.750998187968586705e-06
2.714181521408410469e-06,4.366907667433705677e-07
2.576788649867125684e-06,-1.228209107364391934e-07
2.715376576200280543e-06,-4.585178005208443370e-07
-1.706975043971983817e-05,1.167939208726994022e-05
-1.588164779799873080e-05,1.305876901946929921e-05
-1.418699443836568976e-05,1.249527080187354835e-05
-1.651222009509330471e-05,9.298011077242209930e-06
-1.589118286034482761e-05,7.380496303921358113e-06
1.789962387942363804e-06,4.518352393537343946e-07
1.789405134634512127e-06,-4.743722730689027606e-07
1.310658508863738818e-06,-1.104206008440980093e-08
-1.261786586959591192e-05,1.173800553677784885e-05
-1.394638737960308074e-05,1.071422488930499943e-05
-1.452493715739011590e-05,8.526337325754039509e-06
-1.428357180113084331e-05,6.746512062465423893e-06
7.912943128752931014e-07,5.380403307243737339e-07
7.917491297428113625e-07,-5.589327656838492052e-07
2.008772186109303245e-07,-9.757924302753480227e-09
-1.117052044290649833e-05,1.084221937982597171e-05
-9.885710045592940826e-06,9.822529718065171555e-06
-1.252518688873906910e-05,8.195704726544935826e-06
-1.287024581872283506e-05,5.868958221560404632e-06
-4.767590926036481188e-07,7.241243713840472550e-07
-4.762863022538558448e-07,-7.420290436725611576e-07
-1.021349853546756897e-05,8.293241127742196809e-06
-8.767749589721266477e-06,8.676215239175864315e-06
-1.075118821807603890e-05,6.614738198453425451e-06
-1.168120329749857340e-05,4.818784119099639047e-06
-1.222012032941917506e-06,-7.928272924806055578e-09
-2.107655607501485606e-06,9.915513903051893801e-07
-2.105548250716904026e-06,-1.007735563976204249e-06
-7.795416472420468399e-06,7.447557711475727665e-06
-7.016916190065299642e-06,6.183822879786391816e-06
-6.418838957791131346e-06,4.859145228997231310e-06
-9.664299404932832208e-06,5.137599467432664878e-06
-1.073575770278761768e-05,3.651426823006775301e-06
-2.818146404370227458e-06,-3.083882626418883495e-09
-3.689121738467111401e-06,1.253764607459227814e-06
-3.689216156726217596e-06,-1.278728392100911065e-06
-7.729193577328942214e-06,4.850580392002461273e-06
-5.973778463559635301e-06,3.517894668076135083e-06
-5.111727959566202564e-06,1.475174453233727572e-06
-5.517981707636918980e-06,1.700572014285677519e-06
-5.725281645107056776e-06,2.165900257337898666e-06
-8.913358069530154864e-06,3.482824069800172429e-06
-1.003003185696406161e-05,2.422330077451405272e-06
-4.470635688629242027e-06,1.835386044828800691e-07
-5.140609203928813124e-06,-1.476111081071446810e-06
-6.884259220201904042e-06,2.575039308821336283e-06
-5.557901384460089361e-06,8.060150374455282229e-07
-6.040455147472583449e-06,1.540777069342047011e-06
-8.386907866771556023e-06,2.043755199798511968e-06
-9.582192705965008155e-06,1.188259632163464669e-06
-5.606996466584014341e-06,-6.284954332199735562e-07
-5.562943816186538937e-06,-1.689778820111919881e-06
-7.168442770063738153e-06,4.890268080197244795e-07
-9.417065639178549027e-06,-3.021447275598684484e-08
-9.497104241660731140e-06,-1.211358582040651924e-06
-6.465787317403975892e-06,-1.408860739808819014e-06
-5.812338725505608365e-06,-2.141650955824645271e-06
-6.124074050198680940e-06,-3.376270753505737825e-06
-8.323776723821285883e-06,-1.371320603234389465e-06
-6.577298689121999337e-06,-4.555462402002077383e-06
-9.826583900871184936e-06,-2.396995582081144007e-06
-7.244835007995008870e-06,-3.424784023796517571e-06
-8.878497426451805230e-06,-3.517005576467878406e-06
-7.161329539527267050e-06,-5.673436411325733948e-06
-1.037124197738169595e-05,-3.518581930653031444e-06
-9.892173388268748677e-06,-4.611480723679555343e-06
-8.784388645097511612e-06,-5.290187183292017537e-06
-7.870202665100404192e-06,-6.725040142916292414e-06
-8.701707829972623763e-06,-7.695243134021984328e-06
-1.111551147378309565e-05,-4.545405505126740364e-06
-1.056272659791624181e-05,-5.823812275427094125e-06
-9.915494744905987043e-06,-7.307252730255285307e-06
-9.640610723899289489e-06,-8.571372140972105782e-06
-1.203386580683784681e-05,-5.438790759745358884e-06
-1.175062365199233226e-05,-7.295095545870795691e-06
-1.068027604821390757e-05,-9.336380915137052047e-06
-1.180891365595186747e-05,-9.982927442829508659e-06
-1.300813332430859040e-05,-1.050185006398849422e-05
-1.310996065623411425e-05,-7.690154975178771721e-06
-1.310227161448916793e-05,-6.169105517655852893e-06
-1.284120639273182490e-05,-9.197440509119209415e-06
-1.426631809167442519e-05,-1.087951366650647573e-05
-1.556575829202990366e-05,-1.111365842099557155e-05
-1.419158305096951976e-05,-8.028959076101129707e-06
-1.429189695081472930e-05,-6.706682788471208155e-06
-1.688693700138176528e-05,-1.119777542720514426e-05
-1.541557183546793473e-05,-9.254771551939069564e-06
-1.556555343383398912e-05,-7.033042766475374120e-06
-1.717866830012592939e-05,-9.452613575454518451e-06
-1.835006805978928239e-05,-1.120772079850074695e-05
-1.688402033468906121e-05,-7.139169428971736352e-06
-2.037101583953459451e-05,-1.121724370790701409e-05
-1.877233753222951800e-05,-8.458624368907755983e-06
-1.834965603930470838e-05,-7.128637647823639281e-06
-2.316640163073116986e-05,-1.123066728426036291e-05
-2.177964463743553656e-05,-9.006488176978511484e-06
-2.037145918038667166e-05,-7.115709961042206315e-06
-2.687956818946307102e-05,-1.124401995373931503e-05
-2.501924524426908829e-05,-9.166647946641873630e-06
-2.316671014724737439e-05,-7.102318332483536134e-06
-3.077099762780173764e-05,-1.125445429255642970e-05
-2.882205355479409298e-05,-9.166000748749671335e-06
-2.687987021240309776e-05,-7.088480126321757420e-06
-3.468023393659037506e-05,-1.126207806214544357e-05
-3.272322890298448307e-05,-9.165393495359657987e-06
-3.077135415124260048e-05,-7.077000154570296793e-06
-3.860209338166049143e-05,-1.126762164152148977e-05
-3.663943557393790646e-05,-9.164829399209931538e-06
-3.468044605636649190e-05,-7.068223764381283154e-06
-4.253354353254911558e-05,-1.127230989105987680e-05
-4.056629807814941395e-05,-9.164232892919656448e-06
-3.860217019606715383e-05,-7.061559139562789420e-06
-4.647482117981422057e-05,-1.127758418682798683e-05
-4.450232259675895950e-05,-9.163532917519834594e-06
-4.253355633274387117e-05,-7.055566160085269015e-06
-5.042876622781855854e-05,-1.128380707322178287e-05
-4.844962369452452349e-05,-9.162640902880118569e-06
-4.647500438389824462e-05,-7.048486665996288364e-06
-5.439712154312914582e-05,-1.129019512527976473e-05
-5.241076927076759846e-05,-9.161696699725806311e-06
-5.042918519400489436e-05,-7.040398185914362801e-06
-5.837832199643213114e-05,-1.129521251769796305e-05
-5.638608558144212547e-05,-9.160967802529560686e-06
-5.439753480823846746e-05,-7.032363024903826842e-06
-6.692711957047562299e-05,-1.106316003341385732e-05
-6.636018022509063770e-05,-1.129798659750279670e-05
-6.016457441038513068e-05,-9.160472470637072204e-06
-6.236783565782236683e-05,-1.129764025663919517e-05
-5.837851808288832615e-05,-7.026290669850420971e-06
-6.716195318487677528e-05,-1.049623369753563328e-05
-6.582028172452152243e-05,-9.159952914146148387e-06
-6.236789186207955754e-05,-7.022756327453454421e-06
-6.716188820224237594e-05,-7.823690648739903722e-06
-6.636014192973546948e-05,-7.021993589435058354e-06
-6.692705895367122748e-05,-7.256801583292081573e-06
