Size 192,2
2.300207907034830933e-05,-1.559246937592892089e-06
2.311951002928631170e-05,-1.275860803724745258e-06
2.311929067402694892e-05,6.034923340876939652e-08
2.300183225499526207e-05,3.437459442591712188e-07
2.271859454193758505e-05,-1.676606063061035542e-06
2.218643884986589858e-05,-6.077269849393004260e-07
2.271831343041225818e-05,4.611080573427497351e-07
2.072224636226219717e-05,-1.675144503009123213e-06
2.072191882865742957e-05,4.594869661520846063e-07
1.962172913585906507e-05,-6.079795528590244834e-07
1.873194628979464550e-05,-1.669887909405453037e-06
1.873149295282175154e-05,4.537599353718263249e-07
1.774056743874627569e-05,-6.081374259478261302e-07
1.675550756744373425e-05,-1.660436707645120916e-06
1.675540517903013993e-05,4.435213105199288121e-07
1.577395858386441860e-05,-6.087843487836227627e-07
1.480147329915222145e-05,-1.646889291168230135e-06
1.480143221652611190e-05,4.283121053890427235e-07
1.383404290960533435e-05,-6.098235121642030792e-07
1.287854670857079692e-05,-1.629149615709103035e-06
1.287851431876994371e-05,4.081145703154730013e-07
1.192954673855777184e-05,-6.112063849777701969e-07
1.099539645121314032e-05,-1.606833446357723827e-06
1.099556257728779671e-05,3.825036709635752203e-07
1.006939831327808496e-05,-6.130290035981752636e-07
9.161384808001651734e-06,-1.579165576094480084e-06
9.162109737753409524e-06,3.506400934957505318e-07
8.263962434489689109e-06,-6.152748230393052953e-07
7.388276621129432410e-06,-1.544551179600391603e-06
7.389591128618563968e-06,3.112691191127053977e-07
6.526356795180295168e-06,-6.178564175922761692e-07
5.691413531294258721e-06,-1.500728658441138009e-06
5.692992369707994305e-06,2.622011995780176262e-07
4.873685694442426919e-06,-6.207607737127581671e-07
4.089907900532970785e-06,-1.444871270241810855e-06
4.091197828117461509e-06,2.001560343567583925e-07
3.357048266646364242e-06,-6.233015842449318106e-07
2.666020220043488416e-06,-1.374326069621540845e-06
2.666729392439590322e-06,1.202062478799813714e-07
2.160988233918869943e-06,-6.801724479993757050e-07
1.691205845471010170e-06,-1.302541121815699510e-06
1.690206218105612340e-06,4.044054710938489759e-08
1.055371761958672567e-06,-1.235025431977788429e-06
1.157323103671935113e-06,-8.438842245023445690e-07
1.052534374589803917e-06,-1.364994076733750375e-08
6.329218249620768345e-07,-7.266418218571675792e-08
2.988887417745176996e-07,-1.825145937404389027e-07
3.050151199795523538e-07,-1.971486874328665959e-07
3.050303529346288384e-07,-2.520524663036386360e-07
2.989193900124732385e-07,-2.666572615243100035e-07
6.266962095815872007e-07,-1.185760183834508321e-06
2.848627550478015756e-07,-1.120606385028789475e-06
5.275620244412227747e-07,-4.930808900148373881e-07
2.658835018969236016e-07,-1.058639896887491452e-07
2.842807822889794576e-07,-1.765180567113668407e-07
2.693661940000443571e-07,-2.367292184360477951e-07
2.843058763011218589e-07,-2.728194222934007232e-07
1.624023278542865625e-07,-7.883230170686924593e-07
-2.411221376992309397e-08,-1.007794844410705996e-06
-2.843452826378228105e-07,-8.824502716467051498e-07
5.983256978757863472e-08,-3.830978141323077050e-07
-4.008931978270655370e-08,-1.023658918909744291e-07
1.848095947733423330e-07,-1.757455982436741356e-07
1.845933108187874724e-07,-2.747221989116509667e-07
1.335844827446280024e-07,-2.254254174960306458e-07
-4.898613085824586067e-07,-7.243711597241447615e-07
-3.330095259308043597e-07,-5.934550207964239023e-07
-2.505247418924322607e-07,-2.806019481409920059e-07
-2.921924551266446965e-07,-7.477565017508150667e-08
7.871954980530344358e-08,-1.680617417318762239e-07
7.876708471351765193e-08,-2.828701452031178003e-07
1.711190731756820766e-08,-2.254893293311038199e-07
-6.566480027020256170e-07,-5.699940539421175527e-07
-7.653949477333071261e-07,-4.241195890477836234e-07
-5.152722273287507578e-07,-2.459826522011395353e-07
-4.895094986493531121e-07,-2.400985423809185690e-08
-5.278779958427513600e-08,-1.504671307192463425e-07
-5.282723834456418545e-08,-3.005825008390093996e-07
-7.356732844882379142e-07,-2.476050740705402187e-07
-8.247140752029603601e-07,-2.764803541845422329e-07
-6.975983180749315384e-07,-1.017283479239668563e-07
-6.357477718267293286e-07,1.500034971716883435e-08
-1.287154458823239904e-07,-2.255485173861919917e-07
-2.181428334070398560e-07,-1.243168235205119177e-07
-2.181717777968541213e-07,-3.266389424914216679e-07
-8.606660159036876331e-07,-1.516586419158857307e-07
-8.455671018895245532e-07,-7.462280637903188177e-08
-7.968042882370212377e-07,-1.560971547980520834e-08
-7.650993331390163223e-07,-1.132673093621687694e-08
-7.389330055062269198e-07,2.466920332373448293e-08
-2.899377598634656358e-07,-2.255967600244200207e-07
-3.781824945707549501e-07,-9.713044695487265588e-08
-3.773038444531759591e-07,-3.532302007709090157e-07
-8.134899235159806010e-07,-3.808405711605324512e-09
-7.435998586420323153e-07,6.988656513832869479e-10
-5.445435654115405850e-07,-7.163591113718262564e-08
-6.076523403969085580e-07,-5.357036061118149837e-08
-6.587395716558458718e-07,-2.680791632548213822e-08
-8.001649350826171000e-07,2.097766419854538616e-08
-8.215107107515682944e-07,-3.126680799998492927e-09
-4.583165202879614166e-07,-2.079182213226207978e-07
-4.992844826023902055e-07,-3.697348695648754692e-07
-7.502097410157086553e-07,1.292040147959475775e-09
-5.889961599201721610e-07,-1.345586725682134531e-07
-6.626125818541122577e-07,-6.475524747631141104e-08
-8.030274832551555859e-07,-1.619937841669363951e-08
-8.903456794185950775e-07,-7.631194271889411076e-08
-5.534533193976327799e-07,-2.777240352704605322e-07
-5.168273277909476082e-07,-3.941334210425786702e-07
-7.353625477102559361e-07,-1.272106264661404486e-07
-9.372490985608918921e-07,-1.819875754318777956e-07
-1.037399293615499762e-06,-3.257996549425291702e-07
-6.181717041293868467e-07,-3.497000297980846212e-07
-5.183602264237557771e-07,-4.626310644082703065e-07
-5.053632646891227142e-07,-6.833524271464052019e-07
-8.666574769761341181e-07,-3.209144547881597535e-07
-5.217905378378493150e-07,-9.513532289027521134e-07
-1.171926734786363310e-06,-4.893470743223842319e-07
-6.821789582492382966e-07,-6.739597572228171517e-07
-1.001566726209499488e-06,-6.944226465007167077e-07
-6.018167533373077886e-07,-1.230660321606185782e-06
-1.365825376436959790e-06,-6.958015796307722876e-07
-1.268974235308831465e-06,-9.453572251227929188e-07
-9.764632564093030514e-07,-1.121301984314645594e-06
-7.294218902279235990e-07,-1.546492145438916722e-06
-9.362526313141366186e-07,-1.876760052439568921e-06
-1.640682969443749942e-06,-9.149006119512701051e-07
-1.480079444447780365e-06,-1.279774911582712668e-06
-1.280700201006858705e-06,-1.755896055306051827e-06
-1.192657347866372190e-06,-2.214135432150068297e-06
-1.986741595589082804e-06,-1.137426609694205091e-06
-1.895363821507232383e-06,-1.764711167120053344e-06
-1.523742684427629407e-06,-2.525799337642314880e-06
-1.933138955118153611e-06,-2.820963581409145391e-06
-2.397034691256315810e-06,-3.093195820294095307e-06
-2.422362564153427767e-06,-1.912305323316662239e-06
-2.412142285505126962e-06,-1.346166393586829172e-06
-2.312085445179631435e-06,-2.520596430468010716e-06
-2.928500865543416170e-06,-3.302507131723019560e-06
-3.516024980417241938e-06,-3.461210354515240476e-06
-2.875147856925738155e-06,-2.042299088585785954e-06
-2.922779788040703476e-06,-1.496372236595456389e-06
-4.135974330462356886e-06,-3.548063606943015624e-06
-3.418725272173947285e-06,-2.585966458768297400e-06
-3.498789467964375257e-06,-1.571477163922813563e-06
-4.267823042590964273e-06,-2.690442761678182547e-06
-4.872984409018530814e-06,-3.608965061127840016e-06
-4.119419286319889379e-06,-1.575286953644476007e-06
-5.938376346899317043e-06,-3.670423285031040494e-06
-5.071618071714652581e-06,-2.186761861665855143e-06
-4.869698717082426941e-06,-1.515320647770317766e-06
-7.526761850891696123e-06,-3.765863108471431670e-06
-6.713490075524469108e-06,-2.468834034590147741e-06
-5.940069813384771249e-06,-1.436441828616678980e-06
-9.802796665598455516e-06,-3.871303005333150226e-06
-8.634836123712556050e-06,-2.558235220098074757e-06
-7.527373139574707827e-06,-1.344934227119396911e-06
-1.235162381373670725e-05,-3.964419556126914232e-06
-1.104845131957853312e-05,-2.557578596624583618e-06
-9.802914141912424034e-06,-1.243478140987953545e-06
-1.506289526968869953e-05,-4.046267159723374288e-06
-1.368145783454159831e-05,-2.557529648935003300e-06
-1.235153554784378258e-05,-1.150533902969589495e-06
-1.791667346740946030e-05,-4.115842830710918336e-06
-1.646793463002347717e-05,-2.557547595710847453e-06
-1.506299829174348600e-05,-1.068642433083457419e-06
-2.088781334195150615e-05,-4.171690234065205606e-06
-1.938487894105484226e-05,-2.557700506532984493e-06
-1.791687514188096918e-05,-9.992789198832255879e-07
-2.394899885131743822e-05,-4.213501816924230048e-06
-2.240557302516050440e-05,-2.558038676535767414e-06
-2.088797049623323759e-05,-9.439890974583784748e-07
-2.707440658876014272e-05,-4.242716628751780513e-06
-2.550282663191440907e-05,-2.558425826775107376e-06
-2.394902712652540193e-05,-9.029997738080862630e-07
-3.024243335596051111e-05,-4.261594971578208049e-06
-2.865276350910090619e-05,-2.558754946374214717e-06
-2.707437932511834214e-05,-8.745179965980285623e-07
-3.343570715711999866e-05,-4.272306701255586484e-06
-3.183601427304109401e-05,-2.559089672735685387e-06
-3.024235359802278936e-05,-8.562936450659085739e-07
-4.030743054997517407e-05,-4.089139656165385952e-06
-3.985168549107148022e-05,-4.277895436710495589e-06
-3.487072370201245089e-05,-2.559143420668911815e-06
-3.664192817063434903e-05,-4.277073981734086661e-06
-3.343587657129995570e-05,-8.459095499956637649e-07
-4.049621234099497972e-05,-3.633429779362363597e-06
-3.941763453576598437e-05,-2.559229893957861183e-06
-3.664200036271622423e-05,-8.413628938916812950e-07
-4.049631888335741625e-05,-1.484970963782208657e-06
-3.985179766063909373e-05,-8.404918049161539692e-07
-4.030754320380237909e-05,-1.029250728334781754e-06
