Size 192,2
-1.160284652454398647e-04,1.599335786836602845e-05
-1.164852820521913835e-04,1.489048537461909435e-05
-1.164849837312158628e-04,9.691340726260286870e-06
-1.160281292432450474e-04,8.588453223487817556e-06
-1.149255951685800573e-04,1.645018288859785474e-05
-1.128566652298833094e-04,1.229087348717733269e-05
-1.149252117113413037e-04,8.131623912105179173e-06
-1.071595361855477794e-04,1.644995419754695270e-05
-1.071590867745770751e-04,8.132080794104331621e-06
-1.028718112302811092e-04,1.229132684497229549e-05
-9.939471043781222099e-05,1.644708273778823954e-05
-9.939400120525245473e-05,8.136043222327453609e-06
-9.551425393733020957e-05,1.229173736352804594e-05
-9.163993187349058519e-05,1.643782445043956431e-05
-9.163927354685864814e-05,8.146324826325540485e-06
-8.776929307417745440e-05,1.229236467179152656e-05
-8.391043196915615209e-05,1.641989124703283293e-05
-8.390969631698159893e-05,8.165547352428493462e-06
-8.005845922948003003e-05,1.229289643320543233e-05
-7.622470624181677161e-05,1.639147429547029909e-05
-7.622401703316886883e-05,8.195049743715174500e-06
-7.240098833639926445e-05,1.229355672709884341e-05
-6.860217689984601352e-05,1.635243397362104182e-05
-6.860143792149838316e-05,8.235388131079088522e-06
-6.481647616319246392e-05,1.229421297111362915e-05
-6.106362662633092384e-05,1.630097147101397417e-05
-6.106342986049491796e-05,8.288425103474515721e-06
-5.732824502015735214e-05,1.229502151894240329e-05
-5.363504786522481534e-05,1.623398040250257152e-05
-5.363555301894949246e-05,8.357125418881882086e-06
-4.996505896415515292e-05,1.229595924334219470e-05
-4.634872243004058476e-05,1.614823378643837786e-05
-4.634936691070065386e-05,8.444499856218412216e-06
-4.276197926251403404e-05,1.229672943205154320e-05
-3.924111602708093405e-05,1.604157026698206800e-05
-3.924108736858551678e-05,8.553197951943551072e-06
-3.589506099520415493e-05,1.229664362172540143e-05
-3.262486393872331386e-05,1.591450122979613978e-05
-3.262400168633557845e-05,8.687110561986659442e-06
-3.019382067042610023e-05,1.257274261863464720e-05
-2.778908837707261202e-05,1.579212408842056297e-05
-2.778572590450544970e-05,8.815129919425060932e-06
-2.438893881575987776e-05,1.568150013998451941e-05
-2.501826875118093351e-05,1.346585091101086618e-05
-2.438309943699906057e-05,8.899390751234790640e-06
-2.197881421592618982e-05,8.991105495264744711e-06
3.162325619962227375e-06,6.391078132374372229e-07
3.224864520998905397e-06,4.886095219786197161e-07
3.224521897440106379e-06,-7.153178293047036271e-08
3.162327755917886596e-06,-2.197620184359225336e-07
-2.197031380906296500e-05,1.560183503646554021e-05
-1.984707781098877700e-05,1.540748775513203975e-05
-2.146164994443575141e-05,1.147528378560455960e-05
-1.981977812638859078e-05,8.903482626047131288e-06
3.012523581537013646e-06,7.013995984016039347e-07
2.861832120849913612e-06,8.710739873156036169e-08
3.013961127255239809e-06,-2.815606378672691161e-07
-1.915214434455936182e-05,1.338522725164883914e-05
-1.779602017014876149e-05,1.495884481431928311e-05
-1.586233630500033927e-05,1.431447558645599010e-05
-1.851441484092352402e-05,1.066949086159831852e-05
-1.780482151319616498e-05,8.485635676465813851e-06
1.997889041646336028e-06,7.186732653087369458e-07
1.997315377362354454e-06,-2.989161782428372903e-07
1.471335766497126957e-06,2.100392023419497259e-07
-1.407565282294162783e-05,1.344832369187789133e-05
-1.558678025288477625e-05,1.228330328938233983e-05
-1.624565045471483080e-05,9.792164600569528378e-06
-1.596888105136197751e-05,7.770457946777187556e-06
9.003707204974607289e-07,8.139811709751286242e-07
9.006052116852919608e-07,-3.933113826751975470e-07
2.504789434384282579e-07,2.106107892129497289e-07
-1.242944661367378713e-05,1.242566466024801169e-05
-1.097289243131395337e-05,1.126470617099738728e-05
-1.396747364297153535e-05,9.417382088865700775e-06
-1.435708801271179510e-05,6.780021381356437227e-06
-4.960346908841914835e-07,1.019849959754687748e-06
-4.958825261792778273e-07,-5.980251121956009435e-07
-1.134418904959413362e-05,9.527661330177895102e-06
-9.709854205210525583e-06,9.961226141828567079e-06
-1.195199778222672095e-05,7.626749978560085288e-06
-1.300324979190723175e-05,5.597776316467112477e-06
-1.318568654551350231e-06,2.114429417365571603e-07
-2.297543883584288060e-06,1.317148176039187251e-06
-2.295614061337254811e-06,-8.961918207806972090e-07
-8.613053987233285387e-06,8.567817735627297364e-06
-7.740128754095176571e-06,7.141090632294848799e-06
-7.073215578659810572e-06,5.647936477849624691e-06
-1.072253922704731985e-05,5.959215180796031459e-06
-1.192845414692012481e-05,4.287606298547946475e-06
-3.083900604383764259e-06,2.154495302276013819e-07
-4.049606806544653690e-06,1.609352304100216479e-06
-4.050453400469124071e-06,-1.201545324857281769e-06
-8.543160698467046503e-06,5.636909870505082141e-06
-6.578318333613153268e-06,4.141393243469580680e-06
-5.628103135344337099e-06,1.856366323915037671e-06
-6.078397846262101774e-06,2.107765343944880210e-06
-6.306744250444834080e-06,2.627272833570492201e-06
-9.874434063498486791e-06,4.099447100418725073e-06
-1.112603351351104440e-05,2.912309782346636124e-06
-4.916954022317879578e-06,4.212435676405214452e-07
-5.663853087691974109e-06,-1.424798637656635749e-06
-7.599622558445629044e-06,3.083516301516615924e-06
-6.124366900629248884e-06,1.112110584874418553e-06
-6.659843383741815885e-06,1.929721923584212108e-06
-9.282051359136355242e-06,2.489220872261390700e-06
-1.061556416010007786e-05,1.535604595206395676e-06
-6.181730000946210361e-06,-4.834490940701578335e-07
-6.134816361521139205e-06,-1.663481504891373713e-06
-7.918978832031666525e-06,7.561463360513268098e-07
-1.042533284628732192e-05,1.787955843472752579e-07
-1.050648326699118205e-05,-1.133861798059588954e-06
-7.139087014998220366e-06,-1.352800030080088123e-06
-6.413786901697430123e-06,-2.166206686800031104e-06
-6.763061216256394771e-06,-3.535888654689159585e-06
-9.203550275246902905e-06,-1.313562862955310833e-06
-7.269312408923980089e-06,-4.839422096274804903e-06
-1.086528980566253069e-05,-2.451892926468915475e-06
-8.006627182425566562e-06,-3.591001337069897676e-06
-9.814365278172904034e-06,-3.693381679541053523e-06
-7.917920364457423839e-06,-6.073496180292423377e-06
-1.146096676592600149e-05,-3.695384410175373304e-06
-1.093056728968049381e-05,-4.903512110661149691e-06
-9.710144589331981294e-06,-5.651771650224528219e-06
-8.703089157155832992e-06,-7.229967553771748400e-06
-9.620036885427264679e-06,-8.293889745143647341e-06
-1.227423030479311588e-05,-4.832188844114437389e-06
-1.166622481420098887e-05,-6.239539035752654392e-06
-1.095537293328455916e-05,-7.868018587722967684e-06
-1.065364958621073845e-05,-9.251276803746693924e-06
-1.327697400938093121e-05,-5.819189272569691659e-06
-1.296614112948217081e-05,-7.854559816481897444e-06
-1.179437087749256345e-05,-1.008589617136114187e-05
-1.302842522890926710e-05,-1.078861626715157502e-05
-1.433715668468001809e-05,-1.134967915138895691e-05
-1.444931576338190131e-05,-8.287397508661973521e-06
-1.444157433739245187e-05,-6.624123155474887390e-06
-1.415669216344789659e-05,-9.931119408671732466e-06
-1.570615313614808837e-05,-1.175739020278076459e-05
-1.711693117471578537e-05,-1.200841143958676235e-05
-1.562644219748955844e-05,-8.658219435388433055e-06
-1.573507103663193728e-05,-7.217287259441624310e-06
-1.854925009429132007e-05,-1.209721660455536866e-05
-1.695588357171203830e-05,-9.991662546972569862e-06
-1.711748159295123340e-05,-7.578946181886708074e-06
-1.886539882048149524e-05,-1.020675167100330848e-05
-2.013218422734292784e-05,-1.210595280624441212e-05
-1.854645510913947997e-05,-7.698577062365148581e-06
-2.231629998919990482e-05,-1.211532458336801273e-05
-2.058910251064526879e-05,-9.131850056786502981e-06
-2.013096213222545847e-05,-7.691879166301247286e-06
-2.533419523242369786e-05,-1.213007766846167955e-05
-2.383685078856617821e-05,-9.726909367613615005e-06
-2.231576918646793625e-05,-7.682734099247878548e-06
-2.934281906857842166e-05,-1.214694380460380128e-05
-2.733387138421225767e-05,-9.902327510408973015e-06
-2.533355120890810322e-05,-7.671764205233865409e-06
-3.354542411181724428e-05,-1.216152940762426836e-05
-3.143987199145751048e-05,-9.904096024903747463e-06
-2.934224407182010189e-05,-7.659383267949491177e-06
-3.776976646983131949e-05,-1.217391836883016106e-05
-3.565394850968709936e-05,-9.905689234495459637e-06
-3.354486220519194324e-05,-7.648262623013500589e-06
-4.201289805042586364e-05,-1.218478980836405569e-05
-3.988815107595860925e-05,-9.907088338778088940e-06
-3.776928365855681153e-05,-7.638764392266401214e-06
-4.627310536075167395e-05,-1.219472987891940224e-05
-4.414005799998402111e-05,-9.908358745593075985e-06
-4.201250609551346235e-05,-7.630602445096411538e-06
-5.054916201454673022e-05,-1.220313886015278699e-05
-4.840859829082096687e-05,-9.909383398061382428e-06
-4.627288143721033681e-05,-7.623100786032284668e-06
-5.483728015077104763e-05,-1.220882270402068464e-05
-5.269151533132072825e-05,-9.910235878221335131e-06
-5.054891887626864421e-05,-7.616636672051089739e-06
-5.913192473271645347e-05,-1.221133409310225571e-05
-5.698390085735302899e-05,-9.910883993756474229e-06
-5.483706916545192717e-05,-7.612345587964172768e-06
-6.342686043819611508e-05,-1.221110623393673281e-05
-6.127962510750134604e-05,-9.911456254234970133e-06
-5.913162115255482721e-05,-7.610934844796708207e-06
-7.261641836128268016e-05,-1.195712716914864415e-05
-7.200730747306776215e-05,-1.220945331899614380e-05
-6.534982644389027921e-05,-9.911800152473279908e-06
-6.771870076060056620e-05,-1.220988693625158639e-05
-6.342675159814274428e-05,-7.612090907793312085e-06
-7.286871749274988620e-05,-1.134797947528096570e-05
-7.142752821563809159e-05,-9.912242759371218476e-06
-6.771859277321884776e-05,-7.614095612591767966e-06
-7.286872517765232392e-05,-8.476527809441536724e-06
-7.200727570149248263e-05,-7.614993943109608274e-06
-7.261641570726744830e-05,-7.867340591877740866e-06
