Size 192,2
6.316775892868327130e-05,-9.726776350505646229e-06
6.339951312131074813e-05,-9.167374555590884061e-06
6.339934267280950117e-05,-6.530113574384400348e-06
6.316756571619823826e-05,-5.970696544755908745e-06
6.260827350372010001e-05,-9.958468314536794922e-06
6.155859218000188935e-05,-7.848720117778746786e-06
6.260804959085759184e-05,-5.738997948472127052e-06
5.866877557900789203e-05,-9.957159775278397307e-06
5.866840697856111640e-05,-5.740146865634219693e-06
5.649478092312526967e-05,-7.848613876650930055e-06
5.473390905585956553e-05,-9.952289909592333650e-06
5.473328791313966516e-05,-5.744530014002885464e-06
5.276957597162068770e-05,-7.848292327655070406e-06
5.081173001805797210e-05,-9.943095175417764807e-06
5.081113570787189977e-05,-5.752796857575857186e-06
4.885634223230460321e-05,-7.847883699782671273e-06
4.690953332596233959e-05,-9.930420619135336570e-06
4.690878126401489966e-05,-5.764692616392991470e-06
4.496591859063666887e-05,-7.847469157458828077e-06
4.303258895306587918e-05,-9.914899882132718130e-06
4.303164514390232532e-05,-5.779456166789714989e-06
4.110341188685074666e-05,-7.847056484850008489e-06
3.918716875281818635e-05,-9.895714793134576334e-06
3.918602937959540962e-05,-5.798034816175496219e-06
3.727629731913736856e-05,-7.846553103639383880e-06
3.538066655017098452e-05,-9.872760459787842684e-06
3.537970073643342545e-05,-5.820369114350180130e-06
3.349195262554646848e-05,-7.846149461576445620e-06
3.161954712588091340e-05,-9.847037050221507006e-06
3.161918763941722488e-05,-5.845388013128797718e-06
2.975554676025049747e-05,-7.845684193575403725e-06
2.790804578383791382e-05,-9.819327106663855315e-06
2.790839627822262625e-05,-5.871926699349446859e-06
2.606991221883946821e-05,-7.845248915801565447e-06
2.424889795514155057e-05,-9.789787159438236597e-06
2.424929756336760702e-05,-5.900271560207432685e-06
2.251023004103066776e-05,-7.844516825999387459e-06
2.078906042410725655e-05,-9.758977583914587816e-06
2.078918221306239806e-05,-5.930501684752798818e-06
1.950368576723808981e-05,-7.992124401728910812e-06
1.820749428237045914e-05,-9.732412140208699365e-06
1.820668610588839313e-05,-5.956757346193992083e-06
1.635301237097228598e-05,-9.710190305330410287e-06
1.670898658573474556e-05,-8.483006933086203796e-06
1.635173269597339860e-05,-5.972685322957489769e-06
1.501649422245756522e-05,-5.989471201737034741e-06
-2.493066677968604660e-06,-5.776932706164191716e-08
-2.543663180265797823e-06,6.384252564471389551e-08
-2.543405299724244010e-06,5.173753288445605484e-07
-2.493035100134474476e-06,6.375486562033620589e-07
1.501519263629010265e-05,-9.694923522469282205e-06
1.381296741334487623e-05,-9.612771075638349333e-06
1.474134777237626545e-05,-7.380522615294616991e-06
1.380973637693585783e-05,-5.901689034483674022e-06
-2.371965124104727178e-06,-1.080012443631249440e-07
-2.249571432819332164e-06,3.894333258891414481e-07
-2.372795132259940106e-06,6.878488118534930922e-07
1.342820062291533383e-05,-8.472934785108482146e-06
1.263375311550102542e-05,-9.392491587607806642e-06
1.149634577420038404e-05,-9.045864646673236977e-06
1.306720623625126065e-05,-6.908217137926961517e-06
1.265375021360718329e-05,-5.612528756271727077e-06
-1.549879072379756291e-06,-1.199621543926259251e-07
-1.548798872753307941e-06,7.033706877745108153e-07
-1.123056056949975759e-06,2.925407193356461875e-07
1.041611182934755850e-05,-8.571196324689732147e-06
1.134407251090705366e-05,-7.863994202089128559e-06
1.173707043802950507e-05,-6.379438153548882516e-06
1.157824434197357138e-05,-5.134518344702761402e-06
-6.621541106666394569e-07,-1.924544232416882352e-07
-6.618511986591576170e-07,7.789087794427563464e-07
-1.393181053479641664e-07,2.939980465551103655e-07
9.401917577333317050e-06,-7.983748573658292212e-06
8.471641381802719144e-06,-7.292069761948760679e-06
1.036212765257957404e-05,-6.145912809855437294e-06
1.061414031131882485e-05,-4.482494898775569398e-06
4.577806030212275231e-07,-3.499722408906890543e-07
4.583386625061284212e-07,9.397273524613356354e-07
8.707216815927248607e-06,-6.221974527466470704e-06
7.635216568094941526e-06,-6.501908068399674612e-06
9.101863619012762565e-06,-5.011195878474038663e-06
9.787717444998212735e-06,-3.685721784094511895e-06
1.113225681571738424e-06,2.955253090697759572e-07
1.888774076698493445e-06,-5.777045182383385235e-07
1.888122555787759010e-06,1.171870902903595333e-06
6.895691728687899554e-06,-5.629533431860819140e-06
6.270185105137729447e-06,-4.693311708125451653e-06
5.760811947806620372e-06,-3.695311163596366203e-06
8.295892272413576095e-06,-3.917252314922493615e-06
9.120510591781065334e-06,-2.774240901051778361e-06
2.511516110254651777e-06,2.944913145214429988e-07
3.271853005979276873e-06,-8.015210127846097540e-07
3.272195231476625384e-06,1.406856142656914887e-06
6.806691127696312842e-06,-3.697473333510121253e-06
5.368265480148062261e-06,-2.652217360035841426e-06
4.530106268184427362e-06,-9.911009055917405271e-07
4.901105451622794468e-06,-1.181155593242562679e-06
5.105226154622030987e-06,-1.567229824317274596e-06
7.730152049888129430e-06,-2.639251302990986657e-06
8.627011992602363281e-06,-1.785211936197694490e-06
3.955637391944172891e-06,1.351825334032952563e-07
4.518173378411028657e-06,1.574476863304745252e-06
6.090647366874656229e-06,-1.910480160862403832e-06
4.918159526662239703e-06,-4.122825421180355694e-07
5.356563594315072921e-06,-1.045360540788884756e-06
7.316886677355714071e-06,-1.477318217088241286e-06
8.326726646685552607e-06,-7.563866264861217924e-07
4.929423834564204023e-06,8.324069690626320949e-07
4.866377442357360470e-06,1.761520471575919328e-06
6.303178611709166982e-06,-1.663037542621021024e-07
8.232575598645397135e-06,2.864104366814184466e-07
8.372298698568334983e-06,1.330057756100091394e-06
5.657825328688003186e-06,1.504815583154250698e-06
5.064934313244498443e-06,2.170466464934046647e-06
5.301834288639654373e-06,3.313958804046065476e-06
7.315295734881522496e-06,1.452832125474324315e-06
5.672805471540699427e-06,4.449361171616963538e-06
8.734716735063648412e-06,2.392062161747451728e-06
6.322126196661261415e-06,3.345233868331567448e-06
7.855847617276299252e-06,3.433567532401743069e-06
6.195127960703862335e-06,5.544852260377346497e-06
9.311944505191645995e-06,3.435811251830042357e-06
8.859641023247064371e-06,4.489119111924420747e-06
7.762172975868203577e-06,5.159029042415626540e-06
6.852132782878407598e-06,6.615627786134071362e-06
7.666102535175759919e-06,7.633004497496494422e-06
1.010825125847246340e-05,4.413892624001862337e-06
9.549504126220365513e-06,5.701157196681747906e-06
8.886637726340418752e-06,7.234722030998199562e-06
8.602561264788605996e-06,8.581313999614749373e-06
1.109613494240041393e-05,5.289149277215260534e-06
1.080297240043826966e-05,7.231957223810240277e-06
9.675295874032916968e-06,9.422251658659974358e-06
1.087757802417798677e-05,1.015695272481184417e-05
1.217701305917510510e-05,1.077355717580696897e-05
1.227648810485768370e-05,7.656265923280661847e-06
1.226270080752222672e-05,6.024980952817813972e-06
1.198064612791259610e-05,9.308488906961361322e-06
1.357416893931040758e-05,1.123090481123251403e-05
1.504624629278159440e-05,1.153654226036974765e-05
1.347424751856948174e-05,8.022760114024196792e-06
1.358952691983048955e-05,6.563969721196555611e-06
1.656011235895923792e-05,1.166925274001934740e-05
1.485361283894036471e-05,9.404011368381383180e-06
1.503258539236612345e-05,6.879113978383700432e-06
1.689032819543131742e-05,9.640123175597843620e-06
1.827487170642242613e-05,1.172392065782936762e-05
1.654484564962767796e-05,6.966240052406487219e-06
2.068000866802788591e-05,1.177876978721612086e-05
1.875897699082106128e-05,8.473201840113401130e-06
1.827177185983402147e-05,6.912900966710648604e-06
2.409419622158633930e-05,1.186244119772438551e-05
2.238115343014878891e-05,9.121244903596986234e-06
2.068138567547846574e-05,6.843579156143846724e-06
2.875313234625210523e-05,1.195174203947527695e-05
2.639875479522538955e-05,9.316890161741213854e-06
2.409473735146021032e-05,6.765224465874022973e-06
3.375086935668498886e-05,1.202687296173341243e-05
3.122927347682320683e-05,9.317615167272737001e-06
2.875299114081083444e-05,6.681858378754641907e-06
3.887323284492317111e-05,1.209001927096920400e-05
3.629248586025310972e-05,9.318782878665887726e-06
3.375049401933185846e-05,6.609609925623750513e-06
4.410181808001078748e-05,1.214317845596519524e-05
4.147099371468759735e-05,9.319780091189221229e-06
3.887288539018353580e-05,6.548657871065399245e-06
4.941878604419879949e-05,1.218644717072351831e-05
4.674691410762691626e-05,9.320626532014797099e-06
4.410159100094881930e-05,6.497259435847226867e-06
5.480551273109095055e-05,1.221994672386345593e-05
5.210189053874383658e-05,9.321307426214982527e-06
4.941865640625966267e-05,6.455483618623350116e-06
6.024511653259333860e-05,1.224497581498559505e-05
5.751771406578743442e-05,9.321735211740684549e-06
5.480551892343241707e-05,6.423102766345661908e-06
6.572351275110057875e-05,1.226323591020984034e-05
6.297874451983995008e-05,9.321925997138318600e-06
6.024512300219870084e-05,6.398833304984256671e-06
7.123004012612255207e-05,1.227584085428340158e-05
6.847288394373352157e-05,9.321948630840837818e-06
6.572354147046978738e-05,6.380822183987244497e-06
8.307413511717466235e-05,1.195933371874786711e-05
8.228844020900775058e-05,1.228472562745249791e-05
7.370300912186307756e-05,9.321826994070264488e-06
7.675539192516089707e-05,1.228295302109758382e-05
7.123012623401089557e-05,6.368017842270226363e-06
8.339958695442436024e-05,1.117371839234043193e-05
8.154001739685493434e-05,9.321765585869845494e-06
7.675542359954506835e-05,6.360657228136482628e-06
8.339957768115916685e-05,7.469815797763980158e-06
8.228844461616161877e-05,6.358827074306610427e-06
8.307412928391744525e-05,6.684213249154821936e-06
