Size 192,2
-1.332051966795404038e-05,3.174236245844710500e-06
-1.334846240232177337e-05,3.106804658199108868e-06
-1.334827882729570441e-05,2.788763700259139904e-06
-1.332030709148217495e-05,2.721304108288749053e-06
-1.325305955040825148e-05,3.202158731842899775e-06
-1.312631977579973321e-05,2.947782832086726379e-06
-1.325280225915145481e-05,2.693372300301539297e-06
-1.277807331654395426e-05,3.201728455381925221e-06
-1.277771357136431805e-05,2.694079062241843821e-06
-1.251570446826465882e-05,2.948076436949899865e-06
-1.230410655466587581e-05,3.200027734678154781e-06
-1.230395153445857094e-05,2.696526541856123271e-06
-1.206880855888357087e-05,2.948295360053188488e-06
-1.183631541653063193e-05,3.195349415141875402e-06
-1.183683803278954038e-05,2.701718607328896280e-06
-1.160663262087466161e-05,2.948839178795909919e-06
-1.138144775129491495e-05,3.187909987353236372e-06
-1.138177117383236272e-05,2.709933804300533539e-06
-1.116021409859648526e-05,2.949320408015885037e-06
-1.094436425777307429e-05,3.180211997252923891e-06
-1.094412250601584891e-05,2.718586550674545089e-06
-1.073157971318816020e-05,2.949815490983043335e-06
-1.052228665538275345e-05,3.176693036931591135e-06
-1.052138447233112823e-05,2.723238349384846579e-06
-1.031306865733377641e-05,2.950139990675412573e-06
-1.010251437424267334e-05,3.181435731635183930e-06
-1.010142675472071898e-05,2.719357490448137941e-06
-9.887991517857484976e-06,2.950332235166265034e-06
-9.664424352290532715e-06,3.197948043375677972e-06
-9.663768177256582150e-06,2.703414400272906775e-06
-9.433087908146449581e-06,2.950528390425970567e-06
-9.184228413555831205e-06,3.226599245928595723e-06
-9.184186803889206476e-06,2.674788781361852114e-06
-8.924446218110704027e-06,2.950648251189385109e-06
-8.640086818347152129e-06,3.266131912720450317e-06
-8.640350740316187162e-06,2.634796502399752937e-06
-8.354775849920587584e-06,2.950793862961313946e-06
-8.039831783461654421e-06,3.315412544536989908e-06
-8.040359622186655131e-06,2.582757243996028668e-06
-7.795722281699752127e-06,2.982001110288586240e-06
-7.515621691423635589e-06,3.363690007279289148e-06
-7.517035244227489898e-06,2.532349468353454743e-06
-7.086671751581115392e-06,3.407386868031187318e-06
-7.185002386999153079e-06,3.101086861383721098e-06
-7.088783404676848086e-06,2.498962304277220514e-06
-6.749595868755538541e-06,2.462926354335086500e-06
1.397351237108488605e-06,-4.279678758905933712e-07
1.425994679789416342e-06,-4.966513185671096879e-07
1.425927397843111759e-06,-7.534530177504409090e-07
1.397391276482293007e-06,-8.216217238284241872e-07
-6.753322237011756268e-06,3.438549281529191591e-06
-6.420568856400156667e-06,3.448199033264139243e-06
-6.693853142647259424e-06,2.827373804431514238e-06
-6.433295148329714844e-06,2.396059671969600468e-06
1.328912612007032390e-06,-3.997041186020698227e-07
1.259464104635642946e-06,-6.814529946885709886e-07
1.329211722858890643e-06,-8.503056247071542474e-07
-6.323989557229069955e-06,3.140355172842407354e-06
-6.075072641501363713e-06,3.425268466579841711e-06
-5.713792306032669294e-06,3.349460737699238460e-06
-6.223545542684491594e-06,2.680522815869095050e-06
-6.095609094816411736e-06,2.259703298032692551e-06
8.635213166975851028e-07,-3.941081702381830234e-07
8.626559175662962471e-07,-8.599091349526822126e-07
6.219935473606612577e-07,-6.278654755335999131e-07
-5.341336085630778166e-06,3.235131248872900075e-06
-5.675266530809462836e-06,2.989082967134494477e-06
-5.804828091722485471e-06,2.500559690075369342e-06
-5.757462602096591411e-06,2.050954144967838086e-06
3.615584445239001316e-07,-3.542153735777205179e-07
3.612121892714991954e-07,-9.028604995707619644e-07
6.602356791822653011e-08,-6.292327568140324067e-07
-4.972764393067235743e-06,3.063357908657313195e-06
-4.603805920778398032e-06,2.835608821044964879e-06
-5.332255429298456042e-06,2.413578941907230110e-06
-5.433643418288257707e-06,1.776005181272129950e-06
-2.708407263920675648e-07,-2.667563999079547875e-07
-2.712797588937479262e-07,-9.930869005584981471e-07
-4.695177705089370737e-06,2.448702276148914905e-06
-4.245955414099427194e-06,2.562045848308887580e-06
-4.856353303784748401e-06,1.973852077316410825e-06
-5.139783578985934326e-06,1.424533824652683527e-06
-6.401887924509541233e-07,-6.304786204336044128e-07
-1.076116684974795286e-06,-1.404905189048353845e-07
-1.076019790876938453e-06,-1.122390052453445705e-06
-3.918175104488469850e-06,2.233416126787548708e-06
-3.609910420748919478e-06,1.841862874427119434e-06
-3.333762864536828017e-06,1.408633386867685446e-06
-4.518360248314433474e-06,1.516635211649697510e-06
-4.892264324737295928e-06,9.987447395371426020e-07
-1.426138978569341595e-06,-6.305979001144047707e-07
-1.852179030632882671e-06,-1.686943596056097839e-08
-1.852052192478037895e-06,-1.251992473027276103e-06
-3.842609458824583677e-06,1.417687862162602385e-06
-3.109874064628609844e-06,9.250478795169053208e-07
-2.570368704878194407e-06,8.848898809052656876e-08
-2.791678519787968065e-06,1.904653810219619340e-07
-2.924952498847980570e-06,3.916184168831313012e-07
-4.272480553548521848e-06,9.323794994598032832e-07
-4.713482308908817694e-06,5.103339014633412700e-07
-2.236021593370486430e-06,-5.429310102369355131e-07
-2.532997277114278621e-06,-1.342020806891214935e-06
-3.457445271982269517e-06,5.736155039049952164e-07
-2.786693326046483126e-06,-2.316610306322973386e-07
-3.046934427969396649e-06,1.175541876473045752e-07
-4.077334264746173034e-06,3.553525712715469289e-07
-4.617635165771395478e-06,-2.862147310561886809e-08
-2.767061220410306659e-06,-9.240302390382933701e-07
-2.711319833593449955e-06,-1.447401908412663272e-06
-3.547720273414845071e-06,-3.440871975427849620e-07
-4.604888681484892133e-06,-5.973065799116367038e-07
-4.740262643732403418e-06,-1.193327318746382422e-06
-3.158429516738630132e-06,-1.293829260473239268e-06
-2.806809992058816481e-06,-1.688862957864179888e-06
-2.910148605401660818e-06,-2.385128093011267220e-06
-4.119199477857264253e-06,-1.248491835276922087e-06
-3.097442761511607249e-06,-3.111099004333290040e-06
-5.005552525166860018e-06,-1.811531476679776316e-06
-3.517899962724620900e-06,-2.393260785970642550e-06
-4.469097152664208464e-06,-2.449087479515609266e-06
-3.400841804709535502e-06,-3.826063508802970151e-06
-5.414644080109565857e-06,-2.450915235603419077e-06
-5.132082618518412759e-06,-3.125159788331605761e-06
-4.406435612948480257e-06,-3.566295111009876621e-06
-3.801527864067072948e-06,-4.555328515254394091e-06
-4.332235476946571330e-06,-5.269517271451830012e-06
-5.984730245199366970e-06,-3.067961250585862976e-06
-5.606968420649400745e-06,-3.934290494524159445e-06
-5.152486637473219440e-06,-4.995786013882933240e-06
-4.955922460575998505e-06,-5.956390044367295657e-06
-6.696136564386283666e-06,-3.638860727182319558e-06
-6.492849285254787368e-06,-5.000663211375070312e-06
-5.696929024843783596e-06,-6.574413789938737015e-06
-6.554663484522957503e-06,-7.130649085977348158e-06
-7.497031574074328773e-06,-7.615052295533571894e-06
-7.561913711106426986e-06,-5.305632053028738755e-06
-7.548209177349366935e-06,-4.134126232213278044e-06
-7.344045233099804602e-06,-6.517079272629221834e-06
-8.533522603189643534e-06,-7.979693912939483163e-06
-9.645337600669155842e-06,-8.236994963611390624e-06
-8.448361155632263603e-06,-5.570852516875331060e-06
-8.536598042969905268e-06,-4.494914906277857739e-06
-1.080004393681040223e-05,-8.361671701703991602e-06
-9.485148327979400171e-06,-6.608840608768574899e-06
-9.626490543893602151e-06,-4.696670383363509372e-06
-1.104952430714521958e-05,-6.794569551785036388e-06
-1.213309125847335862e-05,-8.431120384083840046e-06
-1.078099476787222536e-05,-4.740242946844721911e-06
-1.402594040247487087e-05,-8.501082956239183703e-06
-1.250269666329503007e-05,-5.885769946931319156e-06
-1.212932149315754728e-05,-4.672081998863379670e-06
-1.676811664661551264e-05,-8.608465966647812738e-06
-1.538061536293217183e-05,-6.392120009933974334e-06
-1.402790489841211516e-05,-4.582775569241059839e-06
-2.058654222581157226e-05,-8.723444107464905259e-06
-1.864493768421572140e-05,-6.547935803024580880e-06
-1.676906412032155188e-05,-4.480615019872788135e-06
-2.475158309135246150e-05,-8.819100529968560673e-06
-2.263985805008440592e-05,-6.547759279200798055e-06
-2.058669998601376887e-05,-4.371102029069335589e-06
-2.907585799982177649e-05,-8.897443525338468389e-06
-2.688928771642031565e-05,-6.548039675653803405e-06
-2.475150679664836961e-05,-4.276759633510196605e-06
-3.353114766849059597e-05,-8.960754408943456248e-06
-3.128375758585953600e-05,-6.548266601278819447e-06
-2.907575091673321858e-05,-4.198875607005691077e-06
-3.809063556552531475e-05,-9.010183002255534279e-06
-3.579555756646296235e-05,-6.548529778695720131e-06
-3.353115926481508934e-05,-4.135950539460824169e-06
-4.272861141600579139e-05,-9.046561129630714123e-06
-4.039849760062287176e-05,-6.548923756969891139e-06
-3.809067638764940429e-05,-4.087095761219400577e-06
-4.742148686508128975e-05,-9.071289967908627066e-06
-4.506760669844561283e-05,-6.549413517049958996e-06
-4.272862972563144405e-05,-4.051740106229271600e-06
-5.214908050750190839e-05,-9.086318120357981767e-06
-4.978091775672548896e-05,-6.549823270940584645e-06
-4.742148801423851583e-05,-4.027966053413556013e-06
-5.689507324971995256e-05,-9.093867223829341480e-06
-5.452001215543327592e-05,-6.550170021166844287e-06
-5.214904300484726724e-05,-4.013766745533343162e-06
-6.707957358491614880e-05,-8.817258068265122360e-06
-6.640426792524719733e-05,-9.096970268385942552e-06
-5.902394467936968324e-05,-6.550246231115013601e-06
-6.164909822972594036e-05,-9.096567888624809461e-06
-5.689515653421429130e-05,-4.006608766418670313e-06
-6.735929606972162619e-05,-8.141965814912697493e-06
-6.576127013989229017e-05,-6.550239317121944567e-06
-6.164914816688099163e-05,-4.003972154705916952e-06
-6.735932725575678509e-05,-4.958491026814752835e-06
-6.640431052210150453e-05,-4.003495682437736551e-06
-6.707960924248217356e-05,-4.283204510089203979e-06
