Size 192,2
8.377046993923064266e-05,-1.268961357318592333e-05
8.407049983975691876e-05,-1.196525060709696209e-05
8.407017408728319013e-05,-8.550344920577486316e-06
8.377010201163097357e-05,-7.825945974257318460e-06
8.304611201916688222e-05,-1.298965168194574264e-05
8.168713637071264746e-05,-1.025771552044012894e-05
8.304568541091375067e-05,-7.525889429020760672e-06
7.794553374989680601e-05,-1.298919022005993581e-05
7.794492752745115025e-05,-7.525861740162637881e-06
7.512975760199037045e-05,-1.025736946698703418e-05
7.284611546073720340e-05,-1.298771390780596870e-05
7.284552947037560859e-05,-7.526618387319950562e-06
7.029706276368695602e-05,-1.025687574326459932e-05
6.774919721654119832e-05,-1.298544644747576638e-05
6.774862489546094077e-05,-7.527496598570752055e-06
6.520146389892886145e-05,-1.025648412487947556e-05
6.265580801346106040e-05,-1.298242532467883461e-05
6.265455965441970416e-05,-7.529847780959002647e-06
6.011008707671880653e-05,-1.025615246107668314e-05
5.756846481843985697e-05,-1.297717888245443855e-05
5.756695731369862690e-05,-7.534909351876423501e-06
5.502738239436008691e-05,-1.025588919737393288e-05
5.249303306615862370e-05,-1.296787192056284467e-05
5.249192802014580580e-05,-7.544043923549318109e-06
4.996128704858251318e-05,-1.025562145049799290e-05
4.743906773787737760e-05,-1.295328036964377423e-05
4.743871632595714400e-05,-7.558248984778564449e-06
4.492210915656535248e-05,-1.025559916385420493e-05
4.241742504627244755e-05,-1.293324866390528947e-05
4.241754842079353003e-05,-7.578195315020810517e-06
3.992023182262293752e-05,-1.025567095303893800e-05
3.743843453346594810e-05,-1.290782830386364768e-05
3.743882236541337948e-05,-7.603664157583088203e-06
3.496566618711783491e-05,-1.025569690336695353e-05
3.251137343468936126e-05,-1.287696842147458009e-05
3.251171617470744992e-05,-7.634713292372622792e-06
3.016580577079746675e-05,-1.025554230999843453e-05
2.784198115825126051e-05,-1.284019159677957684e-05
2.784185200537313035e-05,-7.673005852920993010e-06
2.610575697155785916e-05,-1.045551561724663683e-05
2.435528958579498299e-05,-1.280472063199003791e-05
2.435414142727417263e-05,-7.709774866290625004e-06
2.185209412618756067e-05,-1.277293798202254554e-05
2.233171629125070556e-05,-1.111832465257342774e-05
2.185037811640950641e-05,-7.733736949213264528e-06
2.005049397810170208e-05,-7.759499318374109313e-06
-3.345449508069653000e-06,2.191164538197876729e-07
-3.411464158331386472e-06,3.776348086339329553e-07
-3.411195542159682414e-06,9.689363295929333505e-07
-3.345484838241888301e-06,1.125667167384963016e-06
2.004793135656830720e-05,-1.275049304782347359e-05
1.842935833908675213e-05,-1.263790619371576536e-05
1.967845102320268274e-05,-9.632964824890017557e-06
1.842488902482813858e-05,-7.645029844542717637e-06
-3.187570358531967213e-06,1.537181218898533373e-07
-3.028193068016492074e-06,8.024052457351288897e-07
-3.188653028360918973e-06,1.191342857580756560e-06
1.791077013302214957e-05,-1.110323025442955042e-05
1.684371526852041883e-05,-1.233871439554910175e-05
1.531692100441723255e-05,-1.187137355534336626e-05
1.742560283044895707e-05,-8.999442087751761716e-06
1.687082326760862549e-05,-7.260711780428278237e-06
-2.116593793944354939e-06,1.380994275063470961e-07
-2.115259919938628417e-06,1.212003642378389394e-06
-1.560603618669917438e-06,6.759892937270246672e-07
1.386827696617040306e-05,-1.123239053288316757e-05
1.511207483519040284e-05,-1.028366703315157449e-05
1.564017169987134081e-05,-8.291181412082341171e-06
1.542773888147041205e-05,-6.622976021861155629e-06
-9.584874150806394376e-07,3.979020036286660364e-08
-9.582356250724430699e-07,1.313482203354540176e-06
-2.726026128576450968e-07,6.773150179039893576e-07
1.250955518034009399e-05,-1.044427102917855703e-05
1.126428939976093635e-05,-9.517528118114416014e-06
1.379701403051369633e-05,-7.979763936094034916e-06
1.413599760201149788e-05,-5.751284122530626434e-06
5.146482371852600583e-07,-1.753099207853309915e-07
5.151660584384561967e-07,1.531393505922324765e-06
1.158033511756886322e-05,-8.083536836114060595e-06
1.014393345054553198e-05,-8.459187595932298080e-06
1.211026619379800624e-05,-6.461134472713209752e-06
1.303060326454575540e-05,-4.685107910159184111e-06
1.382627810393278863e-06,6.784572243464527712e-07
2.414812821047119144e-06,-4.872148619210862693e-07
2.413613004275505741e-06,1.847533982177293862e-06
9.153226033579039110e-06,-7.291934245258064722e-06
8.313817549621168169e-06,-6.038241880712145002e-06
7.627393118082507617e-06,-4.700397887142109670e-06
1.103194098817311344e-05,-4.996849782797364328e-06
1.213976614774946695e-05,-3.463202179184378431e-06
3.244599991127673591e-06,6.762907061582096043e-07
4.263606869966143109e-06,-7.954520077739098837e-07
4.263801769928267333e-06,2.170187946048605391e-06
9.033750270686537182e-06,-4.703621264711396086e-06
7.097272404862457480e-06,-3.300140039069745585e-06
5.957418508779425880e-06,-1.058999574744474287e-06
6.459925706476475141e-06,-1.317800486443361368e-06
6.738037572287554169e-06,-1.839684407402381326e-06
1.027542187264286037e-05,-3.283029812072977702e-06
1.148312010581897561e-05,-2.134402398477130977e-06
5.180384437783495912e-06,4.616227593139294979e-07
5.935074823592843421e-06,2.402125825787711656e-06
8.068943120868832695e-06,-2.303379545306466328e-06
6.480241628017574280e-06,-2.797757132937376799e-07
7.075897033915218275e-06,-1.136031846954647545e-06
9.721389684725892900e-06,-1.721047061228983554e-06
1.108728118482392341e-05,-7.485620920855394678e-07
6.490398733519402403e-06,1.401025645049750875e-06
6.400441280538710819e-06,2.657593431701638651e-06
8.353853736221453869e-06,4.689616194186693492e-08
1.096769908394611907e-05,6.592668491093070654e-07
1.117154248364891422e-05,2.074103452922137240e-06
7.473342340088211647e-06,2.309497725594659673e-06
6.665082817439666604e-06,3.216938513836789260e-06
6.977544443495582957e-06,4.783866528929483743e-06
9.730026560370703769e-06,2.236475239646804272e-06
7.474567006506111014e-06,6.349451379725967231e-06
1.168092136700250928e-05,3.519230354099919297e-06
8.371334214553168021e-06,4.823649167953785377e-06
1.047713830015871750e-05,4.945651475983319895e-06
8.186137041297180100e-06,7.864208236461265174e-06
1.248907832644340982e-05,4.949105222218293377e-06
1.186788733299331862e-05,6.401351668992515766e-06
1.034794749750376807e-05,7.328511201767039670e-06
9.086769351062516398e-06,9.353354573759447576e-06
1.021267187358772863e-05,1.077433268704352649e-05
1.360560848822331864e-05,6.295130922321627118e-06
1.282963324652022525e-05,8.082363632715552370e-06
1.190736626423446818e-05,1.021979250975994674e-05
1.151165513130187938e-05,1.210447035581667278e-05
1.499149180965709914e-05,7.505435067134987834e-06
1.458344810464014261e-05,1.021821456452711342e-05
1.300744434412962409e-05,1.328636126836054303e-05
1.469122546060088822e-05,1.432294381582894702e-05
1.651429621019974479e-05,1.519609840263278613e-05
1.665175518021881827e-05,1.081304379443731454e-05
1.663082067590516801e-05,8.527777058248889100e-06
1.623629003696142617e-05,1.313342038937774415e-05
1.848031912282200866e-05,1.584437858685844620e-05
2.055514127174722222e-05,1.627933411215749752e-05
1.833715071496667137e-05,1.132720761443091492e-05
1.849950029307142582e-05,9.277011397337674785e-06
2.269121641183602240e-05,1.646973065546225804e-05
2.028117061495140119e-05,1.327205148532456316e-05
2.053430467358898729e-05,9.714051502901761788e-06
2.315704304224953212e-05,1.360560990379266767e-05
2.511411238947294908e-05,1.654953619843184357e-05
2.266863209696361143e-05,9.833114332788732339e-06
2.851417109146955266e-05,1.662858896672254062e-05
2.579764177578397532e-05,1.195759691709688979e-05
2.510979612101613294e-05,9.754165272648643379e-06
3.334262281708481846e-05,1.674724194009463097e-05
3.091991353241560069e-05,1.287210719298125359e-05
2.851628031328671821e-05,9.653048017755042374e-06
3.993028424024249362e-05,1.687208593861540609e-05
3.660148100905819050e-05,1.314767418321817830e-05
3.334338293744821955e-05,9.540441847889947905e-06
4.699519238638345559e-05,1.697536388898719615e-05
4.343130599751148001e-05,1.314748498233145655e-05
3.993040086651606003e-05,9.421761263339201045e-06
5.423199785512174966e-05,1.706146781511220123e-05
5.058691428183239170e-05,1.314808692926206932e-05
4.699498173383915846e-05,9.320115180605473060e-06
6.161335456180227588e-05,1.713363031999397382e-05
5.790035334738277749e-05,1.314872117520134592e-05
5.423178059498919668e-05,9.235247506521100877e-06
6.911606897409837186e-05,1.719450225206791975e-05
6.534584885413588604e-05,1.314934107733669842e-05
6.161312605445247437e-05,9.164360697946123018e-06
7.672215375321034692e-05,1.724580125062330634e-05
7.290308616828941233e-05,1.314990945774086921e-05
6.911595390726709158e-05,9.104754477750911211e-06
8.441430234934793229e-05,1.728671842755529368e-05
8.055532631304829552e-05,1.315041652494656411e-05
7.672203087832350007e-05,9.054625015414747452e-06
9.217150560916587230e-05,1.731556579428385353e-05
8.828387344335341909e-05,1.315080632066738954e-05
8.441415291230413827e-05,9.014533584916531689e-06
9.996977206115104520e-05,1.733242123494461623e-05
9.606563689808530592e-05,1.315115232860972083e-05
9.217132366739850190e-05,8.986399151447308826e-06
1.167216086499254049e-04,1.688042490147136939e-05
1.156107205223715431e-04,1.734054919649370881e-05
1.034699896322265170e-04,1.315127584568797300e-05
1.077878225675197845e-04,1.733946833669802384e-05
9.996971091796349985e-05,8.969996717061353496e-06
1.171817569961698381e-04,1.576957179024050242e-05
1.145528371065915069e-04,1.315116295709525114e-05
1.077878894204654898e-04,8.963040308174490998e-06
1.171817687294298587e-04,1.053273453749661986e-05
1.156107532978115521e-04,8.961784545375457153e-06
1.167216266006576819e-04,9.421899453053975457e-06
