Size 192,2
8.457486421808847027e-05,-1.220381613780364658e-05
8.489209249250573308e-05,-1.143796943766970787e-05
8.489207367390107239e-05,-7.827652384178925224e-06
8.457483932449722647e-05,-7.061798470914404724e-06
8.380901040290146444e-05,-1.252104304976467153e-05
8.237238247055779180e-05,-9.632827652388388593e-06
8.380897377760894397e-05,-6.744571401465502728e-06
7.841584215261341976e-05,-1.252100385610288705e-05
7.841586454918243482e-05,-6.745047297507130219e-06
7.543863772125289910e-05,-9.633327338594742929e-06
7.302417859118705658e-05,-1.251865201164400400e-05
7.302416678183839161e-05,-6.748637751000874455e-06
7.033034443396729508e-05,-9.633952470871080383e-06
6.764111366489678834e-05,-1.251170015972979622e-05
6.764127220102979449e-05,-6.757381792973433879e-06
6.495529084136720209e-05,-9.634798083148776669e-06
6.227805114922766447e-05,-1.249891127325914423e-05
6.227856650157834292e-05,-6.771943873466605598e-06
5.960636176534316440e-05,-9.635613835900149553e-06
5.694668951142660597e-05,-1.248007125677757717e-05
5.694767879608936029e-05,-6.792155567122547271e-06
5.429452462404571559e-05,-9.636508838990913415e-06
5.165653165366050311e-05,-1.245720705480965793e-05
5.165747767454306478e-05,-6.816486895741428566e-06
4.902715597895263743e-05,-9.637488363448809599e-06
4.641352187702434714e-05,-1.243150139845946592e-05
4.641406953364323379e-05,-6.843875301810645157e-06
4.380904584651281136e-05,-9.638369628835212875e-06
4.122295633686062007e-05,-1.240159991381503287e-05
4.122296488088179639e-05,-6.875529789978344257e-06
3.864697141765709794e-05,-9.639113878340289040e-06
3.609397701931516412e-05,-1.236505880638777619e-05
3.609354336817938451e-05,-6.913622589257722333e-06
3.355284993256869483e-05,-9.639645370756441122e-06
3.104054769837446772e-05,-1.231979165222540222e-05
3.103975578968756050e-05,-6.960495979817777723e-06
2.864295214654570085e-05,-9.639826338585967281e-06
2.627906532548066154e-05,-1.226486200256244692e-05
2.627812209053622978e-05,-7.019178233081842640e-06
2.451505223333577145e-05,-9.842232549372836577e-06
2.274826776676729890e-05,-1.221097701102898652e-05
2.274665251624217557e-05,-7.076188196045023260e-06
2.023179328925496761e-05,-1.216129944053314246e-05
2.070801607139453963e-05,-1.050695398232803012e-05
2.022907136551777281e-05,-7.114346395327808171e-06
1.843020593979378063e-05,-7.156326998311273055e-06
-2.886207606595278085e-06,2.514895441160143086e-08
-2.943575015561423358e-06,1.629853978665688729e-07
-2.943300807153124407e-06,6.769941477128934060e-07
-2.886195833612376890e-06,8.131897221837871858e-07
1.842622815763991925e-05,-1.212504261962778575e-05
1.681955097906538080e-05,-1.199982817934854529e-05
1.805259223859474987e-05,-9.022157688162177615e-06
1.680851429488151530e-05,-7.061328179927115141e-06
-2.748949056086467795e-06,-3.175745109730093707e-08
-2.610387827591782979e-06,5.320620588088467584e-07
-2.749911886393335258e-06,8.702000502543814835e-07
1.630044601588370056e-05,-1.047473921362736226e-05
1.525471730723465187e-05,-1.168598031297474535e-05
1.376048429518951949e-05,-1.121218132807202238e-05
1.581790075405161287e-05,-8.401652771095779364e-06
1.527212923869897523e-05,-6.707171293158952374e-06
-1.817972855172873177e-06,-4.551398791179854781e-08
-1.816835860481748479e-06,8.877959406417616975e-07
-1.334759756901532778e-06,4.219722133060445380e-07
1.235896973486986416e-05,-1.056863958059522776e-05
1.355459363260526050e-05,-9.652919124163697443e-06
1.406741920003372416e-05,-7.715280776705017067e-06
1.385601180005664322e-05,-6.114209032335973492e-06
-8.117146813860200129e-07,-1.303438790163920233e-07
-8.114585581447516823e-07,9.755075577909032604e-07
-2.163148586888437238e-07,4.232169842471049402e-07
1.105397780017904360e-05,-9.789097830714858510e-06
9.876299473239114743e-06,-8.886565711919165841e-06
1.228165683276667216e-05,-7.416925444403916614e-06
1.259848427428413135e-05,-5.300494491503467844e-06
4.667004462611707972e-07,-3.162098929275020062e-07
4.671337735882689377e-07,1.164003053332635507e-06
1.017521708183059630e-05,-7.510742070225460131e-06
8.834027679883498316e-06,-7.863536423949411130e-06
1.067096417661973213e-05,-5.976754932336313258e-06
1.153082482433624248e-05,-4.316379667737447972e-06
1.219380398298016226e-06,4.243608134389507976e-07
2.113739266161010069e-06,-5.850445744887128364e-07
2.112742607812607184e-06,1.437097314167960249e-06
7.919517791442312981e-06,-6.750330648627059110e-06
7.165338690492250005e-06,-5.580242110277902222e-06
6.566009742470965017e-06,-4.342497910246925109e-06
9.662399328570863059e-06,-4.609528421110408362e-06
1.067597664430368367e-05,-3.205577992996043046e-06
2.832677249281857364e-06,4.225146714929304990e-07
3.714678783054137681e-06,-8.504284803088206068e-07
3.715129256481138057e-06,1.715328717652040457e-06
7.831152229758172323e-06,-4.340061094891566411e-06
6.110390398183102350e-06,-3.068159387499413027e-06
5.170918427083700350e-06,-1.076054586705716051e-06
5.596457710605325133e-06,-1.301359970140488459e-06
5.824522090117562426e-06,-1.760495539013765701e-06
8.960175354647795077e-06,-3.043790888491830487e-06
1.004226914981211420e-05,-2.016393106023149896e-06
4.507755654015232753e-06,2.362561185503994673e-07
5.171291284023770370e-06,1.916077991181393860e-06
6.986170979951600852e-06,-2.166553277114751322e-06
5.623393096428056324e-06,-4.002175509632932217e-07
6.128218951539006735e-06,-1.141977562961681778e-06
8.456549508412697182e-06,-1.648306507528626436e-06
9.650735576280742372e-06,-7.973751706289727980e-07
5.648666196924887559e-06,1.053258265211098242e-06
5.583760060373752625e-06,2.135068751410267120e-06
7.250055138702339335e-06,-1.014634005116796814e-07
9.519503039144457858e-06,4.257945545673173685e-07
9.656301235273150884e-06,1.637206694882908716e-06
6.506633961546610206e-06,1.840433281278368815e-06
5.821768125602392249e-06,2.608167343310820101e-06
6.108477847261539893e-06,3.921429708573068646e-06
8.432091180667378001e-06,1.786490505174387497e-06
6.547798652476334902e-06,5.214307211390822905e-06
1.005451855069260676e-05,2.865877974415232802e-06
7.286369461188891200e-06,3.960854792870012918e-06
9.043831552953021145e-06,4.060109875035503202e-06
7.151731393928659310e-06,6.456479832406201043e-06
1.069778186445418643e-05,4.061307542841357846e-06
1.017987847163302253e-05,5.259983872387349416e-06
8.936026651441772450e-06,6.020101107613550923e-06
7.905575808687763305e-06,7.662604964105566483e-06
8.828950229747703366e-06,8.802553651252642731e-06
1.158653409734786316e-05,5.175673819713661951e-06
1.095514463655386730e-05,6.629128632017825256e-06
1.020766968398054222e-05,8.353693196728936696e-06
9.887978682733650375e-06,9.861243491893659598e-06
1.269021093386693125e-05,6.166931567926915817e-06
1.235965548452929680e-05,8.347486074638353891e-06
1.109424121300249442e-05,1.079824511305175527e-05
1.244058947405598939e-05,1.161387115351380146e-05
1.389273833533109483e-05,1.229507436516213682e-05
1.400625291147513129e-05,8.821156309727493029e-06
1.399207910683140737e-05,6.996091943138529613e-06
1.367559133092822580e-05,1.066502355162692376e-05
1.544954195426674634e-05,1.279916783213100083e-05
1.708664982213821599e-05,1.313319700945601834e-05
1.534144064796705661e-05,9.230045594797294054e-06
1.546977243146492129e-05,7.603442952639532611e-06
1.876824747186429726e-05,1.327510783589055594e-05
1.687569181011155402e-05,1.076563474016922969e-05
1.707416966756183962e-05,7.959770636382732052e-06
1.913600095564338887e-05,1.102555419870850074e-05
2.066816365340619797e-05,1.332892008846135302e-05
1.875351876142449466e-05,8.059909878526848724e-06
2.332773121431760285e-05,1.338203015334640467e-05
2.120634813682858950e-05,9.732672764557858327e-06
2.066567172933310971e-05,8.005156018031946209e-06
2.708965989662528333e-05,1.346156838353675819e-05
2.520542931879156664e-05,1.044737526728260945e-05
2.332957133339189873e-05,7.934682917200837650e-06
3.220073453896473792e-05,1.354357106431002537e-05
2.962182771451268303e-05,1.066079264734972018e-05
2.709038331736263620e-05,7.856318970323523021e-06
3.765911778884373516e-05,1.360869066017434674e-05
3.490981722451446040e-05,1.065904108149893478e-05
3.220118165868473664e-05,7.775140249641628406e-06
4.322465789492452423e-05,1.365890163020103563e-05
4.042622227624012034e-05,1.065806009241992520e-05
3.765938601487220009e-05,7.708206347676267291e-06
4.887156510749783128e-05,1.369650235524714159e-05
4.603656627789806519e-05,1.065737191486137342e-05
4.322500869162618160e-05,7.656414573815200925e-06
5.457831729905759135e-05,1.372442887977081829e-05
5.171641199082777622e-05,1.065699344206631794e-05
4.887185883354575061e-05,7.617777245192342207e-06
6.032955245915241812e-05,1.374577434116764958e-05
5.744744048107797754e-05,1.065690773276443037e-05
5.457844697884905300e-05,7.589320227339053858e-06
6.611469068950260512e-05,1.376196722621708356e-05
6.321718175347465810e-05,1.065716870756324080e-05
6.032958710650919941e-05,7.568208235700245666e-06
7.192430316451084069e-05,1.377331462161718072e-05
6.901612306106909788e-05,1.065779884852826300e-05
6.611456249387366103e-05,7.552956085923239003e-06
7.774867989059049752e-05,1.377991457438259940e-05
7.483469363474986626e-05,1.065856055540683592e-05
7.192414011553728028e-05,7.543098989130158761e-06
9.024028431107509302e-05,1.344017655422189717e-05
8.941200775912440152e-05,1.378324971842311472e-05
8.036000898124318146e-05,1.065917853604171173e-05
8.357968017048171213e-05,1.378275491633999217e-05
7.774857820272067590e-05,7.537882875743819545e-06
9.058337168824638044e-05,1.261191865508160307e-05
8.862338331065728475e-05,1.065964092106141590e-05
8.357964551381780736e-05,7.536163532066064553e-06
9.058345680257513279e-05,8.707318466415651256e-06
8.941207242305297795e-05,7.535940043613594708e-06
9.024036744184668732e-05,7.879028106980566384e-06
