Size 192,2
8.257154910639610108e-05,-1.179255589021249118e-05
8.289250971252205954e-05,-1.101779920957065942e-05
8.289236061994368851e-05,-7.365317858489748314e-06
8.257137186381977240e-05,-6.590489855860532944e-06
8.179670565916773725e-05,-1.211345037723391750e-05
8.034311042034338718e-05,-9.191477305012371921e-06
8.179647090787130540e-05,-6.269556244497498197e-06
7.634083989179839388e-05,-1.211191416951815893e-05
7.634028901071555104e-05,-6.270145805353413846e-06
7.332963642225041878e-05,-9.190629199944343774e-06
7.088936878909154170e-05,-1.210652273540574830e-05
7.088847088843673963e-05,-6.273619233192200406e-06
6.816581889921849099e-05,-9.189398956013825778e-06
6.544893396854470217e-05,-1.209613911558924251e-05
6.544808249648952601e-05,-6.281255370749884196e-06
6.273417117129363708e-05,-9.187960979533911089e-06
6.002978183421237902e-05,-1.207973147868345033e-05
6.002909788761006337e-05,-6.294724843804435309e-06
5.732966155270289720e-05,-9.186395055794760215e-06
5.464499760361543905e-05,-1.205473878095785072e-05
5.464435413151375298e-05,-6.316218181998809784e-06
5.196743593102185670e-05,-9.184619297085624154e-06
4.931162998260341308e-05,-1.202003194958414935e-05
4.931068287350271953e-05,-6.347101570642649140e-06
4.666600304433707731e-05,-9.182594053394664305e-06
4.404888598107022248e-05,-1.197508840018831086e-05
4.404773682448613663e-05,-6.387890904158940973e-06
4.144507302922883032e-05,-9.180411727841348608e-06
3.887619782704899790e-05,-1.191985650190174500e-05
3.887496349548424354e-05,-6.438967176309556699e-06
3.632366801657826267e-05,-9.178288163182195318e-06
3.381175514316491648e-05,-1.185507112827174563e-05
3.381056201291316013e-05,-6.499412216346847533e-06
3.131910535391022325e-05,-9.176125685547037604e-06
2.887185388717001538e-05,-1.178139356712142941e-05
2.887038020220095998e-05,-6.568838312748937811e-06
2.654347219215977581e-05,-9.173296243036308851e-06
2.426344284201629675e-05,-1.170001228828462710e-05
2.426162248299437005e-05,-6.648268928360440778e-06
2.256589935881034013e-05,-9.364429777868099917e-06
2.087873387470177733e-05,-1.162655364974993554e-05
2.087555836727076079e-05,-6.719708163551855813e-06
1.848269782397929579e-05,-1.156387418145337839e-05
1.893168198198758463e-05,-9.993380262193455211e-06
1.847866277910298775e-05,-6.764198277339560226e-06
1.677354339694996850e-05,-6.811607567859558190e-06
-2.534412208319499620e-06,-2.962951051885291036e-07
-2.585270285896360483e-06,-1.739909119373233581e-07
-2.584997225669572998e-06,2.816540941206951132e-07
-2.534395084606689245e-06,4.023002187896482576e-07
1.677007062924073082e-05,-1.152003235718408756e-05
1.525266071143756789e-05,-1.139374181271538657e-05
1.641298058964674864e-05,-8.580003553614951517e-06
1.523834779017505228e-05,-6.728791545973710949e-06
-2.412635404157410155e-06,-3.468646264259748504e-07
-2.289842854131208261e-06,1.528386731981312912e-07
-2.413650590645052422e-06,4.526730578212152387e-07
1.476004540673973832e-05,-9.950029279850628217e-06
1.377783387867624390e-05,-1.108870314142138077e-05
1.237445096232274036e-05,-1.063580594025800606e-05
1.430388015529236494e-05,-7.994189314557918194e-06
1.379036491083008563e-05,-6.402480287056927672e-06
-1.586965916165957085e-06,-3.600504940833655551e-07
-1.586357693528891734e-06,4.669930805497090077e-07
-1.158641451139666336e-06,5.343438009511378883e-08
1.106351864750528948e-05,-1.002298804967241346e-05
1.217895043176196803e-05,-9.167320466899753765e-06
1.265907095999247682e-05,-7.349359369170442287e-06
1.245926069775646175e-05,-5.853954394895421117e-06
-6.950250777758925885e-07,-4.359357427992173920e-07
-6.953428466708260915e-07,5.421403024109437978e-07
-1.686821115898873039e-07,5.269180742670545436e-08
9.846269882247016703e-06,-9.285771344972286586e-06
8.753941490042835833e-06,-8.436872230348984263e-06
1.098789950945159740e-05,-7.069091839717551620e-06
1.127994212920941622e-05,-5.100611118466697171e-06
4.344970544113604790e-07,-5.998817055808420305e-07
4.342584825208466718e-07,7.043383286064074990e-07
9.031086929576146030e-06,-7.152049711039695246e-06
7.794794359559354164e-06,-7.477590059571735202e-06
9.488121755531822430e-06,-5.728327912279162041e-06
1.028060548761937969e-05,-4.194445054669828764e-06
1.097048165692724039e-06,5.151985716439605688e-08
1.883669825235954771e-06,-8.362582462163622732e-07
1.881902018316897100e-06,9.397749326813684444e-07
6.956486075808502060e-06,-6.438865253943252016e-06
6.274841411208259165e-06,-5.357513843561912637e-06
5.743592252066325014e-06,-4.219260305121306862e-06
8.557190353368968446e-06,-4.463936562135225433e-06
9.481245390105170649e-06,-3.180340424317188810e-06
2.514722688153424737e-06,4.753567842080864120e-08
3.288415763303441762e-06,-1.069111945218458993e-06
3.288263244460530543e-06,1.180451013833597556e-06
6.886083960233242661e-06,-4.214755616243750468e-06
5.344840821474115478e-06,-3.056448073569041261e-06
4.556323421562866993e-06,-1.266329212593875695e-06
4.921422971724179722e-06,-1.465754698248827365e-06
5.111527788025949386e-06,-1.875626392955640685e-06
7.910632976677046450e-06,-3.031717549112912610e-06
8.884263766487496118e-06,-2.105164819542055502e-06
3.982846565455234939e-06,-1.179058989984323286e-07
4.573031662645832938e-06,1.355042779772047038e-06
6.137055175080633935e-06,-2.237173647726860316e-06
4.952550694153923565e-06,-6.727357502906838298e-07
5.386036174548666344e-06,-1.324744333888744010e-06
7.452532652792470978e-06,-1.772470638578149724e-06
8.507235868982721414e-06,-1.017275934758139310e-06
4.988493095098984073e-06,6.011120684682491287e-07
4.943626759803510449e-06,1.545293227093300198e-06
6.379615811734603457e-06,-3.985342363509310138e-07
8.371153256444112344e-06,6.279436890267264684e-08
8.457061640665987774e-06,1.116591726415832491e-06
5.746890031219501738e-06,1.293063187666174187e-06
5.160851927484899047e-06,1.950597117856555325e-06
5.429641564153688274e-06,3.063552930808165908e-06
7.406531361804903106e-06,1.255365223832080731e-06
5.826774195287453700e-06,4.135722725005882025e-06
8.765478141691701065e-06,2.177660192145681132e-06
6.435142385606534386e-06,3.104314474936520561e-06
7.910884004845884299e-06,3.188189905783751052e-06
6.348519089429946695e-06,5.156409887030994902e-06
9.270919416477562002e-06,3.189818469955314585e-06
8.837222030102765785e-06,4.183826177830665788e-06
7.824138847924641673e-06,4.804430970281900625e-06
6.986805068561225319e-06,6.124897382989665288e-06
7.744792203119465248e-06,7.024750635984608708e-06
9.963620191211476033e-06,4.121364841080943195e-06
9.455433788851439519e-06,5.295725236497731413e-06
8.858648548287364092e-06,6.666872611693178230e-06
8.604515424787751224e-06,7.844015981586886302e-06
1.081971271256581662e-05,4.936959649394503870e-06
1.055753131560204679e-05,6.658112150515777915e-06
9.564104628284154035e-06,8.562336575094228568e-06
1.061394780713909003e-05,9.174941214982787582e-06
1.173456330490733929e-05,9.673267058683869763e-06
1.182765744068081972e-05,7.027058375635915399e-06
1.181968631756012925e-05,5.608088933304062931e-06
1.157509440956354445e-05,8.441248106309627366e-06
1.291750814082759934e-05,1.003849124361916182e-05
1.414722911814247497e-05,1.027146484434669375e-05
1.284372650817116034e-05,7.343939860243130078e-06
1.293941111520525125e-05,6.101266857093161640e-06
1.540142149028203176e-05,1.036227727002033028e-05
1.399907391768937690e-05,8.503390007163911507e-06
1.414370371466974760e-05,6.397060727925747368e-06
1.567676351289644480e-05,8.694668027295144512e-06
1.680176232321804367e-05,1.038628831056579528e-05
1.539509860910584664e-05,6.488820974655123748e-06
1.874808537269502865e-05,1.041186208685921593e-05
1.720156447632149312e-05,7.741648391913491590e-06
1.679976201920331506e-05,6.466755868011011499e-06
2.147547594572350667e-05,1.045440803790355170e-05
2.011350463233473775e-05,8.269863204804808507e-06
1.874811162358257363e-05,6.435824585773289408e-06
2.515775910963588175e-05,1.050449263273189272e-05
2.330221322755693695e-05,8.427764823841018161e-06
2.147494829611043432e-05,6.397009715970652004e-06
2.907900055910519194e-05,1.054917902166463093e-05
2.710468127430993562e-05,8.429235413144585285e-06
2.515727324331970424e-05,6.351916573035272986e-06
3.307403484068235005e-05,1.058674734624269295e-05
3.106498011760618132e-05,8.430939762831488263e-06
2.907847878399084913e-05,6.310832217451494051e-06
3.712881523481600883e-05,1.061674064953691968e-05
3.509235957485632210e-05,8.432531188999473678e-06
3.307358399398613129e-05,6.276665867287901772e-06
4.123010374140786933e-05,1.064024681178581351e-05
3.917238847948495325e-05,8.433917911902595038e-06
3.712842722215806227e-05,6.249734653209787917e-06
4.536782692245811482e-05,1.065825922115755519e-05
4.329355465141439046e-05,8.434908414340748379e-06
4.122990030754447290e-05,6.228613399471562692e-06
4.953262307479149506e-05,1.067109666592363127e-05
4.744638040690951067e-05,8.435735438319321667e-06
4.536769180618800690e-05,6.212469352578886901e-06
5.371559916406597396e-05,1.067904686888186202e-05
5.162181409065670911e-05,8.436284454665770178e-06
4.953265719177090537e-05,6.200930268254653149e-06
5.790810615740005853e-05,1.068304061190550879e-05
5.581084825597575782e-05,8.436708874292663275e-06
5.371560214264758872e-05,6.193940886552118501e-06
6.689674301712206326e-05,1.043773696347287771e-05
6.630077637156440735e-05,1.068459345140464735e-05
5.978751405677307587e-05,8.436877589444028623e-06
6.210431227177248673e-05,1.068443020433373142e-05
5.790819066313937876e-05,6.190536577275845889e-06
6.714360241826670993e-05,9.841774449935651554e-06
6.573337290622728905e-05,8.437062605386008008e-06
6.210431075178546962e-05,6.189528658182462093e-06
6.714365842119175850e-05,7.032326397805775170e-06
6.630082148220005258e-05,6.189480700572621872e-06
6.689679844671319675e-05,6.436345445795640176e-06
