Size 192,2
-8.217383316907663231e-05,1.118533573452174064e-05
-8.249147988119235329e-05,1.041854635710669290e-05
-8.249116904809890391e-05,6.803307185998904959e-06
-8.217347286309845036e-05,6.036468284070051607e-06
-8.140696885125056907e-05,1.150292900502808643e-05
-7.996807127789766435e-05,8.610887897200633772e-06
-8.140653126984320818e-05,5.718856256820105058e-06
-7.600712998567159219e-05,1.150165192909467619e-05
-7.600658016242739404e-05,5.720428508352478334e-06
-7.302711763381767554e-05,8.611369946068404130e-06
-7.061199376163380655e-05,1.149735852947808407e-05
-7.061139783552779160e-05,5.725855606919448967e-06
-6.791816867251635251e-05,8.611825302030249194e-06
-6.522990820684239528e-05,1.148893336239619195e-05
-6.522973095268978251e-05,5.735563181017348016e-06
-6.254515920364750329e-05,8.612746590456817102e-06
-5.986848867714760630e-05,1.147658431792966368e-05
-5.986823943657571982e-05,5.749788354574618988e-06
-5.719648838827446930e-05,8.613780505615600168e-06
-5.453537008899817624e-05,1.146028457303038481e-05
-5.453507249108349470e-05,5.768292436931110695e-06
-5.188027818475126734e-05,8.615026427016292613e-06
-4.923944658260048335e-05,1.143903896336297910e-05
-4.923895620997214960e-05,5.792419666125729113e-06
-4.660585480142508293e-05,8.616426807549050715e-06
-4.399062338934235493e-05,1.141164984750657929e-05
-4.399023399965798579e-05,5.823123109309533859e-06
-4.138449421132845248e-05,8.617905642414626897e-06
-3.880125618644306168e-05,1.137663554383167404e-05
-3.880169266121414202e-05,5.861375246643550752e-06
-3.623029907992415355e-05,8.619444244023494992e-06
-3.368768548280003686e-05,1.133128252381069742e-05
-3.368887168265728216e-05,5.909577419814984254e-06
-3.116156503656844609e-05,8.620963697131481585e-06
-2.867178035602621733e-05,1.127130049481509247e-05
-2.867284454726810717e-05,5.972245350092361048e-06
-2.630214442363645804e-05,8.621721742685599756e-06
-2.397687983524833031e-05,1.119582176773850463e-05
-2.397720195771677279e-05,6.053207612945302319e-06
-2.224679419148367526e-05,8.819422998815883727e-06
-2.052799313132083192e-05,1.112030547702451348e-05
-2.052639364934355639e-05,6.133727314730704841e-06
-1.809334192393442195e-05,1.105026531162482143e-05
-1.854677446201826366e-05,9.460442731762832137e-06
-1.808979760526369205e-05,6.188000045098924065e-06
-1.636313769259375233e-05,6.247646379251490763e-06
2.436150951405090247e-06,1.571085393082642965e-08
2.484717295549657320e-06,-1.009608340939836060e-07
2.484492513374592637e-06,-5.361042569633070886e-07
2.436144381590984429e-06,-6.514126124247833503e-07
-1.635749083549206556e-05,1.099924743085058114e-05
-1.482840909811431636e-05,1.086500364895936460e-05
-1.599391634997075756e-05,8.032970328576357578e-06
-1.481123643071541840e-05,6.178140824690153178e-06
2.319945341753136015e-06,6.388370124958407347e-08
2.202541744948250315e-06,-4.133600724228261816e-07
2.320746912020857757e-06,-6.996633371235651015e-07
-1.432964083190300952e-05,9.410300284794616963e-06
-1.334826352004034288e-05,1.054852395866294026e-05
-1.194829231240725395e-05,1.008832172244696093e-05
-1.387046665959230545e-05,7.450856548124343193e-06
-1.335748552666585495e-05,5.868693789388088947e-06
1.531475487916116730e-06,7.524783634657110127e-08
1.530517314099619247e-06,-7.141836094547034019e-07
1.122898109121091935e-06,-3.201379016438127125e-07
-1.064972426307468237e-05,9.467974228015433710e-06
-1.175060024723495713e-05,8.620629069498075264e-06
-1.222877241737762499e-05,6.814319313171531151e-06
-1.202939985071269147e-05,5.341776425458976417e-06
6.812913053890381600e-07,1.457028310713623539e-07
6.811092451514887753e-07,-7.869379039124249439e-07
1.795332853659659038e-07,-3.211716791889516224e-07
-9.450043398787304663e-06,8.730920063453221239e-06
-8.382811659178463558e-06,7.889889645778532619e-06
-1.057371708880719130e-05,6.541566045820562047e-06
-1.086050247526436344e-05,4.613445990143531341e-06
-3.953343037140923691e-07,3.009071842071964497e-07
-3.958037448605150776e-07,-9.446596605028731118e-07
-8.654837779604018829e-06,6.624457531930927383e-06
-7.451272243821657033e-06,6.943134612269115334e-06
-9.102207829874854792e-06,5.232360926906374388e-06
-9.876245930550019942e-06,3.740159616234828276e-06
-1.028564540945964594e-06,-3.224186865020290652e-07
-1.781016349515717373e-06,5.266144923011927576e-07
-1.780225928214216484e-06,-1.174804529435795886e-06
-6.639688224117656042e-06,5.926435353896317922e-06
-5.986112720551886579e-06,4.876999993140496015e-06
-5.479075468959710494e-06,3.774535923495576534e-06
-8.197559753656628507e-06,4.006103244841239217e-06
-9.093471528906170567e-06,2.765923275973392796e-06
-2.385957587060410489e-06,-3.211498338843386243e-07
-3.127546354086581941e-06,7.487859199970534834e-07
-3.128567327968687797e-06,-1.409444758961319028e-06
-6.579512023946574941e-06,3.768281720423633957e-06
-5.099036095333878339e-06,2.654663483392994870e-06
-4.345049365646149065e-06,9.368786293654727588e-07
-4.695792953686312848e-06,1.127679521264016100e-06
-4.877858990081299937e-06,1.520200361285704220e-06
-7.571779599057031871e-06,2.625969068291723609e-06
-8.511198201450528850e-06,1.735342036306724130e-06
-3.794356401680784697e-06,-1.647498998475028061e-07
-4.361346831485699081e-06,-1.579986358625873464e-06
-5.862645757616822374e-06,1.865832067614076817e-06
-4.725853730663803217e-06,3.668334406752377725e-07
-5.142179197509957355e-06,9.919367131348966290e-07
-7.130621253304376083e-06,1.418023539393176139e-06
-8.145511373236191587e-06,6.937035056664443915e-07
-4.760501101140902305e-06,-8.562969510391122912e-07
-4.716804354368059330e-06,-1.763599036106073976e-06
-6.098668162467667291e-06,1.023823235901364077e-07
-8.014920060782779190e-06,-3.410513700435141405e-07
-8.099893612297775556e-06,-1.352706230024658959e-06
-5.489720505622684715e-06,-1.521317287029244526e-06
-4.925213872013399431e-06,-2.154493922459736930e-06
-5.182576153178426158e-06,-3.227868945541249761e-06
-7.088005764014466362e-06,-1.485172211248679004e-06
-5.563793776739150880e-06,-4.263777790125486930e-06
-8.400533515055980409e-06,-2.373408483703219430e-06
-6.151966801182875141e-06,-3.266565067226216460e-06
-7.576477424178900623e-06,-3.347556817526267381e-06
-6.066267802611189895e-06,-5.250695948237475526e-06
-8.892273251487823246e-06,-3.349211910560273601e-06
-8.473729833454838884e-06,-4.309481978411137559e-06
-7.492805095596107086e-06,-4.909752136040729580e-06
-6.682108035167993285e-06,-6.189434881268695143e-06
-7.415852648571801217e-06,-7.063190021611037388e-06
-9.566250574127827289e-06,-4.248631471862984050e-06
-9.073944619710637590e-06,-5.386099240827661917e-06
-8.495270020232421489e-06,-6.716126181791708942e-06
-8.248847364996571516e-06,-7.859623257641813038e-06
-1.039923651971377213e-05,-5.037640725761743592e-06
-1.014531232074935299e-05,-6.707976015806430324e-06
-9.180467740390627770e-06,-8.558285677041247436e-06
-1.020115564578726184e-05,-9.154660681718632687e-06
-1.129122676744330464e-05,-9.640164647924035675e-06
-1.138089678727430574e-05,-7.066353780963777232e-06
-1.137251186652286202e-05,-5.687839997385213774e-06
-1.113557190688595168e-05,-8.441328949774445456e-06
-1.244331953865254262e-05,-9.995778001780120949e-06
-1.364051787988672009e-05,-1.022206751754530768e-05
-1.237040332189011542e-05,-7.374330201314972199e-06
-1.246320342493764354e-05,-6.165740037535082117e-06
-1.486209498268346938e-05,-1.030945679394245164e-05
-1.349628870245309545e-05,-8.502255404285124325e-06
-1.363671101444506050e-05,-6.452773283344121575e-06
-1.513075663408011668e-05,-8.687860142389148020e-06
-1.622504517083712418e-05,-1.033019011086557674e-05
-1.485622935137547829e-05,-6.542209538795160961e-06
-1.811720848127882006e-05,-1.035091929080151992e-05
-1.661554747412185632e-05,-7.761451042687520763e-06
-1.622391252874025801e-05,-6.521915129774739860e-06
-2.075765697990331513e-05,-1.038235212883119332e-05
-1.944252007192986541e-05,-8.273996759988851352e-06
-1.811774407218541972e-05,-6.495924275707601159e-06
-2.429939827388838573e-05,-1.041657833546244294e-05
-2.251925162772431871e-05,-8.425969730823283391e-06
-2.075805365289620951e-05,-6.467014636553383803e-06
-2.804538395664184415e-05,-1.044773836883439203e-05
-2.616320132097596935e-05,-8.426773840904799235e-06
-2.429940603321473639e-05,-6.435824445768157998e-06
-3.184477073894278999e-05,-1.047697796777641839e-05
-2.993604162511488381e-05,-8.427960431654913764e-06
-2.804511293140272076e-05,-6.407080396732071587e-06
-3.569502480083038514e-05,-1.050409838023381962e-05
-3.376140749393288142e-05,-8.429347361154509061e-06
-3.184420694868653564e-05,-6.380328237557453951e-06
-3.959087919802942846e-05,-1.052759265054306927e-05
-3.763570129629593210e-05,-8.430814300313160383e-06
-3.569445466202085591e-05,-6.355994400562244184e-06
-4.352313432348301056e-05,-1.054550437540913594e-05
-4.155167445890937890e-05,-8.432184373096994893e-06
-3.959051106804194989e-05,-6.335407431623898107e-06
-4.748169586784694159e-05,-1.055861267334936692e-05
-4.549864432224690048e-05,-8.433225400726778641e-06
-4.352297801893014590e-05,-6.319927738713672560e-06
-5.145952846099666590e-05,-1.056887000993923470e-05
-4.946761821406977253e-05,-8.434047930677057221e-06
-4.748153047334196505e-05,-6.308700114888288998e-06
-5.545308336005773376e-05,-1.057702665387299083e-05
-5.345380845648157455e-05,-8.434714815325660409e-06
-5.145932343222957631e-05,-6.299892285085890297e-06
-6.404073711378091885e-05,-1.034790788432757461e-05
-6.347102463497854871e-05,-1.058383795032294319e-05
-5.724600099981913797e-05,-8.435175786685200717e-06
-5.945913805043453575e-05,-1.058232513570980822e-05
-5.545291381241450183e-05,-6.292910915596237739e-06
-6.427672623047256091e-05,-9.778272123010225205e-06
-6.292831236377639662e-05,-8.435401388733634832e-06
-5.945909368824535456e-05,-6.288289210923855483e-06
-6.427672516093411439e-05,-7.092532489206400620e-06
-6.347101060889248354e-05,-6.286948128152946189e-06
-6.404073241902509073e-05,-6.522884479130723411e-06
