Size 192,2
-1.117710912339890569e-04,1.576036680666740181e-05
-1.122018865974449203e-04,1.472035432473245356e-05
-1.122018855614264000e-04,9.817562672587890779e-06
-1.117710830148007061e-04,8.777535069127050999e-06
-1.107310642430577263e-04,1.619115386015467330e-05
-1.087802742856258811e-04,1.226899355749120372e-05
-1.107310390126534804e-04,8.346745168995379341e-06
-1.034078584155304385e-04,1.619104328907019222e-05
-1.034078497801562980e-04,8.347228241800068094e-06
-9.936517360310665706e-05,1.226926005520357001e-05
-9.608579524892087273e-05,1.618906106685550470e-05
-9.608607133797765422e-05,8.349533992631397752e-06
-9.242637288151548574e-05,1.226930678266007227e-05
-8.876984471326076836e-05,1.618354909453484258e-05
-8.877024392294844139e-05,8.354638009175379592e-06
-8.511544478639486346e-05,1.226907519274315430e-05
-8.146736498705868122e-05,1.617315393635121394e-05
-8.146742823593446320e-05,8.364177288809177444e-06
-7.782224746146799857e-05,1.226860680518093361e-05
-7.418800191277686424e-05,1.615614995564383169e-05
-7.418742440690224039e-05,8.380073754679621023e-06
-7.055825106429025910e-05,1.226785418927599260e-05
-6.694540498895418701e-05,1.612986891980819050e-05
-6.694432935104109703e-05,8.404862091479935231e-06
-6.334028294403675765e-05,1.226699580774884591e-05
-5.975971213369553396e-05,1.609140605221975691e-05
-5.975828211446084713e-05,8.441741998292309469e-06
-5.619110749893217125e-05,1.226614895252229055e-05
-5.265639443934597082e-05,1.603780707729472442e-05
-5.265513521284583302e-05,8.493936115458996922e-06
-4.913895743270008007e-05,1.226534276562982419e-05
-4.566616684292039251e-05,1.596628979485456896e-05
-4.566575248471386659e-05,8.564083660651670201e-06
-4.221731230504999769e-05,1.226462998339695128e-05
-3.882511491470419865e-05,1.587357387002886458e-05
-3.882510280702160531e-05,8.655743494040928207e-06
-3.559838885695795931e-05,1.226332205188062079e-05
-3.243879173744195485e-05,1.575970829352208271e-05
-3.243815987567715367e-05,8.772825850775279577e-06
-3.008861526520009290e-05,1.252969930749406987e-05
-2.775870584437690203e-05,1.564922630627563506e-05
-2.775542854627444995e-05,8.886735858187469808e-06
-2.445998338545964221e-05,1.554981029122961785e-05
-2.507317263641600856e-05,1.339636617776168653e-05
-2.445456095448484172e-05,8.961760620257973398e-06
-2.211727731234622456e-05,9.043382357596235755e-06
3.265488981124548211e-06,5.806813049767636146e-07
3.330707473639947410e-06,4.237588233787620546e-07
3.330335243460646326e-06,-1.604914795225884595e-07
3.265464981800908439e-06,-3.151221346615857680e-07
-2.210988997650908873e-05,1.547862323000190085e-05
-2.004068937177321224e-05,1.529548238607110564e-05
-2.161722705830659459e-05,1.146129734210879096e-05
-2.001695833340947468e-05,8.949306272199889512e-06
3.109276041002635376e-06,6.456131189679306514e-07
2.951957842186727174e-06,4.889849536472603713e-09
3.110699282244258326e-06,-3.796087462281930581e-07
-1.936542400144677795e-05,1.332557736329177754e-05
-1.803752796567942906e-05,1.486608951413673201e-05
-1.614310816415781414e-05,1.424262084772494558e-05
-1.874422193533321142e-05,1.067215503161282252e-05
-1.805028714250653073e-05,8.529560991625604230e-06
2.050717038275640070e-06,6.632345582565559639e-07
2.050150765472574816e-06,-3.974803092852601484e-07
1.501749119908462891e-06,1.331959461617810824e-07
-1.438532217780639614e-05,1.340258762839723370e-05
-1.587565132998470401e-05,1.225549740514206228e-05
-1.652291158720934548e-05,9.809543388790356391e-06
-1.625325459794313925e-05,7.814483361651875274e-06
9.071392106785056855e-07,7.614946628864822845e-07
9.075679881551495696e-07,-4.939230795266522811e-07
2.317204684163290186e-07,1.344067020727521079e-07
-1.276114789206476178e-05,1.240440699726028735e-05
-1.131539546179333493e-05,1.126497759993265558e-05
-1.428255807732493425e-05,9.439324777718306782e-06
-1.467094118511690856e-05,6.826158103845294122e-06
-5.430238243796252936e-07,9.736694880303737066e-07
-5.426764284944634759e-07,-7.035784646025639303e-07
-1.168380798751442779e-05,9.550701780719850093e-06
-1.005332593930443309e-05,9.982156257233166087e-06
-1.228950894761539419e-05,7.664019553796088899e-06
-1.333780839084813383e-05,5.641021179672178804e-06
-1.395146413980781680e-06,1.359005586191127975e-07
-2.408590516714766227e-06,1.280605843822545210e-06
-2.406493665694490312e-06,-1.010064195197239778e-06
-8.953738292903914514e-06,8.603714829078344407e-06
-8.068140616384353740e-06,7.180199412778028003e-06
-7.382329898290663020e-06,5.685121844161665596e-06
-1.106351467252152401e-05,6.000462602933071220e-06
-1.227657711204706401e-05,4.319264397484958346e-06
-3.222349885733946060e-06,1.405124931622869825e-07
-4.221371250479350810e-06,1.582792900460885858e-06
-4.221821508064007374e-06,-1.324296750300221547e-06
-8.872261791999147939e-06,5.676777912226842131e-06
-6.869200138174975505e-06,4.166246866466787563e-06
-5.859297339896772991e-06,1.838642869300354743e-06
-6.330278686129502187e-06,2.097175769542439152e-06
-6.573789584207279945e-06,2.628876933148660222e-06
-1.021506143405639408e-05,4.128418002630704985e-06
-1.148571518946712166e-05,2.922306196385703638e-06
-5.118728306297009337e-06,3.535153146222499909e-07
-5.884196463714167262e-06,-1.553077485312986896e-06
-7.903322588137402704e-06,3.096920838608916252e-06
-6.372171756719962958e-06,1.070406093533899401e-06
-6.931751700540228278e-06,1.914328330073193064e-06
-9.617177836544819718e-06,2.491611675335422185e-06
-1.098675669956537092e-05,1.512804565228435558e-06
-6.421403158741643270e-06,-5.782889190126635346e-07
-6.364920314141277084e-06,-1.799996560624366342e-06
-8.222794193754870545e-06,7.123783962552996829e-07
-1.080617544982675854e-05,1.153147730949605934e-07
-1.091322970578930897e-05,-1.246816516905841444e-06
-7.405223383513838630e-06,-1.474627924222011256e-06
-6.647340132493661145e-06,-2.324596524579002752e-06
-6.996976176615950570e-06,-3.762921504308071896e-06
-9.553922424281378569e-06,-1.427228496927092066e-06
-7.512115241200771536e-06,-5.147226384686043774e-06
-1.130969277048636392e-05,-2.618605203931574178e-06
-8.297656220541246630e-06,-3.816032146528963507e-06
-1.020489069308419965e-05,-3.923951863922904669e-06
-8.186726674037301523e-06,-6.464292281050416611e-06
-1.196095351333264143e-05,-3.925740304734453842e-06
-1.140052020659426156e-05,-5.208923655269108459e-06
-1.009246456843005191e-05,-6.010009895707156525e-06
-9.011454776661062936e-06,-7.713790859518709141e-06
-9.989903947324906463e-06,-8.874293823234443508e-06
-1.285386159974475373e-05,-5.128257582409748126e-06
-1.219789054946892088e-05,-6.643482994871124196e-06
-1.142745467218467199e-05,-8.412395357963408618e-06
-1.109946103534666728e-05,-9.930668070304800635e-06
-1.395763016980015185e-05,-6.180502830106234710e-06
-1.361910240138244247e-05,-8.400400030646336508e-06
-1.233733995794431682e-05,-1.085673983263260849e-05
-1.369151427407596786e-05,-1.164647307986302204e-05
-1.513726845589270954e-05,-1.228926838378816542e-05
-1.525727714917028880e-05,-8.875758145992193964e-06
-1.524714221391872647e-05,-7.045778112030592883e-06
-1.493142080077018160e-05,-1.069986325592419092e-05
-1.666380458770262509e-05,-1.276033321023434058e-05
-1.825051336793194536e-05,-1.306057774216518486e-05
-1.656819423014357004e-05,-9.284200795981659946e-06
-1.669161784256161389e-05,-7.681212528174185506e-06
-1.986913965219309504e-05,-1.317715102885291605e-05
-1.805937442721920782e-05,-1.077990570879779394e-05
-1.824589273528617314e-05,-8.062300267593251811e-06
-2.022479191023090412e-05,-1.102627021805035607e-05
-2.167596590621020082e-05,-1.320665252884665757e-05
-1.986128137853037127e-05,-8.180615752176280728e-06
-2.418694743299904375e-05,-1.323694470398004709e-05
-2.219291055268899428e-05,-9.796911494722323165e-06
-2.167415541336549883e-05,-8.152497820587669352e-06
-2.769899431504272441e-05,-1.328444787536396111e-05
-2.594770082648575985e-05,-1.047715043433642012e-05
-2.418770058524437959e-05,-8.114587816477071875e-06
-3.242310625932548045e-05,-1.333621827520106255e-05
-3.004643724547784465e-05,-1.067915728497841604e-05
-2.769921989349790451e-05,-8.070314913796907061e-06
-3.742944350310320359e-05,-1.337893050485698520e-05
-3.491328503370018388e-05,-1.067967797191421730e-05
-3.242305476967172613e-05,-8.022157652757348406e-06
-4.250538210721852017e-05,-1.341252008483619296e-05
-3.995694703410832151e-05,-1.068025116260462961e-05
-3.742937064557570417e-05,-7.981059708295281269e-06
-4.763507798784413582e-05,-1.343706382062716872e-05
-4.506252351734365544e-05,-1.068064357673210282e-05
-4.250526473651811506e-05,-7.948442858606314052e-06
-5.280169721618695005e-05,-1.345242434444505943e-05
-5.021366796144830760e-05,-1.068081154498518892e-05
-4.763505876843514644e-05,-7.924378237888523620e-06
-5.798817473007599697e-05,-1.345913070737425148e-05
-5.539308134568342719e-05,-1.068087012460807323e-05
-5.280184415994821322e-05,-7.909191008243008679e-06
-6.317855426265603261e-05,-1.345858936195871682e-05
-6.058393422976708642e-05,-1.068103285611866388e-05
-5.798834323452098626e-05,-7.902728369699511623e-06
-6.836120367451180432e-05,-1.345380871942240582e-05
-6.577180060542650879e-05,-1.068114912424471460e-05
-6.317878277360468059e-05,-7.903619259524280043e-06
-7.353177755038373695e-05,-1.344835482496421263e-05
-7.094845222224580115e-05,-1.068138386828544360e-05
-6.836127295348649185e-05,-7.908773282867503880e-06
-8.458076691331496472e-05,-1.314025755986632422e-05
-8.384835596803975422e-05,-1.344365939949074582e-05
-7.584460270151070251e-05,-1.068151566886722771e-05
-7.869235294698036947e-05,-1.344463156697032573e-05
-7.353183515043230131e-05,-7.914576146817111586e-06
-8.488413916463089166e-05,-1.240780537079198155e-05
-8.315135201756497659e-05,-1.068153105787216996e-05
-7.869241476985787528e-05,-7.918483016292174578e-06
-8.488420668409323001e-05,-8.955214069183752297e-06
-8.384843333295025265e-05,-7.919360752019396072e-06
-8.458083998974051784e-05,-8.222761410786857879e-06
