Size 192,2
-3.817638448496967499e-05,6.669077028525440284e-06
-3.830571597246896126e-05,6.356782346673864660e-06
-3.830575544788857137e-05,4.884719991050495229e-06
-3.817642666584453648e-05,4.572434991479252964e-06
-3.786413695946961927e-05,6.798445716585341506e-06
-3.727861315435275540e-05,5.620793643972712686e-06
-3.786418321324942402e-05,4.443075016030525239e-06
-3.566570094809331528e-05,6.799246886559705912e-06
-3.566582668968116578e-05,4.442791224044918561e-06
-3.445177766401627116e-05,5.621311746820553760e-06
-3.346537928490147900e-05,6.801884721343265181e-06
-3.346552933388872520e-05,4.441108928705241237e-06
-3.236372133500853114e-05,5.621893219392885626e-06
-3.125860884015590140e-05,6.807102219732214366e-06
-3.125884207551596323e-05,4.437134896007778092e-06
-3.015231844822201425e-05,5.622597600753869426e-06
-2.904084006368809994e-05,6.814649961271904580e-06
-2.904120414668683476e-05,4.431323786394314087e-06
-2.792778631409620409e-05,5.623431846188612985e-06
-2.680920518801569434e-05,6.822206422070453116e-06
-2.680989562116300795e-05,4.425785485253161010e-06
-2.568964413053691413e-05,5.624423172747247893e-06
-2.456567374232226041e-05,6.827784400568305994e-06
-2.456666693133164833e-05,4.422302149253624595e-06
-2.344217337187611737e-05,5.625587807625900071e-06
-2.231644066924383659e-05,6.830355686823959181e-06
-2.231710694445939504e-05,4.421837472566277249e-06
-2.119205123907906351e-05,5.626904579293591845e-06
-2.006822597446628992e-05,6.829490017674221391e-06
-2.006816862200508334e-05,4.425103434136112856e-06
-1.894565340313543315e-05,5.628133518815138969e-06
-1.782645849295637146e-05,6.825545847210260782e-06
-1.782585690738172507e-05,4.431587153702136463e-06
-1.670881217213976606e-05,5.629117282970414980e-06
-1.559737737791954949e-05,6.817978207366363796e-06
-1.559687186625725145e-05,4.441284418823234029e-06
-1.453317847706571006e-05,5.629847791157532152e-06
-1.347664044634320360e-05,6.807120461378023196e-06
-1.347644589946391232e-05,4.453981000401611935e-06
-1.268640524787305493e-05,5.721888846935260530e-06
-1.188670241741257601e-05,6.796878764788539111e-06
-1.188647466851567413e-05,4.465528109751876486e-06
-1.073975737060501638e-05,6.789247397305639164e-06
-1.096184203861461647e-05,6.027213491115793210e-06
-1.073985961909152405e-05,4.472121003497102446e-06
-9.911236827795149578e-06,4.478055215661477058e-06
1.708334293684014687e-06,4.916941064615076975e-07
1.742142235529157591e-06,4.102672200307410038e-07
1.741847926546366523e-06,1.072863710966777808e-07
1.708204084120662174e-06,2.714616313880855592e-08
-9.910103908731164327e-06,6.784695217915443073e-06
-9.160487442938962046e-06,6.738232754667510393e-06
-9.742092336430067866e-06,5.343751354303340198e-06
-9.161483664881634568e-06,4.417797852179923897e-06
1.627304891946567710e-06,5.254283995541026727e-07
1.545760256386295855e-06,1.931579237971360364e-07
1.627983278520317757e-06,-6.260906617290609899e-09
-8.922146737420032746e-06,6.028089443609694176e-06
-8.422129717157618773e-06,6.606840164404462896e-06
-7.705912110416639709e-06,6.394670089151071898e-06
-8.697915686329268516e-06,5.047213647905053636e-06
-8.438915257742573851e-06,4.228844058930609275e-06
1.078496841763650817e-06,5.345353413353636451e-07
1.077923300752812933e-06,-1.639247686692104429e-08
7.931449266749212478e-07,2.585855251444554416e-07
-7.019524690199191523e-06,6.102698516003549223e-06
-7.612060824763964123e-06,5.652346008188320939e-06
-7.861463402818650613e-06,4.712618036116589200e-06
-7.763008137978912821e-06,3.917197835101928807e-06
4.838498740774910220e-07,5.853898667389704093e-07
4.834994032772522669e-07,-6.943201099424170739e-08
1.309812493193757613e-07,2.571687969851447325e-07
-6.371641194975246890e-06,5.736478864315277980e-06
-5.770190676194160167e-06,5.299992291890705290e-06
-6.988657594242968662e-06,4.564189257230951746e-06
-7.153277045529054485e-06,3.492426180607490659e-06
-2.741103003305537478e-07,6.956736038640078337e-07
-2.747457761230731183e-07,-1.833271603416783563e-07
-5.922519234258142334e-06,4.616071803279501434e-06
-5.222269213501508707e-06,4.798353370808878056e-06
-6.179983513646107341e-06,3.833114130200759510e-06
-6.627935817334059110e-06,2.968629521983632770e-06
-7.215146605819803735e-07,2.552796483428990414e-07
-1.253073601792924876e-06,8.550774412231996263e-07
-1.253018480922587252e-06,-3.477619553079313996e-07
-4.734849354513532421e-06,4.238827111688479135e-06
-4.313608646267605557e-06,3.627822214643513933e-06
-3.962458230152616767e-06,2.971631406342648391e-06
-5.654483561941510797e-06,3.119730928330359713e-06
-6.202185919298435911e-06,2.361776270398546881e-06
-1.680965008664160857e-06,2.549804072153166933e-07
-2.205923318960614574e-06,1.012784027300160568e-06
-2.206317627195982295e-06,-5.148672139263304833e-07
-4.666761463234833545e-06,2.975279109665545598e-06
-3.688332064677989063e-06,2.276896839197253468e-06
-3.082454349871139528e-06,1.147657405655661951e-06
-3.345000662509524432e-06,1.279561407580918568e-06
-3.493310454812773102e-06,1.544260775338274563e-06
-5.283669266450848554e-06,2.271674347388899513e-06
-5.889812658694540644e-06,1.694870634521342061e-06
-2.678783578014985302e-06,3.643041397334866774e-07
-3.063182136087965804e-06,-6.344621581775000666e-07
-4.173931976112717978e-06,1.780334171625831032e-06
-3.351692534543895789e-06,7.470913437967091874e-07
-3.662418979190324277e-06,1.186606327235219117e-06
-5.007892709688803452e-06,1.486673024407419746e-06
-5.705173791538003492e-06,9.907835924020084960e-07
-3.350221814070752511e-06,-1.179845192708180288e-07
-3.298629497846345811e-06,-7.667231177655802510e-07
-4.313190446571596383e-06,5.849962450387424877e-07
-5.654203513792935856e-06,2.690371066872746087e-07
-5.773993874876813481e-06,-4.637540174355970894e-07
-3.852585489460540659e-06,-5.850644070943197370e-07
-3.431018857001025714e-06,-1.058755927117169890e-06
-3.584891034405024534e-06,-1.881542291248431056e-06
-5.023619001511285456e-06,-5.439478767476659454e-07
-3.836591544561941630e-06,-2.711147054165392058e-06
-6.052027826640705639e-06,-1.215715553981186500e-06
-4.312664440765780450e-06,-1.899988420874514873e-06
-5.420612889131078232e-06,-1.965196425028655863e-06
-4.206967376797110461e-06,-3.517268958420123287e-06
-6.489006659152580021e-06,-1.967683410624524151e-06
-6.161658764694797981e-06,-2.737622085435738119e-06
-5.352257478845322471e-06,-3.231080627370111890e-06
-4.679975287777776052e-06,-4.315600434175190459e-06
-5.278811341599862512e-06,-5.081566420326210524e-06
-7.092951489582398888e-06,-2.680184512620696338e-06
-6.678199082954398314e-06,-3.636157484741686985e-06
-6.184389265636391046e-06,-4.784414342603496601e-06
-5.972092912332884456e-06,-5.801656858074277870e-06
-7.842496042875512442e-06,-3.325264204151809389e-06
-7.623812340393415508e-06,-4.785822449645965536e-06
-6.775400631915746616e-06,-6.442946524346111601e-06
-7.683859431009378493e-06,-7.007747881958273986e-06
-8.669542038290753365e-06,-7.485809975534455605e-06
-8.742544669056705344e-06,-5.108042696721979469e-06
-8.730362561768635301e-06,-3.873307459305795722e-06
-8.517654668734494543e-06,-6.365027221587297498e-06
-9.735802366287007301e-06,-7.841637636004245501e-06
-1.086380118974722879e-05,-8.082509103876645007e-06
-9.656496857890187297e-06,-5.386774361473360436e-06
-9.744716909266540398e-06,-4.275261705088156502e-06
-1.202635410019606410e-05,-8.190286287214552683e-06
-1.071264908234209426e-05,-6.444422896291276547e-06
-1.085077311706696573e-05,-4.509000804549169895e-06
-1.227912120557881620e-05,-6.627895263647627805e-06
-1.334860737774054519e-05,-8.239108162393396181e-06
-1.201231583551617183e-05,-4.571504928146746197e-06
-1.520788324562048531e-05,-8.288759487874545689e-06
-1.371968348444254414e-05,-5.728553101840984821e-06
-1.334506480163993343e-05,-4.525157696745331564e-06
-1.786039430471903506e-05,-8.365482278553124454e-06
-1.652598587289003028e-05,-6.230208952659852587e-06
-1.520820923246144064e-05,-4.464454832613987756e-06
-2.150199330570319901e-05,-8.449854483221162354e-06
-1.965738214403421554e-05,-6.383631425571448371e-06
-1.785986880992909321e-05,-4.394708151574739025e-06
-2.543216237215832452e-05,-8.521867197708508338e-06
-2.344517351363772641e-05,-6.385931890267519669e-06
-2.150104021996994584e-05,-4.318803992428407376e-06
-2.947946620305039750e-05,-8.581215575311028338e-06
-2.743756600649075928e-05,-6.388525226132167354e-06
-2.543123395369141558e-05,-4.252534399308693004e-06
-3.362103507148452350e-05,-8.627764024413566959e-06
-3.153610066510211966e-05,-6.390941312756058240e-06
-2.947872919379290738e-05,-4.198184591865357235e-06
-3.783267078776681672e-05,-8.661498100892734914e-06
-3.571683934946510947e-05,-6.393197347817401887e-06
-3.362044731377790321e-05,-4.156355652137997112e-06
-4.209182660083529291e-05,-8.684366225668411492e-06
-3.995572662892370359e-05,-6.395198983523276204e-06
-3.783230993325535651e-05,-4.126961642056183720e-06
-4.638019151701021082e-05,-8.698847359030997169e-06
-4.423203486523434938e-05,-6.397183481425195327e-06
-4.209132108151919499e-05,-4.108178031584298933e-06
-5.068520974224027239e-05,-8.707514694188790306e-06
-4.853035278528106811e-05,-6.398874635019269413e-06
-4.637964074506169498e-05,-4.097420405115197486e-06
-5.499979177584801059e-05,-8.712764399903863739e-06
-5.284109594097600700e-05,-6.400174654713290578e-06
-5.068470946148703353e-05,-4.091637575303631203e-06
-6.425576773409245944e-05,-8.462089652149610577e-06
-6.364194394849857230e-05,-8.716323184517116277e-06
-5.693429062651544177e-05,-6.400926926597528848e-06
-5.931981162511659419e-05,-8.715662556740515543e-06
-5.499965430510215744e-05,-4.088329339956833947e-06
-6.451002828586696602e-05,-7.848299786496743913e-06
-6.305749634403731187e-05,-6.401506243763811454e-06
-5.931978889172055019e-05,-4.086870056442951226e-06
-6.451015052353253941e-05,-4.954655492112537734e-06
-6.364204121142367609e-05,-4.086569479958047528e-06
-6.425588841253727630e-05,-4.340822777585055765e-06
