Size 192,2
4.731643900868698680e-05,-4.966556985740255279e-06
4.752331434991790735e-05,-4.467113863635250113e-06
4.752334798791028940e-05,-2.112822989042935868e-06
4.731647519302624379e-05,-1.613386417673618670e-06
4.681700151709288426e-05,-5.173437714053993799e-06
4.588029126317499056e-05,-3.289994562036055036e-06
4.681704111754026978e-05,-1.406511211155004606e-06
4.330022034588766307e-05,-5.173628585927486401e-06
4.330030133715134652e-05,-1.406626424293489440e-06
4.135858480097357609e-05,-3.290269187776737898e-06
3.978350040484733503e-05,-5.172844389317977680e-06
3.978336731178650464e-05,-1.407560156221349160e-06
3.802530968127475360e-05,-3.290515701096947344e-06
3.626937690847838056e-05,-5.169905192527619819e-06
3.626856139663040137e-05,-1.410991182119442561e-06
3.451381606048616729e-05,-3.290780548869640746e-06
3.276387425577911036e-05,-5.162629688459764017e-06
3.276267032997372112e-05,-1.419108114805303546e-06
3.101559803490713189e-05,-3.291206029491661640e-06
2.927738323744910736e-05,-5.148412234153188271e-06
2.927614873892569217e-05,-1.434609211172174326e-06
2.754339931671311880e-05,-3.291640226091682825e-06
2.582544258951826167e-05,-5.124420912902343415e-06
2.582468004979679817e-05,-1.459802356924450123e-06
2.411568312124631237e-05,-3.292141923410780835e-06
2.242913579806476388e-05,-5.088468283063242764e-06
2.242897952081581315e-05,-1.496890383147535952e-06
2.075525604812620702e-05,-3.292769390424960851e-06
1.911321603699539962e-05,-5.038010270187049511e-06
1.911344161839803753e-05,-1.548399740879499063e-06
1.748888077336914796e-05,-3.293360091607767167e-06
1.590625977662715363e-05,-4.971487658792751348e-06
1.590667405386534612e-05,-1.615898705734053282e-06
1.434679899685926471e-05,-3.293913078646405710e-06
1.283888885859259615e-05,-4.887900253651480355e-06
1.283904362753913921e-05,-1.700789482329105386e-06
1.141777561386837280e-05,-3.293745884403272718e-06
1.005610754425538170e-05,-4.787919658614626891e-06
1.005576167606186033e-05,-1.805613221558418664e-06
9.051957402174534698e-06,-3.405295505242193751e-06
8.087047122782298745e-06,-4.692539301942538151e-06
8.084478255066011664e-06,-1.905293079050969554e-06
6.746533335819406990e-06,-4.607319180536580584e-06
6.981032871454216411e-06,-3.752872489048363189e-06
6.742225344819623849e-06,-1.970459636665861633e-06
5.820080016469256159e-06,-2.040825171194211046e-06
-5.340456747337388744e-07,-8.015508654470653282e-08
-5.440090508333834419e-07,-5.620370962684360399e-08
-5.439449644356917713e-07,3.291932748403384783e-08
-5.340367677466729447e-07,5.650312340121003561e-08
5.813362865599082238e-06,-4.546487161706585482e-06
5.022519137669683780e-06,-4.445669997911188877e-06
5.609403720752005986e-06,-2.984039939768725461e-06
5.000129723433924948e-06,-2.046127950582413655e-06
-5.102003974261131193e-07,-9.005939049281914554e-08
-4.862686082923869381e-07,7.711099843184665301e-09
-5.104210159481335457e-07,6.634161189899270555e-08
4.754898977960964797e-06,-3.685900512795309617e-06
4.275455641431030821e-06,-4.245046207620573206e-06
3.596230104140521405e-06,-3.987093430522405457e-06
4.517512798870978141e-06,-2.698588729740254248e-06
4.264891032878147962e-06,-1.940966747192523284e-06
-3.489021309206741024e-07,-9.285969900866447773e-08
-3.488349609544208170e-07,6.920664149474725964e-08
-2.652365081628552627e-07,-1.189108795374012640e-08
2.996255191560805046e-06,-3.649050011654991482e-06
3.490179959531809099e-06,-3.260213318108626854e-06
3.716862532145775189e-06,-2.402015623547226128e-06
3.616353810102459815e-06,-1.743537833786910583e-06
-1.739896426773472174e-07,-1.091965517861247080e-07
-1.740398509504030222e-07,8.526458759358280932e-08
-6.927409202567483091e-08,-1.202139950459682022e-08
2.461498442093441841e-06,-3.275932621478524816e-06
2.019013970149326535e-06,-2.875747545522977035e-06
2.949958809388264763e-06,-2.282403431762941007e-06
3.065936536267507958e-06,-1.460125681030367708e-06
5.226507844032314606e-08,-1.449483590334403187e-07
5.223342348420811255e-08,1.207923329692518876e-07
2.133538291915606696e-06,-2.310327019062054059e-06
1.662960051975352545e-06,-2.439272922608102650e-06
2.312586204005746303e-06,-1.728816057438843305e-06
2.618957890242652668e-06,-1.138875056896177961e-06
1.875716622337382903e-07,-1.219277444770542460e-08
3.502612810677201277e-07,-1.966768680500320979e-07
3.497578929148715575e-07,1.729453338015260308e-07
1.366123490154263984e-06,-1.998686481722586025e-06
1.164508237981469305e-06,-1.587624846092798998e-06
1.040406179264299154e-06,-1.174678633412091321e-06
1.958287175119144624e-06,-1.247952739519103650e-06
2.274166899931324652e-06,-8.096620087811040222e-07
4.812055422221416240e-07,-1.318954141341424444e-08
6.434295179754382518e-07,-2.473585268374217829e-07
6.442772413302788390e-07,2.274630914633234910e-07
1.386747446796229128e-06,-1.162633542762336442e-06
9.621624370412865898e-07,-7.922207385630161955e-07
8.918233258803473807e-07,-2.890325003623132122e-07
9.503403138356447437e-07,-3.366583550046334953e-07
9.645736984869907223e-07,-4.428951496780298706e-07
1.722990983308805837e-06,-7.661437302996752618e-07
2.012096721549745600e-06,-4.946171252441859053e-07
7.884315688281858256e-07,-4.904639387836021344e-08
9.371736170396325775e-07,2.703196081845770640e-07
1.206979566870490293e-06,-5.323896786703484535e-07
9.766407707511528175e-07,-1.586952309660331815e-07
1.047922120346994396e-06,-3.025677763481471855e-07
1.575915951045412582e-06,-4.012437789933000308e-07
1.832152374541422865e-06,-2.160075668500070635e-07
1.019422205952430008e-06,1.153133387582378516e-07
1.037586383165490198e-06,3.096763735764185495e-07
1.297138262553980011e-06,-6.609624719147866106e-08
1.748135216071877408e-06,3.111493577604849608e-08
1.687804746025756813e-06,2.366579752888746997e-07
1.201372406740343757e-06,2.700809383754924666e-07
1.104484846673750392e-06,3.782767184347547769e-07
1.200509654301799384e-06,5.368728599927653999e-07
1.506265551349439375e-06,2.843793931783158188e-07
1.311705860460124339e-06,6.403072294560080233e-07
1.667588824222852927e-06,4.283901480167557352e-07
1.362716045611195221e-06,5.581810791063193465e-07
1.547746055001721497e-06,5.675365466949479459e-07
1.406863854058743419e-06,7.175653200568262787e-07
1.656893396682102232e-06,5.674808394563955623e-07
1.605288307785530675e-06,6.624739118571075851e-07
1.543377749677161318e-06,7.031185045077158749e-07
1.496980802537918278e-06,7.450610256051602954e-07
1.555029906077352741e-06,7.375632000373083694e-07
1.632978875727020023e-06,6.704622328111904103e-07
1.614670905614564112e-06,7.198450015866817555e-07
1.603137017264090340e-06,7.317051611248265057e-07
1.601016454912877662e-06,6.965341669110387557e-07
1.596503757837858580e-06,7.337500522375424947e-07
1.595232263462833442e-06,7.217810731843372093e-07
1.611699843658836545e-06,6.459061556033525996e-07
1.579696476658844691e-06,5.752347723524349997e-07
1.520188001696253523e-06,4.872712833940121890e-07
1.527136806341567581e-06,7.076627857279804709e-07
1.533572552661938441e-06,7.628927704313496891e-07
1.546283543443711474e-06,6.113045353927978851e-07
1.418364861964333836e-06,4.135355903703999107e-07
1.279190660542353681e-06,3.427080040950167036e-07
1.443358880494511747e-06,6.923931852791340773e-07
1.430538578429976027e-06,7.877314527119763494e-07
1.117467151869799765e-06,2.917512097660002633e-07
1.320894216591471366e-06,5.713979512118247553e-07
1.293979527540063312e-06,8.170666359988051242e-07
1.085886237840290776e-06,5.377208235803296893e-07
8.946826852521010005e-07,2.429757379599912662e-07
1.130839651289334581e-06,8.447514605105020385e-07
5.463894190195936930e-07,1.946930970989459846e-07
8.419744694824694109e-07,6.911502970475816096e-07
8.969549538348640637e-07,8.939483467032959724e-07
-2.948578246578970770e-08,1.222411056201118674e-07
2.761474097675698937e-07,6.037823556666719888e-07
5.447115845748966540e-07,9.573005523193555812e-07
-9.221868614066645643e-07,4.681928091620534412e-08
-4.546641546135272489e-07,5.731948419798501461e-07
-3.042490745248807383e-08,1.027806863757564185e-06
-1.973983404945274381e-06,-1.525466082345037285e-08
-1.429145513495478948e-06,5.743311578853572673e-07
-9.226069930860869481e-07,1.101532328680410891e-06
-3.130692603102329101e-06,-6.703315414124706339e-08
-2.536095409259946709e-06,5.750169836343218888e-07
-1.974181007015625971e-06,1.164599773789839122e-06
-4.376602566683562304e-06,-1.103040712760360855e-07
-3.740027500853955321e-06,5.755966368820809659e-07
-3.130841462382522625e-06,1.217664516018092448e-06
-5.696457969194106819e-06,-1.456743503021965902e-07
-5.025433895720548075e-06,5.761224319811781149e-07
-4.376787936979260332e-06,1.262051669951647943e-06
-7.075923741232281766e-06,-1.737481680636281910e-07
-6.377365148070344728e-06,5.766150043344006865e-07
-5.696636318736744645e-06,1.298447655808577334e-06
-8.502561218068688709e-06,-1.953029784752396785e-07
-7.782369390772612999e-06,5.771885237555963076e-07
-7.076099703660220872e-06,1.327533211579067594e-06
-9.964941194996246499e-06,-2.107701269864810744e-07
-9.228811891350172409e-06,5.777968651327601943e-07
-8.502728243115297268e-06,1.350297399294463807e-06
-1.145085042010308058e-05,-2.198815134286998819e-07
-1.070508902245097770e-05,5.784108770214300469e-07
-9.965153765389036091e-06,1.366965491698102181e-06
-1.466371895841511247e-05,-1.363943554349486268e-07
-1.445057504545849997e-05,-2.246596403860003975e-07
-1.212088447010346260e-05,5.788917450468429283e-07
-1.294913104285589713e-05,-2.238565021273575553e-07
-1.145104704769984172e-05,1.377208619211484170e-06
-1.475200814753480175e-05,7.671700775166250034e-08
-1.424743699525829741e-05,5.791349184103789110e-07
-1.294917026140330293e-05,1.381922412835137895e-06
-1.475198746887073910e-05,1.081543299014855460e-06
-1.445056904941850292e-05,1.382895028446615160e-06
-1.466370145732100896e-05,1.294637826076241283e-06
