Size 192,2
-1.408336939786986291e-04,1.860731915288661706e-05
-1.413915989041893866e-04,1.726028377522657777e-05
-1.413915991414388428e-04,1.091056017801504368e-05
-1.408336939093350604e-04,9.563521511317184826e-06
-1.394867621093753081e-04,1.916530336818322218e-05
-1.369607243188902292e-04,1.408542040523800617e-05
-1.394867606996663700e-04,9.005535350624197338e-06
-1.300029778303436528e-04,1.916664916919553032e-05
-1.300029533914207351e-04,9.004154690790201990e-06
-1.247647654917011955e-04,1.408539079362407081e-05
-1.205124500661848964e-04,1.916955514369298713e-05
-1.205125700158296770e-04,9.001278256414167359e-06
-1.157647355687613895e-04,1.408554738913633580e-05
-1.110170740670865275e-04,1.916884950041787921e-05
-1.110164112003000019e-04,9.002234363265010565e-06
-1.062690750845731840e-04,1.408573729190580978e-05
-1.015287571272818301e-04,1.915837603909298329e-05
-1.015273244976682841e-04,9.013211232179945832e-06
-9.679093250991173641e-05,1.408594729846346206e-05
-9.207057957333458754e-05,1.913372179924569319e-05
-9.206914052536203322e-05,9.038466602299552062e-06
-8.735752292512150951e-05,1.408613716316406513e-05
-8.267177401612329829e-05,1.909205020766141587e-05
-8.267109161222429854e-05,9.080560290546759434e-06
-7.799999202065404128e-05,1.408626592067097139e-05
-7.336714369184479034e-05,1.902933491804253535e-05
-7.336723047907518737e-05,9.143359357853177583e-06
-6.875668931129164368e-05,1.408631910039052408e-05
-6.420148630051635301e-05,1.893982349856284135e-05
-6.420140774904358578e-05,9.232647928842715329e-06
-5.967769651867805902e-05,1.408613476787944818e-05
-5.522958363544576779e-05,1.881849751046157449e-05
-5.522953166410574192e-05,9.353647118608522589e-06
-5.082332046377268324e-05,1.408587605223570476e-05
-4.651352805979645121e-05,1.866274397286370754e-05
-4.651299198174383602e-05,9.509586743886082284e-06
-4.242537148307567942e-05,1.408443803668347311e-05
-3.844854605637557419e-05,1.847669029111281472e-05
-3.844714503252464520e-05,9.702407048543708546e-06
-3.549760694404176741e-05,1.441717730668229208e-05
-3.259638469790449060e-05,1.830047510971063499e-05
-3.259137749139096328e-05,9.884294011365177867e-06
-2.850700669172290684e-05,1.814536319645767038e-05
-2.925706522695482685e-05,1.548859484429373384e-05
-2.849919988684069421e-05,1.000152892731723278e-05
-2.562095914605973766e-05,1.012706383505312356e-05
3.612569782301391487e-06,4.941585967551150643e-07
3.684389201457535791e-06,3.214140466583525236e-07
3.683978843169475010e-06,-3.219796704805649857e-07
3.612524160689451051e-06,-4.923110933255844700e-07
-2.560898994722845919e-05,1.803583354020812815e-05
-2.307709489740000634e-05,1.779182703189433293e-05
-2.499640776644784801e-05,1.309980669810136091e-05
-2.304026016298980076e-05,1.003760118093011998e-05
3.440592913530035266e-06,5.656001908958361104e-07
3.267317586026308938e-06,-1.400370730364619877e-07
3.442047136156617796e-06,-5.634219545829871477e-07
-2.224484529248402470e-05,1.537585284210562614e-05
-2.063695873163314554e-05,1.724357468746086526e-05
-1.834597100743412784e-05,1.646880046404230821e-05
-2.148533714472847459e-05,1.214322873582928909e-05
-2.064431321319579106e-05,9.556689692725115897e-06
2.275029073744427329e-06,5.844007873503075894e-07
2.274093889348801950e-06,-5.840570273206125771e-07
1.670193178610463993e-06,-2.298124243051099078e-11
-1.623703499528434020e-05,1.543105098559064277e-05
-1.801670432863457786e-05,1.405600475236674923e-05
-1.879682717131934895e-05,1.110684155043622648e-05
-1.846897702188968538e-05,8.725257119676743019e-06
1.014980179332636629e-06,6.923783935764243475e-07
1.015127802126519067e-06,-6.922801735754433683e-07
2.696438228046283258e-07,8.415573538316485545e-11
-1.429974396590369839e-05,1.421489809194911398e-05
-1.259395379186943170e-05,1.284121435940222722e-05
-1.610815636947945009e-05,1.066655711493446765e-05
-1.656542449905275562e-05,7.569457586663480270e-06
-5.856483210333042807e-07,9.264478484822869711e-07
-5.857419262895606494e-07,-9.263277013103727065e-07
-1.302996339883936070e-05,1.079492926069892291e-05
-1.112130642237916195e-05,1.130256055457746287e-05
-1.374172270077010779e-05,8.565416245590467233e-06
-1.497132422087371650e-05,6.193547517422342878e-06
-1.527554153814153901e-06,3.154043997446707204e-10
-2.647539863835122746e-06,1.264612806299706734e-06
-2.645497939015544914e-06,-1.266806743951748974e-06
-9.845643079979966625e-06,9.665158648837129588e-06
-8.838735371261902856e-06,7.998488063717697956e-06
-8.076225425721988939e-06,6.258219391735392522e-06
-1.230689150360054303e-05,6.617459063662365372e-06
-1.370873891980344206e-05,4.674657566903790848e-06
-3.547104416039614695e-06,4.487661426566668737e-09
-4.650831858024847453e-06,1.597135742526210092e-06
-4.651960136080128381e-06,-1.615065436586048527e-06
-9.774997629772818656e-06,6.243151412639476983e-06
-7.513606172055053214e-06,4.510537031639367175e-06
-6.450082053101457917e-06,1.877818846961042112e-06
-6.960151005719154601e-06,2.165480966510660966e-06
-7.215146615685862874e-06,2.762083076743968316e-06
-1.131964185607369548e-05,4.457745588157639919e-06
-1.276556139228532722e-05,3.087006847852401234e-06
-5.641874907700156443e-06,2.398038286157821853e-07
-6.499940582277587363e-06,-1.869896328632521115e-06
-8.695340581888082841e-06,3.285147777825797926e-06
-7.016983818769392495e-06,1.026866532720725938e-06
-7.623550557135841484e-06,1.961155901498350538e-06
-1.063417713708782815e-05,2.599716572661630399e-06
-1.216312469529683673e-05,1.505936917865797305e-06
-7.090226039490837395e-06,-7.956648305200523589e-07
-7.042652138228602495e-06,-2.141669218886580183e-06
-9.069129768935611953e-06,6.130235988221839072e-07
-1.193547526866418816e-05,-4.617499322426595806e-08
-1.201265861346857174e-05,-1.540420880085235908e-06
-8.187728315418309641e-06,-1.789579716034857196e-06
-7.365693271617616081e-06,-2.711191216667447864e-06
-7.772986627158444113e-06,-4.257239004514027989e-06
-1.053434608990073048e-05,-1.749142689549312372e-06
-8.356498575273024100e-06,-5.718801043630726846e-06
-1.240523530245740180e-05,-3.036695145964601271e-06
-9.181726957876828988e-06,-4.322637069981176307e-06
-1.121884352198347710e-05,-4.437208054051965731e-06
-9.093313162556132960e-06,-7.097932023700443796e-06
-1.306184126793085778e-05,-4.438955300759431353e-06
-1.246504535257645617e-05,-5.793040884074429555e-06
-1.110282122200981789e-05,-6.628605981934910856e-06
-9.979905620399271427e-06,-8.381593037597160324e-06
-1.100540674027050845e-05,-9.555987317019370918e-06
-1.395681785879224614e-05,-5.715137014737805021e-06
-1.328064894858050265e-05,-7.280489504096624483e-06
-1.249180824682043700e-05,-9.083540392949400612e-06
-1.215761188395137669e-05,-1.060671260282730999e-05
-1.505944233437655592e-05,-6.817376994699924843e-06
-1.471509606650897603e-05,-9.065662660211753099e-06
-1.342145701153899181e-05,-1.151992199552135373e-05
-1.478079498701825327e-05,-1.228380515741385097e-05
-1.621808070372594851e-05,-1.288844767589088253e-05
-1.634371418273424193e-05,-9.540662054593685156e-06
-1.633656213844837020e-05,-7.711608238925965849e-06
-1.602306135539780866e-05,-1.134139169488686308e-05
-1.771473392144038567e-05,-1.332600887902541998e-05
-1.925139103926968282e-05,-1.359082936455414904e-05
-1.763118775986382709e-05,-9.947118539883466836e-06
-1.774942712881657448e-05,-8.370441531986397320e-06
-2.080817716241480903e-05,-1.367948468912166517e-05
-1.908060504734720907e-05,-1.139991399545238754e-05
-1.925521107180393329e-05,-8.773919252939155330e-06
-2.115290450131211266e-05,-1.163076764118731745e-05
-2.252100424467894240e-05,-1.367948417994822242e-05
-2.080817849153426106e-05,-8.909786541642676088e-06
-2.487710503700235281e-05,-1.367948333745398094e-05
-2.301816893433329420e-05,-1.046724227679220870e-05
-2.252100486002257118e-05,-8.909786961750836519e-06
-2.811438558000971919e-05,-1.367948249938436005e-05
-2.651271183715317990e-05,-1.110818078720042714e-05
-2.487710529895904857e-05,-8.909787146721695339e-06
-3.238690702486506453e-05,-1.367948189595696017e-05
-3.025064640929099965e-05,-1.129463457884705423e-05
-2.811438572352041758e-05,-8.909787122417468970e-06
-3.683938787929586585e-05,-1.367948159880830534e-05
-3.461314749409099206e-05,-1.129463427144578894e-05
-3.238690712311523501e-05,-8.909786945376398771e-06
-4.129186877085914823e-05,-1.367948144977899588e-05
-3.906562834148858066e-05,-1.129463406572833022e-05
-3.683938794329015369e-05,-8.909786723871928121e-06
-4.574434971402617143e-05,-1.367948136206254238e-05
-4.351810925230015144e-05,-1.129463393331278427e-05
-4.129186881198836442e-05,-8.909786539630566263e-06
-5.019683068356784903e-05,-1.367948130299648026e-05
-4.797059020686746561e-05,-1.129463384848221268e-05
-4.574434974036305495e-05,-8.909786413494465187e-06
-5.464931165959450575e-05,-1.367948126180626245e-05
-5.242307117805227194e-05,-1.129463379436806442e-05
-5.019683070035950472e-05,-8.909786335831855703e-06
-5.910179263404050413e-05,-1.367948123393794337e-05
-5.687555215145782925e-05,-1.129463376004908969e-05
-5.464931167023869446e-05,-8.909786290024144509e-06
-6.355427360569329955e-05,-1.367948121605961217e-05
-6.132803312286414486e-05,-1.129463373850816770e-05
-5.910179264071949444e-05,-8.909786262941909264e-06
-6.800675457552443203e-05,-1.367948120531069800e-05
-6.578051409237615599e-05,-1.129463372528817721e-05
-6.355427360978803300e-05,-8.909786246629750460e-06
-7.754409469897824783e-05,-1.341754157649424278e-05
-7.691171651334206252e-05,-1.367948119756177294e-05
-7.000119159531106438e-05,-1.129463371792252439e-05
-7.245923554464157672e-05,-1.367948119955041487e-05
-6.800675457790688499e-05,-8.909786236832403268e-06
-7.780603432001885250e-05,-1.278516339081709835e-05
-7.630967515217477190e-05,-1.129463371335164323e-05
-7.245923554566555146e-05,-8.909786231400084516e-06
-7.780603432005755852e-05,-9.804104035755773825e-06
-7.691171651369265285e-05,-8.909786229458920476e-06
-7.754409469910680710e-05,-9.171725850376859530e-06
