Size 192,2
7.921137114306641867e-05,-1.340441057911505109e-05
7.948169621151985199e-05,-1.275179580085980244e-05
7.948179221440146750e-05,-9.675332502406948389e-06
7.921148242430659566e-05,-9.022714883442203626e-06
7.855875395092820829e-05,-1.367473184818724768e-05
7.733484027386398646e-05,-1.121355967533762059e-05
7.855888458538263402e-05,-8.752387732662283431e-06
7.396382379343255441e-05,-1.367463319643699959e-05
7.396390460514602229e-05,-8.751858482735308420e-06
7.142661811199759727e-05,-1.121274737562088768e-05
6.936736103041575639e-05,-1.367458574161222627e-05
6.936767867532996653e-05,-8.750539434504846052e-06
6.706906943286924862e-05,-1.121194911744850685e-05
6.477010166126118780e-05,-1.367337433492727544e-05
6.477056763593520903e-05,-8.749723086716864682e-06
6.247213653116364751e-05,-1.121073718813762241e-05
6.017427073173841603e-05,-1.366988910624135977e-05
6.017501080235273148e-05,-8.750291052464712811e-06
5.787860128506996281e-05,-1.120944264038940167e-05
5.558425069593805711e-05,-1.366473784315513150e-05
5.558459060924261211e-05,-8.752389026070136921e-06
5.329213952361892652e-05,-1.120794382564182389e-05
5.100290713125408930e-05,-1.365804217452481677e-05
5.100276628120707732e-05,-8.755893728191142732e-06
4.871555966961878557e-05,-1.120639586741283742e-05
4.643203795395779883e-05,-1.365061847081530700e-05
4.643153794018634305e-05,-8.760426330686734103e-06
4.415013263119111400e-05,-1.120482775074445804e-05
4.187249014630195856e-05,-1.364301302728876920e-05
4.187216512272909699e-05,-8.765230422256687387e-06
3.959683606179456892e-05,-1.120341296575367264e-05
3.732526893689175785e-05,-1.363572871634180504e-05
3.732497361298098493e-05,-8.769897202607605005e-06
3.505530341893926122e-05,-1.120206453609056134e-05
3.278897090980458564e-05,-1.362917875201540488e-05
3.278864849353475586e-05,-8.773868546829825482e-06
3.061520785588977146e-05,-1.120088000862222965e-05
2.844393359627941500e-05,-1.362466555633689906e-05
2.844357944954543942e-05,-8.776204692888119562e-06
2.681618504737957884e-05,-1.138935710000318186e-05
2.515519439390113171e-05,-1.362223768523840844e-05
2.515491397172837834e-05,-8.776789762223895691e-06
2.276261182456228597e-05,-1.362110103086240114e-05
2.323079879438804619e-05,-1.202561029224641561e-05
2.276224224009664081e-05,-8.776406339246389779e-06
2.102285268459351579e-05,-8.775954727375488978e-06
-3.634739293541081501e-06,-2.655633352781379636e-07
-3.707493215231197355e-06,-9.067891651287528700e-08
-3.707153546190004840e-06,5.610816993109897492e-07
-3.634763254941276608e-06,7.337006942530161942e-07
2.102327518752211772e-05,-1.362054946359204875e-05
1.944214936518539263e-05,-1.353002609909725798e-05
2.067217485938995577e-05,-1.059335442474854243e-05
1.944558802777650357e-05,-8.637369165818456113e-06
-3.460585457624209103e-06,-3.378341256337113884e-07
-3.284894842164560519e-06,3.769523587238241976e-07
-3.462001577377830647e-06,8.058147065902909730e-07
1.894150879300805768e-05,-1.203541499789270166e-05
1.788144995181790439e-05,-1.326058329752416814e-05
1.636131649220351624e-05,-1.281560223404428713e-05
1.846674634416309633e-05,-9.963837299376419846e-06
1.791593323614563602e-05,-8.226952907663245137e-06
-2.279621577900278686e-06,-3.561840388318988381e-07
-2.278702504976549017e-06,8.263261082278748172e-07
-1.667624366998371274e-06,2.351280972313902046e-07
1.490177936320625844e-05,-1.220079893730682836e-05
1.616305643239992896e-05,-1.124405008381552071e-05
1.669092152468218285e-05,-9.250606816830365191e-06
1.648041688786084272e-05,-7.557558561032165434e-06
-1.005485053486243962e-06,-4.639204391598414620e-07
-1.005884818125206675e-06,9.334007971353928825e-07
-2.539559371431183504e-07,2.343172419512770741e-07
1.352142051406535486e-05,-1.142393070622168823e-05
1.223880756640304554e-05,-1.049543964927088078e-05
1.483416025881107284e-05,-8.931825899518749031e-06
1.518277463481448383e-05,-6.649724939910820444e-06
6.075322621252173448e-07,-6.983920403256689058e-07
6.073820815189356962e-07,1.166233056920592891e-06
1.256268904575236175e-05,-9.039976876807250593e-06
1.107118927647155218e-05,-9.427461755432003129e-06
1.310978645921471390e-05,-7.372782098223833560e-06
1.406221823257219604e-05,-5.531747147039634306e-06
1.554966420801403167e-06,2.332983091629001703e-07
2.680770493608510830e-06,-1.038070751288147852e-06
2.678860326466560741e-06,1.506062442773244935e-06
1.003261653174797014e-05,-8.234009549611797580e-06
9.136888555550865990e-06,-6.931812164210699378e-06
8.392941646986693666e-06,-5.534556597603350376e-06
1.198885512729100670e-05,-5.851533565552802821e-06
1.315243391578820053e-05,-4.239137256315681807e-06
3.584935630722353981e-06,2.291466679047686090e-07
4.694485742502989192e-06,-1.373285233431532320e-06
4.693782831943298175e-06,1.852847754521874234e-06
9.888107779069554729e-06,-5.542178744455870628e-06
7.813460117916745329e-06,-4.056328571827436851e-06
6.542664381605816936e-06,-1.659674009199241441e-06
7.094847201525652386e-06,-1.939255553248345644e-06
7.405572398098244720e-06,-2.500497971735226692e-06
1.119752213140638170e-05,-4.045887061297943052e-06
1.248249559837270958e-05,-2.821540747062786855e-06
5.692300869162759273e-06,-5.415043728126089548e-09
6.505135336053657894e-06,2.100741242512202896e-06
8.844380198875975143e-06,-3.000765673504392897e-06
7.110686729449255252e-06,-8.140280370597849787e-07
7.764557666415266071e-06,-1.743001413678716510e-06
1.061048173248046473e-05,-2.378631509071377170e-06
1.208316362915457576e-05,-1.329800295245571231e-06
7.110584936429750359e-06,1.011104121968261535e-06
7.004328970427904802e-06,2.377720985243265651e-06
9.140134296121258544e-06,-4.701110682325444007e-07
1.196906324401582381e-05,1.946143655748127562e-07
1.221263766897263907e-05,1.736711772542413602e-06
8.171302221542973024e-06,1.994924179375728878e-06
7.285362551811709925e-06,2.989444977692776510e-06
7.612532645616098844e-06,4.712698081528711958e-06
1.063541264219662745e-05,1.908041534803249692e-06
8.143304528458039778e-06,6.448974998439680980e-06
1.278992429435580251e-05,3.315260994854661334e-06
9.140406662061696612e-06,4.751872895302129683e-06
1.146434674665859991e-05,4.886072810629102328e-06
8.919243264286917490e-06,8.134642144072680930e-06
1.370160022049606207e-05,4.889395328027456713e-06
1.301475608702108937e-05,6.500284608270435925e-06
1.131845931542391377e-05,7.534584019092375277e-06
9.909360677412410093e-06,9.805205886364326781e-06
1.116132732880782909e-05,1.140846814515199083e-05
1.496475217493976591e-05,6.377937460254681948e-06
1.409467270243711580e-05,8.378616505284384292e-06
1.305756035724219744e-05,1.078482483532305842e-05
1.261173584082216690e-05,1.291980520079942098e-05
1.653563286246933895e-05,7.723703413334792150e-06
1.607490122437933971e-05,1.078516818471082357e-05
1.429336031083101178e-05,1.426706922073082924e-05
1.619933664077179269e-05,1.545715148342132465e-05
1.827157527641047407e-05,1.647022230685748925e-05
1.842499191003974646e-05,1.145933968555884225e-05
1.840046372365792952e-05,8.866717916086590842e-06
1.795012955409736193e-05,1.410519562583726896e-05
2.051786560810529495e-05,1.722612374176994083e-05
2.290127885867422613e-05,1.774280330221568433e-05
2.034900951436175242e-05,1.204306028356155910e-05
2.053695559459660057e-05,9.702032951438108543e-06
2.536144084656990507e-05,1.797808837618504203e-05
2.257737724504565462e-05,1.427496350012651100e-05
2.287270920081351406e-05,1.018230914902656036e-05
2.589606499104066338e-05,1.466310592679286006e-05
2.816970553700494574e-05,1.809080678117677875e-05
2.533070100482212874e-05,1.030436713193821293e-05
3.212892147697020293e-05,1.820459009836325053e-05
2.895646143976432024e-05,1.274989115318332852e-05
2.816340618870872390e-05,1.019376999956165552e-05
3.779963506269054031e-05,1.837958042133657128e-05
3.494357988265052467e-05,1.381318234436033423e-05
3.213190695410291897e-05,1.004849327991276724e-05
4.560798550253694980e-05,1.856646749939618778e-05
4.165107041157676122e-05,1.413671059360139794e-05
3.780071348474755807e-05,9.882276840668524219e-06
5.404538411755993197e-05,1.871987769295367025e-05
4.977984133633415011e-05,1.413693221373229892e-05
4.560802134468815725e-05,9.705239492339980768e-06
6.273398909817982200e-05,1.884273636186391019e-05
5.835154888336860400e-05,1.413820484196073833e-05
5.404492084893205907e-05,9.555133628593310809e-06
7.162250297719724521e-05,1.893828769130810732e-05
6.714861439496421381e-05,1.413948808648755056e-05
6.273352672876325077e-05,9.434945152444598667e-06
8.066248133359886811e-05,1.900915195307182980e-05
7.612067963568338051e-05,1.414058738048000610e-05
7.162215511415428169e-05,9.341781436141603651e-06
8.981023478108832452e-05,1.905767592584460313e-05
8.522150245613810036e-05,1.414148545081615308e-05
8.066224380166395094e-05,9.273000208590564817e-06
9.902679566170867573e-05,1.908683756193916317e-05
9.440977576110457545e-05,1.414213946736698105e-05
8.980999219792716506e-05,9.226051963235195618e-06
1.082798161620751907e-04,1.910129103932674526e-05
1.036492894222271611e-04,1.414250057951271942e-05
9.902667734878099705e-05,9.197813011476011475e-06
1.175468091576524238e-04,1.910652459194302877e-05
1.129121391725184591e-04,1.414274299196992972e-05
1.082797589100361978e-04,9.183928183168620248e-06
1.374022775902730166e-04,1.856262789561722700e-05
1.360858110712500203e-04,1.910791877376220499e-05
1.216990191640931926e-04,1.414292719819842882e-05
1.268166730764766340e-04,1.910764899664187742e-05
1.175467710325774680e-04,9.179160891766411336e-06
1.379475757420578692e-04,1.724616970384894898e-05
1.348324374011104071e-04,1.414318075980399239e-05
1.268165879009593871e-04,9.178429131596913413e-06
1.379475484643948578e-04,1.104021815425911858e-05
1.360857604461127458e-04,9.178440000873537791e-06
1.374022428044554525e-04,9.723741222774500242e-06
