Size 192,2
-1.072464945220837198e-04,1.518687565230521266e-05
-1.076669945930165429e-04,1.417160713045136713e-05
-1.076671722575581772e-04,9.385895287107279847e-06
-1.072466954169634716e-04,8.370631689943742112e-06
-1.062313060742262326e-04,1.560743360437349429e-05
-1.043276112727851079e-04,1.177875425644767541e-05
-1.062315358103105691e-04,7.950071909639868991e-06
-9.908343585272633321e-05,1.560837894894428652e-05
-9.908365102413168473e-05,7.948692171946689227e-06
-9.513539244169225096e-05,1.177827157625506340e-05
-9.193041838858601988e-05,1.561002286827671125e-05
-9.193018134837324423e-05,7.945622995401851362e-06
-8.835141026079038203e-05,1.177769827459328242e-05
-8.477280726921979494e-05,1.560877980289724650e-05
-8.477187673521412376e-05,7.945362858324062029e-06
-8.119346016340949965e-05,1.177669582998817093e-05
-7.761964185687758784e-05,1.560000664487820683e-05
-7.761879828700467038e-05,7.952205382832612323e-06
-7.404812759616585815e-05,1.177542095559332693e-05
-7.048926882811242195e-05,1.557964940769797723e-05
-7.048870522100205837e-05,7.969965683556739570e-06
-6.693684517677279012e-05,1.177403358634761207e-05
-6.340569019352408511e-05,1.554506231996062498e-05
-6.340511396880984683e-05,8.001551921885610374e-06
-5.988558089853591147e-05,1.177255134757051943e-05
-5.639755031561701913e-05,1.549344022312089159e-05
-5.639664351163949687e-05,8.050001185746185592e-06
-5.292604083335474468e-05,1.177089083780025803e-05
-4.949970225569540980e-05,1.542156458192167352e-05
-4.949857962785512527e-05,8.118510427859812229e-06
-4.609653560382011886e-05,1.176915916992973081e-05
-4.275299835199273710e-05,1.532691898064611629e-05
-4.275176318451387437e-05,8.209538460597796139e-06
-3.943994307920288561e-05,1.176727071875726593e-05
-3.619986892803015902e-05,1.520971293073668609e-05
-3.619830424631756015e-05,8.323423780555619814e-06
-3.312481201560733206e-05,1.176460322946555784e-05
-3.013094542276456881e-05,1.507452146415101262e-05
-3.012880357765298364e-05,8.459905149196065291e-06
-2.790752557443056025e-05,1.201453367402843986e-05
-2.571635209113913779e-05,1.495026792448711164e-05
-2.571206933836872976e-05,8.585132047002294687e-06
-2.262047163209046153e-05,1.484396859159879107e-05
-2.319227794522026986e-05,1.282594151175912851e-05
-2.261493345575329352e-05,8.663790543728821939e-06
-2.042841049685847118e-05,8.746775987977470175e-06
2.995192501456633280e-06,9.003099388430846420e-07
3.054130750216994237e-06,7.583716032769556586e-07
3.053755035467596000e-06,2.305687002913194081e-07
2.995159228939749220e-06,9.097868740068522968e-08
-2.042071966473585920e-05,1.477011987108666505e-05
-1.848901054837891433e-05,1.459339567052152462e-05
-1.995831246014449691e-05,1.101020530125149649e-05
-1.846533065525229043e-05,8.663980935221298745e-06
2.853940833733374786e-06,9.591277498072889175e-07
2.712073437268748240e-06,3.803397278807026049e-07
2.855422584225346324e-06,3.288340675281178261e-08
-1.785711577067099570e-05,1.275114768059893608e-05
-1.662056286166311458e-05,1.418693564652519896e-05
-1.485682498741885346e-05,1.360213511086118545e-05
-1.727790619214166436e-05,1.027330806565364632e-05
-1.663205688344114317e-05,8.276476356322107648e-06
1.897869246709973598e-06,9.763627771715136411e-07
1.897546078780581844e-06,1.715024346001414667e-08
1.401698677311388611e-06,4.973307690136452813e-07
-1.322169945249607765e-05,1.281596924459921781e-05
-1.460706815954923362e-05,1.174869804492024873e-05
-1.520991983185202652e-05,9.469575932127574468e-06
-1.495924461354143173e-05,7.613229842465159845e-06
8.630808477377385112e-07,1.067951920489562446e-06
8.636072936867705708e-07,-7.178978911961503997e-08
2.495552827585534779e-07,4.988678687728094767e-07
-1.171236285298848598e-05,1.188464025598189215e-05
-1.037024118411649725e-05,1.082299096077939122e-05
-1.312639020858753452e-05,9.124977087071112951e-06
-1.348763736803528768e-05,6.695247367395335958e-06
-4.564024513782582139e-07,1.265404334714651690e-06
-4.559926901718518274e-07,-2.660719195912324639e-07
-1.071276570582966936e-05,9.227942800614339044e-06
-9.199769607694719445e-06,9.628557923966192230e-06
-1.127545634431425845e-05,7.474095428605429587e-06
-1.224881757693555526e-05,5.594902669563706189e-06
-1.234782342218816478e-06,5.006738721049279130e-07
-2.162990854808148995e-06,1.550634045548634852e-06
-2.160832696503255460e-06,-5.499181540814603405e-07
-8.180677651339960708e-06,8.346455742174658420e-06
-7.361510643995166638e-06,7.024065822096900691e-06
-6.728823070280508404e-06,5.636040373369361143e-06
-1.013856089923794801e-05,5.928552856910956362e-06
-1.126341487216886975e-05,4.368993762492387071e-06
-2.908742776563881212e-06,5.055113570302493240e-07
-3.826856641427128535e-06,1.831908501304713339e-06
-3.827004913184722095e-06,-8.414028346408713884e-07
-8.108079131228883686e-06,5.627921992871025247e-06
-6.256507606471972690e-06,4.227287804025014125e-06
-5.332545339397210610e-06,2.070798947593183346e-06
-5.765084491457271415e-06,2.310525800281092690e-06
-5.987696509291247419e-06,2.802876777417420190e-06
-9.352660463686109907e-06,4.191917012079262728e-06
-1.052914751561175960e-05,3.074956509320163938e-06
-4.651395164399171775e-06,7.023216768216546721e-07
-5.357783788031478107e-06,-1.054177460140280916e-06
-7.214718129417280349e-06,3.235895337995352371e-06
-5.804807402942171955e-06,1.363268185321609554e-06
-6.319368542363198019e-06,2.142282745325494216e-06
-8.799839668081692426e-06,2.676183670073799173e-06
-1.006562385531772762e-05,1.771470888294915232e-06
-5.852299835990707732e-06,-1.565066874007687844e-07
-5.801871183736627770e-06,-1.282428425987182470e-06
-7.512338696670735562e-06,1.032072630877722289e-06
-9.897731497962570279e-06,4.810689196111238443e-07
-9.994577976550560969e-06,-7.745828552495693890e-07
-6.761181947822277992e-06,-9.835252003191532514e-07
-6.063489986800071260e-06,-1.766133883572806563e-06
-6.388342432261226731e-06,-3.090374422362471502e-06
-8.741962223182811925e-06,-9.413691907132451964e-07
-6.865577176101290918e-06,-4.362527343912306926e-06
-1.035826372831544621e-05,-2.038656674100842473e-06
-7.586796494283303009e-06,-3.140056565962002107e-06
-9.341929954457908023e-06,-3.239678870662830267e-06
-7.488514539076585199e-06,-5.571985482005635982e-06
-1.095566750211256649e-05,-3.241581828961900098e-06
-1.044077955290838904e-05,-4.420562553149746613e-06
-9.240263001599664816e-06,-5.155576088321902063e-06
-8.248789851310607237e-06,-6.716727571185463538e-06
-9.148574627378106540e-06,-7.778152227314150911e-06
-1.177344946151704031e-05,-4.347246177850067624e-06
-1.117259068185534229e-05,-5.736316953598985717e-06
-1.046751777708350194e-05,-7.355194777594537837e-06
-1.016762628871219836e-05,-8.741603056209715564e-06
-1.278311858513990658e-05,-5.313717709216502699e-06
-1.247430048635053316e-05,-7.343713406110137385e-06
-1.130246922500733050e-05,-9.584997892246922919e-06
-1.254095948744332431e-05,-1.030170561002028623e-05
-1.386019898447499109e-05,-1.088074932441602240e-05
-1.397023809152243795e-05,-7.777696941572788988e-06
-1.396053033305134907e-05,-6.107628475822217249e-06
-1.367408780816748542e-05,-9.438268179245629173e-06
-1.524982420464185214e-05,-1.130320039452482838e-05
-1.668892067364241978e-05,-1.156781898601556896e-05
-1.516456117226772828e-05,-8.150277428378418311e-06
-1.527572660262313997e-05,-6.692018918073547723e-06
-1.815452549731456352e-05,-1.166574870870615193e-05
-1.651953018824540048e-05,-9.506201238394229648e-06
-1.668685243982884737e-05,-7.045440229773245842e-06
-1.847763264756062344e-05,-9.726694953617023891e-06
-1.978245019637510439e-05,-1.168208166054329487e-05
-1.814980705968650469e-05,-7.158372188991251587e-06
-2.203550472544574205e-05,-1.169750477705879350e-05
-2.025108828740635679e-05,-8.620742360456825864e-06
-1.978183424872002438e-05,-7.141244165985861999e-06
-2.516167789429913442e-05,-1.171937801112177786e-05
-2.360868320133091900e-05,-9.230441651638498691e-06
-2.203612998477900704e-05,-7.120234837544448303e-06
-2.932601790094850180e-05,-1.173956657711778967e-05
-2.723801524505290320e-05,-9.409047912473858381e-06
-2.516192880450194273e-05,-7.098252576442366554e-06
-3.369624870842159823e-05,-1.175244672149199727e-05
-3.150706419571698129e-05,-9.407830089198007651e-06
-2.932629321285248981e-05,-7.077086895370598909e-06
-3.808602556968400534e-05,-1.175946676088962890e-05
-3.588882596198104692e-05,-9.406693314671483005e-06
-3.369655091260247425e-05,-7.062004269379739721e-06
-4.248530593327901929e-05,-1.176153475202818568e-05
-4.028501442341759744e-05,-9.405715360461545105e-06
-3.808635281870234178e-05,-7.052812804201271879e-06
-4.688577462036960699e-05,-1.176015340368516678e-05
-4.468607845136050535e-05,-9.404933381305956148e-06
-4.248571368408913894e-05,-7.049011154991728401e-06
-5.128203460465053336e-05,-1.175689517224236820e-05
-4.908507155081489638e-05,-9.404377937365614171e-06
-4.688616409152674818e-05,-7.049156356513794796e-06
-5.567091263854309418e-05,-1.175257847188784328e-05
-5.347787686913230728e-05,-9.404152786705684470e-06
-5.128221342696477587e-05,-7.051764767833905383e-06
-6.005137096877560734e-05,-1.174806192941985949e-05
-5.786255205650043078e-05,-9.404040029131498820e-06
-5.567095977894382833e-05,-7.055669150518771426e-06
-6.442344063979392932e-05,-1.174393966735955396e-05
-6.223874770290460548e-05,-9.403971331285896024e-06
-6.005136553633516692e-05,-7.059897009315785322e-06
-7.377138605196126818e-05,-1.148393595910640170e-05
-7.315171637472399119e-05,-1.174063209701857771e-05
-6.637979282476129579e-05,-9.403833668460299109e-06
-6.878905756009818921e-05,-1.174140073988438135e-05
-6.442360875846466102e-05,-7.063750020171391604e-06
-7.402806219323266365e-05,-1.086423949438743076e-05
-7.256198842011590876e-05,-9.403729944495982314e-06
-6.878917142037121936e-05,-7.066227639175189486e-06
-7.402817465627570584e-05,-7.943149689309243638e-06
-7.315184681841395268e-05,-7.066761897871912843e-06
-7.377150818981691074e-05,-7.323454660452513500e-06
