Size 192,2
-1.216633403963546077e-04,1.722999705235789270e-05
-1.221421420550017106e-04,1.607412235876372469e-05
-1.221420239026508247e-04,1.062499702160667635e-05
-1.216631975294955853e-04,9.469062612425688274e-06
-1.205074208915064246e-04,1.770876531238383989e-05
-1.183391282521187705e-04,1.334951425497482150e-05
-1.205072270636756452e-04,8.990264523440519263e-06
-1.123682260008522884e-04,1.770793254780036557e-05
-1.123678631962573009e-04,8.990726670959366170e-06
-1.078747729447905335e-04,1.334924951296756240e-05
-1.042309213617148924e-04,1.770417175114871565e-05
-1.042302264960470932e-04,8.993969263193906787e-06
-1.001641755756335118e-04,1.334893918550717151e-05
-9.610354351003099242e-05,1.769439657171230124e-05
-9.610276388142607255e-05,9.003290487584744703e-06
-9.204597182932106817e-05,1.334860720403255302e-05
-8.800049086530651568e-05,1.767480331889737140e-05
-8.799977493630945370e-05,9.022186891980819872e-06
-8.396188774655052411e-05,1.334811494217695824e-05
-7.994293849471365238e-05,1.764244917702652128e-05
-7.994255348092680897e-05,9.053316748394785515e-06
-7.593559743169445847e-05,1.334739086241598168e-05
-7.195744600325958173e-05,1.759445090251265552e-05
-7.195740466791158193e-05,9.099713967836644768e-06
-6.799606143408907556e-05,1.334644948330214328e-05
-6.407486725496688005e-05,1.752870724454797950e-05
-6.407521855427955853e-05,9.163229526739198404e-06
-6.017638202659995785e-05,1.334526917849484231e-05
-5.633026250223309645e-05,1.744383692667142446e-05
-5.633065597248030498e-05,9.245188565455395339e-06
-5.251265558832013674e-05,1.334376061622093955e-05
-4.875944302765016782e-05,1.734005562574983218e-05
-4.875920507846934839e-05,9.345306056452961949e-06
-4.503950296239297334e-05,1.334193309720953498e-05
-4.139494988041490168e-05,1.721772787552263280e-05
-4.139368706110925386e-05,9.464276512792236363e-06
-3.793213192866753009e-05,1.333892285446970559e-05
-3.455173751906802197e-05,1.707937847566561655e-05
-3.454981626885732704e-05,9.603524604114614075e-06
-3.203858893736697381e-05,1.362192129917643976e-05
-2.955299507720155025e-05,1.695164608728575380e-05
-2.954868581032746175e-05,9.731821899140773985e-06
-2.603549022312630427e-05,1.684019847290109959e-05
-2.668807656839169179e-05,1.454431968642355826e-05
-2.602940675842329744e-05,9.813779662168345343e-06
-2.353918469318612547e-05,9.901482608207404061e-06
3.480399290515379661e-06,8.953935557119430020e-07
3.550167553405256822e-06,7.274526469050807327e-07
3.549678811063975109e-06,1.022988587535340453e-07
3.480263323328311659e-06,-6.309509139326703060e-08
-2.353136604043313133e-05,1.676172036945592782e-05
-2.132745638532242480e-05,1.656489619584418211e-05
-2.300609661378351834e-05,1.247909694321508973e-05
-2.130172418480892003e-05,9.800939674345211000e-06
3.313211899812958890e-06,9.649385265111143547e-07
3.144768623243871952e-06,2.794949274837894875e-07
3.314684699237654448e-06,-1.319897304685167460e-07
-2.060787194650775831e-05,1.446517421495065543e-05
-1.919374268229406206e-05,1.610619859393429463e-05
-1.717593187760354959e-05,1.544117694976430979e-05
-1.994629361890389794e-05,1.163669940837023247e-05
-1.920718688565048685e-05,9.352421178614909474e-06
2.180418362022953984e-06,9.835274603269477999e-07
2.179724307479054140e-06,-1.508087829246926475e-07
1.593349987225482728e-06,4.164560945034676791e-07
-1.530298841119079529e-05,1.454564361169965009e-05
-1.689103197190793438e-05,1.332337559735688768e-05
-1.758040307179128386e-05,1.071607950643247615e-05
-1.729315351252776146e-05,8.588556383449454410e-06
9.580046913316514611e-07,1.087129910175013748e-06
9.582568037423442303e-07,-2.536576414446498153e-07
2.365076180554440304e-07,4.168792440867184079e-07
-1.357217553888564265e-05,1.348132366969303917e-05
-1.203101294288027669e-05,1.226591738403996483e-05
-1.519339620271635828e-05,1.032028162881008532e-05
-1.560709616068297757e-05,7.533308712915748273e-06
-5.900762654782382474e-07,1.310860768108571843e-06
-5.902480525527623814e-07,-4.772730753415512351e-07
-1.242370584264351885e-05,1.043788681272369019e-05
-1.068594147273190267e-05,1.089747827041313228e-05
-1.306900014931782047e-05,8.425719227750173076e-06
-1.418585874648115035e-05,6.268149208502127015e-06
-1.498780722259681776e-06,4.168816710172381111e-07
-2.577230525131246222e-06,1.633302999787163038e-06
-2.575489503588237581e-06,-8.025508083127705316e-07
-9.514220244568311313e-06,9.426362595038898315e-06
-8.571332346699502483e-06,7.907383382689304351e-06
-7.843173934864798011e-06,6.312853425051730925e-06
-1.176204948484803471e-05,6.650229960758289014e-06
-1.305377220520960861e-05,4.858147754275708723e-06
-3.443053648792015307e-06,4.203750356322637715e-07
-4.503527777319191260e-06,1.950477112423965598e-06
-4.504399479866440944e-06,-1.134752174216273205e-06
-9.428469458247343342e-06,6.303846888369915744e-06
-7.299573829363100362e-06,4.693590832942426682e-06
-6.238430111503010433e-06,2.218765180366719679e-06
-6.735320913852382456e-06,2.492415240197944259e-06
-6.990706241516274123e-06,3.057150008748075416e-06
-1.085759763327570014e-05,4.653719814983921199e-06
-1.220887874356038067e-05,3.369699002415404106e-06
-5.455898795526534852e-06,6.456011477905492325e-07
-6.270097038258157813e-06,-1.376799534398246619e-06
-8.400276680249474037e-06,3.554358729665223162e-06
-6.781996431552542360e-06,1.403788455241719863e-06
-7.371872655211113755e-06,2.297971115275771267e-06
-1.022113489073113893e-05,2.910477794140250489e-06
-1.167360007028783362e-05,1.870438695638041110e-06
-6.838506265736256290e-06,-3.438497354861748261e-07
-6.782680593315947198e-06,-1.638133521186143093e-06
-8.741660798382974913e-06,1.020140968203708187e-06
-1.147752458924093000e-05,3.865749256848095925e-07
-1.158075781572885757e-05,-1.055616429111056702e-06
-7.883027083243056786e-06,-1.295379519404422708e-06
-7.084979057241453179e-06,-2.191249825837299359e-06
-7.462435201697191138e-06,-3.703074508295358721e-06
-1.014870725469950795e-05,-1.249283012018763733e-06
-8.014000499232962077e-06,-5.147517165062706443e-06
-1.198669262275372006e-05,-2.505379883048381838e-06
-8.831389163148240532e-06,-3.762061751703843515e-06
-1.082795594441424208e-05,-3.876357486011628071e-06
-8.727641293999599526e-06,-6.517866136668934817e-06
-1.265454944734556831e-05,-3.879306753965990785e-06
-1.206849374553094166e-05,-5.218169421034930160e-06
-1.071324221318438881e-05,-6.048870337310172545e-06
-9.594390530310281030e-06,-7.806333843586817821e-06
-1.061190492948990054e-05,-8.995053990599418783e-06
-1.356557914846002226e-05,-5.138081772659579829e-06
-1.288904868874144540e-05,-6.704058250448048947e-06
-1.209725709402234027e-05,-8.520498941919301230e-06
-1.176080115830060890e-05,-1.006781900089293099e-05
-1.468858568752731160e-05,-6.233714347412685231e-06
-1.434182582209669423e-05,-8.506731100318663073e-06
-1.303270817495414362e-05,-1.100447007856094115e-05
-1.441263875494644460e-05,-1.179585058729766137e-05
-1.587883361794699617e-05,-1.243132974234260406e-05
-1.600343905812600290e-05,-8.991107347721448301e-06
-1.599440971034301064e-05,-7.129318376676896462e-06
-1.567479451625670292e-05,-1.083534210347069811e-05
-1.741649544824428052e-05,-1.289443071701394734e-05
-1.900534317821598969e-05,-1.318293222830181990e-05
-1.732508828017178865e-05,-9.406385097399362369e-06
-1.744786500700583697e-05,-7.788527990583111188e-06
-2.062072973262952299e-05,-1.328846630321364137e-05
-1.882083662364891517e-05,-1.090737954348665174e-05
-1.900426803515579019e-05,-8.188466399337828306e-06
-2.097664300292160231e-05,-1.115137010143845426e-05
-2.241165481575674195e-05,-1.330505824048194313e-05
-2.061589333696632633e-05,-8.318440423968995149e-06
-2.488864288168408164e-05,-1.332295494783292255e-05
-2.292673491994854005e-05,-9.934407568812944579e-06
-2.240975057297439705e-05,-8.304561759256835589e-06
-2.832675294705295235e-05,-1.335210712815183579e-05
-2.661730080429069583e-05,-1.060874362255472676e-05
-2.488812103894228272e-05,-8.285065193167598954e-06
-3.291828213179158116e-05,-1.338699374732908350e-05
-3.061277963875201304e-05,-1.080873874683684833e-05
-2.832594001130752601e-05,-8.261045912153461063e-06
-3.775973894628781497e-05,-1.342012370570504775e-05
-3.532909164738550856e-05,-1.081126808126123077e-05
-3.291739411256915527e-05,-8.232735680594372137e-06
-4.265611473737816056e-05,-1.345055680221946393e-05
-4.019861974756670542e-05,-1.081390800993342995e-05
-3.775886208594048934e-05,-8.205122814832158597e-06
-4.760199539318318255e-05,-1.347679900817770844e-05
-4.512100872569749590e-05,-1.081632213192507858e-05
-4.265529516638440742e-05,-8.179794055312763685e-06
-5.258814478807958209e-05,-1.349736963886599708e-05
-5.008879778336407495e-05,-1.081850848610335530e-05
-4.760115484983473748e-05,-8.158139012315917385e-06
-5.760347486622203198e-05,-1.351193803342439524e-05
-5.509135755729979971e-05,-1.082038094592298428e-05
-5.258727378274642960e-05,-8.141628116130239821e-06
-6.263761335787768861e-05,-1.352095879298636164e-05
-6.011785715504801037e-05,-1.082187266159439979e-05
-5.760271572736802640e-05,-8.130317325985077253e-06
-6.768118512141192461e-05,-1.352561059955352222e-05
-6.515814985988006825e-05,-1.082316211864303184e-05
-6.263694004696002094e-05,-8.124066203669003746e-06
-7.272789111522656822e-05,-1.352744641195519500e-05
-7.020418594116103540e-05,-1.082424380982813781e-05
-6.768075970160017396e-05,-8.121816993698720887e-06
-8.353604545575498558e-05,-1.323134156169657210e-05
-8.281944727177442136e-05,-1.352815882574436700e-05
-7.498814789917307314e-05,-1.082510631797392427e-05
-7.777386416779731397e-05,-1.352784881755151739e-05
-7.272743213218045891e-05,-8.122054132109645636e-06
-8.383286726730696718e-05,-1.251475038542377983e-05
-8.213710757251449794e-05,-1.082565298671541323e-05
-7.777363347029708058e-05,-8.122896420630873436e-06
-8.383272016570332335e-05,-9.136646622633908275e-06
-8.281925387000304401e-05,-8.123198829874893860e-06
-8.353587939015671472e-05,-8.420031643221408029e-06
