Size 192,2
4.218198558332849317e-05,-4.368152683755677420e-06
4.236996035033256929e-05,-3.914292186806118902e-06
4.236944094129673405e-05,-1.774636704044650570e-06
4.218139802721289540e-05,-1.320725280484306042e-06
4.172814178356642529e-05,-4.556146270341349844e-06
4.087644880847587041e-05,-2.844348988240534763e-06
4.172746036028161565e-05,-1.132707668793158522e-06
3.853214265949750627e-05,-4.555906706674268136e-06
3.853122208190637991e-05,-1.132571916056595087e-06
3.676673098575638170e-05,-2.844220312319724664e-06
3.533534439367928473e-05,-4.554825143279438962e-06
3.533466211944357355e-05,-1.133528338694627705e-06
3.373732854385761196e-05,-2.843786479815975176e-06
3.214205644594718484e-05,-4.549337584918490099e-06
3.214220148234048734e-05,-1.137824820660648398e-06
3.054930076075344862e-05,-2.843599739516018591e-06
2.896328961534290125e-05,-4.537178929256399898e-06
2.896299757166498790e-05,-1.149429613881311857e-06
2.738237015442008485e-05,-2.843479297590131388e-06
2.581375787586793672e-05,-4.517091540959393283e-06
2.581286967625598725e-05,-1.169379168196622399e-06
2.425236369773006194e-05,-2.843264365097992993e-06
2.270925826904704052e-05,-4.488274828225888055e-06
2.270812267642749498e-05,-1.198199318458847366e-06
2.117538215689909224e-05,-2.843005847377155675e-06
1.966633337046086956e-05,-4.448949508383747747e-06
1.966541814735741283e-05,-1.237161753412550416e-06
1.816971176309834166e-05,-2.842662151918159084e-06
1.670613151080968406e-05,-4.396447572446658411e-06
1.670559741831983153e-05,-1.289024276623914342e-06
1.526017744534126729e-05,-2.842252522246407198e-06
1.385709820730046272e-05,-4.327862459135502378e-06
1.385723396518925970e-05,-1.356843708694556240e-06
1.247772981953913885e-05,-2.841978695364145783e-06
1.115093537662146790e-05,-4.242057428489467892e-06
1.115121031601585794e-05,-1.442201927997034474e-06
9.904291617831904686e-06,-2.841117264531016542e-06
8.716421487988433036e-06,-4.142634567035443751e-06
8.716236829035543362e-06,-1.544512426109654732e-06
7.842687714266255070e-06,-2.937270742720533852e-06
7.008548284580753877e-06,-4.050866401308300541e-06
7.006144933574268832e-06,-1.638774085073923740e-06
5.852954131944025274e-06,-3.971792732378315542e-06
6.053592912712110406e-06,-3.236163428283206666e-06
5.849105570286354861e-06,-1.698409106386981520e-06
5.056975529916718021e-06,-1.761660677961697896e-06
-4.660370628629154960e-07,-8.008536821518528279e-08
-4.752746982037627112e-07,-5.786792929683822922e-08
-4.752009056284920089e-07,2.489775579327811916e-08
-4.660036575846250468e-07,4.681153669414470487e-08
5.050930953879253387e-06,-3.916613184350973481e-06
4.373161747556577888e-06,-3.828005576202253181e-06
4.875082055066921472e-06,-2.573117791617593568e-06
4.353351633589312052e-06,-1.768120924005229313e-06
-4.439139701385293905e-07,-8.927561760333845664e-08
-4.215924139246958333e-07,1.495248763839239533e-09
-4.440624506487421247e-07,5.597028911092860644e-08
4.143231198955053658e-06,-3.175326642693179776e-06
3.733131978677162236e-06,-3.654222013214292358e-06
3.152186532397749233e-06,-3.432479863536279503e-06
3.940090017766607461e-06,-2.328131925186292057e-06
3.724390546971465987e-06,-1.679041960027939059e-06
-2.939160221247938372e-07,-9.148672742760749014e-08
-2.936750725904517757e-07,5.894857589356635740e-08
-2.161088175471538935e-07,-1.592453058704534700e-08
2.638881889123318362e-06,-3.142446469413569853e-06
3.061441984778392223e-06,-2.809497192833553195e-06
3.255691898642482598e-06,-2.074129259709975516e-06
3.170220876756869330e-06,-1.509945321730271691e-06
-1.318897026784985927e-07,-1.049007500395145772e-07
-1.315705533952343616e-07,7.400709709400636681e-08
-3.546459563856379252e-08,-1.484390894109229087e-08
2.181611826341922973e-06,-2.822931358069822768e-06
1.802802292749511476e-06,-2.480173441479926004e-06
2.600126644443465773e-06,-1.971661731807396775e-06
2.700199699331591236e-06,-1.266586583148157081e-06
7.509264281665409192e-08,-1.344884569072389037e-07
7.552411247638785112e-08,1.062259740777593577e-07
1.901166849494674681e-06,-1.995659227032215012e-06
1.497308679469452425e-06,-2.106279292997569242e-06
2.055208474033059128e-06,-1.496896565088468512e-06
2.318615227898518141e-06,-9.902487278329066654e-07
1.977385694640612339e-07,-1.346824664717857654e-08
3.437083572371718931e-07,-1.779042396483845797e-07
3.437640478212519299e-07,1.531099179731929883e-07
1.242406338068673272e-06,-1.728730066237096880e-06
1.068353574182598441e-06,-1.375594035211490227e-06
9.602601181966934400e-07,-1.020371132820603085e-06
1.751621391549449177e-06,-1.083870544121818576e-06
2.024057661060390345e-06,-7.059149503722390138e-07
4.614088202566702082e-07,-1.292019971502729591e-08
6.054846020738850005e-07,-2.202196251537049930e-07
6.067666590701694039e-07,2.012599633861829026e-07
1.259560817215515499e-06,-1.010280642470346137e-06
8.916171406862887397e-07,-6.903084887582552782e-07
8.262377149749296662e-07,-2.546057076789969824e-07
8.784252225394657986e-07,-2.955681429361608533e-07
8.918079267455052856e-07,-3.877739306563675774e-07
1.549679453275283238e-06,-6.681698442648987515e-07
1.800093534570755975e-06,-4.325229301073085382e-07
7.346902993196275608e-07,-4.343801120873030756e-08
8.658260314499729324e-07,2.389535967095549740e-07
1.103203444518542643e-06,-4.657150755240414892e-07
9.011905908852815748e-07,-1.394635816817376699e-07
9.640221521171009255e-07,-2.653406200643815364e-07
1.422998567442003775e-06,-3.513300953111983536e-07
1.646244186096341945e-06,-1.890299695883366040e-07
9.383800799951476013e-07,1.019745479912438231e-07
9.544522918102278562e-07,2.737260731659699639e-07
1.181105532486776241e-06,-5.803462099806912701e-08
1.574353358011175452e-06,2.844153989607522793e-08
1.521904413249123834e-06,2.104967335478198488e-07
1.098169941805742676e-06,2.389801720022189369e-07
1.013531723125600693e-06,3.342237215128660445e-07
1.099247504343103558e-06,4.733997993622298839e-07
1.363714900081543875e-06,2.524273441873668030e-07
1.198725376452498126e-06,5.610102346956497042e-07
1.502585304543317924e-06,3.804322695416547507e-07
1.240782452075318723e-06,4.929240916841644064e-07
1.399264868977977598e-06,5.021327888061044864e-07
1.283305170809828054e-06,6.249707395434508312e-07
1.488707479484286384e-06,5.029917167656993719e-07
1.444683052917655851e-06,5.834512925208286230e-07
1.397049022923913978e-06,6.152078063865053656e-07
1.362093099317280868e-06,6.413958681860299874e-07
1.409444455363502086e-06,6.249549432778316558e-07
1.458845303374148030e-06,5.924293873351656613e-07
1.447203349311582195e-06,6.272044391489765918e-07
1.443154698423551411e-06,6.235425333837468611e-07
1.444013028826649838e-06,5.763822044772899679e-07
1.414071548256876360e-06,6.452790017405742938e-07
1.416042168180201967e-06,6.146071085595166796e-07
1.443459779433855492e-06,5.195380821595969251e-07
1.400361903685315030e-06,4.441970088014483005e-07
1.329803858246254264e-06,3.533396003877023765e-07
1.335249178789925170e-06,5.971471954449151326e-07
1.341504486011367138e-06,6.666160478046175377e-07
1.356900850230244301e-06,4.876204099129749084e-07
1.217542743688643007e-06,2.777974063567146111e-07
1.068351488659698487e-06,2.065846037905813338e-07
1.242309211603111395e-06,5.790562932093347147e-07
1.228614034202477572e-06,6.856010680010595401e-07
8.970530682536836820e-07,1.562475440190324308e-07
1.110414806116168999e-06,4.487467076549639490e-07
1.082413836259143385e-06,7.111268740949246848e-07
8.632281874461836269e-07,4.141636746041597334e-07
6.646521705820171923e-07,1.086213238801430920e-07
9.099431980244784723e-07,7.373028282735212384e-07
3.040431725383388638e-07,6.144792413387838572e-08
6.089552474217889351e-07,5.743152722634928638e-07
6.668171516263767086e-07,7.857291596907778698e-07
-2.875342292006926208e-07,-9.781944528002465888e-09
2.575045968886127017e-08,4.838663123535549602e-07
3.023855127881487738e-07,8.482848690814475681e-07
-1.199478871064513654e-06,-8.365890039989859054e-08
-7.225071396422948405e-07,4.526056072922377755e-07
-2.882013878739799260e-07,9.183001138253562594e-07
-2.268832279887592779e-06,-1.425428029625291762e-07
-1.715981382779503644e-06,4.541448187662705489e-07
-1.199899898718613639e-06,9.911787240456273776e-07
-3.436097429688367485e-06,-1.890074017735586013e-07
-2.837902346267597409e-06,4.551803323872600921e-07
-2.269104677962941288e-06,1.051953685384757166e-06
-4.680997895555899506e-06,-2.251295818026356561e-07
-4.047238185787075617e-06,4.562873501334906857e-07
-3.436564889717039075e-06,1.100489464367400744e-06
-5.986593422125910236e-06,-2.532316952959509355e-07
-5.324963397352745963e-06,4.573211971819456641e-07
-4.681388858051763672e-06,1.138799161770776934e-06
-7.339274478261362325e-06,-2.748199118631333130e-07
-6.656123697573514559e-06,4.581770870939711174e-07
-5.986875144586493930e-06,1.168704982314511165e-06
-8.728023761140192658e-06,-2.909935084818010294e-07
-8.028505401544513314e-06,4.590719581974333772e-07
-7.339554642839166127e-06,1.192061148990364134e-06
-1.014363048641762579e-05,-3.026123804906953305e-07
-9.432067748542660317e-06,4.598112700236208774e-07
-8.728238575597056150e-06,1.209890785769937258e-06
-1.157800987461726761e-05,-3.105196611102595410e-07
-1.085832376542036424e-05,4.602911492407613199e-07
-1.014368765234870447e-05,1.222776193765893863e-06
-1.468018273306279353e-05,-2.302245467271622535e-07
-1.447430984644167177e-05,-3.154788376568246380e-07
-1.222457207250022816e-05,4.606200628837574548e-07
-1.302401451374864136e-05,-3.146934804617278158e-07
-1.157815726843647857e-05,1.231490430156009065e-06
-1.476546268618510113e-05,-2.438704375607110383e-08
-1.427812473598012658e-05,4.608566258490368667e-07
-1.302410602487439740e-05,1.236167042724267169e-06
-1.476551986614668597e-05,9.461361895957389381e-07
-1.447438521710698610e-05,1.237211750094385987e-06
-1.468024731668356467e-05,1.151963897414043417e-06
