Size 192,2
-8.636539837488575006e-05,1.289432414679747270e-05
-8.670230520938730211e-05,1.208106972928400425e-05
-8.670230431849600529e-05,8.247191144787187166e-06
-8.636540527439937108e-05,7.433977605418907206e-06
-8.555205983225058742e-05,1.323116872346973122e-05
-8.402635077173582019e-05,1.016416206593976437e-05
-8.555209182153535724e-05,7.097155340858406683e-06
-7.982500567181238728e-05,1.323007042628559394e-05
-7.982521496158266183e-05,7.098740696520773360e-06
-7.666466282073766399e-05,1.016464437860651190e-05
-7.410309809311490777e-05,1.322441878908524565e-05
-7.410323866196230917e-05,7.105188755437915334e-06
-7.124652188627750879e-05,1.016533088233994810e-05
-6.839819564773072784e-05,1.321163408410902355e-05
-6.839755436984507595e-05,7.119334262716443919e-06
-6.555449483233880350e-05,1.016608817489345844e-05
-6.272584354606411557e-05,1.319010868458791952e-05
-6.272449661433475627e-05,7.142756999627936874e-06
-5.990417771515620430e-05,1.016710148824327287e-05
-5.710407645205018996e-05,1.315961171081224159e-05
-5.710270720763768965e-05,7.175969925677921602e-06
-5.431388491819591691e-05,1.016824216392094172e-05
-5.154994417422630813e-05,1.312085361877171321e-05
-5.154961344269524514e-05,7.217483173328136946e-06
-4.879908962408827322e-05,1.016963068095106248e-05
-4.607771068628323274e-05,1.307502098472377108e-05
-4.607809851034662374e-05,7.266151521227949904e-06
-4.337210305942289766e-05,1.017105791846764598e-05
-4.070038397668101056e-05,1.302118758307582333e-05
-4.070092842418411024e-05,7.322634801050194667e-06
-3.804730673507193629e-05,1.017244664276396930e-05
-3.543391954148340101e-05,1.295804997956636392e-05
-3.543429707230975835e-05,7.388318167098226594e-06
-3.284198425853056052e-05,1.017371063795997213e-05
-3.029630899083546729e-05,1.288404499176654878e-05
-3.029640976231162236e-05,7.464965453400615705e-06
-2.787605496401093468e-05,1.017428254658443255e-05
-2.550602856121023018e-05,1.280058924612928608e-05
-2.550577524424652831e-05,7.553416963594283594e-06
-2.374317459781496854e-05,1.037583829005023458e-05
-2.199167735101482601e-05,1.272424191048418506e-05
-2.198985358571404266e-05,7.633617420610909111e-06
-1.950721929571951763e-05,1.265852301171059346e-05
-1.997224203193379927e-05,1.103098920451587794e-05
-1.950439220412524745e-05,7.684371134529941258e-06
-1.773855759541188872e-05,7.737841625623609757e-06
2.752624519922654588e-06,9.158944080463025597e-07
2.808125111135263948e-06,7.822111791161762892e-07
2.807715753494316673e-06,2.848694964229551627e-07
2.752508812355305017e-06,1.533432505076506737e-07
-1.773303796878061367e-05,1.261273639310227049e-05
-1.616324543844456987e-05,1.248183784615529834e-05
-1.736370135449867447e-05,9.569200965508514335e-06
-1.614960157295434749e-05,7.656236537471847688e-06
2.619563912291556194e-06,9.713038210696416850e-07
2.485610128411688792e-06,4.260463854234915350e-07
2.620831052101759098e-06,9.862418316004152749e-08
-1.565355379770798269e-05,1.098828242799863680e-05
-1.463806297491246309e-05,1.216612909454642535e-05
-1.318817579833078403e-05,1.169904308908550634e-05
-1.518289112588860345e-05,8.966174647756184276e-06
-1.465343321422115412e-05,7.322479416377739915e-06
1.718256471629303014e-06,9.866328243290768145e-07
1.717832541440195694e-06,8.406236260433657216e-08
1.251108369436980430e-06,5.355547906923034398e-07
-1.183309628758502027e-05,1.106724547758205246e-05
-1.298668315999486487e-05,1.018168521057724088e-05
-1.348436792087634845e-05,8.302497323979030592e-06
-1.327973483411849571e-05,6.757530686954700815e-06
7.456405962319387867e-07,1.068972897346090988e-06
7.458127731921643331e-07,2.586007038210234989e-09
1.717627915450825467e-07,5.358442511061182209e-07
-1.057511446447372831e-05,1.030834256998705998e-05
-9.444483525682078587e-06,9.433969820930725744e-06
-1.175842583713049767e-05,8.015843529858342756e-06
-1.206396066746726040e-05,5.978951811922216073e-06
-4.853940768834820949e-07,1.246152493138003864e-06
-4.855925269557547616e-07,-1.748356062151737564e-07
-9.732398955427729514e-06,8.106081783325839042e-06
-8.446998123348251503e-06,8.445034333235752522e-06
-1.020907104353397582e-05,6.631180386958880189e-06
-1.103482398064596507e-05,5.038666459203962271e-06
-1.207835065208788685e-06,5.355300380129926489e-07
-2.064372382700663180e-06,1.500533322045117035e-06
-2.063388522254826145e-06,-4.324491917260006887e-07
-7.573378989858709405e-06,7.373523649193591420e-06
-6.856712600912840526e-06,6.252117510587489370e-06
-6.289632204256948531e-06,5.067537189594403982e-06
-9.243565205044072596e-06,5.321063640092000482e-06
-1.021281871271689055e-05,3.979412638410927728e-06
-2.752300057004500276e-06,5.373584351175418386e-07
-3.593319947754954124e-06,1.749370213584938698e-06
-3.594033927104832352e-06,-6.940580368056401198e-07
-7.494312942128299355e-06,5.064173154295589475e-06
-5.859627923822307576e-06,3.851524528097054228e-06
-4.977135724345925454e-06,1.958931344834749048e-06
-5.379218913690123048e-06,2.171366310336336933e-06
-5.593138267402475197e-06,2.606727254343852113e-06
-8.572535182612648361e-06,3.825934498396371257e-06
-9.603507370261790661e-06,2.847234852364307425e-06
-4.349337151030796208e-06,7.141831993262271336e-07
-4.982568777283959409e-06,-8.822560992065560756e-07
-6.694348844356157187e-06,2.991641076294448775e-06
-5.407006742171171133e-06,1.316433941018815135e-06
-5.882798480191687177e-06,2.019138749425304271e-06
-8.093112862136520462e-06,2.497365724490344596e-06
-9.226126221634572302e-06,1.688831636802482847e-06
-5.435324483763586919e-06,-6.288157645683339364e-08
-5.377756246147124847e-06,-1.088973167129218943e-06
-6.948531583565961530e-06,1.028667408058114011e-06
-9.098095031013150665e-06,5.274912941052771984e-07
-9.219165208075302679e-06,-6.197856979921091254e-07
-6.251437203351530047e-06,-8.108551124342344577e-07
-5.606874015562814349e-06,-1.534299158175684146e-06
-5.886733995776038535e-06,-2.766977853595137166e-06
-8.066553324215990510e-06,-7.634182462479022771e-07
-6.310010686640076277e-06,-3.970408979586413394e-06
-9.583965259565536295e-06,-1.781416776728162333e-06
-6.994741500130069010e-06,-2.807276014874852707e-06
-8.637867508023191129e-06,-2.902019022328171151e-06
-6.882971411949140811e-06,-5.123087657293200172e-06
-1.017236873826549919e-05,-2.904884247090062105e-06
-9.689559265585753232e-06,-4.021070414559107774e-06
-8.541698692920865225e-06,-4.722634507475649897e-06
-7.592095300322519666e-06,-6.230192865268906632e-06
-8.449685121467032252e-06,-7.268489951063953978e-06
-1.097928285759051583e-05,-3.947845283861495789e-06
-1.040074111672348204e-05,-5.285249636855830104e-06
-9.718724306856173795e-06,-6.858843209791516522e-06
-9.427604475299917837e-06,-8.221206602948018092e-06
-1.197621430708503969e-05,-4.870322148372764021e-06
-1.167691782874944442e-05,-6.852711329197009236e-06
-1.053073513810364297e-05,-9.059799863600106844e-06
-1.174783784624253418e-05,-9.780413044453013422e-06
-1.305143225358324920e-05,-1.037101849157523590e-05
-1.315585987966552178e-05,-7.281288310143102204e-06
-1.314375753811892361e-05,-5.636502385834246796e-06
-1.286222557897349804e-05,-8.928478646245632759e-06
-1.443605072658582316e-05,-1.080459611043373205e-05
-1.587889340129709746e-05,-1.108305846300263302e-05
-1.434499805558299342e-05,-7.649966515684747577e-06
-1.445658935443256779e-05,-6.200305070138387953e-06
-1.735371567286570797e-05,-1.119333903399195232e-05
-1.570178544387899826e-05,-9.007687894624548399e-06
-1.587189646124928625e-05,-6.538023616320131898e-06
-1.767742884415233502e-05,-9.233190137269465820e-06
-1.900344161982599214e-05,-1.122344658511522939e-05
-1.734473351198948890e-05,-6.641605398706808722e-06
-2.129733558523800357e-05,-1.125323123752625375e-05
-1.947469647116395475e-05,-8.112429732987580592e-06
-1.900148900165783068e-05,-6.612378900600622283e-06
-2.450695761343131641e-05,-1.129792457980444008e-05
-2.290633148712120019e-05,-8.733164049825270991e-06
-2.129783081901644146e-05,-6.575287832012371209e-06
-2.882336908884770266e-05,-1.134615392868441072e-05
-2.665179846964486714e-05,-8.917748978905261145e-06
-2.450702918049309909e-05,-6.533945646183171737e-06
-3.339891505564500010e-05,-1.138878598294384150e-05
-3.109837851702145043e-05,-8.918707798696308054e-06
-2.882307000375143081e-05,-6.489722968250987913e-06
-3.804631883641031842e-05,-1.142794082827170167e-05
-3.571064091338317187e-05,-8.920277435587078060e-06
-3.339838667656946767e-05,-6.450132479826367945e-06
-4.276101985892347856e-05,-1.146428271969127308e-05
-4.039248850411091023e-05,-8.921946905235070567e-06
-3.804577548221977268e-05,-6.414281123935224289e-06
-4.753791500299618460e-05,-1.149735463604641699e-05
-4.513927807612156664e-05,-8.923572956856166651e-06
-4.276049906002936954e-05,-6.381246082568160132e-06
-5.237031806774805148e-05,-1.152640512468017745e-05
-4.994519097457180616e-05,-8.925140921885304436e-06
-4.753740676433810961e-05,-6.351372395215681483e-06
-5.725030309656499293e-05,-1.155083017949804850e-05
-5.480280926852021969e-05,-8.926583927935368361e-06
-5.236984707677596403e-05,-6.325349210419635181e-06
-6.216915461877517456e-05,-1.157004057288659063e-05
-5.970382043127986659e-05,-8.927798001892401031e-06
-5.724991094543444139e-05,-6.303594416837742007e-06
-6.711683769573776747e-05,-1.158346674805910110e-05
-6.463895630599015272e-05,-8.928739243779956308e-06
-6.216885258453784589e-05,-6.286542146039921582e-06
-7.776148718642559069e-05,-1.130022667652185745e-05
-7.705538791016641785e-05,-1.159265361197875118e-05
-6.933917369101433824e-05,-8.929375822259360822e-06
-7.208261662374910984e-05,-1.159086450753887003e-05
-6.711662236752772518e-05,-6.274722962850184233e-06
-7.805396957181880721e-05,-1.059420127168891158e-05
-7.638274381206849851e-05,-8.929832722174364635e-06
-7.208250901253876193e-05,-6.268363884942057182e-06
-7.805396431246145871e-05,-7.265478278365364611e-06
-7.705535034812923767e-05,-6.266979336188631583e-06
-7.776147288049848802e-05,-6.559422246454385587e-06
