Size 192,2
-7.362203557788458595e-05,1.130711047040194402e-05
-7.389530532742346984e-05,1.064740831934892009e-05
-7.389526483730046952e-05,7.537355624920573193e-06
-7.362199160135344264e-05,6.877657803646628925e-06
-7.296230670615812134e-05,1.158036003607877109e-05
-7.172481594231796284e-05,9.092374919214628559e-06
-7.296226075375396736e-05,6.604410689309534587e-06
-6.831727753324964045e-05,1.157987403678109749e-05
-6.831726401525122004e-05,6.604928834257071379e-06
-6.575382790886092569e-05,9.092427355611018008e-06
-6.367418392639431128e-05,1.157911912896058592e-05
-6.367416410371107575e-05,6.605965511261811830e-06
-6.135356702696455995e-05,9.092395387860610745e-06
-5.903242162020526070e-05,1.157883472992377592e-05
-5.903289945247987671e-05,6.606439989195811229e-06
-5.671203166295033963e-05,9.092527214524934710e-06
-5.439010048865198545e-05,1.157868207199546665e-05
-5.439132077373540197e-05,6.606868563403293353e-06
-5.206970705789182850e-05,9.092771572873814651e-06
-4.974825130972174966e-05,1.157679272488591613e-05
-4.974970410092451777e-05,6.608929730560106896e-06
-4.742958481978475820e-05,9.092903407836837190e-06
-4.511303235456219879e-05,1.156991649954631994e-05
-4.511404619820661891e-05,6.615564042808101227e-06
-4.280069590045872168e-05,9.092826873773873832e-06
-4.049575248687812423e-05,1.155565833440889585e-05
-4.049612411409480851e-05,6.629507261349368679e-06
-3.819700854167152086e-05,9.092504729629599040e-06
-3.591222542539521969e-05,1.153230272306095962e-05
-3.591226004160899830e-05,6.652158796725202985e-06
-3.363609278823696786e-05,9.091985313425379866e-06
-3.138040721656784685e-05,1.149898788570120641e-05
-3.138033656577065645e-05,6.684342468447624723e-06
-2.913571807239813418e-05,9.091277262774852602e-06
-2.691815908778462480e-05,1.145463329103252198e-05
-2.691769213126218142e-05,6.727200314219071328e-06
-2.480291229691819967e-05,9.089985082144315029e-06
-2.272068565656347729e-05,1.139929622495812569e-05
-2.271973176732219022e-05,6.782750867722717581e-06
-2.116788163173148260e-05,9.266307815771726409e-06
-1.961689513932714319e-05,1.134458716276199465e-05
-1.961500782539245846e-05,6.837637885891612793e-06
-1.741091448594993512e-05,1.129485456618622421e-05
-1.782653427711352619e-05,9.846981782092151361e-06
-1.740787646660255021e-05,6.873932406403804723e-06
-1.583420440860931977e-05,6.913755183782553769e-06
2.431710254115193598e-06,7.490140294250418861e-07
2.480360278641045241e-06,6.318385869297059349e-07
2.480033079666352143e-06,1.959811969544670686e-07
2.431654370957501518e-06,8.070490239116192823e-08
-1.583091632557361510e-05,1.125905427268931758e-05
-1.442796199329689718e-05,1.114624412581877591e-05
-1.550277213174195158e-05,8.545665279028628997e-06
-1.441656829745717740e-05,6.833741309929764485e-06
2.315094734468177801e-06,7.975732906300714772e-07
2.197804916961884678e-06,3.196587275158066751e-07
2.316258371940630548e-06,3.272472502901347768e-08
-1.397365332574675158e-05,9.813139516576589616e-06
-1.306285188650733299e-05,1.086851499218410723e-05
-1.176136582105283554e-05,1.045250662878084430e-05
-1.355205542864802331e-05,8.003897669026981015e-06
-1.307624329693437706e-05,6.527845051124819244e-06
1.525303353180581303e-06,8.114085748265562962e-07
1.524962036933763131e-06,1.976456669386524591e-08
1.115618958486496032e-06,4.159575086391153565e-07
-1.054293828422662097e-05,9.888421483054767622e-06
-1.158114295817682421e-05,9.092698726086279653e-06
-1.202709514142590306e-05,7.405841585380483672e-06
-1.184244174494113590e-05,6.014800484860660915e-06
6.715220847664697475e-07,8.855347386238435217e-07
6.719440266175770289e-07,-5.247766394637357705e-08
1.665896519768294863e-07,4.170726057023436147e-07
-9.409881019852625239e-06,9.207238904019981725e-06
-8.389975550661413897e-06,8.420495672093543426e-06
-1.047444286702269688e-05,7.145780284014854732e-06
-1.074808724193909044e-05,5.310549578612760867e-06
-4.129641871166981723e-07,1.044743712923512706e-06
-4.127680727495271768e-07,-2.095891982833154100e-07
-8.648863182559613451e-06,7.225157310776892924e-06
-7.490511808079863518e-06,7.529949300472738624e-06
-9.077090843572623721e-06,5.896243463219776447e-06
-9.819602537525423181e-06,4.460872348712896805e-06
-1.050666505757291181e-06,4.182475940894866854e-07
-1.808483655899408835e-06,1.273497988396925220e-06
-1.806853658245814299e-06,-4.374929130649049194e-07
-6.702698299827065922e-06,6.562996248731263489e-06
-6.057282122093697681e-06,5.551169818966838867e-06
-5.549044388588916828e-06,4.483323753090580012e-06
-8.205409139281671959e-06,4.713507673052313650e-06
-9.076234224161032902e-06,3.505527452151463248e-06
-2.416719988770305064e-06,4.218757550461475427e-07
-3.162404158093443024e-06,1.497797554070528939e-06
-3.162226231230402226e-06,-6.692902601475515743e-07
-6.631209958521128602e-06,4.480250832619018938e-06
-5.164964396507884886e-06,3.387795754819558631e-06
-4.388127063362530935e-06,1.687648254431121420e-06
-4.743625045468545485e-06,1.878507019416090791e-06
-4.931594103644580881e-06,2.269143870361572648e-06
-7.599053542847327760e-06,3.365820558300550860e-06
-8.522945102721834367e-06,2.487431487519856387e-06
-3.831964046043384315e-06,5.808706995311542778e-07
-4.395867335232099213e-06,-8.364704959292452976e-07
-5.914671159097509988e-06,2.614198907406875507e-06
-4.769827773586603672e-06,1.116704683752717504e-06
-5.191529499747048903e-06,1.743374520884911001e-06
-7.166638797504321875e-06,2.172235982258462797e-06
-8.177055578499249299e-06,1.450212127997318774e-06
-4.797503020252814521e-06,-1.093293227082194301e-07
-4.748313942369086023e-06,-1.019780181468102341e-06
-6.142236352037316860e-06,8.591162097587823766e-07
-8.056405430840279621e-06,4.150905526155719139e-07
-8.155635454891052791e-06,-6.024157942550892195e-07
-5.523960144653068563e-06,-7.736824126479706140e-07
-4.953111785124745861e-06,-1.413652782234812716e-06
-5.203100110359390970e-06,-2.502079907165410926e-06
-7.134225474546411742e-06,-7.321007413918939666e-07
-5.578867719999403551e-06,-3.563128752208917219e-06
-8.472224759443168157e-06,-1.630234381496831798e-06
-6.183379783163418905e-06,-2.538047253932332851e-06
-7.634742786808965513e-06,-2.619730884449824785e-06
-6.083798929482524093e-06,-4.578139779770656659e-06
-8.987431312763618623e-06,-2.620656707809040060e-06
-8.560131889151610803e-06,-3.604305692359198988e-06
-7.546829249579212151e-06,-4.224116104885593174e-06
-6.708222406001995356e-06,-5.554208558510023134e-06
-7.462360707442631245e-06,-6.470063508078588009e-06
-9.697213652703099243e-06,-3.537989183178331021e-06
-9.185308350174330362e-06,-4.717333500905857374e-06
-8.581161022862708517e-06,-6.107617216319256418e-06
-8.323269054617508380e-06,-7.314222992828707991e-06
-1.057745706768330673e-05,-4.347909992747971754e-06
-1.031069424141632092e-05,-6.100389881744951183e-06
-9.295435668255386550e-06,-8.058648634213143389e-06
-1.037199882731418914e-05,-8.701763555328434794e-06
-1.152906546006347065e-05,-9.234553038230628190e-06
-1.162190089392004234e-05,-6.478568402981106877e-06
-1.161223224733894802e-05,-5.020360167468435756e-06
-1.135909137179579460e-05,-7.944849983976449721e-06
-1.276245295344969668e-05,-9.627840817127787312e-06
-1.405500393039916657e-05,-9.885968777730453697e-06
-1.267998526233825313e-05,-6.804464672771902387e-06
-1.278140012721287745e-05,-5.512771276563633895e-06
-1.537961014893001683e-05,-9.993401092755604259e-06
-1.389172160531496225e-05,-8.019128283162008829e-06
-1.404734609858449201e-05,-5.803071556434622051e-06
-1.566964836678517262e-05,-8.222930894763979799e-06
-1.687183617700875263e-05,-1.003179515172231255e-05
-1.536973501152019220e-05,-5.886810160571483516e-06
-1.895787717385283205e-05,-1.007079701733113131e-05
-1.729537514696374210e-05,-7.206371117013679043e-06
-1.687005527323373993e-05,-5.848404448783809376e-06
-2.190544495967306136e-05,-1.013192475684497291e-05
-2.042928681317250305e-05,-7.768309590017358324e-06
-1.895923744522524118e-05,-5.797183742132556265e-06
-2.591243912923805038e-05,-1.019789216219994929e-05
-2.388995787520999529e-05,-7.936186920077623283e-06
-2.190603013876441234e-05,-5.737380910610603083e-06
-3.019656790810536234e-05,-1.025107227705844708e-05
-2.803790753628763197e-05,-7.935329168302947262e-06
-2.591261428971098542e-05,-5.672897750297763447e-06
-3.456711017334459856e-05,-1.029012122483425786e-05
-3.236953610387301319e-05,-7.934949817987003252e-06
-3.019659526196349355e-05,-5.619033095135132454e-06
-3.899754526254206702e-05,-1.031508938820633529e-05
-3.677461645309236608e-05,-7.934647717068433909e-06
-3.456724511484214976e-05,-5.579370381837397442e-06
-4.346171000315311570e-05,-1.032733908010707395e-05
-4.122603560167810107e-05,-7.934379058780929495e-06
-3.899771936727446813e-05,-5.553901539984167647e-06
-4.793763047824955596e-05,-1.032951726431834537e-05
-4.569926021439811521e-05,-7.934039875798215569e-06
-4.346188896886746120e-05,-5.541128820786989450e-06
-5.240948087275169886e-05,-1.032542139391114260e-05
-5.017510431455043956e-05,-7.933815495178813047e-06
-4.793766247530183475e-05,-5.538390487939664574e-06
-5.686945957534238205e-05,-1.031929299704388259e-05
-5.464160263664183609e-05,-7.933639203341426020e-06
-5.240944858009066775e-05,-5.542021891071052030e-06
-6.131813879927098425e-05,-1.031453728716826938e-05
-5.909533271246543689e-05,-7.933456365895558981e-06
-5.686948212541780256e-05,-5.547734251806706657e-06
-7.083102037742816551e-05,-1.005058896697512716e-05
-7.020030441541743292e-05,-1.031183960493769701e-05
-6.330854989608486862e-05,-7.933347981701994873e-06
-6.576015550952772062e-05,-1.031216494500379929e-05
-6.131817909523806819e-05,-5.552240759214059744e-06
-7.109227130322039808e-05,-9.419871157565651664e-06
-6.959994906068774046e-05,-7.933277274374447288e-06
-6.576017034693814147e-05,-5.554456728676156416e-06
-7.109228199603248523e-05,-6.446674926612309461e-06
-7.020031836478556921e-05,-5.554710137536053458e-06
-7.083103238200635096e-05,-5.815959249198162269e-06
