Size 192,2
8.383759763035850772e-05,-1.391982125378050785e-05
8.413433733680736391e-05,-1.320347486177174787e-05
8.413429894822788504e-05,-9.826520598158312397e-06
8.383756012693233475e-05,-9.110184415326441775e-06
8.312121391159768319e-05,-1.421653312575038983e-05
8.177747770193200688e-05,-1.151497908164644930e-05
8.312118423158294388e-05,-8.813475170229955800e-06
7.807717734004216499e-05,-1.421584777498684949e-05
7.807712767243771734e-05,-8.813920940305664282e-06
7.529337452794342047e-05,-1.151473794597604957e-05
7.303578214224953446e-05,-1.421334451126727631e-05
7.303557428965955006e-05,-8.816001412606778401e-06
7.051643661525588611e-05,-1.151454128865283655e-05
6.799984427054419299e-05,-1.420885090765447730e-05
6.799956560687284482e-05,-8.820219305165748146e-06
6.548458463842396135e-05,-1.151432620441336711e-05
6.297382261574167351e-05,-1.420173992962462434e-05
6.297357395382131395e-05,-8.826962534861276842e-06
6.046532718810356015e-05,-1.151407442935273152e-05
5.796378152710337546e-05,-1.419057304197335104e-05
5.796389610002716244e-05,-8.837609046471210235e-06
5.546620499845068998e-05,-1.151396686014006099e-05
5.297784300109264252e-05,-1.417570630543292528e-05
5.297808325393773356e-05,-8.852041370640663587e-06
5.049492805181446218e-05,-1.151383647553425762e-05
4.802265701196797165e-05,-1.415827157244245892e-05
4.802284527884031226e-05,-8.869078240075957019e-06
4.555673587359917288e-05,-1.151371622882739912e-05
4.310217427456437898e-05,-1.413923986151218615e-05
4.310221954659852701e-05,-8.887930033361624683e-06
4.065411337820340579e-05,-1.151367697790261462e-05
3.821819403680008808e-05,-1.411923543471436372e-05
3.821788296686163058e-05,-8.907984726545767847e-06
3.578836790775138005e-05,-1.151375192000961029e-05
3.337182647787154246e-05,-1.409831358967278835e-05
3.337129906230701929e-05,-8.929558297281796683e-06
3.105857290238657524e-05,-1.151389108450745601e-05
2.875984756517116416e-05,-1.407535014954340325e-05
2.875921777305704075e-05,-8.954239364367581625e-06
2.703966406381712870e-05,-1.171313586968690319e-05
2.529697486548230479e-05,-1.405412213875975667e-05
2.529622018883919039e-05,-8.976821119542861959e-06
2.279727147845089037e-05,-1.403571000964809405e-05
2.328062374561633546e-05,-1.237696485428092020e-05
2.279647920462583678e-05,-8.990997872035993697e-06
2.099092173078883914e-05,-9.005644089208486111e-06
-3.566701898844778554e-06,-6.348949691985657137e-07
-3.638677316725442506e-06,-4.617552405001822908e-07
-3.638248738819815806e-06,1.832227118976189819e-07
-3.566621695050471628e-06,3.539558331346027993e-07
2.098918403354823925e-05,-1.402300950518238176e-05
1.935783094885470834e-05,-1.391864791252207995e-05
2.062163080737355815e-05,-1.088855459859327974e-05
1.935735865527156638e-05,-8.878098976002764988e-06
-3.394298757335540976e-06,-7.065256532701143815e-07
-3.220383058667050586e-06,6.737663262197700519e-10
-3.395716088474140105e-06,4.251710554942453165e-07
1.883797711400438899e-05,-1.237379259279433588e-05
1.775404520017873013e-05,-1.362788924342398620e-05
1.620162733238264847e-05,-1.316238535654281195e-05
1.834878969646664345e-05,-1.024521322414493017e-05
1.778552855214553258e-05,-8.474400766064516959e-06
-2.225517541529298302e-06,-7.247489361364668344e-07
-2.224577021578635125e-06,4.450775611956384115e-07
-1.619846322630802841e-06,-1.395273766302885352e-07
1.472032749217753101e-05,-1.252289035388952778e-05
1.599606534736857603e-05,-1.155231570210733169e-05
1.653413165647667655e-05,-9.521393881458501633e-06
1.631856964203568181e-05,-7.809644617529891222e-06
-9.653266401072508518e-07,-8.294437988430680993e-07
-9.653422732670877263e-07,5.505934490276485582e-07
-2.228713101385697170e-07,-1.392793923588000647e-07
1.332543783293209406e-05,-1.172523870452113765e-05
1.203848835419947194e-05,-1.078014291863408248e-05
1.464925442737289401e-05,-9.200778828146380768e-06
1.499912653526960244e-05,-6.904207162018471502e-06
6.266631780061071225e-07,-1.057257722939197729e-06
6.268516107651561967e-07,7.791659565096539568e-07
1.236417782049527598e-05,-9.308723194388209159e-06
1.087414815423308968e-05,-9.697183039719905242e-06
1.291212322512358240e-05,-7.634021735360173501e-06
1.386506905859111107e-05,-5.793051034479754910e-06
1.559720375348771087e-06,-1.389945465160271911e-07
2.665819507502373219e-06,-1.386054738379906435e-06
2.664410104228830266e-06,1.110940923375827176e-06
9.841628083568723594e-06,-8.495233942995046114e-06
8.959172810393209598e-06,-7.194325224663286839e-06
8.232405586803713868e-06,-5.802600973817271778e-06
1.179266588566475188e-05,-6.114554465120200084e-06
1.294783742289595201e-05,-4.514400349877660626e-06
3.554008386071004562e-06,-1.418083912465496491e-07
4.640897926745823733e-06,-1.709719335646055808e-06
4.640745896850731024e-06,1.448117546341939225e-06
9.707632417613852599e-06,-5.807949578027051660e-06
7.668858458912249654e-06,-4.338822134118620931e-06
6.445608577830320826e-06,-1.984806055817827337e-06
6.981491593402789032e-06,-2.256921029128784467e-06
7.280109211581073531e-06,-2.806313631540062837e-06
1.100487454166858529e-05,-4.324558965188989327e-06
1.227184114609894694e-05,-3.118258807672766121e-06
5.618297316060180911e-06,-3.704833123413882283e-07
6.417370377429371346e-06,1.688827018883141113e-06
8.686907543523946355e-06,-3.295529443220889902e-06
7.000851478267068350e-06,-1.157541818127386984e-06
7.634534273717301852e-06,-2.063916198899466345e-06
1.042446917319320798e-05,-2.682817034595501139e-06
1.186570721580128912e-05,-1.655681943767971442e-06
7.007791480100573795e-06,6.249414674165743081e-07
6.909861732925182958e-06,1.958100135824884416e-06
8.982847479176927989e-06,-8.145282190147924510e-07
1.174497518538101096e-05,-1.654399751556898634e-07
1.196695000984515272e-05,1.335879857900266512e-06
8.046784179598310272e-06,1.586837715240070641e-06
7.188679555557805018e-06,2.550376718953875781e-06
7.517251236375156544e-06,4.213702517884848433e-06
1.043841839951572640e-05,1.506772802525843280e-06
8.041954778499641341e-06,5.878625776919062342e-06
1.251126151532018969e-05,2.869089316432694054e-06
8.995873097316368344e-06,4.255056268732898965e-06
1.123293897747068932e-05,4.384780706700557266e-06
8.796611450419503667e-06,7.490755168823350254e-06
1.337316460953206880e-05,4.388597219717710472e-06
1.271296842761793341e-05,5.933484953736176634e-06
1.109545989736918144e-05,6.920328353308883571e-06
9.753047997242402181e-06,9.077307684728013623e-06
1.095086758708288799e-05,1.059241882059653702e-05
1.456393957219492133e-05,5.820195201979740610e-06
1.373757465233428361e-05,7.723751648632433341e-06
1.275523370783403931e-05,1.000167599202805674e-05
1.233354118574837770e-05,1.201175388311222977e-05
1.604189142120019941e-05,7.108550562782278156e-06
1.560690520086982982e-05,1.000065654936517333e-05
1.392698875358807887e-05,1.327344830958119807e-05
1.572192563784219376e-05,1.438109421359915333e-05
1.766644785470802056e-05,1.531571686928975118e-05
1.781291249792693195e-05,1.063537795657512260e-05
1.779064869141873083e-05,8.197550275002108496e-06
1.736925956717225627e-05,1.311220327854324356e-05
1.976460889474876179e-05,1.601048181596899305e-05
2.198137540086986965e-05,1.647869516006428525e-05
1.961144050541108102e-05,1.118409959158397426e-05
1.978522081288593167e-05,8.995315143192071140e-06
2.426440929477410190e-05,1.668577913761379184e-05
2.168701790765019001e-05,1.326239793765237958e-05
2.195827677311220288e-05,9.459517079522185260e-06
2.476159658561491629e-05,1.362047306446725640e-05
2.685758846414375400e-05,1.677627745228899467e-05
2.423893154628414568e-05,9.584585111449795233e-06
3.050079643889405540e-05,1.686725705050632761e-05
2.758722561574448963e-05,1.185606019769981122e-05
2.685191468557291715e-05,9.496657326748493005e-06
3.568792526969527280e-05,1.700620126944133568e-05
3.308158947411308050e-05,1.283705378948892464e-05
3.050243029417467805e-05,9.382147196865696498e-06
4.278786530861640859e-05,1.715500985583181254e-05
3.919605635078747563e-05,1.313462270164756989e-05
3.568796616229056554e-05,9.252257107911772378e-06
5.042441105310714432e-05,1.727916201032235843e-05
4.656847743190634532e-05,1.313618560194886862e-05
4.278732741063962463e-05,9.114147007599305097e-06
5.826457692849115592e-05,1.738193176664106906e-05
5.431275730675387141e-05,1.313858957769435067e-05
5.042352804571099956e-05,8.995571148085114798e-06
6.627336819368844965e-05,1.746515472994745175e-05
6.224323964314021839e-05,1.314077365048535449e-05
5.826385330783923831e-05,8.897593720386783443e-06
7.441655965902661493e-05,1.753020267069558435e-05
7.032490327237707437e-05,1.314263904288672335e-05
6.627280736418235028e-05,8.818298080635550573e-06
8.266149446507913847e-05,1.757789746077421901e-05
7.852444474430679403e-05,1.314416477819792386e-05
7.441617986723235542e-05,8.756582433000177304e-06
9.097675930767504899e-05,1.760984516751708099e-05
8.680948492217938517e-05,1.314536588182870206e-05
8.266108905127054888e-05,8.711647069692525787e-06
9.933580716389030197e-05,1.762933467649999416e-05
9.515056215113715883e-05,1.314632840185472383e-05
9.097634490384135864e-05,8.681883075778514290e-06
1.077190760576443032e-04,1.764012498351365474e-05
1.035244597691944030e-04,1.314713857958952154e-05
9.933550530636516094e-05,8.664185668370352541e-06
1.257051611103923239e-04,1.715220062635676966e-05
1.245124504460698922e-04,1.764621023161611914e-05
1.114782621007195923e-04,1.314778098364877205e-05
1.161139978285389977e-04,1.764512734212620804e-05
1.077188545049647127e-04,8.654860844380320945e-06
1.261992017091816273e-04,1.595953113152928527e-05
1.233767149333059082e-04,1.314823601977428813e-05
1.161139103253629602e-04,8.650955405484937126e-06
1.261992016057747067e-04,1.033694410838063500e-05
1.245124268453204179e-04,8.650228957747880650e-06
1.257051545776054528e-04,9.144250981754082741e-06
