Size 192,2
8.176075714484100831e-05,-1.308708101088709757e-05
8.205241028058837263e-05,-1.238276263969041057e-05
8.205221621993925775e-05,-9.063081393702402330e-06
8.176054319664295613e-05,-8.358758798318277031e-06
8.105659002331692487e-05,-1.337885209030655519e-05
7.973613734909193560e-05,-1.072286771115381414e-05
8.105635516793014556e-05,-8.066984031773061773e-06
7.609868564464736989e-05,-1.338072978661534393e-05
7.609840851237845442e-05,-8.064846933993217442e-06
7.335894100570036107e-05,-1.072271771135722538e-05
7.113299174220387205e-05,-1.338659622548668485e-05
7.113236537692715542e-05,-8.058522541354339649e-06
6.864475199955854590e-05,-1.072236490580135087e-05
6.615193570526064007e-05,-1.339457302400450878e-05
6.615084695745116221e-05,-8.049548004341165215e-06
6.365469228814298736e-05,-1.072179728691853618e-05
6.115389334971020857e-05,-1.340182292812509608e-05
6.115241604349751822e-05,-8.040986523088338860e-06
5.864877505123982656e-05,-1.072087404663248395e-05
5.614254498934793356e-05,-1.340496111759962803e-05
5.614128531654829748e-05,-8.035864797786236837e-06
5.363378394884707478e-05,-1.071964006276120531e-05
5.112688835457371821e-05,-1.340238224219838312e-05
5.112608169248860761e-05,-8.035750211666530351e-06
4.862003618148913887e-05,-1.071820036759166892e-05
4.611879519297438942e-05,-1.339277605463220811e-05
4.611822958858527286e-05,-8.041962656401458354e-06
4.362020275603435969e-05,-1.071649714179512118e-05
4.113257190498840571e-05,-1.337413629523951004e-05
4.113191216749684644e-05,-8.056833080259076274e-06
3.865047219897041990e-05,-1.071455987977507212e-05
3.618634343203904174e-05,-1.334457116673302815e-05
3.618556701587542117e-05,-8.082676011453055094e-06
3.373169005415715916e-05,-1.071247399200503733e-05
3.130305133430994635e-05,-1.330220199758063498e-05
3.130209175800937970e-05,-8.120807218736689922e-06
2.898487558113701555e-05,-1.070987721674383478e-05
2.669799289335738138e-05,-1.324970562369421140e-05
2.669687133685461086e-05,-8.170561013653804500e-06
2.499148763467323297e-05,-1.090375299674126804e-05
2.327974781141553569e-05,-1.320108322179420152e-05
2.327759009682539484e-05,-8.216891600378255342e-06
2.083630505699667700e-05,-1.316085484363455330e-05
2.130182661183582923e-05,-1.154841107544699272e-05
2.083387126228533222e-05,-8.245363299275969084e-06
1.908151302179175799e-05,-8.275140162103087696e-06
-3.117050846273533595e-06,-6.947740667267890494e-07
-3.178878161866233960e-06,-5.459715067380541332e-07
-3.178469494865276578e-06,7.866732015167373139e-09
-3.116968443976492147e-06,1.544010165980620508e-07
1.907912750093963760e-05,-1.313352915688155548e-05
1.750634612691459339e-05,-1.301950208662763847e-05
1.871767678853051921e-05,-1.009899409689191550e-05
1.749969817574350623e-05,-8.168247105779820119e-06
-2.968930186220459049e-06,-7.563736671495729460e-07
-2.819857536458749241e-06,-1.490143132881125501e-07
-2.970283212783542584e-06,2.154708581564813683e-07
1.700102858005713943e-05,-1.152644447087169266e-05
1.596736077908560700e-05,-1.272368786941345942e-05
1.448835803097540044e-05,-1.226633192609441597e-05
1.652915511642697014e-05,-9.483967834612578627e-06
1.599107961599617887e-05,-7.800339933668573694e-06
-1.965706741180335301e-06,-7.732588042083309624e-07
-1.965192785061015834e-06,2.323904699365187876e-07
-1.445381581507931731e-06,-2.707747639313754604e-07
1.308863073384567846e-05,-1.164235449051684552e-05
1.428852959814887840e-05,-1.072634307437120741e-05
1.479896912503952236e-05,-8.798399541148185278e-06
1.459215771164567399e-05,-7.188762435126820205e-06
-8.813941387020028629e-07,-8.673105172372984753e-07
-8.818738110421361324e-07,3.244962344147608773e-07
-2.401566658876918259e-07,-2.720211028486029200e-07
1.177796336765369379e-05,-1.087607969938885174e-05
1.058097976009823068e-05,-9.978233365567970570e-06
1.301731778973868464e-05,-8.497215340113103350e-06
1.334167673056086601e-05,-6.352509016603626431e-06
4.964046850726098605e-07,-1.070569607227298050e-06
4.961591593064576689e-07,5.253990684750794855e-07
1.088457581170034248e-05,-8.594749756152805298e-06
9.508896542372128762e-06,-8.954786400683466664e-06
1.139192285063723879e-05,-7.035256060001618324e-06
1.227301833237102083e-05,-5.332994511871418718e-06
1.307669896984027876e-06,-2.733236945468581503e-07
2.272913303815547415e-06,-1.363914432630994254e-06
2.271077585401118440e-06,8.182790648529294995e-07
8.562864123982012076e-06,-7.829403551933027775e-06
7.767347957036195783e-06,-6.627863117287085336e-06
7.122777463175599990e-06,-5.349141066593103325e-06
1.035820382916300684e-05,-5.631345775735101260e-06
1.141255349716233385e-05,-4.170123347010126477e-06
3.048228805927390624e-06,-2.773704399846870831e-07
4.000908745700620712e-06,-1.653332019980583269e-06
4.000558106897007616e-06,1.117901349440571318e-06
8.454971855966849587e-06,-5.350727281086012424e-06
6.627641256361011819e-06,-4.016760871109307339e-06
5.579782709050647686e-06,-1.899966868082016619e-06
6.045626252545789195e-06,-2.142886619351492532e-06
6.300719665134011787e-06,-2.634279888457251062e-06
9.634191529867508374e-06,-3.998544737463514105e-06
1.077611056826587374e-05,-2.911964440884706428e-06
4.857260335948669135e-06,-4.796847054603172350e-07
5.566676255447531071e-06,1.333537630239407663e-06
7.548621260062427669e-06,-3.070295753419458984e-06
6.068255976760841797e-06,-1.171242192569276506e-06
6.620735357004659764e-06,-1.972399182846030223e-06
9.107322965682962886e-06,-2.520799674694307774e-06
1.038805182110781728e-05,-1.607706880532966947e-06
6.084342223518507708e-06,3.992217920272538008e-07
6.005821266384233641e-06,1.571153784259639049e-06
7.820624361142329372e-06,-8.601011685981657015e-07
1.026521523628352415e-05,-2.888737001334786217e-07
1.043889722959567097e-05,1.028555828537593442e-06
7.005868983634511484e-06,1.248520744161424003e-06
6.257039918842608620e-06,2.088990222442507513e-06
6.556521504509989120e-06,3.534621408655828548e-06
9.102232337012657802e-06,1.184154206134895009e-06
7.025539044979760975e-06,4.969803312995469956e-06
1.089592278154722446e-05,2.370199604549112429e-06
7.846402313752767692e-06,3.574213024163180301e-06
9.785007772606174199e-06,3.685822734659531217e-06
7.685813789572621489e-06,6.354435350507021431e-06
1.162530340929932903e-05,3.688617437777160112e-06
1.105373230037746965e-05,5.019838350782523110e-06
9.666624505700714963e-06,5.866661408784542103e-06
8.516418782278731490e-06,7.707814320684697797e-06
9.545423033080564827e-06,8.993653563785053187e-06
1.263208626897006479e-05,4.924692164861764964e-06
1.192590665920731485e-05,6.551804717819648963e-06
1.108822695825981947e-05,8.490219334794706302e-06
1.072922129691450915e-05,1.019226428306980732e-05
1.388113189646512066e-05,6.030937551278513421e-06
1.351063848901411754e-05,8.486754170915143908e-06
1.208523707568730355e-05,1.125520391970849284e-05
1.360498165328091892e-05,1.218389309295772011e-05
1.524738486071533165e-05,1.296307395292007089e-05
1.537337284781986217e-05,9.023062730531128796e-06
1.535594910337675321e-05,6.961047409553810745e-06
1.499929422169370877e-05,1.111146944019536089e-05
1.701321970724320394e-05,1.354091444965692956e-05
1.887380861017631174e-05,1.392696264627272348e-05
1.688736090520413520e-05,9.486227396474710907e-06
1.703315390215835249e-05,7.642411000200599394e-06
2.078704007655568018e-05,1.409446193212484067e-05
1.863053489200026312e-05,1.123172292516196330e-05
1.885689613084004913e-05,8.040713350451516296e-06
2.120448915790327209e-05,1.152983757236526226e-05
2.295431097401514153e-05,1.416329214361142943e-05
2.076796840213944998e-05,8.150638956072349118e-06
2.599395535571422623e-05,1.423227223565355226e-05
2.356612500981068758e-05,1.005476373498130780e-05
2.295046184462639440e-05,8.082944368172623778e-06
3.030965691220412146e-05,1.433760987222697093e-05
2.814408402413717963e-05,1.087287234482670517e-05
2.599575559197108234e-05,7.994664102549834807e-06
3.619980033150505173e-05,1.444951504830685532e-05
3.322313516586866108e-05,1.111915278448175340e-05
3.031031578293805681e-05,7.894081051869223858e-06
4.251828769391147449e-05,1.454140558403103121e-05
3.933091352377054317e-05,1.111875471875414607e-05
3.619993044536776291e-05,7.787182037068494171e-06
4.898914420763087087e-05,1.461626487105152616e-05
4.573050997109418686e-05,1.111889076777299680e-05
4.251825932520141059e-05,7.696105879848783485e-06
5.558425463663939223e-05,1.467666746877696189e-05
5.226794780346049842e-05,1.111912398848808428e-05
4.898912701624923149e-05,7.621728517004952831e-06
6.227812382658924346e-05,1.472411458907402524e-05
5.891646458868738908e-05,1.111954744945096847e-05
5.558405580503966823e-05,7.561997085284346517e-06
6.904810112967923639e-05,1.476020797706316428e-05
6.565198746565365092e-05,1.112008308004631161e-05
6.227793226114383858e-05,7.515507586018488685e-06
7.587374905855714848e-05,1.478618819395820500e-05
7.245302819599418350e-05,1.112070007850064874e-05
6.904790976892908748e-05,7.480567973811436151e-06
8.273754701750120550e-05,1.480335262462803988e-05
7.930045307763014496e-05,1.112122788119890721e-05
7.587361638338264503e-05,7.455746758353190750e-06
8.962534706942748835e-05,1.481378834228696693e-05
8.617835472651557717e-05,1.112164425431319824e-05
8.273738249718043110e-05,7.439544275203150980e-06
1.044119747747946822e-04,1.441385821078537657e-05
1.034313757117310878e-04,1.482000737967621623e-05
9.271511728997519977e-05,1.112187049016633914e-05
9.652610434645792392e-05,1.481892751371933497e-05
8.962524749024933311e-05,7.429726715994602835e-06
1.048181564904297980e-04,1.343330437706492072e-05
1.024975454679516278e-04,1.112198901967504340e-05
9.652609289217956154e-05,7.424952436764417483e-06
1.048181577202968499e-04,8.810674807616107170e-06
1.034313736389101012e-04,7.423965394766026130e-06
1.044119751852663199e-04,7.830116902809741803e-06
