Size 192,2
-1.403874821386414393e-04,1.962862950509177367e-05
-1.409470162911391369e-04,1.827779594763314904e-05
-1.409467813289922030e-04,1.190974555185804717e-05
-1.403872146406062423e-04,1.055888030616062980e-05
-1.390366383753243243e-04,2.018815785802574421e-05
-1.365027977251410593e-04,1.509372932074916979e-05
-1.390363232621556657e-04,9.999337636732468212e-06
-1.295252515790699585e-04,2.018770103519574625e-05
-1.295248084426423138e-04,9.999568556266428935e-06
-1.242735707666196713e-04,1.509348669752756676e-05
-1.200137145826108207e-04,2.018505445680492783e-05
-1.200130978763374104e-04,1.000150967853845677e-05
-1.152589907291534335e-04,1.509280625212938933e-05
-1.105093937058757166e-04,2.017549728536693340e-05
-1.105087627388743726e-04,1.000924045278332889e-05
-1.057627961902603633e-04,1.509188399494848509e-05
-1.010284695529081343e-04,2.015446720734256051e-05
-1.010271628870560231e-04,1.002797172642530847e-05
-9.630114678902970086e-05,1.509060190965541634e-05
-9.159652646295750648e-05,2.011769037108454957e-05
-9.159500237216368346e-05,1.006218313093403465e-05
-8.690414192201291270e-05,1.508920998284710525e-05
-8.224637239447530788e-05,2.006212982877330375e-05
-8.224506551581633313e-05,1.011482886673281777e-05
-7.760681860228493161e-05,1.508759877377131992e-05
-7.301517893754238685e-05,1.998545690570522880e-05
-7.301430427922019030e-05,1.018823806460854165e-05
-6.844856556148847589e-05,1.508591984655658540e-05
-6.394398626568042001e-05,1.988621054994736264e-05
-6.394330335231465678e-05,1.028399373222143712e-05
-5.947157178949441481e-05,1.508413925174966090e-05
-5.507610265792320413e-05,1.976269660550061677e-05
-5.507565274203980558e-05,1.040377484750950742e-05
-5.072046940255238635e-05,1.508210665733313117e-05
-4.645695402216411469e-05,1.961243073193889052e-05
-4.645593256441025125e-05,1.055031954548535378e-05
-4.240926446446801164e-05,1.507868961205830483e-05
-3.846531417128878894e-05,1.943727333050296292e-05
-3.846343638457737991e-05,1.072740655623927712e-05
-3.553608438921665680e-05,1.540766150647054862e-05
-3.264929356873623391e-05,1.927206833527013205e-05
-3.264389671041003282e-05,1.089431038809697005e-05
-2.857388555645850808e-05,1.912610721017131267e-05
-2.932430312816860878e-05,1.647449373815465163e-05
-2.856542913258842736e-05,1.100200884979501251e-05
-2.569057323207890665e-05,1.111822787172530129e-05
3.612556042084488929e-06,1.341354268775575025e-06
3.683776979644166673e-06,1.169733460333808098e-06
3.683289764427665334e-06,5.319357166274088530e-07
3.612507355628945502e-06,3.633376493323133836e-07
-2.568070373166340522e-05,1.902249537156531638e-05
-2.314647842622745937e-05,1.878340875269747743e-05
-2.506991852905180969e-05,1.408868066701660244e-05
-2.311064949815662661e-05,1.101950431714805586e-05
3.441793635268746734e-06,1.412534398246560785e-06
3.270404780389310779e-06,7.131940022342067880e-07
3.443720348454472848e-06,2.932765367077820250e-07
-2.231498863244579944e-05,1.636668560921911909e-05
-2.070105969959854346e-05,1.824038370713222456e-05
-1.839999391962947220e-05,1.746675643118586214e-05
-2.155364602347008588e-05,1.312695077438503175e-05
-2.070851314048755877e-05,1.052755286684797625e-05
2.286163358735258992e-06,1.434195016195558193e-06
2.286124322295843562e-06,2.753233954738065534e-07
1.686845637639563817e-06,8.561414247190110833e-07
-1.627831470215237089e-05,1.642886051288380801e-05
-1.807036834890423963e-05,1.504593460983358533e-05
-1.885331243752526767e-05,1.208256472899003424e-05
-1.852318255934984144e-05,9.683267863373492504e-06
1.036033625070387393e-06,1.545804740073833030e-06
1.037158222614539834e-06,1.700304832632912180e-07
2.959616651869473870e-07,8.597591165154408699e-07
-1.432644361707614985e-05,1.520766730922653811e-05
-1.260472130025460664e-05,1.382507853558766442e-05
-1.614775258053051043e-05,1.163648067816468766e-05
-1.660738491662277455e-05,8.513299204237674431e-06
-5.556168992950079394e-07,1.784716322038843827e-06
-5.545264810510100939e-07,-6.120334211636829004e-08
-1.304388927344727417e-05,1.176377877803116893e-05
-1.111767611175708793e-05,1.227515162421731189e-05
-1.376077969007004226e-05,9.515013906105414734e-06
-1.500006382795066482e-05,7.120685662643082811e-06
-1.493593100043731191e-06,8.640203198530762324e-07
-2.612155194363121803e-06,2.129431800083315056e-06
-2.608680583186873766e-06,-3.998993652152535715e-07
-9.829055518997192669e-06,1.062246172878954357e-05
-8.811596908131891345e-06,8.938722602678012713e-06
-8.042628117408183601e-06,7.180975712955800799e-06
-1.231131528018824092e-05,7.546246528809800837e-06
-1.372491798639846918e-05,5.584193674864145942e-06
-3.509796977071578296e-06,8.720551558571444451e-07
-4.614934906489584886e-06,2.468535204471116728e-06
-4.614699492228136790e-06,-7.482156496719042318e-07
-9.756384936757143140e-06,7.166095819685724906e-06
-7.476293019045087649e-06,5.414853252964171531e-06
-6.415485288043415332e-06,2.755427701731284118e-06
-6.925545836785004568e-06,3.046563131882049673e-06
-7.179542787561304095e-06,3.649150329212978664e-06
-1.131337498440930396e-05,5.363210884575434212e-06
-1.277040239533135003e-05,3.980155808201732987e-06
-5.606137856335918540e-06,1.111132642100101162e-06
-6.468070220975207593e-06,-1.003703301023484231e-06
-8.668578880649921542e-06,4.177164163590374471e-06
-6.983825836642341578e-06,1.902036200800887423e-06
-7.591491330359285720e-06,2.841997170049148838e-06
-1.062087667536006483e-05,3.487218553470792883e-06
-1.215826500882454278e-05,2.386138569963722696e-06
-7.059660663526926137e-06,7.317975821101220571e-08
-7.014057337411288743e-06,-1.276115183864159600e-06
-9.045015027466278288e-06,1.485777088926088364e-06
-1.192465210833690128e-05,8.252147628023022274e-07
-1.199543690179737171e-05,-6.729957972049646667e-07
-8.162494317069372653e-06,-9.238860003007542865e-07
-7.339652802052266911e-06,-1.845935044135534635e-06
-7.750668923198393112e-06,-3.390831649520379068e-06
-1.051461296496646301e-05,-8.841440338293883970e-07
-8.337215338864156495e-06,-4.848794274708245159e-06
-1.238284889150565226e-05,-2.171023918237000446e-06
-9.160453737784016241e-06,-3.456983084915009188e-06
-1.119617466967693684e-05,-3.570435431563403578e-06
-9.074279444568808100e-06,-6.223072886445568849e-06
-1.303414034447165091e-05,-3.571419267633771573e-06
-1.243768586659588992e-05,-4.921884403613677602e-06
-1.107938061401668183e-05,-5.755220195072471358e-06
-9.959889361934026595e-06,-7.500846472811146970e-06
-1.098173467323320270e-05,-8.668594301771971296e-06
-1.392285639161946063e-05,-4.843886428052782658e-06
-1.324876002923351582e-05,-6.402831371436268030e-06
-1.246236617151664658e-05,-8.197820192301457409e-06
-1.212936091257346497e-05,-9.713544162401377728e-06
-1.501886846001837113e-05,-5.941134774387864754e-06
-1.467510451673891616e-05,-8.178578069977714772e-06
-1.338687754249419857e-05,-1.062168317533439754e-05
-1.473924080600736607e-05,-1.138160816892074640e-05
-1.616979940957523917e-05,-1.198422137397146875e-05
-1.629541606914364200e-05,-8.650264533956597495e-06
-1.628898967382963017e-05,-6.830145232189941011e-06
-1.597557435107584652e-05,-1.044316056128324252e-05
-1.765978644424794205e-05,-1.242073064214159460e-05
-1.919116806042585590e-05,-1.268613150785798891e-05
-1.757678912055130190e-05,-9.053985633046963662e-06
-1.769518414020108230e-05,-7.484088902828422605e-06
-2.074324061033216271e-05,-1.277606182763149617e-05
-1.902013822461509412e-05,-1.050103796038950765e-05
-1.919513335116033296e-05,-7.883070673662867430e-06
-2.108697328591677706e-05,-1.073085776943734476e-05
-2.245348048517311625e-05,-1.277834236510561268e-05
-2.074327530894560460e-05,-8.015863743584079263e-06
-2.480897492918317086e-05,-1.278079660120446565e-05
-2.294950113544193417e-05,-9.567778915147645430e-06
-2.245388976706119062e-05,-8.012440322779472841e-06
-2.805305249269791958e-05,-1.278515623957705239e-05
-2.644664925985924488e-05,-1.020703118532444306e-05
-2.480964287614473646e-05,-8.007364617470894900e-06
-3.234485190541860498e-05,-1.278913434537059179e-05
-3.019772223653931470e-05,-1.039269145490004044e-05
-2.805365992301434366e-05,-8.001087990848272357e-06
-3.682393712718364312e-05,-1.279004537699813156e-05
-3.458400725614654310e-05,-1.039162344248433669e-05
-3.234534372210455365e-05,-7.995219549389001357e-06
-4.130370352169989502e-05,-1.278815574928496995e-05
-3.906434933893266346e-05,-1.039049005558538437e-05
-3.682439815042040068e-05,-7.992095524718476599e-06
-4.577960089956767680e-05,-1.278443438164978358e-05
-4.354263914989880963e-05,-1.038946634263359366e-05
-4.130395903317172530e-05,-7.991878537575736817e-06
-5.024895354101131833e-05,-1.277963111307796356e-05
-4.801553808508246589e-05,-1.038849554931834928e-05
-4.577970599260004357e-05,-7.993588591608149132e-06
-5.471012841526121578e-05,-1.277413191404531346e-05
-5.248105203504891222e-05,-1.038761533046825400e-05
-5.024900839931666243e-05,-7.996429135941850367e-06
-5.916164808287662158e-05,-1.276825647326457093e-05
-5.693766835051918218e-05,-1.038701208485147144e-05
-5.471021064393292955e-05,-8.000372503313538965e-06
-6.360277575112703726e-05,-1.276269627268805909e-05
-6.138399376524306095e-05,-1.038652656150687775e-05
-5.916179053235875649e-05,-8.005157437627693451e-06
-6.803508873548407053e-05,-1.275840761731605054e-05
-6.582022668883934766e-05,-1.038605921326569108e-05
-6.360299784306725336e-05,-8.009833716884497921e-06
-7.751307838259620495e-05,-1.249469090719290343e-05
-7.688474270867012297e-05,-1.275497730648316063e-05
-7.001836275255566113e-05,-1.038577685090716661e-05
-7.246117414289968161e-05,-1.275569797668629741e-05
-6.803502820981943082e-05,-8.013424156571650857e-06
-7.777333777207109803e-05,-1.186632092525496262e-05
-7.628666315589072329e-05,-1.038533904947257069e-05
-7.246120719681509420e-05,-8.015404385624334935e-06
-7.777323972163893110e-05,-8.904391947982426443e-06
-7.688467212071886734e-05,-8.015796429956678021e-06
-7.751298354325008460e-05,-8.276063326887469031e-06
