Size 192,2
-1.371921063682902443e-04,1.928948753911304199e-05
-1.377407179110787488e-04,1.796521346378962168e-05
-1.377408663197073426e-04,1.172197420368315778e-05
-1.371922649975598220e-04,1.039767724336346112e-05
-1.358676911485417647e-04,1.983799046329487364e-05
-1.333833105919240807e-04,1.484362950482815761e-05
-1.358678500590590238e-04,9.849163961396914239e-06
-1.265421025529558420e-04,1.983602841783497074e-05
-1.265422162709404152e-04,9.851110156975341077e-06
-1.213954791630427930e-04,1.484348573720302330e-05
-1.172232974875176645e-04,1.982767620230067445e-05
-1.172234752861478263e-04,9.859192881336140252e-06
-1.125700756755117297e-04,1.484340499607942455e-05
-1.079267860074705187e-04,1.981015408706467316e-05
-1.079270829179387084e-04,9.876619375379919790e-06
-1.032907544995659153e-04,1.484341556264200138e-05
-9.867183552988676462e-05,1.978098317177455408e-05
-9.867221162619155305e-05,9.905483120517510063e-06
-9.406425592526604547e-05,1.484346191729831577e-05
-8.948273686635673148e-05,1.973803233446964539e-05
-8.948271558560273059e-05,9.948477905034516084e-06
-8.491676980281636549e-05,1.484371353395529618e-05
-8.038776608859780654e-05,1.967912539699278994e-05
-8.038685533049756303e-05,1.000807832459881892e-05
-7.587863994669568637e-05,1.484390065604624560e-05
-7.141905451003716511e-05,1.960141019000678894e-05
-7.141784548314069041e-05,1.008665780870046975e-05
-6.698528525696051882e-05,1.484410886736466290e-05
-6.261392276182676619e-05,1.950309704663200788e-05
-6.261333007842274305e-05,1.018589387599917285e-05
-5.827566576484412677e-05,1.484438208994764210e-05
-5.401263687335306325e-05,1.938296445884795811e-05
-5.401258031616140080e-05,1.030642881950331942e-05
-4.978973993568709032e-05,1.484453242573489099e-05
-4.565508629652210900e-05,1.923949725261371515e-05
-4.565476216432760853e-05,1.045024670796461768e-05
-4.173026000946898113e-05,1.484332050047585302e-05
-3.790361075834784021e-05,1.907410222206776926e-05
-3.790244761486625803e-05,1.062124440179163834e-05
-3.506142144906029058e-05,1.516448487248048325e-05
-3.225734124271195723e-05,1.891868631634066367e-05
-3.225277895243214060e-05,1.078097179401862515e-05
-2.829721809970460055e-05,1.878105140218544109e-05
-2.902766253152799000e-05,1.620287545436805150e-05
-2.828979172827728156e-05,1.088416073786513753e-05
-2.549431901784908092e-05,1.099539265274122226e-05
3.641324131129364961e-06,1.350588690882588940e-06
3.714473503364370588e-06,1.174300824243480413e-06
3.713924253434214839e-06,5.189390171714752501e-07
3.641199984895174822e-06,3.456946611108837471e-07
-2.548428720144965649e-05,1.868335087798338336e-05
-2.301843484115418561e-05,1.845354204167001656e-05
-2.489146085286637951e-05,1.388461056684156325e-05
-2.298528148913548552e-05,1.089727488641282565e-05
3.465908737174937253e-06,1.423700330812927115e-06
3.289619731691430793e-06,7.051369687678048597e-07
3.467765079268894552e-06,2.736867129674603281e-07
-2.221025269726618055e-05,1.610277519584155193e-05
-2.063763630317154584e-05,1.792848888533696302e-05
-1.839554462541639280e-05,1.717815026992575538e-05
-2.147000831435841748e-05,1.294868688545022170e-05
-2.064738454867043435e-05,1.041525897873969449e-05
2.278378136738235759e-06,1.445328311751574716e-06
2.278204713626567743e-06,2.550853313858710940e-07
1.662429562702932781e-06,8.513045476905964273e-07
-1.632518993797174692e-05,1.617074258150096177e-05
-1.807549852383710215e-05,1.482056798627671354e-05
-1.883961840268437684e-05,1.193103570664481603e-05
-1.851908909434482362e-05,9.587970333568176357e-06
9.945577064868026164e-07,1.557503608976026618e-06
9.954473315410417553e-07,1.478410751129025974e-07
2.359868849598285498e-07,8.539370384358225762e-07
-1.441884260846558722e-05,1.498338820389077973e-05
-1.273341266146753085e-05,1.363663148182676617e-05
-1.620027521460281367e-05,1.149647620402178191e-05
-1.665185738099317806e-05,8.441295130520434710e-06
-6.342796798884137752e-07,1.796108289697679381e-06
-6.337684977343312338e-07,-8.606877971031406763e-08
-1.316356116390333554e-05,1.162349300618353426e-05
-1.127277892888729549e-05,1.212518740632568737e-05
-1.386732611293369802e-05,9.421864287693075494e-06
-1.508407183080263637e-05,7.072953903623498463e-06
-1.591058195318116324e-06,8.562053357629924894e-07
-2.727385083191825140e-06,2.137881143255658889e-06
-2.724880142318093606e-06,-4.265983277756153522e-07
-1.000495169704297119e-05,1.051041984947913487e-05
-8.997511834818464413e-06,8.858543434862794306e-06
-8.229656963468321985e-06,7.130675043875142975e-06
-1.244526825112822153e-05,7.490942202472708040e-06
-1.383936540250389786e-05,5.557495331275093271e-06
-3.639077138281527381e-06,8.617444544817672962e-07
-4.755558524782614127e-06,2.471944028156080265e-06
-4.756197236090447890e-06,-7.738735092542995706e-07
-9.926620905022256517e-06,7.117559176289682282e-06
-7.660913731329520952e-06,5.388649129866125260e-06
-6.574893965668161146e-06,2.752952288458448833e-06
-7.091690850560301134e-06,3.041649734785576912e-06
-7.352293238272781171e-06,3.640228893131476018e-06
-1.146465770020983630e-05,5.339597976434357594e-06
-1.290927038012929950e-05,3.968377663755179804e-06
-5.757465788317940936e-06,1.100182032630745951e-06
-6.620468216793682025e-06,-1.026919421973753209e-06
-8.840549149542337181e-06,4.165904273538393560e-06
-7.146702491458434925e-06,1.894833854616188132e-06
-7.760365493976135521e-06,2.835863934306357061e-06
-1.078073052494591996e-05,3.479510667907674727e-06
-1.231586221636366285e-05,2.380035807742978397e-06
-7.216625369680722778e-06,5.764068398070946483e-08
-7.166050028865030999e-06,-1.299871577687481118e-06
-9.211191680110042599e-06,1.481609600131903169e-06
-1.209287121899533684e-05,8.171386149034920062e-07
-1.217775175495921040e-05,-6.909319873346425095e-07
-8.320021707844745147e-06,-9.430596325250039551e-07
-7.489781133237357178e-06,-1.874081303949401986e-06
-7.897344693565483422e-06,-3.436539964252882707e-06
-1.068613378955438531e-05,-8.998000632054349910e-07
-8.483282450593101177e-06,-4.917087020852229318e-06
-1.257938209125241385e-05,-2.201195039380092582e-06
-9.319682763702529280e-06,-3.501537803783716676e-06
-1.138016274516920645e-05,-3.617683486888091730e-06
-9.226664855429558563e-06,-6.315704462657299083e-06
-1.324849580073056199e-05,-3.619647906070427789e-06
-1.264449541974172751e-05,-4.991586174698171800e-06
-1.126241661917923237e-05,-5.839136707092374859e-06
-1.012283840122080767e-05,-7.620371987937662135e-06
-1.116242816032021120e-05,-8.816111483458342665e-06
-1.416055020590361061e-05,-4.911914676329154267e-06
-1.347360849882293842e-05,-6.501730135985774919e-06
-1.267165826901944732e-05,-8.335814560503263958e-06
-1.233170494500848268e-05,-9.888205504369824004e-06
-1.528455800420522494e-05,-6.029660235731681368e-06
-1.493406215804499358e-05,-8.318432616596558947e-06
-1.361675413038160026e-05,-1.082102582181805065e-05
-1.500169364137855003e-05,-1.160331044380215568e-05
-1.646801460678002117e-05,-1.222512350677546247e-05
-1.659535496572076021e-05,-8.802826331062481104e-06
-1.658782595049280645e-05,-6.937790711864167325e-06
-1.626773129274690404e-05,-1.064195940735398243e-05
-1.799767718899825068e-05,-1.267610419984901262e-05
-1.957123346601925896e-05,-1.295168354398446588e-05
-1.791079275966501848e-05,-9.217535177247873464e-06
-1.803212828090810889e-05,-7.606393370151597737e-06
-2.116700883550166873e-05,-1.304676812815187615e-05
-1.939396365528951261e-05,-1.070492033129470557e-05
-1.957370309448645430e-05,-8.014446398623610053e-06
-2.151983677059701123e-05,-1.094288498262550993e-05
-2.292709965948676440e-05,-1.305216028659857053e-05
-2.116556978873191815e-05,-8.150226686907331469e-06
-2.535295596879579309e-05,-1.305814314998977081e-05
-2.343655686495760930e-05,-9.746887182373219761e-06
-2.292659944087592830e-05,-8.145744231876889837e-06
-2.869810193125996040e-05,-1.306763426331904124e-05
-2.704034739403183052e-05,-1.040701610215353300e-05
-2.535299168042978078e-05,-8.139309640145417314e-06
-3.312994750348267691e-05,-1.307763909256708928e-05
-3.091130775024187146e-05,-1.060040638839183751e-05
-2.869798510743217803e-05,-8.131649771773857363e-06
-3.776183323988052871e-05,-1.308439408589333523e-05
-3.544398202532786287e-05,-1.060159704962216015e-05
-3.312965790363380094e-05,-8.124247624936000242e-06
-4.240009957903102285e-05,-1.308656801369525068e-05
-4.008048803086157501e-05,-1.060293459828121842e-05
-3.776145258254126104e-05,-8.120144254333872645e-06
-4.703505619691487140e-05,-1.308337858165326154e-05
-4.471889168891086795e-05,-1.060421732491639626e-05
-4.239976932958887021e-05,-8.120608653544499631e-06
-5.165673563920218403e-05,-1.307572857451594186e-05
-4.934868319800295454e-05,-1.060528657336506042e-05
-4.703478662249328893e-05,-8.126117451153920174e-06
-5.625871212604683405e-05,-1.306557688186973702e-05
-5.396123104751889303e-05,-1.060602100769909297e-05
-5.165659149180609072e-05,-8.135626637412140440e-06
-6.084019453337095916e-05,-1.305529056088998411e-05
-5.855288899485202138e-05,-1.060611774893436330e-05
-5.625886118736361780e-05,-8.146604483287474003e-06
-6.540343220993442461e-05,-1.304623983179118964e-05
-6.312486797668340741e-05,-1.060591069694667982e-05
-6.084057186249785344e-05,-8.156775612548917615e-06
-6.995155969137857881e-05,-1.303921767738574652e-05
-6.767980388995204258e-05,-1.060563171168272728e-05
-6.540378597102038778e-05,-8.165371940332425766e-06
-7.966812299950272393e-05,-1.276761108388439814e-05
-7.902405188701068701e-05,-1.303441920595760313e-05
-7.198554811583384447e-05,-1.060542847023055249e-05
-7.448984208717222073e-05,-1.303530151539402198e-05
-6.995182174121635421e-05,-8.171918943898560773e-06
-7.993490355774343430e-05,-1.212350221263581430e-05
-7.841110247166028569e-05,-1.060543285989092874e-05
-7.448984455824371811e-05,-8.175538004095682658e-06
-7.993493358253550801e-05,-9.087353201410575907e-06
-7.902407537606809295e-05,-8.176422212756375725e-06
-7.966815252429120821e-05,-8.443234495019283752e-06
