Size 192,2
-5.609411874429993765e-05,9.145983430636182312e-06
-5.630222434656194819e-05,8.643537266509903453e-06
-5.630221438631640210e-05,6.275022245267959053e-06
-5.609410742269521893e-05,5.772578632684446667e-06
-5.559169883434194026e-05,9.354109021868293843e-06
-5.464941961115341192e-05,7.459285671406980802e-06
-5.559168673447274474e-05,5.564455147571318505e-06
-5.205411845107721418e-05,9.354430313147262519e-06
-5.205412447546423099e-05,5.564202836239013784e-06
-5.010001664755883813e-05,7.459314187764150559e-06
-4.851447575717827873e-05,9.354345536597162002e-06
-4.851432996920417858e-05,5.564262555280696595e-06
-4.674440769957523631e-05,7.459128978573936140e-06
-4.497641732345972253e-05,9.350745068124530473e-06
-4.497671738166192520e-05,5.567499754589890909e-06
-4.320989186418808492e-05,7.458737315955225517e-06
-4.144850309999317068e-05,9.341578329233016337e-06
-4.144938039027622607e-05,5.575648617438184643e-06
-3.969113685491980180e-05,7.458108622904426995e-06
-3.794237172485547682e-05,9.326256681192023062e-06
-3.794346614680504042e-05,5.588992293193024489e-06
-3.619960717601221041e-05,7.457221397303324140e-06
-3.446877411299445259e-05,9.305690322388394199e-06
-3.446937100740477526e-05,5.607243495079461207e-06
-3.274481042892795637e-05,7.456056167527387689e-06
-3.103615228620145003e-05,9.280453642889502854e-06
-3.103620835643851284e-05,5.630143656782573385e-06
-2.933506618979662411e-05,7.454723981250573972e-06
-2.765205995742830330e-05,9.251164950378692079e-06
-2.765188526440642443e-05,5.656782479725640699e-06
-2.597765092878402744e-05,7.453274737817034866e-06
-2.432356662614940327e-05,9.218063563393659362e-06
-2.432328767773564790e-05,5.686841196669571350e-06
-2.267949552003674358e-05,7.451701012895575579e-06
-2.105769162113287066e-05,9.181138571536868448e-06
-2.105701795392035842e-05,5.720310872626139190e-06
-1.951136204898234016e-05,7.449579215542466467e-06
-1.798768360348325737e-05,9.142450835309891857e-06
-1.798686619068684130e-05,5.756389382958247823e-06
-1.685108251924843489e-05,7.578450730617367743e-06
-1.571085808680880932e-05,9.109772584313758026e-06
-1.570938584085664866e-05,5.786694208858573945e-06
-1.408226648790635228e-05,9.083962890840795856e-06
-1.439306438557119770e-05,8.008039266279967422e-06
-1.408075236813951389e-05,5.804363599580997318e-06
-1.291156322091191245e-05,5.822384143506882424e-06
2.126879754475711443e-06,7.017617625431780799e-07
2.169699239681423658e-06,5.986317036637003863e-07
2.169388345627199420e-06,2.149429932755106436e-07
2.126792589675910503e-06,1.134668083177748107e-07
-1.291013550116776101e-05,9.066805955995343183e-06
-1.185954986181451371e-05,8.991830331945172778e-06
-1.266942297995563677e-05,7.040301833323694848e-06
-1.185575844451993898e-05,5.748673702110719290e-06
2.024225859271568002e-06,7.445050887684765278e-07
1.920886038001236316e-06,3.238555164978544438e-07
2.025199320991018990e-06,7.124877488786998625e-08
-1.152243009440041799e-05,7.994483386529641176e-06
-1.083048471249142684e-05,8.795869107746785530e-06
-9.840053604242585017e-06,8.491241106002988273e-06
-1.120726724007159546e-05,6.628104460432002677e-06
-1.084709602739272425e-05,5.499415428958715808e-06
1.328931296502770930e-06,7.563059228096469820e-07
1.328585932804506256e-06,6.001966175566647306e-08
9.684762040522994091e-07,4.082809923664005116e-07
-8.900878439427917672e-06,8.075217896175557644e-06
-9.706787088528350915e-06,7.460444056942367679e-06
-1.004884137658590666e-05,6.167714406141731693e-06
-9.910527482379517111e-06,5.086020703634624526e-06
5.785879715942739151e-07,8.194264706022253171e-07
5.786752924772813728e-07,-2.730565174511951986e-09
1.361380414207973798e-07,4.082925806038489415e-07
-8.020338417004801849e-06,7.562561411633366465e-06
-7.214269139255461405e-06,6.960224619081828807e-06
-8.853596246224619125e-06,5.964817318579137156e-06
-9.072068124016865190e-06,4.521448516401636602e-06
-3.699590887823296746e-07,9.548846203900392583e-07
-3.701689005874329318e-07,-1.388180646526724097e-07
-7.418606450930272465e-06,6.030381705770613551e-06
-6.490888239945647257e-06,6.272844900947867276e-06
-7.760385302998427064e-06,4.980239048389945554e-06
-8.354138263881440035e-06,3.832155615031130956e-06
-9.254941504290788632e-07,4.078748788684850347e-07
-1.583845176417245421e-06,1.150297492256136865e-06
-1.583123878169745763e-06,-3.366755507001878468e-07
-5.851962512818903412e-06,5.515292904709040310e-06
-5.313203432558453871e-06,4.704343344430089136e-06
-4.876174100074883289e-06,3.840800132451996035e-06
-7.062961384319186229e-06,4.032600212827792243e-06
-7.774969721185553425e-06,3.045004293569071328e-06
-2.112468450252147949e-06,4.093003123227272945e-07
-2.759412294806291213e-06,1.343188118789354875e-06
-2.759617018650945157e-06,-5.386817981695673810e-07
-5.777282246014385070e-06,3.842293416930836144e-06
-4.540347693808393493e-06,2.939553318367425581e-06
-3.830359507463949975e-06,1.507673419858073189e-06
-4.145768308132154923e-06,1.671506315518670822e-06
-4.318459363338591578e-06,2.003968591850401056e-06
-6.573795158238594856e-06,2.928203303740723106e-06
-7.345960720360116350e-06,2.192523734022465525e-06
-3.341126277570584265e-06,5.455084873634676443e-07
-3.822415952403181203e-06,-6.841813146947793355e-07
-5.163140092298443501e-06,2.299280599819369045e-06
-4.161435262245752095e-06,1.013362732652117352e-06
-4.535011098373961673e-06,1.555641819223708978e-06
-6.217365350727437672e-06,1.927123384899187155e-06
-7.083700654496540540e-06,1.308356390727050126e-06
-4.172959781379421009e-06,-5.089559633280571505e-08
-4.120660779188618482e-06,-8.449823078551620722e-07
-5.346755150637750095e-06,8.015097597851340106e-07
-6.999992919815819085e-06,4.140976843913092620e-07
-7.115006800289440219e-06,-4.785171162730041120e-07
-4.797071133416238331e-06,-6.269156796127957271e-07
-4.291501273299926081e-06,-1.194995392401027968e-06
-4.496320976119522607e-06,-2.170838905307855846e-06
-6.212553654742419555e-06,-5.846017429470027931e-07
-4.815822991446469145e-06,-3.135753565375077326e-06
-7.419915679609497500e-06,-1.386928928927107122e-06
-5.366708865071150004e-06,-2.198694021181786430e-06
-6.671396869845582570e-06,-2.274737798293891745e-06
-5.262857246479175181e-06,-4.065502858098395020e-06
-7.905916566294029845e-06,-2.277313075885476688e-06
-7.521348930530367698e-06,-3.172513893213817385e-06
-6.592863925662922203e-06,-3.739671468306103526e-06
-5.823114097736749245e-06,-4.969777806658205168e-06
-6.513458860048117222e-06,-5.826136453964363098e-06
-8.574630353427070117e-06,-3.110527107086954161e-06
-8.103176397279356988e-06,-4.198867624201633673e-06
-7.544925754630558855e-06,-5.490723851117201429e-06
-7.305817389481783738e-06,-6.620486710271916041e-06
-9.402638297573029532e-06,-3.854346370627898703e-06
-9.156442464527709147e-06,-5.488579701201202735e-06
-8.209819626120177442e-06,-7.323406853281574321e-06
-9.218153253649698665e-06,-7.934420190452692921e-06
-1.030478666096683591e-05,-8.443378951506627246e-06
-1.038898298036467189e-05,-5.845171649106928938e-06
-1.037770983614082883e-05,-4.477911798087707467e-06
-1.014256681445246234e-05,-7.224803420898128483e-06
-1.146860479928312661e-05,-8.819848320998437309e-06
-1.269068231327893642e-05,-9.068717280512656625e-06
-1.138735836548518648e-05,-6.152682007662760118e-06
-1.148256512598647446e-05,-4.935803502969987010e-06
-1.394494752843307410e-05,-9.174505916172562492e-06
-1.253363415209087050e-05,-7.301428116175201157e-06
-1.268064135438300888e-05,-5.206005575469558859e-06
-1.421871399304421444e-05,-7.496830138638484761e-06
-1.536049359555897260e-05,-9.215087001295369540e-06
-1.393330419882177046e-05,-5.283773323510863386e-06
-1.734099983896256582e-05,-9.256473376921140072e-06
-1.576076972771070969e-05,-6.534242824009650635e-06
-1.535744234711779952e-05,-5.245868935295817473e-06
-2.014403569016986339e-05,-9.321212096230617900e-06
-1.873861884373695201e-05,-7.070136676114980413e-06
-1.734128140679392312e-05,-5.195868094005068830e-06
-2.396316863471410034e-05,-9.393574092544597061e-06
-2.203321282241329823e-05,-7.232382873366192262e-06
-2.014361564861209369e-05,-5.137410628216978658e-06
-2.806100588806911334e-05,-9.456819215460839033e-06
-2.599272885362156180e-05,-7.234255857468226037e-06
-2.396244588544933638e-05,-5.072356026743712150e-06
-3.226348732465035243e-05,-9.509609522171460642e-06
-3.014586401171705454e-05,-7.236274809332595176e-06
-2.806028570594555114e-05,-5.013671506171690758e-06
-3.655104508145997776e-05,-9.551212676592102241e-06
-3.439449273642252190e-05,-7.238208359285204402e-06
-3.226289793795009348e-05,-4.964918061787975983e-06
-4.090193135992832146e-05,-9.581371939087364917e-06
-3.871741447888358314e-05,-7.240102926800706346e-06
-3.655051219158767992e-05,-4.927183411635866877e-06
-4.529449998118690164e-05,-9.600570329881403297e-06
-4.309260111115857731e-05,-7.241976775711042233e-06
-4.090135080081714675e-05,-4.900807716469028595e-06
-4.970976702049863716e-05,-9.610673827421898830e-06
-4.749936959787278123e-05,-7.243655702156835165e-06
-4.529392453315066099e-05,-4.885094738226298622e-06
-5.413284083722727432e-05,-9.614064969652368970e-06
-5.192063953751104748e-05,-7.245216777111142453e-06
-4.970917333165566360e-05,-4.878285245522270456e-06
-5.855398168250642308e-05,-9.613284256070863193e-06
-5.634399193958059037e-05,-7.246453889804433026e-06
-5.413234555912778325e-05,-4.877728657818577711e-06
-6.800719520461603602e-05,-9.351175813204895331e-06
-6.738065087624192304e-05,-9.610728344725722220e-06
-6.053259070596956736e-05,-7.247232523337408976e-06
-6.296949458593001771e-05,-9.611378820523622040e-06
-5.855369824860074394e-05,-4.880513951015814533e-06
-6.826671448525160240e-05,-8.724586663006970107e-06
-6.678432842830651288e-05,-7.247777555958783154e-06
-6.296937570146739997e-05,-4.883657026841307960e-06
-6.826671123461802119e-05,-5.770985181563106469e-06
-6.738061140496389746e-05,-4.884789678129354899e-06
-6.800718196459690180e-05,-5.144360761508496427e-06
