Size 192,2
-5.680684039512969827e-05,8.689235122374108081e-06
-5.701084108319227456e-05,8.196844457668367266e-06
-5.701111901489409759e-05,5.875728714220647953e-06
-5.680716265665400826e-05,5.383399833834526208e-06
-5.631437968761170392e-05,8.893179900283693540e-06
-5.539081155366667916e-05,7.036347890850954446e-06
-5.631477531131568056e-05,5.179484301729739041e-06
-5.284674690562749753e-05,8.892405722143299323e-06
-5.284738308652467143e-05,5.180705982190047197e-06
-5.093386766545505008e-05,7.036769250798260113e-06
-4.938375468068453356e-05,8.888052528891386380e-06
-4.938451742365613351e-05,5.186013698724143199e-06
-4.765579182919000244e-05,7.037586329207166504e-06
-4.593341483568161613e-05,8.879718310724659991e-06
-4.593377264289503960e-05,5.196298650350057213e-06
-4.421462819739550409e-05,7.038493056364996494e-06
-4.250497565944759290e-05,8.866616920991821709e-06
-4.250551010924321027e-05,5.211489453338552038e-06
-4.080070735085215611e-05,7.039611131297836421e-06
-3.910811138574975048e-05,8.849624133269102499e-06
-3.910871447497487588e-05,5.230904712471385179e-06
-3.742190339649927001e-05,7.040846670938989905e-06
-3.574798248919532843e-05,8.831267945122358697e-06
-3.574880054279599105e-05,5.251724526575621858e-06
-3.408085536858576137e-05,7.042090054622623863e-06
-3.242496878653096392e-05,8.813994163892997105e-06
-3.242582811554490992e-05,5.271215187387565602e-06
-3.077541909683744365e-05,7.043359570708874954e-06
-2.913490950706212754e-05,8.799737726098112308e-06
-2.913543814496702877e-05,5.287894160087080711e-06
-2.749908974993506915e-05,7.044731546475822824e-06
-2.587010330788886632e-05,8.789296044659547616e-06
-2.586989649192387783e-05,5.301102781248798754e-06
-2.424390284148169548e-05,7.046011812698656527e-06
-2.262304022044312260e-05,8.781666823662350710e-06
-2.262265996968371843e-05,5.311864608361873929e-06
-2.106967897986501559e-05,7.047287626311653981e-06
-1.952182559281934396e-05,8.773318219919506409e-06
-1.952175538204064503e-05,5.323599602813763382e-06
-1.836280020699372707e-05,7.182793806314336310e-06
-1.718528156670221728e-05,8.764308908058262960e-06
-1.718531920962205860e-05,5.335231987841989989e-06
-1.549484903125193126e-05,8.755247566890785174e-06
-1.582264121559714132e-05,7.632855574233868553e-06
-1.549474116889548440e-05,5.343434422291075339e-06
-1.427200739260004113e-05,5.352399531354594128e-06
2.437878544481056350e-06,-3.158015195437363495e-07
2.486774281004262525e-06,-4.331638402305981575e-07
2.486589431585201015e-06,-8.713684113186522129e-07
2.437888635748982901e-06,-9.875851046325271925e-07
-1.427072353651581707e-05,8.748428052880453978e-06
-1.316525175518202270e-05,8.679008786701420932e-06
-1.402222738408533137e-05,6.626822343799971022e-06
-1.316536768671540326e-05,5.265687129248784210e-06
2.320965420281373141e-06,-2.674181867047833252e-07
2.202672728898465065e-06,-7.481308208369893331e-07
2.321614880268518883e-06,-1.036362540614074534e-06
-1.281327160621163491e-05,7.633144567985852556e-06
-1.207846879183571705e-05,8.483030277027795769e-06
-1.102617630711129771e-05,8.168206408932797942e-06
-1.248168450950122486e-05,6.191765810979697805e-06
-1.209986864621866574e-05,4.992538373673454956e-06
1.527093303905026450e-06,-2.568843803330947152e-07
1.525711712233866417e-06,-1.052514169033611037e-06
1.114566965656916835e-06,-6.561626919980248698e-07
-1.002228132382049103e-05,7.735393436289496373e-06
-1.088687388888169612e-05,7.077653192501958974e-06
-1.125162778179341223e-05,5.702058625314894823e-06
-1.110560519667012824e-05,4.542931966542847608e-06
6.689207188280766089e-07,-1.870055338285708853e-07
6.681502337874243889e-07,-1.128159809128763256e-06
1.617526002386792310e-07,-6.590504051637335354e-07
-9.076999295972692152e-06,7.195554551159085671e-06
-8.204871533785247788e-06,6.555978441472057849e-06
-9.974233555630213693e-06,5.485590785948930558e-06
-1.021154982562517827e-05,3.930320128668932881e-06
-4.181429825425128254e-07,-3.339436777637950943e-08
-4.190355507614105984e-07,-1.287732547741555937e-06
-8.425569191256649293e-06,5.559548896676965045e-06
-7.415446133419271707e-06,5.823045603440119509e-06
-8.797173927312951778e-06,4.425297705793331317e-06
-9.443443453850520236e-06,3.178135991007615162e-06
-1.056034755538442649e-06,-6.618564423697874096e-07
-1.811364929415876317e-06,1.887819302243078903e-07
-1.811310861865158219e-06,-1.517155452275895605e-06
-6.715197297054115592e-06,5.009844376066472517e-06
-6.115885770174869120e-06,4.129046019643723808e-06
-5.620799328723854594e-06,3.186045677769410914e-06
-8.038569481510810140e-06,3.396785968918052163e-06
-8.822794015510606323e-06,2.311722270890149392e-06
-2.418686132554959800e-06,-6.623012641908304091e-07
-3.161005682958377506e-06,4.079631377544734276e-07
-3.161642922369564702e-06,-1.749546216186559514e-06
-6.623346891204099072e-06,3.189813185558864516e-06
-5.236058145438691748e-06,2.193477068152584174e-06
-4.395391080069161220e-06,5.942774644045217174e-07
-4.762599344241927955e-06,7.792318419809648222e-07
-4.968013358535374036e-06,1.152736512761656351e-06
-7.504629416755531458e-06,2.183611225018249854e-06
-8.366268390274686593e-06,1.363967784953136118e-06
-3.829294516987990165e-06,-5.079585731092471485e-07
-4.374123990438168625e-06,-1.915137003359242094e-06
-5.927546683622919505e-06,1.485561937243632836e-06
-4.774785253517710966e-06,2.924758452749418636e-08
-5.208744869879765497e-06,6.473680401931708828e-07
-7.110494331529550408e-06,1.068488680953942094e-06
-8.093401033208648911e-06,3.686853041290242009e-07
-4.777690063622477808e-06,-1.188233177715867437e-06
-4.709250865205066591e-06,-2.099605118645964178e-06
-6.128048001537818891e-06,-2.039655181442380775e-07
-8.013808381946256135e-06,-6.477945789337398878e-07
-8.169620922465202324e-06,-1.674358033669714571e-06
-5.486438638403054144e-06,-1.845470718383852069e-06
-4.898570137989161241e-06,-2.505737017698721629e-06
-5.120820209810737686e-06,-3.647178105330128636e-06
-7.123028459818848171e-06,-1.790047588487175080e-06
-5.478000053943403258e-06,-4.791661571340213161e-06
-8.546032897087300518e-06,-2.724226909496502967e-06
-6.133986778733894918e-06,-3.674868104776538718e-06
-7.669271077832421206e-06,-3.764280899695665156e-06
-5.994767431354765235e-06,-5.900838598677129090e-06
-9.140836921079939793e-06,-3.767174289371549226e-06
-8.687578343688406917e-06,-4.829203282089960099e-06
-7.574762236141600726e-06,-5.508107750337637700e-06
-6.650901421930197287e-06,-6.993873445579529131e-06
-7.474677840307768429e-06,-8.038856627016879375e-06
-9.962558390953737245e-06,-4.751021580490906259e-06
-9.393585372331319508e-06,-6.061835883778452889e-06
-8.716919740959295685e-06,-7.631902174267333114e-06
-8.426324016047801444e-06,-9.018753837555077728e-06
-1.098258866568705168e-05,-5.637596813521373565e-06
-1.068304075007295563e-05,-7.631984216030200397e-06
-9.524613898873617558e-06,-9.890243215824884242e-06
-1.076318921243390530e-05,-1.065595227453462306e-05
-1.210539173787642431e-05,-1.130226796116671336e-05
-1.220594303051271404e-05,-8.070504864690149661e-06
-1.219012283064882511e-05,-6.388093796031489960e-06
-1.189985316525543594e-05,-9.780400534637391467e-06
-1.355464026649170173e-05,-1.178267522800005781e-05
-1.508572634695942141e-05,-1.210626007529372280e-05
-1.344823153722033762e-05,-8.449663096057058397e-06
-1.356800994352023124e-05,-6.938356181595467235e-06
-1.666282168452741972e-05,-1.224927533367505642e-05
-1.488226269668799828e-05,-9.885218270888267592e-06
-1.506933555563455578e-05,-7.259003879204349736e-06
-1.700626584998528166e-05,-1.013282485897605381e-05
-1.845374719261612002e-05,-1.231124225069948883e-05
-1.664501454737403474e-05,-7.345851718412551449e-06
-2.096888345252850938e-05,-1.237311533066534320e-05
-1.895787976542227088e-05,-8.915056938147383582e-06
-1.844976303930117635e-05,-7.285984648323028294e-06
-2.454621353950841778e-05,-1.246690313846577428e-05
-2.274948873588034077e-05,-9.592584366232936285e-06
-2.096978688919458691e-05,-7.208775939450544005e-06
-2.943769071760096343e-05,-1.256821757142071756e-05
-2.696348039668713758e-05,-9.797985861914930577e-06
-2.454599507458316677e-05,-7.121751798142620019e-06
-3.469861179070706913e-05,-1.265540335875163215e-05
-3.204154945705224491e-05,-9.799105205994436215e-06
-2.943701592350780538e-05,-7.027857482163998931e-06
-4.010690189707608397e-05,-1.273140418043421546e-05
-3.737913279803959613e-05,-9.800689797801446666e-06
-3.469790319667861783e-05,-6.944232313649378813e-06
-4.564403290780241762e-05,-1.279602962296450631e-05
-4.285545067506988341e-05,-9.802117108481166747e-06
-4.010655230833603413e-05,-6.871349813013690521e-06
-5.128863099654245249e-05,-1.284892079592818132e-05
-4.844999673707711451e-05,-9.803390868980732371e-06
-4.564377815172462568e-05,-6.809539856404622909e-06
-5.701884594054163743e-05,-1.289033941050230968e-05
-5.414096938454202528e-05,-9.804468890712403323e-06
-5.128834647950606366e-05,-6.759120625740499888e-06
-6.281416702955565834e-05,-1.292141715123639221e-05
-5.990690391837430624e-05,-9.805335084370500425e-06
-5.701845859841778082e-05,-6.719558728928776077e-06
-6.865715258354878605e-05,-1.294324868968498276e-05
-6.572888488581120966e-05,-9.805974464903700636e-06
-6.281386750022033652e-05,-6.689877423833002743e-06
-7.453139465508498783e-05,-1.295691606150476823e-05
-7.159023891137283305e-05,-9.806619038441843805e-06
-6.865685249989736329e-05,-6.669266376092237480e-06
-8.715483034495003748e-05,-1.261785564271236292e-05
-8.631766645294799772e-05,-1.296459068748825618e-05
-7.716843053278823008e-05,-9.807134353556501579e-06
-8.042206749769184007e-05,-1.296331094761831208e-05
-7.453125117313491176e-05,-6.656885593319734075e-06
-8.750159992604964886e-05,-1.178073932726820511e-05
-8.552034669728956454e-05,-9.807473890202138969e-06
-8.042200253601214138e-05,-6.651334755746202284e-06
-8.750161993489149516e-05,-7.834202592129519357e-06
-8.631766323872006876e-05,-6.650314327786208859e-06
-8.715484480954862375e-05,-6.997061496695594868e-06
