Size 192,2
6.659997221733600576e-05,-9.872703601151209968e-06
6.684963801194338993e-05,-9.269944494608287189e-06
6.684926621934558267e-05,-6.428292444040869390e-06
6.659954818468350921e-05,-5.825480925807151787e-06
6.599720679250866600e-05,-1.012236783483492192e-05
6.486632012930445223e-05,-7.849030740384690030e-06
6.599670493021883545e-05,-5.575791941779054670e-06
6.175304430604859282e-05,-1.012190314080798598e-05
6.175236959396498515e-05,-5.575937354073392046e-06
5.940968067819598410e-05,-7.848898908571794880e-06
5.750962944945603949e-05,-1.012058833414763653e-05
5.750879064266465956e-05,-5.576828065243157925e-06
5.538799452533161184e-05,-7.848366496538316240e-06
5.326895508180984166e-05,-1.011716903877967944e-05
5.326834887667835928e-05,-5.578794266853261192e-06
5.114985369642635003e-05,-7.847677245294576662e-06
4.903534367603050594e-05,-1.011063674448885459e-05
4.903417974136846846e-05,-5.583316976069697404e-06
4.692106436854986490e-05,-7.846456250627109816e-06
4.481446375941685673e-05,-1.009956731280827510e-05
4.481303734127935320e-05,-5.591842259629075765e-06
4.270957720869345367e-05,-7.844970098372695358e-06
4.061656851790232988e-05,-1.008189607971264424e-05
4.061512029923727699e-05,-5.606744812917218484e-06
3.852792646440984060e-05,-7.843445548681952787e-06
3.645575829225695751e-05,-1.005624361676656079e-05
3.645475681975716666e-05,-5.629620329471961474e-06
3.439128457759537181e-05,-7.841956067078966795e-06
3.234794494735557301e-05,-1.002221273656120251e-05
3.234738289958231439e-05,-5.660643322791976531e-06
3.031559253308773380e-05,-7.840346850670624400e-06
2.830857032600467185e-05,-9.980479702469771086e-06
2.830851050942356391e-05,-5.698841955410708713e-06
2.631500358974766480e-05,-7.838682403880622700e-06
2.435037478112666079e-05,-9.932028739072278284e-06
2.435040335726692808e-05,-5.743859828856018844e-06
2.247924253385853214e-05,-7.836758891046438725e-06
2.063871581137777345e-05,-9.879367326984521717e-06
2.063843962440061207e-05,-5.794904208599137963e-06
1.926724332989034587e-05,-7.992488653568830429e-06
1.789530639168834429e-05,-9.833166407177526189e-06
1.789371866187506902e-05,-5.839824002658152233e-06
1.594056864926836925e-05,-9.794576805361406756e-06
1.631095206518796959e-05,-8.507632926012285242e-06
1.593812056623891007e-05,-5.867390567627781980e-06
1.453924680923658597e-05,-5.896756835326297668e-06
-2.282706653013404792e-06,-1.770452657102190109e-07
-2.328177690108437335e-06,-6.768632196835419212e-08
-2.327929336005854997e-06,3.396395463132496552e-07
-2.282701312627735555e-06,4.474888117921677847e-07
1.453726521383672672e-05,-9.767773300371363829e-06
1.328555819281624613e-05,-9.672159209922595973e-06
1.424684581026286446e-05,-7.350343439761136482e-06
1.327726700468537171e-05,-5.818201176461805404e-06
-2.173849397687007867e-06,-2.222496926084894270e-07
-2.064198696635084554e-06,2.245812519997136288e-07
-2.174785303552693302e-06,4.925516700566031583e-07
1.288176999621911648e-05,-8.483389078707830218e-06
1.206403854133351072e-05,-9.430582156610794648e-06
1.089443916824498568e-05,-9.062573511758729343e-06
1.250536560375003285e-05,-6.863569361277501494e-06
1.207846705931036949e-05,-5.535219272318873589e-06
-1.435966481656673469e-06,-2.344712235659443198e-07
-1.435514808333171296e-06,5.056611864387846698e-07
-1.052874133869567612e-06,1.353505679044172024e-07
9.794099227549330316e-06,-8.561898176933339125e-06
1.073422607348403412e-05,-7.842898089551438845e-06
1.113586036198455475e-05,-6.323679285328185712e-06
1.097050622344838839e-05,-5.063629513050433943e-06
-6.373112315358847107e-07,-3.043668925247562539e-07
-6.377275923223903552e-07,5.738960390472312472e-07
-1.644376994045318181e-07,1.341262983560392236e-07
8.767429007806947950e-06,-7.952079806438610890e-06
7.837637095228445341e-06,-7.243204768473353238e-06
9.734033230104600042e-06,-6.087369579195226928e-06
9.983762337085646982e-06,-4.418192449261546339e-06
3.785727650030134842e-07,-4.542335749696275258e-07
3.781938134465433702e-07,7.210876367602022312e-07
8.073266220846495215e-06,-6.160259436692744141e-06
7.012949405425911651e-06,-6.438418127618364815e-06
8.464444930209229784e-06,-4.949697201654450401e-06
9.143370555990990866e-06,-3.636648255973691338e-06
9.761032350446014142e-07,1.325772975465367880e-07
1.686748788352830764e-06,-6.697038467810778763e-07
1.685112656270927650e-06,9.349135978613918733e-07
6.288538710278269845e-06,-5.559714081015864126e-06
5.689436570688962619e-06,-4.633348561202928384e-06
5.213260500489026840e-06,-3.652966352687906719e-06
7.666302889212592964e-06,-3.866766436559430306e-06
8.468388650869072118e-06,-2.753721371582315790e-06
2.257118643125651758e-06,1.288857404974057682e-07
2.956804338376411774e-06,-8.808934987170782196e-07
2.956579563183149989e-06,1.152590539261413078e-06
6.216166996682629793e-06,-3.651641217999372479e-06
4.851462941134281173e-06,-2.641458774591284256e-06
4.109570117747289232e-06,-1.059723589897588650e-06
4.445644926223148254e-06,-1.238481503983247924e-06
4.625455453967886011e-06,-1.603150656469988621e-06
7.109346001006601943e-06,-2.623735512349688274e-06
7.966214118595095522e-06,-1.808224014278676782e-06
3.585223352660371875e-06,-2.021502188578240116e-08
4.111626318437332126e-06,1.309326628076363973e-06
5.545598017730693614e-06,-1.925829028201983584e-06
4.467727288153071883e-06,-5.243448976169521418e-07
4.866306280210069481e-06,-1.112220982442619612e-06
6.709496689914190001e-06,-1.514941121059401231e-06
7.653978059892828668e-06,-8.399798590508504579e-07
4.489248584632125647e-06,6.262782063262544043e-07
4.439723453954640310e-06,1.481734577786346531e-06
5.753870209395788760e-06,-2.868927413058859248e-07
7.547383132301990276e-06,1.300686923554299993e-07
7.649989353906470356e-06,1.087945038950009811e-06
5.168617124058634816e-06,1.249160249706851271e-06
4.629453067375518082e-06,1.853867653907929560e-06
4.859567347463774523e-06,2.885414911422579577e-06
6.685984015100398132e-06,1.207549666231871288e-06
5.209402143326948245e-06,3.896212715571857911e-06
7.957255003381961424e-06,2.057556551280005844e-06
5.785944989725655230e-06,2.917841274986311683e-06
7.163621090098244350e-06,2.995871851683108821e-06
5.685626052930238995e-06,4.865549300306259953e-06
8.454243826003669175e-06,2.997033375743127738e-06
8.048274645123810718e-06,3.934410731826041818e-06
7.079615960930836089e-06,4.526574841630758012e-06
6.277436705587825493e-06,5.802148035668961817e-06
6.997463340174038932e-06,6.684226724796578001e-06
9.139354581582613400e-06,3.870226443715838676e-06
8.648863651811585326e-06,5.000256838135882435e-06
8.069095691830246552e-06,6.336341707117054445e-06
7.821315348239427586e-06,7.499917309625527028e-06
9.989206651009620275e-06,4.644229974303801954e-06
9.733051066663357434e-06,6.330845756950151564e-06
8.755524592677166123e-06,8.220425483871537085e-06
9.793575329916633118e-06,8.844952329192647684e-06
1.091113731530379214e-05,9.364529381358282698e-06
1.099953730879454964e-05,6.696173428129577519e-06
1.098954376082843709e-05,5.289070247286817282e-06
1.074555968454234329e-05,8.114187351164003922e-06
1.210525361920507637e-05,9.748829958764624462e-06
1.335895789893545458e-05,1.000296385783849174e-05
1.202363867479511138e-05,7.011169134313326748e-06
1.212205592659769689e-05,5.761181672185646335e-06
1.464507030767523407e-05,1.011081492782016112e-05
1.319852310998856009e-05,8.189394902521015293e-06
1.335008779895272686e-05,6.038501717406850315e-06
1.492615987202743332e-05,8.388465305007406517e-06
1.609737817103588364e-05,1.015266650066779086e-05
1.463427927742496650e-05,6.117123632794700306e-06
1.813130216831194421e-05,1.019577092852613225e-05
1.650837844512362599e-05,7.398554982125005281e-06
1.609525092148583695e-05,6.076094804336295312e-06
2.101624867452145192e-05,1.026448473177416644e-05
1.956897834709368997e-05,7.946684427143562790e-06
1.813287741344644203e-05,6.020571821590914496e-06
2.495614778664349785e-05,1.034004334842024207e-05
2.296453723670207096e-05,8.111240503661063068e-06
2.101700195663227665e-05,5.954269069571474737e-06
2.918692699625779206e-05,1.040277967286842869e-05
2.705210314551775611e-05,8.110469148783286939e-06
2.495638500707909760e-05,5.880902151199051644e-06
3.352251275102656280e-05,1.045260309466312016e-05
3.133908354889294846e-05,8.109939985754230056e-06
2.918703108956395098e-05,5.817575229307469396e-06
3.794088998750089100e-05,1.049124476020886920e-05
3.571965146864535451e-05,8.109121099874492470e-06
3.352282477359700943e-05,5.766448926173990088e-06
4.242350678917933764e-05,1.052074198824250911e-05
4.017290963096463495e-05,8.108166293313225323e-06
3.794127700513718623e-05,5.726068999597044722e-06
4.695539127736499395e-05,1.054304555671621652e-05
4.468242062197714599e-05,8.107275086940474144e-06
4.242380013119283216e-05,5.694602376723942769e-06
5.152357536926626384e-05,1.055875905955561407e-05
4.923453584454354459e-05,8.106459178579843345e-06
4.695569237294540133e-05,5.670694628331700826e-06
5.611610708535124997e-05,1.056861017526010188e-05
5.381675102959694606e-05,8.105798113758212861e-06
5.152378730382655824e-05,5.653477526053989202e-06
6.072265886926984468e-05,1.057350313238450340e-05
5.841787335690660360e-05,8.105218545522524206e-06
5.611629341108500906e-05,5.642503162387341401e-06
7.060539050933975524e-05,1.030414305928672719e-05
6.995007226734298138e-05,1.057558038872741540e-05
6.278845210805216348e-05,8.104675366417888246e-06
6.533555409917673562e-05,1.057535513833142123e-05
6.072283740299475112e-05,5.636348498054423660e-06
7.087683266212652187e-05,9.648833644438602468e-06
6.932609836473055214e-05,8.104253101705476462e-06
6.533567298782693518e-05,5.633579754194108379e-06
7.087682475830538317e-05,6.559664670065059770e-06
6.995010355971713659e-05,5.632974189362609269e-06
7.060539305236152442e-05,5.904392821538146993e-06
