Size 192,2
6.227722514013055144e-05,-8.175381873142676241e-06
6.252259222551841730e-05,-7.583062985110842901e-06
6.252287377135550364e-05,-4.790937651400054131e-06
6.227754841341307066e-05,-4.198664109195803803e-06
6.168488020772342742e-05,-8.420726938019093606e-06
6.057411708499734371e-05,-6.187077038091834836e-06
6.168526807778444796e-05,-3.953340648716546652e-06
5.751434298918233574e-05,-8.420653357985305790e-06
5.751487305901241951e-05,-3.953663368145785424e-06
5.521260278720165629e-05,-6.187137980015284436e-06
5.334452849315608752e-05,-8.420143947497614421e-06
5.334527681267424838e-05,-3.954460894004738959e-06
5.126031980704252259e-05,-6.187580572054087388e-06
4.917625819209641731e-05,-8.418839757788645998e-06
4.917647435101321271e-05,-3.956527928698113359e-06
4.709319113847193017e-05,-6.187911734097314004e-06
4.501210813739520600e-05,-8.414958693473812321e-06
4.501222129914836736e-05,-3.961355725227619883e-06
4.293316383280019468e-05,-6.188436233784107239e-06
4.085941223530739597e-05,-8.406149154690042250e-06
4.085979268909957778e-05,-3.971726260024134075e-06
3.878999879695013963e-05,-6.189136793414411417e-06
3.672939124969622904e-05,-8.390777518941772061e-06
3.673057544178049137e-05,-3.988695223209630237e-06
3.467598299618425027e-05,-6.190155029279469061e-06
3.263580230623378008e-05,-8.367721942793528972e-06
3.263735180286278747e-05,-4.013570593433459310e-06
3.060587911668452159e-05,-6.191390675112448575e-06
2.859569796089653343e-05,-8.334671909267856875e-06
2.859687857022203162e-05,-4.048971806980411955e-06
2.659847827063315851e-05,-6.192801072543233460e-06
2.462916799890484441e-05,-8.289983779789790420e-06
2.462977486180426481e-05,-4.096835682374306344e-06
2.267613214353287929e-05,-6.194300500723928401e-06
2.075987547012209241e-05,-8.231446470429389681e-06
2.076005591817468366e-05,-4.159138037665331183e-06
1.893967753382895370e-05,-6.195418578243922892e-06
1.716400169193462442e-05,-8.158225251984574470e-06
1.716372476535426013e-05,-4.238870669626183072e-06
1.584521677988953570e-05,-6.345817417750108928e-06
1.454500649348906266e-05,-8.085982708641867715e-06
1.454324819161818323e-05,-4.316272681081514190e-06
1.271061945920385232e-05,-8.020437353069021093e-06
1.304812369380126599e-05,-6.827841469338667127e-06
1.270755054630945085e-05,-4.367257410747555678e-06
1.141482091757963558e-05,-4.422120456378994795e-06
-1.594024091731612578e-06,-1.005236493492844166e-07
-1.624820111767541333e-06,-2.650677719666785064e-08
-1.624622341877652679e-06,2.493222463509967484e-07
-1.593963820701493576e-06,3.223809480271340685e-07
1.140925461651714907e-05,-7.973543884289152831e-06
1.027080968909415521e-05,-7.865665143524251779e-06
1.113483110601620762e-05,-5.756966357990074723e-06
1.025502530023559284e-05,-4.380690349341000088e-06
-1.520329913946242380e-06,-1.311028302285696949e-07
-1.446066890460090482e-06,1.714828001294857845e-07
-1.520840270482670798e-06,3.529524969301882849e-07
9.897089951099876347e-06,-6.780410601682339396e-06
9.173214414749368025e-06,-7.620847836304428978e-06
8.141759168118309990e-06,-7.273236390082562166e-06
9.555397328271642270e-06,-5.327299019649391096e-06
9.176497993304723452e-06,-4.163509404408373906e-06
-1.020917987853286554e-06,-1.386954428211853406e-07
-1.020191279484009038e-06,3.628809346399428985e-07
-7.613671927175712927e-07,1.127579730666015828e-07
7.192046122249362415e-06,-6.807071632047427092e-06
7.993628580312279788e-06,-6.188047576527669850e-06
8.344541592037984769e-06,-4.861010503966054848e-06
8.196388169762082912e-06,-3.789061397746924990e-06
-4.796926456792116217e-07,-1.856360370059668548e-07
-4.793930835791143283e-07,4.124011213222676644e-07
-1.575410263707445039e-07,1.141253773438388659e-07
6.319191274022399677e-06,-6.259818921586260411e-06
5.550747462609560983e-06,-5.641359188407943427e-06
7.133151641819279882e-06,-4.662766375737163624e-06
7.338122903595737604e-06,-3.269058471847337863e-06
2.136494259970860144e-07,-2.891680830329698797e-07
2.141971531105331621e-07,5.191484682404675596e-07
5.746766142164209171e-06,-4.720272179925193254e-06
4.888122361513750000e-06,-4.948599772180397644e-06
6.066462535697664197e-06,-3.717164775942715461e-06
6.618997920231947839e-06,-2.650734352315284699e-06
6.252347988742189810e-07,1.157022268011301526e-07
1.116520633415550355e-06,-4.399474614382989655e-07
1.116160116870676980e-06,6.743560052996995517e-07
4.314338152044191236e-06,-4.211361328705478004e-06
3.862424331066636003e-06,-3.461997977311738430e-06
3.521266666919076548e-06,-2.680130347963065496e-06
5.420279701167053070e-06,-2.841238716778752189e-06
6.049300723578301600e-06,-1.969330962685505261e-06
1.512268996263989345e-06,1.152992732246882642e-07
2.000008484518582138e-06,-5.894640576940685231e-07
2.000978698614787528e-06,8.335368248816654823e-07
4.282946267919783249e-06,-2.673091949882141820e-06
3.269928201981207563e-06,-1.896128468709361586e-06
2.797901730390300985e-06,-7.168269927752539339e-07
3.024721767474678852e-06,-8.459640137639338650e-07
3.137927153684925013e-06,-1.113003271416306193e-06
4.975854654778157435e-06,-1.872156715825444035e-06
5.623574972022380397e-06,-1.258735882980377795e-06
2.438595078633343447e-06,1.191678995593528078e-08
2.820239681190539599e-06,9.508576254461390227e-07
3.799561911252949463e-06,-1.346908594322857001e-06
3.050056705817293827e-06,-3.384265040047524547e-07
3.320672116726487342e-06,-7.552448326636336748e-07
4.667784385475973241e-06,-1.040791162993474327e-06
5.351544182473756431e-06,-5.525957361878490402e-07
3.082599114625718800e-06,4.734796066923474484e-07
3.061092916938761467e-06,1.073321695465653596e-06
3.966621695822690795e-06,-1.538917009553633355e-07
5.248582064767824542e-06,1.398343050378288103e-07
5.282740687521563229e-06,8.064953477359744188e-07
3.572179176452619392e-06,9.170957082242107543e-07
3.204688588790649456e-06,1.329038799644293632e-06
3.384983711090310741e-06,2.022094927802522639e-06
4.621380310738077683e-06,8.995547178038765025e-07
3.644491803987617145e-06,2.678147107312109748e-06
5.458936173415929790e-06,1.475428722251085229e-06
4.015264053886005206e-06,2.051007847499550087e-06
4.927445466292567726e-06,2.102482746872918776e-06
3.973460558016012753e-06,3.297682129012777564e-06
5.754305220044853776e-06,2.103317419448967297e-06
5.486672165869833440e-06,2.711065377582224033e-06
4.874797992153644813e-06,3.086513726245399882e-06
4.370115940454006803e-06,3.875604427106133090e-06
4.830355986378731890e-06,4.405257209822644416e-06
6.157768450173867328e-06,2.675872860308085249e-06
5.853559377510271788e-06,3.380215092971252823e-06
5.498547295326707484e-06,4.192633203272717241e-06
5.348038409909643263e-06,4.880150583863342016e-06
6.655342979947398507e-06,3.171390061068763492e-06
6.500217044125989830e-06,4.185300441401733103e-06
5.917054227649987397e-06,5.293388317405733735e-06
6.530247396168455527e-06,5.639864932793281344e-06
7.179222956324001606e-06,5.914948099514470867e-06
7.235672192182865894e-06,4.400246648955969479e-06
7.232253354234449584e-06,3.574182999671953216e-06
7.090718200929316789e-06,5.214407309463602880e-06
7.855932134942034814e-06,6.114425007222786645e-06
8.551776466561077995e-06,6.236122367733123774e-06
7.817783956078110585e-06,4.584232237150967559e-06
7.871333926899804750e-06,3.871137536933469148e-06
9.257054704775021458e-06,6.278078438518549339e-06
8.473648511866896680e-06,5.242492641715199131e-06
8.552909171368038580e-06,4.052790964838131708e-06
9.412835083656307601e-06,5.348062850119090512e-06
1.003447558705889492e-05,6.280646050691543559e-06
9.256267272258452276e-06,4.113620171900337892e-06
1.110558153671905131e-05,6.284204467035539929e-06
1.025898961408560810e-05,4.819870156675017453e-06
1.003371575156410894e-05,4.112315581809113060e-06
1.258444008455641624e-05,6.291454501711244084e-06
1.185052203176985073e-05,5.112364914920652768e-06
1.110501151891776702e-05,4.109514856665690707e-06
1.455127130073811255e-05,6.302157997866870863e-06
1.356470319154424847e-05,5.198845324476340599e-06
1.258384774507120878e-05,4.104377774150065534e-06
1.661953165853560788e-05,6.312842921309966719e-06
1.558212728882036089e-05,5.200185032542251552e-06
1.455081955097088998e-05,4.096697756497773314e-06
1.870438789771839707e-05,6.321690846637115322e-06
1.765936738762421694e-05,5.201487989693385018e-06
1.661914871916729924e-05,4.088833603743737868e-06
2.080075631479414897e-05,6.327674444955383326e-06
1.975087977861564661e-05,5.202737651147246158e-06
1.870396995432995241e-05,4.082646207596583197e-06
2.290322237092778736e-05,6.331137040482159041e-06
2.185105855542629686e-05,5.204149219887216822e-06
2.080019300680516301e-05,4.079277140509866121e-06
2.500739554079575439e-05,6.332403236372962177e-06
2.395503492842656224e-05,5.205486343782604739e-06
2.290263806167718231e-05,4.078588702877403418e-06
2.710940910428927107e-05,6.331717739386450264e-06
2.605878717161775850e-05,5.206677028326800292e-06
2.500683953864291757e-05,4.079788623004789350e-06
2.920636878207236208e-05,6.329715844004219093e-06
2.815869439776481079e-05,5.207734172850299106e-06
2.710894259915879985e-05,4.082696387154672048e-06
3.129736140518372912e-05,6.327883624713710708e-06
3.025262478433806012e-05,5.208711120810754836e-06
2.920599552057726505e-05,4.086726473781752943e-06
3.576332822133016333e-05,6.203808493028029170e-06
3.546733079092363538e-05,6.326433967981238729e-06
3.223216699701991707e-05,5.209550253274038793e-06
3.338338673290771707e-05,6.326746961984652420e-06
3.129700743126272665e-05,4.090527159265316976e-06
3.588593015329546391e-05,5.907780583632852172e-06
3.518559107350130373e-05,5.210072610226668404e-06
3.338321677385495837e-05,4.092904382375185021e-06
3.588585494462715738e-05,4.512413213038205163e-06
3.546721663882648420e-05,4.093717723962234826e-06
3.576323910396171711e-05,4.216358564874702995e-06
