Size 192,2
6.222957845471848175e-05,-9.140384132335951280e-06
6.246215224360437350e-05,-8.578845821415543367e-06
6.246171626448607413e-05,-5.931633744856063694e-06
6.222908221808138619e-05,-5.370050036161164183e-06
6.166806467894509478e-05,-9.372982009735897295e-06
6.061454694742522979e-05,-7.255156605239045017e-06
6.166748334963649699e-05,-5.137432757598178335e-06
5.771423647485237138e-05,-9.372974688958115772e-06
5.771344766521433405e-05,-5.137331810180533968e-06
5.553081793006936262e-05,-7.255277970409709985e-06
5.376016437549366512e-05,-9.372876598478454711e-06
5.375948586338359506e-05,-5.137879023318335525e-06
5.178301034163310346e-05,-7.255207530238248777e-06
4.980716229687798968e-05,-9.371563001247908885e-06
4.980695900151835791e-05,-5.139011491628884396e-06
4.783114543260044113e-05,-7.255289002395233553e-06
4.585748712705523726e-05,-9.368502213012876219e-06
4.585671594733973941e-05,-5.141778936373888264e-06
4.388367908473600769e-05,-7.255108532609588683e-06
4.191440856745729020e-05,-9.362522172887648283e-06
4.191333663622124857e-05,-5.147374181610932982e-06
3.994589058305092033e-05,-7.254889557494649358e-06
3.798536856903286780e-05,-9.351352568712196996e-06
3.798423167762388390e-05,-5.158240159577817606e-06
3.602758785171143366e-05,-7.254456142122508174e-06
3.408251870429726397e-05,-9.332482741188313189e-06
3.408184904392335790e-05,-5.176386967681303276e-06
3.214312375469580217e-05,-7.253987042344016215e-06
3.022157067170618371e-05,-9.305076945697160395e-06
3.022138230470444871e-05,-5.202765664519643213e-06
2.830895884080857099e-05,-7.253446392532108240e-06
2.641888143172523267e-05,-9.269480749426532211e-06
2.641903159035854253e-05,-5.237063066845563209e-06
2.454068154246787019e-05,-7.252778004530078808e-06
2.268884345932709504e-05,-9.225672241872532055e-06
2.268925280328032955e-05,-5.279438733718952686e-06
2.092522631955124509e-05,-7.251692181274441081e-06
1.919042159348436730e-05,-9.175353642012284980e-06
1.919054649108163670e-05,-5.329834252513671630e-06
1.789834145026172855e-05,-7.398716218442629937e-06
1.660789989372970892e-05,-9.128589250672777846e-06
1.660663427747559385e-05,-5.376933999782091263e-06
1.477252372489801215e-05,-9.087555951941599111e-06
1.511849981148479043e-05,-7.882314328045930568e-06
1.477021388453124680e-05,-5.407381770275866600e-06
1.346063258343583705e-05,-5.440255719964340466e-06
-2.115672089690623019e-06,-2.186240885083037183e-07
-2.158641992388256859e-06,-1.153056816324911562e-07
-2.158414088225861145e-06,2.698038041348711261e-07
-2.115649126604088044e-06,3.717964067131844501e-07
1.345790686257729451e-05,-9.058518561218212265e-06
1.228992529591541966e-05,-8.965583451597368690e-06
1.318499871792026178e-05,-6.799118077459151233e-06
1.228096663432448192e-05,-5.372944889508141353e-06
-2.012783283469263081e-06,-2.613354580505174926e-07
-1.908855950861441541e-06,1.609670682789860473e-07
-2.013575841477828236e-06,4.144013307160866949e-07
1.191198887198217156e-05,-7.855587798121527001e-06
1.115261723016307564e-05,-8.735760392995253304e-06
1.006738471886145728e-05,-8.390554619830658525e-06
1.156128341008214898e-05,-6.347789663150592195e-06
1.116521848525837923e-05,-5.116484307739158206e-06
-1.314586117266868547e-06,-2.718374773463644089e-07
-1.313948286630567179e-06,4.265801169969977444e-07
-9.527738831164511795e-07,7.759392035319070373e-08
9.049573102937156173e-06,-7.922220135359176721e-06
9.917743085411857325e-06,-7.257057643205695308e-06
1.029054327088802641e-05,-5.848989343893614060e-06
1.013762432159872837e-05,-4.685763137987070042e-06
-5.621754375529755468e-07,-3.335791606519629239e-07
-5.622561295435176367e-07,4.887255134664810406e-07
-1.199439260254238277e-07,7.755075643928312410e-08
8.102262600401570890e-06,-7.355815782648284943e-06
7.247027054711877317e-06,-6.700016232418277390e-06
8.994349321303341226e-06,-5.632184765065246682e-06
9.225365033761112794e-06,-4.094074165216606329e-06
3.853178329906076084e-07,-4.679228925783850454e-07
3.853515170179184428e-07,6.230092968388090569e-07
7.464438074499019188e-06,-5.700246633140052809e-06
6.489506383009468394e-06,-5.956614746315971014e-06
7.825206086886055232e-06,-4.585310085576837920e-06
8.450691989363786984e-06,-3.377719998563420680e-06
9.393165022986246284e-07,7.737564081776309696e-08
1.595626408221320281e-06,-6.625231620729697325e-07
1.594526468369963686e-06,8.186584736457018112e-07
5.824716490723814006e-06,-5.147520294187760503e-06
5.275970800268919333e-06,-4.296271248360952659e-06
4.839799383234782927e-06,-3.395604423547747192e-06
7.092356802042782637e-06,-3.590619829746110469e-06
7.829927687580995511e-06,-2.568403736901092121e-06
2.122194000115138066e-06,7.516603833088760254e-08
2.766315774173338868e-06,-8.541543937798523913e-07
2.766528372995719107e-06,1.018420205145486788e-06
5.760322690675807431e-06,-3.394028941356105232e-06
4.508338153256980809e-06,-2.467312175998500951e-06
3.826924199223105041e-06,-1.016494310480244847e-06
4.135802972414864506e-06,-1.180075817351319603e-06
4.300963514844304213e-06,-1.514478191079267297e-06
6.581446861230346213e-06,-2.449948680868306624e-06
7.368767957449609523e-06,-1.701160252182027098e-06
3.345084555350366225e-06,-6.113346835022081930e-08
3.829491563120467911e-06,1.162502814524627992e-06
5.145705356373799954e-06,-1.810385974650656624e-06
4.156311305502132303e-06,-5.239991306069081074e-07
4.522205526812072102e-06,-1.063728892305276247e-06
6.214903563268526278e-06,-1.432463123714496858e-06
7.082645789436976397e-06,-8.123030289897800352e-07
4.176645229847974443e-06,5.340832575323440455e-07
4.131683917220732310e-06,1.321192773823626556e-06
5.337841310078841918e-06,-3.048861052575207055e-07
6.985400040730469569e-06,7.937283793752957321e-08
7.079399232799440817e-06,9.606076683052056990e-07
4.801669264143381091e-06,1.107633029998638347e-06
4.306702029303116080e-06,1.663412886306673550e-06
4.520038564591439538e-06,2.611085528476056969e-06
6.194477379548167476e-06,1.070649280479944965e-06
4.843749987469354567e-06,3.536695773292586962e-06
7.360041100915987630e-06,1.853087735416975018e-06
5.370637257294766437e-06,2.641788856573414703e-06
6.632777155392306355e-06,2.714654276881715319e-06
5.282852621271259587e-06,4.423559170189605996e-06
7.812379889910336955e-06,2.716791208414935029e-06
7.440849448937172278e-06,3.575301114372694402e-06
6.557786227862754976e-06,4.115238633055057843e-06
5.826786423790494597e-06,5.276288163550846000e-06
6.485383022025548439e-06,6.076704958570229539e-06
8.433177321748845944e-06,3.518652748636704490e-06
7.987404999396945888e-06,4.548361216678799779e-06
7.461593764901429075e-06,5.761132181504077297e-06
7.236993167067017043e-06,6.812486294553957047e-06
9.200964914274717424e-06,4.228029824472003802e-06
8.969503379041095421e-06,5.756534059154859491e-06
8.085603656615581044e-06,7.460764643033307413e-06
9.023542585701381272e-06,8.019338212641636504e-06
1.002995709987091676e-05,8.479769611329297281e-06
1.011030618954702055e-05,6.087325319519333034e-06
1.010141616390011464e-05,4.817373552209004127e-06
9.882894503439155169e-06,7.361372952472730439e-06
1.110073211653124160e-05,8.818996110299953260e-06
1.221968894462825090e-05,9.039903930801535537e-06
1.102914083633332388e-05,6.372079868264188489e-06
1.111621234764956540e-05,5.250151251799275983e-06
1.336486334609336628e-05,9.130586953287040707e-06
1.207977804301942673e-05,7.425829489742608021e-06
1.221279658442439536e-05,5.507499210785560897e-06
1.361549650986198843e-05,7.602753732303227373e-06
1.465114250690289565e-05,9.161004124414276370e-06
1.335632779495272164e-05,5.584449690371875305e-06
1.644561598543439873e-05,9.192612055807948394e-06
1.501660176726212588e-05,6.727727418564404433e-06
1.464887936703477563e-05,5.556542475825996139e-06
1.897399641934664969e-05,9.243296954172829284e-06
1.770866715979384811e-05,7.214312726100301732e-06
1.644588734932097733e-05,5.518958993269648513e-06
2.240664789246402200e-05,9.302467333257739696e-06
2.067381531858896915e-05,7.360871972465073269e-06
1.897394370412599940e-05,5.473548498275912239e-06
2.608296851842836862e-05,9.358084187388520194e-06
2.422799643017895172e-05,7.362737469517750698e-06
2.240622702402532339e-05,5.420675746381124531e-06
2.985543897215960131e-05,9.409870761400220977e-06
2.795315248254376093e-05,7.364796923331915095e-06
2.608233285749177145e-05,5.369561247678235313e-06
3.371798284326361217e-05,9.457247482838126326e-06
3.177195339340488416e-05,7.366741264218866425e-06
2.985476918571442945e-05,5.321704376934846553e-06
3.766095171401340587e-05,9.498308690774035802e-06
3.567671584898368903e-05,7.368487823779521276e-06
3.371737289653380359e-05,5.277941685590179757e-06
4.167080890729371996e-05,9.531297618161415844e-06
3.965580973367130782e-05,7.370106095923291899e-06
3.766051881734890013e-05,5.240175431222045193e-06
4.573189820365765708e-05,9.556095163337923162e-06
4.369388716444852239e-05,7.371485607457728611e-06
4.167053572106162727e-05,5.210320802060222960e-06
4.982925567157424406e-05,9.573332707448496800e-06
4.777541690121849915e-05,7.372706449983434624e-06
4.573152527317771648e-05,5.188202126803215112e-06
5.395014416878752091e-05,9.583913142800397296e-06
5.188657300518666567e-05,7.373554753453787410e-06
4.982894418239663958e-05,5.173028348552855212e-06
6.280947714545192107e-05,9.347104268927900524e-06
6.222190375808267970e-05,9.590451329026414580e-06
5.580048800765371786e-05,7.374084425621818729e-06
5.808399305543396525e-05,9.589181576275856292e-06
5.394993135603937069e-05,5.163703297431382654e-06
6.305286280331549322e-05,8.759581396765128057e-06
6.166223485829494175e-05,7.374587244518225322e-06
5.808389042725409186e-05,5.159485347705059004e-06
6.305287424009149862e-05,5.989605154486133452e-06
6.222188090842718951e-05,5.158680467360645269e-06
6.280947980702638667e-05,5.402046299592054468e-06
