Size 192,2
2.077193694081196819e-05,-1.299613265799744541e-06
2.088165599140259522e-05,-1.034729393666736078e-06
2.088154452777742055e-05,2.140733021863318935e-07
2.077180844650728067e-05,4.789784143587283352e-07
2.050704702419413808e-05,-1.409330126982632772e-06
2.001002383941482044e-05,-4.103052476369171501e-07
2.050689113918325500e-05,5.887046361830563727e-07
1.864163456846423884e-05,-1.409131823765174745e-06
1.864144468112747817e-05,5.884293540312247263e-07
1.761178618973694012e-05,-4.105298826114517032e-07
1.677696396450697525e-05,-1.407566823829848039e-06
1.677658880802071215e-05,5.863244380172454093e-07
1.584570836719726819e-05,-4.108943452389915445e-07
1.491735992569540462e-05,-1.402909457937188430e-06
1.491717045969008936e-05,5.802615017390225629e-07
1.399156798375457974e-05,-4.117105244611666848e-07
1.307168674321128942e-05,-1.393461893778912463e-06
1.307173121075544334e-05,5.687103639765332287e-07
1.215663218585977483e-05,-4.128450660335627175e-07
1.125151850432984731e-05,-1.377387602918451441e-06
1.125179848204069972e-05,5.502417967597571465e-07
1.035338002177158783e-05,-4.141773218372761236e-07
9.469137953581904468e-06,-1.355054449102496485e-06
9.469569572455811392e-06,5.250532710420533465e-07
8.593857673635075747e-06,-4.157750930779092126e-07
7.737027229638063339e-06,-1.325540575304698256e-06
7.737671858085528971e-06,4.920421854811035330e-07
6.891660440230452339e-06,-4.177088448278466335e-07
6.070696850439263206e-06,-1.286224471144821040e-06
6.071583057861819894e-06,4.487324242073956206e-07
5.264783896909964110e-06,-4.199165920242804539e-07
4.491755519817601126e-06,-1.233881936065773660e-06
4.492375590621510571e-06,3.919274886678754034e-07
3.738044384493852926e-06,-4.222550799149919493e-07
3.027381459927732098e-06,-1.166100657226651929e-06
3.027375821548756517e-06,3.188103690858701844e-07
2.367177543030473208e-06,-4.241061744119663806e-07
1.758057108213946969e-06,-1.083128736936657827e-06
1.757726079781431273e-06,2.273945145190721824e-07
1.315801374234236663e-06,-4.727679797009536371e-07
9.162214217374850125e-07,-1.003040427075551502e-06
9.144529783608890701e-07,1.408493989547829040e-07
3.828610653548635802e-07,-9.322965242200412073e-07
4.640866324822993760e-07,-6.086556499031874645e-07
3.801356065691861924e-07,8.508802190818782349e-08
3.680433345871639697e-08,2.625124481039663118e-08
3.545525167878775722e-07,-2.511206065861247925e-07
3.629030240729862994e-07,-2.711058227264760005e-07
3.629172567651102718e-07,-3.460981063566227553e-07
3.545963334204538122e-07,-3.660452961347805789e-07
3.013406907956381895e-08,-8.826340281314080659e-07
-2.431460837445477134e-07,-8.219086865127952059e-07
-5.305141218898515585e-08,-3.175101569205678734e-07
-2.609314355356340016e-07,-1.088322124833727346e-08
3.346134899608538535e-07,-2.429211810680796412e-07
3.141342064530677378e-07,-3.251550909764870683e-07
3.346643310006570274e-07,-3.744554203791687288e-07
-3.434894664153308887e-07,-5.529299061018332574e-07
-4.862095853505217559e-07,-7.224537002967059424e-07
-6.837832271969453830e-07,-6.179818336867663835e-07
-4.245152899955456718e-07,-2.325696490234409168e-07
-5.005306890712431543e-07,-2.023176129223213923e-08
1.980923760608170305e-07,-2.417353808082163546e-07
1.979591194212039025e-07,-3.766314865263130758e-07
1.278643562706862200e-07,-3.091438950414221031e-07
-8.333899999846730183e-07,-4.885668267260550571e-07
-7.229960878257214881e-07,-3.933280869576515137e-07
-6.606123228827275408e-07,-1.576293309240794554e-07
-6.921101603287090482e-07,-1.269968100051877670e-08
5.338500347737527754e-08,-2.325131398970185719e-07
5.362647189793185303e-08,-3.852200953744637682e-07
-2.828960538328228325e-08,-3.085129013644134157e-07
-9.492870574008974287e-07,-3.679899296851007971e-07
-1.015830475048911269e-06,-2.591355547146310520e-07
-8.531058521213770505e-07,-1.348925809579243839e-07
-8.369908469588346566e-07,1.124775171365396544e-08
-1.189945726034701556e-07,-2.128289019976808714e-07
-1.187021174125635177e-07,-4.032834655539588243e-07
-9.963862493256529232e-07,-1.348402772764929224e-07
-1.041978583723832070e-06,-1.520809524338056558e-07
-9.740941190498452110e-07,-4.226696148773263014e-08
-9.397356237100241244e-07,2.074761273867295236e-08
-2.149052305714983621e-07,-3.075444085890553670e-07
-3.252841938184428075e-07,-1.844467506172452206e-07
-3.249807828492989921e-07,-4.294366745081717699e-07
-1.050455318943741088e-06,-6.862535308557583538e-08
-1.017971994698683262e-06,-2.904718511126500524e-08
-9.601326723696384683e-07,-6.867331535314098281e-09
-1.007834811228347881e-06,3.969459468406682613e-09
-1.008889916569239641e-06,1.720907532510865767e-09
-4.127326396440658087e-07,-3.066069886079464067e-07
-5.169021592397084973e-07,-1.566180823795373447e-07
-5.159257419347111248e-07,-4.551953702877961061e-07
-1.005447938766983865e-06,3.544409876028934645e-09
-9.019500231700530648e-07,-2.326077684430954479e-08
-7.035580427958726596e-07,-1.322370862563667927e-07
-7.697743488813733965e-07,-1.120890406727306975e-07
-8.202516455932957984e-07,-7.834836164569383156e-08
-1.020372123894777226e-06,-5.898095977166744701e-09
-1.064680708886160207e-06,-5.189174592004806792e-08
-6.108324074099343738e-07,-2.854013400563399646e-07
-6.647139964649920947e-07,-4.703793601759882093e-07
-9.285524969606177773e-07,-4.432355062662170892e-08
-7.545187487870784404e-07,-2.054434312995734748e-07
-8.309825780047432537e-07,-1.265349146248928065e-07
-1.009924506986933588e-06,-7.258067589253270392e-08
-1.113780638740880551e-06,-1.456324352052706061e-07
-7.247311780288105983e-07,-3.671528729406725895e-07
-6.918946700816280721e-07,-4.953238753654745389e-07
-9.214914649976389439e-07,-2.074384519513740152e-07
-1.149831613460745684e-06,-2.676212186492008136e-07
-1.236940097281139385e-06,-4.213037756119145240e-07
-8.021106200441664151e-07,-4.486629906858176319e-07
-6.998041283630894594e-07,-5.638459429150486408e-07
-6.968270026155189944e-07,-7.816903890825468964e-07
-1.061638848282955829e-06,-4.216187803438782318e-07
-7.218746626841581616e-07,-1.039565513019467901e-06
-1.359358812317683885e-06,-5.903550078545705282e-07
-8.757189631926943901e-07,-7.746267989091709405e-07
-1.189707923346730039e-06,-7.934227905528372052e-07
-8.039142360756275655e-07,-1.305604372911372956e-06
-1.538415004203017879e-06,-7.939710406608361754e-07
-1.443345747038286360e-06,-1.034091055682034773e-06
-1.164708463527374718e-06,-1.202028631729369782e-06
-9.297758891344292851e-07,-1.602720195494615162e-06
-1.126727233350819818e-06,-1.910883419401224562e-06
-1.792831114605541536e-06,-1.005509693378189895e-06
-1.640683993779360180e-06,-1.350148520319678104e-06
-1.452308765028883168e-06,-1.796970152679252713e-06
-1.369386028673208763e-06,-2.224576821397548073e-06
-2.114117842091733603e-06,-1.216814129104794120e-06
-2.027640183862758583e-06,-1.803670167026521952e-06
-1.679638021614942682e-06,-2.513821781272751063e-06
-2.061356036387574798e-06,-2.787156077998744583e-06
-2.493575524092719914e-06,-3.039400227721600227e-06
-2.517897023294064814e-06,-1.940563256390440485e-06
-2.509123528412629186e-06,-1.412791485220873979e-06
-2.414900930456763090e-06,-2.506881681533274601e-06
-2.987647823254663777e-06,-3.233459625430784877e-06
-3.533841874792296844e-06,-3.380817064359401114e-06
-2.938526692589002737e-06,-2.061175664107112907e-06
-2.983111245491125689e-06,-1.553155443025141479e-06
-4.110103549491794847e-06,-3.461527173154195164e-06
-3.443474338606871601e-06,-2.566664268364750075e-06
-3.518171632409751819e-06,-1.622842585719353476e-06
-4.232733857812936099e-06,-2.663447684875040469e-06
-4.795624440804711810e-06,-3.518407860496242918e-06
-4.094969131630849504e-06,-1.625884021151045588e-06
-5.787512352039152387e-06,-3.575859561051088463e-06
-4.980495535365486675e-06,-2.194142584179708398e-06
-4.792894606754135044e-06,-1.569275558795706576e-06
-7.268384224425636699e-06,-3.665157608158122030e-06
-6.510108179284209052e-06,-2.456117829782751894e-06
-5.789618167316919024e-06,-1.494475097093474984e-06
-9.392234265784165886e-06,-3.763139895356481018e-06
-8.302521329556365436e-06,-2.538707841645525824e-06
-7.269558682388285486e-06,-1.407704057198305962e-06
-1.176921517025322440e-05,-3.848184479235462434e-06
-1.055455874890346270e-05,-2.537535229132312106e-06
-9.392663072693141209e-06,-1.312069226098648071e-06
-1.429390804759266273e-05,-3.921908263780990314e-06
-1.300836703754254536e-05,-2.536994509696612925e-06
-1.176945827696703759e-05,-1.226314323186739622e-06
-1.694660708362294196e-05,-3.984617220459103010e-06
-1.560055063098261585e-05,-2.536752163786926866e-06
-1.429398624206335015e-05,-1.151846101583122017e-06
-1.970543807661035912e-05,-4.035706274261344242e-06
-1.831003191190169564e-05,-2.536730145171626002e-06
-1.694659655724728257e-05,-1.088874369400294803e-06
-2.254874713475435810e-05,-4.075712411073647843e-06
-2.111454670739391283e-05,-2.536772216390635517e-06
-1.970534454244216903e-05,-1.037755115726659359e-06
-2.545687625557804080e-05,-4.105463432112071173e-06
-2.399355003523010607e-05,-2.536776936399718009e-06
-2.254874227148182995e-05,-9.977309275807728542e-07
-2.841079838651896250e-05,-4.125607478479272588e-06
-2.692767489442690238e-05,-2.536791790809053341e-06
-2.545691094721206672e-05,-9.680808634015823744e-07
-3.139321132158072691e-05,-4.137417320093258029e-06
-2.989853072190785507e-05,-2.536737493456336619e-06
-2.841087198346635333e-05,-9.480298806152650801e-07
-3.781787005571051618e-05,-3.967496017418602811e-06
-3.739169816649788272e-05,-4.143989498632976145e-06
-3.273424739450313980e-05,-2.536821864728643271e-06
-3.439019585786599160e-05,-4.142820751897940428e-06
-3.139318331883992149e-05,-9.362871052568750847e-07
-3.799440004216067529e-05,-3.541373293888445328e-06
-3.698567975768622792e-05,-2.536836886846705334e-06
-3.439019468501867700e-05,-9.308820287337198238e-07
-3.799439089719749366e-05,-1.532299120862646213e-06
-3.739169468836357112e-05,-9.296917999317628936e-07
-3.781786205826475906e-05,-1.106182508726698115e-06
