Size 192,2
-3.747304561018111030e-05,6.166730177004088904e-06
-3.759283702835977930e-05,5.877495205513355671e-06
-3.759251651105214497e-05,4.513896831357304900e-06
-3.747268234942725590e-05,4.224628803609524641e-06
-3.718382163972125268e-05,6.286533278687471936e-06
-3.664107501230793305e-05,5.195639202840235904e-06
-3.718339927995634685e-05,4.104810664675129941e-06
-3.514732011705300370e-05,6.286261682681118652e-06
-3.514669365589855423e-05,4.104844813964211377e-06
-3.402265803007236029e-05,5.195535373809178991e-06
-3.311111216755766051e-05,6.285506348451791228e-06
-3.311032395303074855e-05,4.105569747120373306e-06
-3.209313770547529064e-05,5.195324367517158536e-06
-3.107708056821861494e-05,6.283722437622807704e-06
-3.107664996552412259e-05,4.107014550317271724e-06
-3.006103978327276477e-05,5.195304334434683643e-06
-2.904755750816624796e-05,6.281764715554076174e-06
-2.904693951939477028e-05,4.108688010889354592e-06
-2.803344961762232259e-05,5.195106144167574330e-06
-2.702118415859991032e-05,6.281461585764363173e-06
-2.702054155442942248e-05,4.108438040998455596e-06
-2.600729624764531846e-05,5.194831342472574281e-06
-2.499221803507481468e-05,6.285370045380280171e-06
-2.499135546947362128e-05,4.103698696589700653e-06
-2.397379269843261646e-05,5.194187023993231899e-06
-2.295021494516129496e-05,6.294486393942195957e-06
-2.294952736009058040e-05,4.093392234609215794e-06
-2.192194399181123578e-05,5.193402135242037890e-06
-2.088470156313639345e-05,6.308244219238647732e-06
-2.088457609901966697e-05,4.078062617665016784e-06
-1.984204014120788704e-05,5.192561090967946206e-06
-1.878790927313674607e-05,6.325344203396733047e-06
-1.878823759090467708e-05,4.059294614273122792e-06
-1.772796015394154077e-05,5.191804821909427525e-06
-1.665498269449479504e-05,6.344876512766822681e-06
-1.665538040730340762e-05,4.037959769395941518e-06
-1.561938878561354682e-05,5.191288201663080723e-06
-1.457060620363419860e-05,6.365698583540495470e-06
-1.457093700496923999e-05,4.015635609498744895e-06
-1.378074270576387237e-05,5.283806687601007499e-06
-1.296288054087763301e-05,6.382673860128577422e-06
-1.296329357942476388e-05,3.997893122401636464e-06
-1.177741771864035373e-05,6.394900104067382234e-06
-1.201325567950736647e-05,5.600234083839414993e-06
-1.177748767907285774e-05,3.988211392213831796e-06
-1.090821211694604382e-05,3.979308725686429098e-06
1.928323255694766917e-06,-4.863010046290949129e-07
1.966256114145719701e-06,-5.772614632176061874e-07
1.966177557300550715e-06,-9.169989211242990898e-07
1.928409939274340192e-06,-1.007147534848496743e-06
-1.090962779897211002e-05,6.402359847110243487e-06
-1.011415118947514943e-05,6.363249974784917194e-06
-1.073596316088786119e-05,4.887763856948181591e-06
-1.011800649852195442e-05,3.901810780599873174e-06
1.837703970044319728e-06,-4.488561304349134618e-07
1.746089977352280430e-06,-8.216559058053482674e-07
1.838233817950852709e-06,-1.045037492162768816e-06
-9.864121822995014572e-06,5.613823196402533997e-06
-9.326232246213075414e-06,6.234522117189588693e-06
-8.554107194506045035e-06,6.014041313021648233e-06
-9.624846857881867796e-06,4.568991225329854577e-06
-9.345324258459080662e-06,3.686568361622447131e-06
1.222492177141094347e-06,-4.404853863318730018e-07
1.221571505308900375e-06,-1.057518231960597193e-06
9.029194358324788598e-07,-7.497096312971298333e-07
-7.808931954593375776e-06,5.707463807777857978e-06
-8.454788139400834830e-06,5.218893417831833222e-06
-8.723351590913185514e-06,4.205411761558979274e-06
-8.616740428725276754e-06,3.338912886208503372e-06
5.568655231253311193e-07,-3.840364400354347696e-07
5.566908030093385301e-07,-1.116245609532904598e-06
1.627462882407328312e-07,-7.504508524979625899e-07
-7.101563179513744391e-06,5.315442625506256243e-06
-6.440442360853904631e-06,4.843424262905507229e-06
-7.775489373594178175e-06,4.041972708574651826e-06
-7.955323017917885394e-06,2.869113176215096526e-06
-2.899202247090371552e-07,-2.594978739334420882e-07
-2.899504741087527285e-07,-1.241673199431526849e-06
-6.607033352205174547e-06,4.098584184093087480e-06
-5.835108510278016541e-06,4.298644242906426890e-06
-6.889628853148714019e-06,3.240330522398559594e-06
-7.382181765978650905e-06,2.288610966294856153e-06
-7.892706420053359094e-07,-7.504802482234510837e-07
-1.384052783795899837e-06,-7.803039220566346134e-08
-1.383164446287813683e-06,-1.424003693420308332e-06
-5.295131020649820598e-06,3.686361360247736801e-06
-4.825258843787685672e-06,3.013130077269069912e-06
-4.431064242978317452e-06,2.288358141665436354e-06
-6.309579212804174870e-06,2.453875218384072709e-06
-6.916015056030554091e-06,1.614314202099493552e-06
-1.862248351011164837e-06,-7.485419154727029519e-07
-2.450566347227905110e-06,1.016795520492535869e-07
-2.450198715147991857e-06,-1.610102166696519713e-06
-5.215081196841256421e-06,2.293417802301497062e-06
-4.122234902517184635e-06,1.517293885898728864e-06
-3.434661212265359992e-06,2.556896092577606951e-07
-3.730729427278614801e-06,4.042264394167966042e-07
-3.899226343767080903e-06,7.007585324180171700e-07
-5.899185192136393330e-06,1.513440200842551206e-06
-6.574015805963066849e-06,8.707192757863244230e-07
-2.980073725880693126e-06,-6.243090029456390597e-07
-3.409076728681021656e-06,-1.743023710252686774e-06
-4.662271957438162570e-06,9.654137589460706208e-07
-3.736540608281138767e-06,-1.931239408197924968e-07
-4.087335838440665087e-06,3.005618010879824846e-07
-5.592427636514407243e-06,6.381970346230535319e-07
-6.372998989151515821e-06,8.334899575102959359e-08
-3.731747206436034903e-06,-1.163365005748223755e-06
-3.671276001712983613e-06,-1.891119158198589441e-06
-4.815300738783753878e-06,-3.715074418045639901e-07
-6.319186192989115404e-06,-7.251541970126200856e-07
-6.459959456845330705e-06,-1.547991597472752331e-06
-4.293620096373632917e-06,-1.685797666931669351e-06
-3.817816062186559992e-06,-2.219881613454743426e-06
-3.985930617006925156e-06,-3.149515521228139384e-06
-5.613552855124307700e-06,-1.636486675772012477e-06
-4.264258017221258184e-06,-4.093397619508842760e-06
-6.780418252048982276e-06,-2.393145758201342885e-06
-4.807435863406942674e-06,-3.168389871236549852e-06
-6.064940815630049029e-06,-3.240940194510757980e-06
-4.679628927429110764e-06,-5.012690618536890080e-06
-7.284369194318837535e-06,-3.242577703141465720e-06
-6.912325787576683246e-06,-4.118403869084952096e-06
-5.984851954345994391e-06,-4.683611180508870119e-06
-5.213737395351428006e-06,-5.930342082255131166e-06
-5.896502306683023546e-06,-6.815590184214214194e-06
-7.984246947039501255e-06,-4.049716949545261286e-06
-7.506691382895520426e-06,-5.146665193009175531e-06
-6.936047155986012648e-06,-6.472315210100102954e-06
-6.690374296946520640e-06,-7.654737867878827167e-06
-8.855716092040332436e-06,-4.783328754595149408e-06
-8.601644023398534160e-06,-6.473642723504196596e-06
-7.616551087861204839e-06,-8.404676796605520429e-06
-8.672394113777690913e-06,-9.070653848752184434e-06
-9.823734029469411417e-06,-9.641350552141867764e-06
-9.907530267049488118e-06,-6.847198677998491359e-06
-9.893158949715501066e-06,-5.409618883043638126e-06
-9.642840196529666580e-06,-8.319873514408813691e-06
-1.107700332861052546e-05,-1.006814213855773517e-05
-1.241091399627398847e-05,-1.036225693939555978e-05
-1.098054580490368238e-05,-7.171051695392537562e-06
-1.108602472723582991e-05,-5.866705363617798895e-06
-1.379035076116199307e-05,-1.049826125648201934e-05
-1.222675995025467334e-05,-8.418429448937750004e-06
-1.239342369520833610e-05,-6.127423303810923426e-06
-1.408981641161478721e-05,-8.636611831552410180e-06
-1.536971878482735462e-05,-1.056583913599195764e-05
-1.377185974494503370e-05,-6.190886872032280544e-06
-1.760021918662364198e-05,-1.063315382127560016e-05
-1.581143427623439706e-05,-7.560435065644443948e-06
-1.536637152804912792e-05,-6.123361383597598574e-06
-2.080185376017268273e-05,-1.073529705895822176e-05
-1.918843168054905406e-05,-8.157475520584690288e-06
-1.760254505488981466e-05,-6.035560899367976531e-06
-2.521611626827451914e-05,-1.084220897612847762e-05
-2.297882733580365540e-05,-8.338578398975625121e-06
-2.080305117397446201e-05,-5.936425047007822713e-06
-2.998809364559951277e-05,-1.092770716101133884e-05
-2.757587440401758908e-05,-8.337155356035866585e-06
-2.521681001919380679e-05,-5.832403465477865943e-06
-3.490046888724306643e-05,-1.099367715080385862e-05
-3.242359728595755475e-05,-8.336361205202281753e-06
-2.998842207123012362e-05,-5.745829994211221501e-06
-3.991978244021431293e-05,-1.104246570456860289e-05
-3.739482079191415307e-05,-8.335681570995702832e-06
-3.490063514322437241e-05,-5.678496618794918550e-06
-4.501564745425424728e-05,-1.107672557576056814e-05
-4.245699554628575755e-05,-8.335142421077370185e-06
-3.991968634930373450e-05,-5.628428511463106748e-06
-5.016337803552555250e-05,-1.109926385845328857e-05
-4.758247332124962550e-05,-8.334802197940545005e-06
-4.501551366958591970e-05,-5.593200244803314733e-06
-5.534339611202888774e-05,-1.111252800878907712e-05
-5.274934564258326617e-05,-8.334711274157632866e-06
-5.016329023903176999e-05,-5.570098600421920073e-06
-6.053894730393099936e-05,-1.111812591246942342e-05
-5.793970538876308849e-05,-8.334909464222563038e-06
-5.534331550134767168e-05,-5.557056517600926085e-06
-6.573753070198590806e-05,-1.111890951292959426e-05
-6.313826527148342694e-05,-8.335212790165776484e-06
-6.053883038111659880e-05,-5.552029613080738451e-06
-7.686434303235810828e-05,-1.081202126011107697e-05
-7.612672833034713274e-05,-1.111756967830812982e-05
-6.806538018018242658e-05,-8.335527556053965817e-06
-7.093349661055934968e-05,-1.111787825285214414e-05
-6.573728878599854365e-05,-5.551953971166586347e-06
-7.716986704560236765e-05,-1.007437385440246334e-05
-7.542453362435104784e-05,-8.335728436998504358e-06
-7.093336009238980510e-05,-5.553312037779904090e-06
-7.716975570211300752e-05,-6.597156934857546291e-06
-7.612659068220556347e-05,-5.553944313004903907e-06
-7.686421978149164560e-05,-5.859500134573277228e-06
