Size 192,2
-4.698148777120203311e-05,7.958744154967302734e-06
-4.715578632727451840e-05,7.538145031442503842e-06
-4.715579417349745057e-05,5.555039931969335478e-06
-4.698149347314163854e-05,5.134420695387323312e-06
-4.656074205345659946e-05,8.132929360437864659e-06
-4.577129324301081254e-05,6.546588814933331634e-06
-4.656073799011812761e-05,4.960224887587115516e-06
-4.359819359121163600e-05,8.130877089400481150e-06
-4.359812377169275621e-05,4.962109172816171430e-06
-4.196475585670235556e-05,6.546361599066842599e-06
-4.064331646440297227e-05,8.123881584245989755e-06
-4.064312275425642978e-05,4.968665448461840043e-06
-3.917054222518140036e-05,6.545913855741025342e-06
-3.770526464748528110e-05,8.112137236891675592e-06
-3.770544434806489311e-05,4.979600714391482942e-06
-3.624386307091136133e-05,6.545270868498181187e-06
-3.479239562912091660e-05,8.095393373210053184e-06
-3.479321396366880109e-05,4.994834838554188643e-06
-3.334697056553379430e-05,6.544465598943257284e-06
-3.191402031778047102e-05,8.073714199424483610e-06
-3.191497063219452576e-05,5.014153599411974931e-06
-3.048874304420311836e-05,6.543364165136803686e-06
-2.907885134536159028e-05,8.047795450321057316e-06
-2.907936932178286998e-05,5.037320132581343918e-06
-2.767751490264366095e-05,6.541990326163042046e-06
-2.629361399738458936e-05,8.019355549972810820e-06
-2.629353221924598006e-05,5.062783621021580522e-06
-2.491819121087017030e-05,6.540294468176649281e-06
-2.355978008503310523e-05,7.991596021583008256e-06
-2.355945038414441396e-05,5.086838223324603778e-06
-2.220891678354614449e-05,6.538217791466110569e-06
-2.087221832998119590e-05,7.967557491500624234e-06
-2.087172488023013127e-05,5.106581253642417762e-06
-1.954112365562325524e-05,6.535916343306736107e-06
-1.822041273229418819e-05,7.948567571638250133e-06
-1.821972878324526869e-05,5.120845788320159640e-06
-1.695642915722872407e-05,6.533438393763985421e-06
-1.569995019743081207e-05,7.934011954369247634e-06
-1.569909690268611464e-05,5.130801733746959715e-06
-1.475891291571639061e-05,6.640323736239659818e-06
-1.380377984839881237e-05,7.923538855439647845e-06
-1.380282389716716786e-05,5.137495743668767090e-06
-1.243107265224291526e-05,7.915419573921499228e-06
-1.269745338547887153e-05,7.003051304493478309e-06
-1.242985969238119627e-05,5.140922733791943162e-06
-1.143529843016513504e-05,5.145059594760902241e-06
1.932144221800642118e-06,5.313352768869241308e-07
1.970761086310165593e-06,4.383633818602111371e-07
1.970545962581453486e-06,9.249128185477623567e-08
1.932157152314792069e-06,1.005834993868394433e-09
-1.143586712912790255e-05,7.909716344305808377e-06
-1.053539805514376796e-05,7.853222645350343335e-06
-1.123320929471941761e-05,6.182373223266557294e-06
-1.053446668723114477e-05,5.071139753329069894e-06
1.839600399270015681e-06,5.698489964704189063e-07
1.746503210670352806e-06,1.906305725722529353e-07
1.840576284877414697e-06,-3.705001911255552507e-08
-1.024873005778771427e-05,7.000948869904364683e-06
-9.649369161835490152e-06,7.693863806163305766e-06
-8.790191339211478880e-06,7.436526949433104995e-06
-9.977698185309477751e-06,5.825140957456881689e-06
-9.665362364140463565e-06,4.845032590486913548e-06
1.212745337610412046e-06,5.808975083887585627e-07
1.212739195635985196e-06,-4.646302473044778726e-08
8.882581101042069835e-07,2.680167324271206958e-07
-7.970568122688424922e-06,7.082538770436152705e-06
-8.676318170246371283e-06,6.546105131381569679e-06
-8.973146902052905462e-06,5.423112432397432095e-06
-8.852923345584557617e-06,4.475529938057938471e-06
5.368642735102811223e-07,6.393245402272910622e-07
5.375451756543743635e-07,-1.011037064659751603e-07
1.388928647489215260e-07,2.703358250069891004e-07
-7.198406522720540566e-06,6.639920277903238157e-06
-6.486819578596984545e-06,6.115688737794980936e-06
-7.929603691423951222e-06,5.243950362238119847e-06
-8.121584224623381348e-06,3.974102227801042786e-06
-3.174765487813924792e-07,7.647535588574546866e-07
-3.166194910129584316e-07,-2.211685943775110401e-07
-6.666442588676115398e-06,5.301483726662218430e-06
-5.845034389685111656e-06,5.515337776748105612e-06
-6.967949639978573765e-06,4.376270841134899663e-06
-7.492587618041514602e-06,3.360665208588252805e-06
-8.177488142590085531e-07,2.733858510432874856e-07
-1.412443309891332241e-06,9.455520443003530090e-07
-1.410490123698376067e-06,-3.967588793328715841e-07
-5.276659359124125353e-06,4.849273698844426183e-06
-4.793779722634387529e-06,4.131262451618997278e-06
-4.399297234014670066e-06,3.364832609464419671e-06
-6.350004250440165901e-06,3.536931773190477302e-06
-6.983544789178257957e-06,2.657784835239064815e-06
-1.889039876173862466e-06,2.781153996891503906e-07
-2.474302079480086196e-06,1.123560419057434573e-06
-2.473241367293171357e-06,-5.766270859189563244e-07
-5.205523976779694793e-06,3.367203959696998204e-06
-4.094917574633739011e-06,2.561166389915746888e-06
-3.444052741807616874e-06,1.275092582619033132e-06
-3.731095677079030755e-06,1.423610351046847463e-06
-3.889711369423819980e-06,1.723142766942690904e-06
-5.915666067890301725e-06,2.552916857875686166e-06
-6.606920108238958899e-06,1.894070962034767223e-06
-2.999655668725962680e-06,4.039339618354593140e-07
-3.432144207809465012e-06,-7.055212444699560542e-07
-4.651721040255636191e-06,1.989348894384490140e-06
-3.743234988760309774e-06,8.289693483992983274e-07
-4.083414782208178878e-06,1.319601083248982630e-06
-5.597413962141354987e-06,1.655919172567582572e-06
-6.378225173997951268e-06,1.098777655556207904e-06
-3.749995255530832936e-06,-1.324480683451864974e-07
-3.699523514352816187e-06,-8.500963470613845892e-07
-4.814347768524232361e-06,6.419393725263001511e-07
-6.307481635570993108e-06,2.927890749324700828e-07
-6.420216903649337120e-06,-5.146374826925240057e-07
-4.312064277556481678e-06,-6.507930188607372608e-07
-3.851536043792970093e-06,-1.167304786868095296e-06
-4.031472824621758560e-06,-2.056657345533709000e-06
-5.598950154821844214e-06,-6.084584222203706860e-07
-4.315641266335902142e-06,-2.944821099694165250e-06
-6.707205641757427397e-06,-1.337078856542011762e-06
-4.824644014043580836e-06,-2.079476121536769696e-06
-6.022186525134081771e-06,-2.147670572552889504e-06
-4.720266651713957066e-06,-3.803550284719113992e-06
-7.164400090602710184e-06,-2.148871802677417428e-06
-6.811151670911700019e-06,-2.972861870918533024e-06
-5.947964409735020057e-06,-3.499377472597820952e-06
-5.231972777268790533e-06,-4.648016708522816107e-06
-5.870799018221198643e-06,-5.453701885446898752e-06
-7.797127036490939119e-06,-2.912067917172658366e-06
-7.356430132462496956e-06,-3.925934250648327821e-06
-6.832519956083355015e-06,-5.138780797481381894e-06
-6.607823532103793611e-06,-6.208516220519678334e-06
-8.583427694822048584e-06,-3.597823489376848839e-06
-8.351370231854275398e-06,-5.137104206728774151e-06
-7.456367052013637869e-06,-6.879366018706532118e-06
-8.412225077642687860e-06,-7.468272788233963311e-06
-9.447792666854002190e-06,-7.965174119228872769e-06
-9.525973610526722912e-06,-5.474186830436911360e-06
-9.514274041227311320e-06,-4.176853826276517914e-06
-9.289594453302702534e-06,-6.792458410431787207e-06
-1.056533254708537149e-05,-8.334281855300990525e-06
-1.174563283495932000e-05,-8.582464727035903231e-06
-1.048380059046880491e-05,-5.765706546168499783e-06
-1.057637614949063437e-05,-4.600746318404063030e-06
-1.296127154803384365e-05,-8.691431417905631803e-06
-1.158928882204244275e-05,-6.871243210965438203e-06
-1.173374754277108530e-05,-4.847282085394432192e-06
-1.322644531701768866e-05,-7.060765007250141563e-06
-1.434126741113463659e-05,-8.737493567299433610e-06
-1.294840686509907004e-05,-4.913569050069277998e-06
-1.627886019682886932e-05,-8.782754368995467493e-06
-1.473065037225324276e-05,-6.121752071840612308e-06
-1.433916023922793079e-05,-4.867038675511730669e-06
-1.903162423917936132e-05,-8.850094807743360019e-06
-1.765043252530133680e-05,-6.641800074643302611e-06
-1.628037979744921746e-05,-4.807757012201710169e-06
-2.278691176483176116e-05,-8.919203604339721230e-06
-2.088980548200137607e-05,-6.797905363307299143e-06
-1.903238238806750614e-05,-4.742411521179177410e-06
-2.681035367177293129e-05,-8.974485766279127467e-06
-2.478170167881143447e-05,-6.796837092537119857e-06
-2.278720854415230477e-05,-4.674761859234585285e-06
-3.092509619410901327e-05,-9.018801645676170187e-06
-2.885394945124570892e-05,-6.796350651643897168e-06
-2.681044486207003554e-05,-4.618533922751197030e-06
-3.511405426567736993e-05,-9.054992936182189498e-06
-3.300838055320835047e-05,-6.796031101075091885e-06
-3.092525321975724153e-05,-4.573400788133172231e-06
-3.936390129560547979e-05,-9.084953558708076910e-06
-3.722964420319668577e-05,-6.795902175656757552e-06
-3.511411602291348829e-05,-4.536870218006446652e-06
-4.366414339339368339e-05,-9.109613027305329039e-06
-4.150633422411570113e-05,-6.795837280686365128e-06
-3.936390739676472368e-05,-4.506802305713774322e-06
-4.800592746692126868e-05,-9.129878887164384317e-06
-4.582866677235640588e-05,-6.795805424132327293e-06
-4.366411514842823485e-05,-4.482042927986995826e-06
-5.238151209442773373e-05,-9.145720237844624819e-06
-5.018869053402192547e-05,-6.795815302036523253e-06
-4.800587264694681496e-05,-4.461754682342398600e-06
-5.678205441428634936e-05,-9.156726643034966489e-06
-5.457831702919267752e-05,-6.795953780776499955e-06
-5.238136178040334978e-05,-4.445985384466888584e-06
-6.624769602636436979e-05,-8.904023843777095969e-06
-6.561985409020364124e-05,-9.164046473515608619e-06
-5.875856431238185291e-05,-6.796076232120600765e-06
-6.119826732577893723e-05,-9.162646108579986458e-06
-5.678194842343609077e-05,-4.435206904160177280e-06
-6.650776199155604017e-05,-8.276239422533468676e-06
-6.502180164535845217e-05,-6.796334563347915143e-06
-6.119818988432914578e-05,-4.429691814129556520e-06
-6.650776235327304417e-05,-5.316449775108640732e-06
-6.561982659796060781e-05,-4.428601408112304991e-06
-6.624768889203206030e-05,-4.688638218423156302e-06
