Size 192,2
6.549269688830223525e-05,-1.021110106169906972e-05
6.571813996826704864e-05,-9.666919499551930312e-06
6.571852605857657922e-05,-7.101653249036751325e-06
6.549313476645583917e-05,-6.557502894059716688e-06
6.494846673253977173e-05,-1.043650200770137051e-05
6.392800414482776629e-05,-8.384348233274677831e-06
6.494897439726697672e-05,-6.332114562171574993e-06
6.111677807456930838e-05,-1.043612225326367295e-05
6.111749847645242116e-05,-6.332561575695615852e-06
5.900254409267485393e-05,-8.384226668661335253e-06
5.728713234634863130e-05,-1.043475152330886891e-05
5.728770278511853445e-05,-6.333530365845859320e-06
5.537337563058744599e-05,-8.384204875327841690e-06
5.346028840675786671e-05,-1.043368671706070996e-05
5.346038852340135109e-05,-6.334865140176438100e-06
5.154752877531363486e-05,-8.384138383669184738e-06
4.963497891887723977e-05,-1.043356527737706993e-05
4.963547420093169707e-05,-6.335083599312594153e-06
4.772256597005058510e-05,-8.384231026058997345e-06
4.580915593334685006e-05,-1.043471830368971376e-05
4.580987950614178562e-05,-6.333894803092867349e-06
4.389549672796262138e-05,-8.384198827105587105e-06
4.197960132499199638e-05,-1.043745391535105135e-05
4.198024890173869176e-05,-6.330525602923937725e-06
4.006273821746965370e-05,-8.383950744548822876e-06
3.814225235288889229e-05,-1.044246275273330602e-05
3.814275037005501338e-05,-6.324703408863147177e-06
3.621962429034392784e-05,-8.383582042382585673e-06
3.429262663958838029e-05,-1.044881536315170334e-05
3.429255291260530455e-05,-6.317319505756278856e-06
3.236244606154821884e-05,-8.383107719698591257e-06
3.042892882685536469e-05,-1.045422556433615581e-05
3.042818545997271758e-05,-6.311207824888902877e-06
2.849263507010652637e-05,-8.382685457138227612e-06
2.655595867959670175e-05,-1.045544453565003105e-05
2.655491756690312098e-05,-6.309656287823649179e-06
2.469680265294894319e-05,-8.382295620202540802e-06
2.284143017123157609e-05,-1.044982610761119805e-05
2.284051599392004464e-05,-6.315725377941260691e-06
2.145070163472835440e-05,-8.542974219602034555e-06
2.003754448298605329e-05,-1.043919014736343376e-05
2.003689746565671817e-05,-6.326714653718663016e-06
1.800886047500547220e-05,-1.042636388134775740e-05
1.840152465905864909e-05,-9.081092841182871812e-06
1.800782622748966312e-05,-6.336180795704619076e-06
1.654138135816084993e-05,-6.347616022510446513e-06
-2.755900561925031948e-06,2.966026300440217385e-07
-2.809761973155484960e-06,4.259011741449914396e-07
-2.809543584576701192e-06,9.083404383060711139e-07
-2.755918513274134037e-06,1.036244738475200308e-06
1.654053812174258444e-05,-1.041596520879861643e-05
1.521609366523878630e-05,-1.033046347758868620e-05
1.624148988292696807e-05,-7.874134284030458441e-06
1.521453785155951943e-05,-6.245321548547298453e-06
-2.627126598086064412e-06,2.432881144364128590e-07
-2.497139772321330471e-06,7.726149326630066535e-07
-2.627943936420034741e-06,1.089897667443141638e-06
1.479363005518966040e-05,-9.077370341335939613e-06
1.391570546757204630e-05,-1.009254071881775106e-05
1.265839757511787225e-05,-9.712983590416169295e-06
1.439572809854819903e-05,-7.353330897866600388e-06
1.393847864219086518e-05,-5.921505656649146729e-06
-1.753673963708662845e-06,2.307904290059366803e-07
-1.752386900421508862e-06,1.107498446152034432e-06
-1.299737117731343164e-06,6.701980383246397063e-07
1.146226024421207982e-05,-9.191972552832354502e-06
1.249073956523240462e-05,-8.409110038121184874e-06
1.292511411157147892e-05,-6.768323799315352587e-06
1.274931124159617024e-05,-5.389341598900962400e-06
-8.077363958533765930e-07,1.497476309554403331e-07
-8.073945611180686176e-07,1.192174869321426975e-06
-2.463361362589163528e-07,6.717127355312950560e-07
1.033771370355727016e-05,-8.544499487241086368e-06
9.304432954862080612e-06,-7.780171084969189703e-06
1.140224783067474469e-05,-6.509668781276281662e-06
1.168160678833360282e-05,-4.664848883895120890e-06
3.992693263054844885e-07,-2.885785982141925735e-08
3.998159135063529477e-07,1.373923124477788323e-06
9.565653606400314766e-06,-6.594922045249747224e-06
8.373873241920674215e-06,-6.905969171020390316e-06
1.000376076842342227e-05,-5.251237464005695624e-06
1.076560535698416615e-05,-3.778756388926166487e-06
1.112877047933660097e-06,6.731258056624030276e-07
1.963328395034117316e-06,-2.884217037880905927e-07
1.962482175578769231e-06,1.638022400870781816e-06
7.550372687718060618e-06,-5.938959259960034695e-06
6.851839747204479324e-06,-4.898966399759801048e-06
6.280861470539851016e-06,-3.789073353350731006e-06
9.107665578780506477e-06,-4.036138238436794770e-06
1.002603053937354761e-05,-2.763826773514895805e-06
2.647786621032995261e-06,6.716475374600842836e-07
3.490312614073553460e-06,-5.458300825280554711e-07
3.490515376795314551e-06,1.907592802104219884e-06
7.448654457542725991e-06,-3.792012960427457582e-06
5.839834701094677917e-06,-2.626831856415323475e-06
4.893040149389343191e-06,-7.663410720441475585e-07
5.309914585729204359e-06,-9.815400112347014213e-07
5.540952044586385741e-06,-1.414811945295356381e-06
8.478327808531032768e-06,-2.613554310970329939e-06
9.480019774425346723e-06,-1.660725649340467237e-06
4.248680105493245723e-06,4.940432553357218767e-07
4.873577035519874134e-06,2.101474612124147010e-06
6.646008438672450024e-06,-1.799836790256427953e-06
5.326295853912026878e-06,-1.208234655897654189e-07
5.821037218123292373e-06,-8.311284795583109079e-07
8.017280545866348190e-06,-1.317345161388370215e-06
9.150273373344950943e-06,-5.111487533486609931e-07
5.333784016879144082e-06,1.272345674475171043e-06
5.258372627400800998e-06,2.313724499390439847e-06
6.880920176072940521e-06,1.493026420598109770e-07
9.049944135760107955e-06,6.562657731038170221e-07
9.218840339288223760e-06,1.829162633234512795e-06
6.148196329248321666e-06,2.025170535047884100e-06
5.476951190895992729e-06,2.778331811994632702e-06
5.733534631045721337e-06,4.080049492015219773e-06
8.021862799844436430e-06,1.963777372111531603e-06
6.143240578830044354e-06,5.383178885407709924e-06
9.642625378963123217e-06,3.027510121665213512e-06
6.890725333713943994e-06,4.112191142822237373e-06
8.641399154075190344e-06,4.212521388255975881e-06
6.731894645717644250e-06,6.644740825788355861e-06
1.031676717880555226e-05,4.214450446921821800e-06
9.799456693094186964e-06,5.423108811278738739e-06
8.531481995964504967e-06,6.196949175516447944e-06
7.478723789730619143e-06,7.888810761165807690e-06
8.415446735422227873e-06,9.078420214915593523e-06
1.125100766176996575e-05,5.332789240996988205e-06
1.060201387876455654e-05,6.825104344529563064e-06
9.829736480667391099e-06,8.614231984287512226e-06
9.498113395946916927e-06,1.019637332681473084e-05
1.241307673730695330e-05,6.339550172259482960e-06
1.206999506602598882e-05,8.612685598652933009e-06
1.074804599574299393e-05,1.119148755171057230e-05
1.216005760032457559e-05,1.206800717497938978e-05
1.369301382552523548e-05,1.281186747133495616e-05
1.380825984169096195e-05,9.111499029336048993e-06
1.379116085901098918e-05,7.191315839342150108e-06
1.345695364256282231e-05,1.106733268818037894e-05
1.535109237120838518e-05,1.336626344874226493e-05
1.710813796477671123e-05,1.374359763089003267e-05
1.522873434071024648e-05,9.543181933044514928e-06
1.536740784616052747e-05,7.813743233040942881e-06
1.892012053484462618e-05,1.391384727528483447e-05
1.687146476894046433e-05,1.118909133085951381e-05
1.708868479716086784e-05,8.172602580368466897e-06
1.931424081239892362e-05,1.147406741980478596e-05
2.098560452033326995e-05,1.399352669800137136e-05
1.889862549605076855e-05,8.265210979388024301e-06
2.389482844681306139e-05,1.407422363280153461e-05
2.156483923469643853e-05,1.006666742123393101e-05
2.098109655218603379e-05,8.186710385158984469e-06
2.805710089548889960e-05,1.419929050190073388e-05
2.596151217746792215e-05,1.084787792136263661e-05
2.389692441898076856e-05,8.082925920186898820e-06
3.378478161450513412e-05,1.433424374607696225e-05
3.088250313835345635e-05,1.108485428161825191e-05
2.805773186024881831e-05,7.962911168621286266e-06
3.997434758124708966e-05,1.444636455289694228e-05
3.684493504228278626e-05,1.108423344180618158e-05
3.378484127965206206e-05,7.833424346105864134e-06
4.635045687205082679e-05,1.453650251352784529e-05
4.313414749528676734e-05,1.108442298484938226e-05
3.997408355109526918e-05,7.722078295518468736e-06
5.287427654658644142e-05,1.460537730850352405e-05
4.959086635319342003e-05,1.108451302438930158e-05
4.635039492741213152e-05,7.632261420501327450e-06
5.950666763832720751e-05,1.465412425021667325e-05
5.617545510475194931e-05,1.108449339960059105e-05
5.287436162477111883e-05,7.563522308547454879e-06
6.621144904711571478e-05,1.468534043007736475e-05
6.284963404057014916e-05,1.108445642549249305e-05
5.950681672261574163e-05,7.514883452747352778e-06
7.295851148852880658e-05,1.470279281279699600e-05
6.957981055275575259e-05,1.108450711401816261e-05
6.621139420264004702e-05,7.483752173680471829e-06
7.972588029858142505e-05,1.471078867286622103e-05
7.633993832957494425e-05,1.108473013876987989e-05
7.295823163732102041e-05,7.466424754057572834e-06
8.650097508672303698e-05,1.471410614680865000e-05
8.311257043187233746e-05,1.108488895755898163e-05
7.972559471949625153e-05,7.458667984150451008e-06
1.010195253705831951e-04,1.431684753023477479e-05
1.000568521992274376e-04,1.471559284144784914e-05
8.953674726236879561e-05,1.108496798100000292e-05
9.327867902029835965e-05,1.471538259653669758e-05
8.650093307458153638e-05,7.455566118181454306e-06
1.014182811131494790e-04,1.335418720733175554e-05
9.914035171243092430e-05,1.108514856450448557e-05
9.327867063241240635e-05,7.454705741910375272e-06
1.014183580140100906e-04,8.816080160476118271e-06
1.000569104854995679e-04,7.454633741414467681e-06
1.010196004797076137e-04,7.853391649836150845e-06
