Size 192,2
-1.262423323960545169e-04,1.732581144839475231e-05
-1.267395874466822620e-04,1.612544686373250231e-05
-1.267393909865099672e-04,1.046661269656166943e-05
-1.262421051393500140e-04,9.266215264780812546e-06
-1.250418748027970397e-04,1.782299703746574151e-05
-1.227899548236071627e-04,1.329600221737470042e-05
-1.250415994787852680e-04,8.769015686945415576e-06
-1.165893088778153380e-04,1.782148958408356137e-05
-1.165888684367639234e-04,8.770489696565546988e-06
-1.119241160819665161e-04,1.329603274659404225e-05
-1.081422950169520661e-04,1.781564334504986245e-05
-1.081420355645722924e-04,8.776394422634956055e-06
-1.039227130469782862e-04,1.329600981901304557e-05
-9.971032427159342898e-05,1.780420274536636445e-05
-9.971026603778481172e-05,8.787767100280644505e-06
-9.550165720913047953e-05,1.329631956339773278e-05
-9.130495730278477800e-05,1.778521009234640616e-05
-9.130435683202796100e-05,8.807296850577892198e-06
-8.711444428006336093e-05,1.329657212875218008e-05
-8.294316972246710044e-05,1.775529026573142546e-05
-8.294221578072018914e-05,8.838060368297079384e-06
-7.878194092628192048e-05,1.329678548641405890e-05
-7.464979214986500015e-05,1.771013665068393064e-05
-7.464884541575078647e-05,8.883921952197236478e-06
-7.053307358461585535e-05,1.329695068411908199e-05
-6.645664775012853447e-05,1.764675133210323577e-05
-6.645597478056078063e-05,8.947574564201269588e-06
-6.240208259830238723e-05,1.329698570301820384e-05
-5.839909996127189314e-05,1.756453733903204766e-05
-5.839874116416285843e-05,9.029762718697889926e-06
-5.442433834956478895e-05,1.329682273722645183e-05
-5.051216765120550658e-05,1.746352057596970995e-05
-5.051245297599198211e-05,9.130384313293534210e-06
-4.663423675424981199e-05,1.329654489029505935e-05
-4.282986686369377532e-05,1.734224888926326838e-05
-4.283039677295386293e-05,9.251353812288642370e-06
-3.921603502583281863e-05,1.329545772989909783e-05
-3.568489395587374211e-05,1.720149824811193791e-05
-3.568447112627052279e-05,9.396744198938306454e-06
-3.306067579599191928e-05,1.359266435144394549e-05
-3.046491743309333999e-05,1.706827562237588146e-05
-3.046119799939022457e-05,9.534036509978255174e-06
-2.679431475671412925e-05,1.694959084624809376e-05
-2.747418262675671273e-05,1.455620772770271065e-05
-2.678781952433730427e-05,9.623119171234659054e-06
-2.419150808119605207e-05,9.719558344038990366e-06
3.539186151976139598e-06,4.928116784949199507e-07
3.609455860588892768e-06,3.237830742150703858e-07
3.609075298695456678e-06,-3.056649679128439832e-07
3.539176103014379400e-06,-4.722979924608054935e-07
-2.418283767114578952e-05,1.686511959052341619e-05
-2.188812687331641264e-05,1.665709770638184423e-05
-2.363403669846411321e-05,1.240464903653931117e-05
-2.185976963344619215e-05,9.620940731019695337e-06
3.370919451410407083e-06,5.627222297210773330e-07
3.201468050289662935e-06,-1.276460396324085490e-07
3.372406139576427127e-06,-5.418585101163407208e-07
-2.113782062415028200e-05,1.447088281835134921e-05
-1.966911789016667465e-05,1.617540383961206031e-05
-1.757439662724706212e-05,1.548104100798913869e-05
-2.044900104560359619e-05,1.153105276900637530e-05
-1.968127779295796191e-05,9.162545787414176364e-06
2.230615782735790572e-06,5.814937047616500050e-07
2.229813780975859704e-06,-5.619075634315361628e-07
1.638824414513536731e-06,9.855697236965353406e-09
-1.563445524366106638e-05,1.454698966257274568e-05
-1.727736727974406715e-05,1.328123816980086273e-05
-1.799242393264830026e-05,1.057835241601835223e-05
-1.769388281323240332e-05,8.378880802272772529e-06
9.973990559868118437e-07,6.880664504026787019e-07
9.977479631047754543e-07,-6.675981559585933803e-07
2.676983770473820011e-07,1.059879566579868286e-08
-1.384453001917653598e-05,1.344093594103418473e-05
-1.225541453119275325e-05,1.218164395092857845e-05
-1.551998349908824900e-05,1.017026641839199055e-05
-1.594673029285654207e-05,7.294371598357940542e-06
-5.700685813388037652e-07,9.183820759950043672e-07
-5.699168710333684816e-07,-8.964394338892735341e-07
-1.266076781895932317e-05,1.029176384158932306e-05
-1.087190559065046221e-05,1.076566313313264377e-05
-1.332606904926950729e-05,8.216851305668513889e-06
-1.447685134280975941e-05,5.996266942146521688e-06
-1.492683307556516345e-06,1.165380270395077968e-08
-2.590231083531203993e-06,1.251029998748899038e-06
-2.588004055991973869e-06,-1.229421681547515125e-06
-9.668201361953188402e-06,9.247665710679313554e-06
-8.703457412372663863e-06,7.685617222223070947e-06
-7.960245143509373848e-06,6.047371480137956887e-06
-1.198123404769603164e-05,6.391206990977154202e-06
-1.330821741951862440e-05,4.552089907324447421e-06
-3.471585430186519426e-06,1.638408236671959521e-08
-4.553314924391464345e-06,1.577758756046830177e-06
-4.553945670294951696e-06,-1.569818995196163902e-06
-9.584687565558744861e-06,6.037011249534251218e-06
-7.405972803826964652e-06,4.387690117530159594e-06
-6.324439440100878963e-06,1.854337573412709184e-06
-6.832103508091090565e-06,2.134716510055669162e-06
-7.092598460524135089e-06,2.712351570875752383e-06
-1.105199977252563121e-05,4.344149260024030339e-06
-1.243699611539470220e-05,3.029899787067469736e-06
-5.524816050599454125e-06,2.470084643290720085e-07
-6.356221814012390350e-06,-1.817763164355094829e-06
-8.534231706391049691e-06,3.220274163266910971e-06
-6.879789339941427301e-06,1.022130497792190434e-06
-7.483038453475553748e-06,1.936269680498204997e-06
-1.039956944904985801e-05,2.561196343802911961e-06
-1.188595191986786061e-05,1.498706450961797697e-06
-6.937236154150582882e-06,-7.629406737402068268e-07
-6.879182396721104788e-06,-2.084740510630295337e-06
-8.885146552424728740e-06,6.306456543429719619e-07
-1.168485239445185357e-05,-1.566032750336401396e-08
-1.179296854025839440e-05,-1.487823370774336808e-06
-8.004760638833506405e-06,-1.733881685556123488e-06
-7.187287138944533560e-06,-2.650449051212548749e-06
-7.570292316757758895e-06,-4.198655960785344008e-06
-1.032589953567108917e-05,-1.684870064183460341e-06
-8.131020342855611746e-06,-5.683880303941236702e-06
-1.221391199630203328e-05,-2.968578047744636755e-06
-8.973089136163372418e-06,-4.257395575106547251e-06
-1.102469993483895443e-05,-4.373175946235213955e-06
-8.859878678598302171e-06,-7.094748688825226538e-06
-1.290770263346726977e-05,-4.375003530462047507e-06
-1.230551832596930009e-05,-5.751464460429880389e-06
-1.090493727638649403e-05,-6.609124278764169558e-06
-9.748280301887703999e-06,-8.428806248607317002e-06
-1.079743428877845380e-05,-9.664547985886972527e-06
-1.385784400960764576e-05,-5.666115630063950141e-06
-1.315700422911238049e-05,-7.285488437961864615e-06
-1.233475217752698716e-05,-9.171622289261308240e-06
-1.198513614171920842e-05,-1.078586599468790725e-05
-1.503161906452689760e-05,-6.793425922086156646e-06
-1.467117142914958162e-05,-9.157641654305908392e-06
-1.330643662774468614e-05,-1.176725663185219211e-05
-1.474748211056528051e-05,-1.260095590731375833e-05
-1.628276176874314817e-05,-1.327524244467084648e-05
-1.641113904034235933e-05,-9.662621242195361593e-06
-1.640051709788449257e-05,-7.718437535599727251e-06
-1.606622494915815565e-05,-1.159573899279140722e-05
-1.789954499862586530e-05,-1.376770522022175852e-05
-1.957481462342537272e-05,-1.407747627028912623e-05
-1.780019630124658514e-05,-1.009615857484460691e-05
-1.792993517404001380e-05,-8.398559446555975487e-06
-2.128129366334846539e-05,-1.419345199198264096e-05
-1.937676338806539294e-05,-1.167542209351755878e-05
-1.957197093005278728e-05,-8.808870900856743711e-06
-2.165726529068130187e-05,-1.193291275700509843e-05
-2.317895126174523445e-05,-1.421533563286695999e-05
-2.127527946722638098e-05,-8.939156458458048443e-06
-2.580815472887810442e-05,-1.423680076043110336e-05
-2.372459417302822120e-05,-1.064294866414235799e-05
-2.317803646020394982e-05,-8.917284357578463420e-06
-2.946370535657590449e-05,-1.426860776331006272e-05
-2.764607633848868785e-05,-1.135509349410974777e-05
-2.580901724602177618e-05,-8.889443306283660468e-06
-3.434528604092652426e-05,-1.430024053986189720e-05
-3.189565207720519875e-05,-1.156476580228000627e-05
-2.946418189850910077e-05,-8.859072052988486884e-06
-3.948033538441867742e-05,-1.432249122039628649e-05
-3.690600840056651292e-05,-1.156470668398096939e-05
-3.434544068118021762e-05,-8.828866682226644338e-06
-4.464717185743560525e-05,-1.433493036149235154e-05
-4.205992920369623780e-05,-1.156488656639903446e-05
-3.948036746510657607e-05,-8.806984377517233147e-06
-4.982764504786813599e-05,-1.433797759626853594e-05
-4.723660948623745307e-05,-1.156501298220616115e-05
-4.464716176349602540e-05,-8.794902025555173663e-06
-5.500485893020996749e-05,-1.433354847483020615e-05
-5.241791295866675789e-05,-1.156506530025922379e-05
-4.982763382874812229e-05,-8.792074623547768605e-06
-6.016702527326055726e-05,-1.432423682808723357e-05
-5.758909988481314884e-05,-1.156513635342653411e-05
-5.500480433689992449e-05,-8.796706614432500581e-06
-6.530835608527519036e-05,-1.431301148105684994e-05
-6.274148121765474176e-05,-1.156507586065270381e-05
-6.016714931849372858e-05,-8.805996212177351199e-06
-7.042806313234380524e-05,-1.430258916927258120e-05
-6.787172966073087149e-05,-1.156498204264910093e-05
-6.530860141863238969e-05,-8.817026922621801452e-06
-7.552993663106859061e-05,-1.429479460135453678e-05
-7.298154035785658889e-05,-1.156490654642842486e-05
-7.042827098324395214e-05,-8.827228167890296167e-06
-8.642833134881780217e-05,-1.399031560407695884e-05
-8.570588256030156735e-05,-1.428958335211098600e-05
-7.781124913875651797e-05,-1.156501111558114592e-05
-8.062009866123607919e-05,-1.429046075760854030e-05
-7.552991166461195415e-05,-8.835131721703930641e-06
-8.672757605474777859e-05,-1.326783453452189804e-05
-8.501830706555315166e-05,-1.156502247558003686e-05
-8.062006846582886943e-05,-8.839573573415638848e-06
-8.672756310372727354e-05,-9.862214304547548780e-06
-8.570586128341385851e-05,-8.840459157951867109e-06
-8.642831544562028787e-05,-9.139728796504380788e-06
