Size 192,2
-7.519569167461153487e-05,1.047787787989210865e-05
-7.548267983491146267e-05,9.785052197953831782e-06
-7.548294144083091204e-05,6.519034636857819526e-06
-7.519599192283592986e-05,5.826267716664835113e-06
-7.450285506877934441e-05,1.076485532934931141e-05
-7.320359799593007389e-05,8.152139404838878192e-06
-7.450321959509144756e-05,5.539321380070498238e-06
-6.962483397761616935e-05,1.076501660251817932e-05
-6.962539298632365700e-05,5.539774430736692172e-06
-6.693199413580286708e-05,8.152524636380719587e-06
-6.474625086987089047e-05,1.076511700658207059e-05
-6.474721776627732298e-05,5.540594740881570636e-06
-6.230795820932189108e-05,8.153229646379054336e-06
-5.986936281985120171e-05,1.076353549891578425e-05
-5.987035387743125890e-05,5.543733076714446125e-06
-5.743311968761887599e-05,8.154142895511711083e-06
-5.499906698022380311e-05,1.075788315935910761e-05
-5.500015287697007085e-05,5.551401518997938339e-06
-5.256937660352401198e-05,8.155303785069808374e-06
-5.014593848468233656e-05,1.074640159122563485e-05
-5.014683237672104061e-05,5.565383483222231394e-06
-4.772875758443018748e-05,8.156477645091540410e-06
-4.532270301678363984e-05,1.072737165809901507e-05
-4.532363031710169457e-05,5.586754609039341728e-06
-4.292522975651231793e-05,8.157743343006993998e-06
-4.054464625983954424e-05,1.069954848233620613e-05
-4.054523080580554444e-05,5.617034004587308788e-06
-3.817499690321704445e-05,8.159000321306342107e-06
-3.582894511566039219e-05,1.066181153672522586e-05
-3.582913385074611861e-05,5.657341159837012484e-06
-3.349693381950446256e-05,8.160142573288534337e-06
-3.119614005630339177e-05,1.061241265139249185e-05
-3.119639925716942371e-05,5.709173138157125541e-06
-2.891290359401513637e-05,8.161186924690815822e-06
-2.666836662146304608e-05,1.055023237396318131e-05
-2.666890493807155954e-05,5.773735267420469287e-06
-2.453437736455965726e-05,8.161816923165353556e-06
-2.244427656638900274e-05,1.047715862055648165e-05
-2.244450041451308769e-05,5.851326154721601765e-06
-2.089016403083884688e-05,8.339692237029285810e-06
-1.934647726772614439e-05,1.040944017822768550e-05
-1.934512189548916744e-05,5.922788441666934434e-06
-1.715746011523363869e-05,1.035139829415657876e-05
-1.756716805082367692e-05,8.917195527765683390e-06
-1.715507732670124290e-05,5.967709059598201337e-06
-1.559936310127291314e-05,6.014802028382526582e-06
2.413653970389562276e-06,-1.981014324114857870e-08
2.461580877804298284e-06,-1.349518510744495293e-07
2.461325854723206497e-06,-5.644708625475264662e-07
2.413595810991428673e-06,-6.782971606753040055e-07
-1.559443987374088981e-05,1.031127129101776228e-05
-1.421124003667007543e-05,1.019629810770159667e-05
-1.526916661733595168e-05,7.629009544568530241e-06
-1.419945800257622727e-05,5.942421282519519156e-06
2.298986222228308124e-06,2.772188541568531464e-08
2.183145476302922816e-06,-4.434208387910617565e-07
2.299688365657279163e-06,-7.259855259697766214e-07
-1.376226477990459536e-05,8.880040735338870525e-06
-1.286669827497219167e-05,9.918838844898027394e-06
-1.158792206663180595e-05,9.507791656477423408e-06
-1.334760100453174330e-05,7.097211152407031736e-06
-1.288083240286881355e-05,5.646983628639273345e-06
1.521091589736385686e-06,3.858214060657526147e-08
1.519827761023342801e-06,-7.415438280256802101e-07
1.117140845743454481e-06,-3.528264916719215314e-07
-1.039178184289214101e-05,8.951560118174145254e-06
-1.141054396846342241e-05,8.169723557474875160e-06
-1.184968804494544680e-05,6.511464566088274215e-06
-1.166931359624217773e-05,5.146781359938538168e-06
6.802563615652970432e-07,1.081401476346521195e-07
6.794636599658894666e-07,-8.165757672444691878e-07
1.820773068531256235e-07,-3.557727215560551460e-07
-9.280720131116738296e-06,8.282516011453626439e-06
-8.280785569522662571e-06,7.510714282899517512e-06
-1.032623404702501867e-05,6.258072569003265500e-06
-1.059630200562032040e-05,4.457498508064168866e-06
-3.888551644002840370e-07,2.617483494890360249e-07
-3.899606323752405145e-07,-9.768173069949174911e-07
-8.535273050670661745e-06,6.337645616366665721e-06
-7.397864041715291622e-06,6.637320498445084042e-06
-8.956711426476986158e-06,5.033597435780979288e-06
-9.686994717003707424e-06,3.624523202964207543e-06
-1.019178318337821341e-06,-3.590905629389587283e-07
-1.767782773214621121e-06,4.849963273647566655e-07
-1.767719774616900849e-06,-1.208609499791506765e-06
-6.624237314145206515e-06,5.689901545149869280e-06
-5.988792832478710401e-06,4.697138202397088809e-06
-5.485964879793390186e-06,3.648239439043909857e-06
-8.101840754521067890e-06,3.873752148211482665e-06
-8.959586234149132417e-06,2.685529010620465976e-06
-2.370341622114739072e-06,-3.597963949138716035e-07
-3.108624672746977081e-06,7.052372342338584968e-07
-3.110085121349234445e-06,-1.444252060129950352e-06
-6.553011757426216776e-06,3.645547907378842587e-06
-5.104821358402134394e-06,2.570514118116432265e-06
-4.326450874461269036e-06,8.924154967793749334e-07
-4.680913899206304258e-06,1.081123136623322416e-06
-4.869489779055123219e-06,1.467254482230547087e-06
-7.506984050826457490e-06,2.548840971758762506e-06
-8.419432994380955882e-06,1.681995788253847007e-06
-3.773180725449848609e-06,-2.057107381387838444e-07
-4.331979180280215922e-06,-1.614791029430289716e-06
-5.843919756397461902e-06,1.808605523125266385e-06
-4.705548192627006397e-06,3.256509538201949966e-07
-5.125799827764449374e-06,9.470179220230769876e-07
-7.081587308308490466e-06,1.371471947820257713e-06
-8.083768838063863998e-06,6.557892492657706692e-07
-4.730792804880900110e-06,-8.925792017392815447e-07
-4.680414738980438944e-06,-1.798997944453773134e-06
-6.067770172567846189e-06,7.098102215310876815e-08
-7.968945553237444108e-06,-3.722091469451387333e-07
-8.073719244861955359e-06,-1.386990712198676233e-06
-5.452125057333729725e-06,-1.554685768244885439e-06
-4.882960741198455881e-06,-2.194156406122690751e-06
-5.130529742591895553e-06,-3.285016187113476848e-06
-7.055352576942703787e-06,-1.514455372747855941e-06
-5.505483659521747911e-06,-4.346893367574889752e-06
-8.393362966305073836e-06,-2.415436689456096102e-06
-6.109172910450259082e-06,-3.321315823265176985e-06
-7.557959906850701796e-06,-3.405846469749670292e-06
-6.011944262088087861e-06,-5.363244368393185670e-06
-8.908785871203875152e-06,-3.408985550168835887e-06
-8.482569252350939893e-06,-4.393818125081858714e-06
-7.473106186003918231e-06,-5.011276842184705960e-06
-6.637709365699639874e-06,-6.336583519907792805e-06
-7.392276417514835774e-06,-7.247663714700213718e-06
-9.614463274925339018e-06,-4.330557455500704919e-06
-9.106043118043341471e-06,-5.506916939616167647e-06
-8.507323908931589457e-06,-6.888285248171663544e-06
-8.251756986225252272e-06,-8.081638329040354625e-06
-1.048567345366688215e-05,-5.144370188330457299e-06
-1.022289339924460816e-05,-6.883166909580503592e-06
-9.219060418093839976e-06,-8.815004799550227129e-06
-1.028367167597532473e-05,-9.443742873727892559e-06
-1.142291088243466324e-05,-9.958158472602328441e-06
-1.151482197877504548e-05,-7.259000707856869965e-06
-1.150489565851325441e-05,-5.818990941122419727e-06
-1.125836306434696621e-05,-8.698866429277408302e-06
-1.263072734643911620e-05,-1.033598951269541816e-05
-1.388872163595542895e-05,-1.057892758552361719e-05
-1.255201941423002256e-05,-7.582058006019065156e-06
-1.264938530808651852e-05,-6.315362569332765980e-06
-1.517383705397395569e-05,-1.067578315180122361e-05
-1.373453153812086844e-05,-8.768086668997739891e-06
-1.388257324474632560e-05,-6.612859510769490164e-06
-1.545549105119522703e-05,-8.965831098641897378e-06
-1.661170799173595432e-05,-1.070402202810010934e-05
-1.516557501783246357e-05,-6.704591023783083108e-06
-1.861257852266888849e-05,-1.073353938442629427e-05
-1.702143389242143776e-05,-7.988669708753980527e-06
-1.660905924975993405e-05,-6.679728302384659830e-06
-2.141906168401182370e-05,-1.078022514427024531e-05
-2.001716261338740764e-05,-8.532630069791132974e-06
-1.861223050963041009e-05,-6.646269637587905322e-06
-2.520825508184106615e-05,-1.083298501613938620e-05
-2.329899181403780243e-05,-8.696227927313109158e-06
-2.141843620220694754e-05,-6.606429676988852144e-06
-2.924019178829070453e-05,-1.087926592584218042e-05
-2.721047632564550705e-05,-8.699130072183747803e-06
-2.520736681797237059e-05,-6.561876226787387177e-06
-3.334609272950869849e-05,-1.091953095578989207e-05
-3.128106283196698613e-05,-8.702203313983208671e-06
-2.923925664473181233e-05,-6.522101836541805557e-06
-3.751646315418144105e-05,-1.095464970757118238e-05
-3.542073464782896950e-05,-8.705198388768731289e-06
-3.334517463153487300e-05,-6.487933057214820387e-06
-4.174238559686979037e-05,-1.098487908293889430e-05
-3.962029094399536686e-05,-8.708161978314858922e-06
-3.751545044381050223e-05,-6.458777340462272746e-06
-4.601469419301636773e-05,-1.100941064715425674e-05
-4.387118744096207818e-05,-8.711078781240500095e-06
-4.174138681984555614e-05,-6.434346372709244863e-06
-5.032150902631132399e-05,-1.102746290581745232e-05
-4.816289860663309141e-05,-8.713934183510210855e-06
-4.601371993590859234e-05,-6.415587098639760205e-06
-5.465123322552219669e-05,-1.103944212339576105e-05
-5.248309342179563458e-05,-8.716382425641116039e-06
-5.032080018814478215e-05,-6.402813406070499881e-06
-5.899364154115767714e-05,-1.104617490570658401e-05
-5.682075141519213449e-05,-8.718391190213775711e-06
-5.465064092690385559e-05,-6.395400783719754158e-06
-6.830784991404678305e-05,-1.079404074019003893e-05
-6.769029860379676983e-05,-1.104983320558756529e-05
-6.094058673972665860e-05,-8.719787961962045396e-06
-6.334157695535792192e-05,-1.104914149373586185e-05
-5.899317429654245211e-05,-6.392218009082811842e-06
-6.856364760446008943e-05,-1.017649584782674203e-05
-6.710221020995959628e-05,-8.720801544336364506e-06
-6.334131607495028626e-05,-6.391474554025094562e-06
-6.856360094006677913e-05,-7.265160292212950728e-06
-6.769017847686051238e-05,-6.391723244346441741e-06
-6.830778122071807493e-05,-6.647550496849040088e-06
