Size 192,2
-1.405857683022100298e-04,1.969624818118801565e-05
-1.411504648407962417e-04,1.833308394691285235e-05
-1.411504343840653544e-04,1.190654866954443519e-05
-1.405857296364092170e-04,1.054335972616567493e-05
-1.392224997156737238e-04,2.026086680957820888e-05
-1.366650963692060791e-04,1.511980159851529645e-05
-1.392224422281618755e-04,9.978728293777360141e-06
-1.296229358685550696e-04,2.025910847540262786e-05
-1.296227505002029725e-04,9.980243343220403864e-06
-1.243244191338636407e-04,1.511954499900332641e-05
-1.200291750242526718e-04,2.025065150924468675e-05
-1.200287814742261066e-04,9.987843395371220957e-06
-1.152379854591164036e-04,1.511893003414174217e-05
-1.104578206365188387e-04,2.023127823424158500e-05
-1.104572240672627398e-04,1.000558812857893399e-05
-1.056848035803755674e-04,1.511795109636289219e-05
-1.009319232372317410e-04,2.019757210002513610e-05
-1.009311679523287479e-04,1.003711519513169516e-05
-9.619119036729321926e-05,1.511681762162757869e-05
-9.148110287749051679e-05,2.014745397047681635e-05
-9.148019214137363784e-05,1.008470785547784813e-05
-8.678822816124270314e-05,1.511550159385135420e-05
-8.213717669046711090e-05,2.008031072019896780e-05
-8.213595056126088770e-05,1.014923694629624145e-05
-7.750802433837406641e-05,1.511398101345612396e-05
-7.293182657160469701e-05,1.999581984805925085e-05
-7.293072341443917301e-05,1.023097429693939840e-05
-6.838243723486381732e-05,1.511244007525815800e-05
-6.389678141460865084e-05,1.989341434216435289e-05
-6.389624439110979293e-05,1.033047526158886362e-05
-5.944393969164764844e-05,1.511086844912231561e-05
-5.506673034785762854e-05,1.977041761243313495e-05
-5.506680787295489154e-05,1.045004522501673986e-05
-5.072945562035272038e-05,1.510914768539968856e-05
-4.648229756368354564e-05,1.962194246523733641e-05
-4.648192791905454615e-05,1.059494436215867359e-05
-4.245041145138030625e-05,1.510600910978974111e-05
-3.852099385214527915e-05,1.944810206682626440e-05
-3.851946005817063139e-05,1.077093332278732648e-05
-3.560274049000285428e-05,1.543389467477056080e-05
-3.272677513390934758e-05,1.928361370103225158e-05
-3.272146117154585079e-05,1.093739455960336692e-05
-2.866685565940600334e-05,1.913845782449292502e-05
-2.941450753086305645e-05,1.649673935547914250e-05
-2.865862394648169639e-05,1.104462488108487782e-05
-2.579476420629324524e-05,1.116014074631292477e-05
3.652592820237006785e-06,1.381577364776244161e-06
3.725422933539896698e-06,1.206070996170124462e-06
3.724910722145270643e-06,5.536161974714533228e-07
3.652506012957279335e-06,3.811308932610955062e-07
-2.578478322270984531e-05,1.903567898586572106e-05
-2.326012441331171555e-05,1.879802963458843885e-05
-2.517661166544217738e-05,1.411992686702622441e-05
-2.322481956386963337e-05,1.106114598692015690e-05
3.477951815994298312e-06,1.454369787159792541e-06
3.302474295285628159e-06,7.390278357763542969e-07
3.479829030156705093e-06,3.094416917994864368e-07
-2.243197584080413088e-05,1.639019034079275286e-05
-2.082325135321164833e-05,1.825797743326070755e-05
-1.852955206356246871e-05,1.748792893550786182e-05
-2.167367419341089440e-05,1.316128769984687968e-05
-2.083164760240759336e-05,1.056959282705090744e-05
2.295640304003876630e-06,1.475776329086920319e-06
2.295389133288557384e-06,2.908199784230694842e-07
1.682520341959324502e-06,8.841827045716698239e-07
-1.641343613421564299e-05,1.645460108264214783e-05
-1.820142651886226236e-05,1.507500892427106013e-05
-1.898235416400616884e-05,1.211994784949995530e-05
-1.865371988965851757e-05,9.725819595510046977e-06
1.017873576937723385e-06,1.586874737689838402e-06
1.018558919841738389e-06,1.836067755143522492e-07
2.627849827796982694e-07,8.862469585653182210e-07
-1.446597986661425441e-05,1.523793452189665342e-05
-1.274649875548643630e-05,1.385953341340492326e-05
-1.628415883852032457e-05,1.167499577042236846e-05
-1.674374567015032310e-05,8.556511163169897965e-06
-6.037040035373965080e-07,1.824926555404280111e-06
-6.032366523830049776e-07,-5.053066076123164814e-08
-1.318514225990120098e-05,1.180267466507052099e-05
-1.125963361116397351e-05,1.231368503830041854e-05
-1.390170700175826105e-05,9.556710886916388231e-06
-1.514056629342800062e-05,7.163545292692503301e-06
-1.556696202842106230e-06,8.883576204318327930e-07
-2.689997678253451655e-06,2.168043725769532757e-06
-2.687315582596409947e-06,-3.923036061919702670e-07
-9.970421986909748323e-06,1.066405114378838566e-05
-8.950322342765509027e-06,8.980967359005494636e-06
-8.177440596202159798e-06,7.222869914806350633e-06
-1.245287582684367700e-05,7.588861755702572068e-06
-1.386808701563671240e-05,5.624898766195414842e-06
-3.599561693481145287e-06,8.942147065726640825e-07
-4.715639196967825451e-06,2.504960607302015616e-06
-4.716302744545601722e-06,-7.422439327728992247e-07
-9.895306818324899712e-06,7.208509474420190127e-06
-7.607264005366759095e-06,5.454521174446872539e-06
-6.533417227825775716e-06,2.789335161596402765e-06
-7.048286629718152245e-06,3.080630312061693689e-06
-7.305490896722435870e-06,3.684833425457581894e-06
-1.145473673582465407e-05,5.403517708404802431e-06
-1.291581935199905214e-05,4.016357027804169125e-06
-5.717238374974014779e-06,1.133421230389071835e-06
-6.585249930730989996e-06,-9.982204423032370172e-07
-8.802021618426969859e-06,4.214758445391646648e-06
-7.106276848318618985e-06,1.929169736882222088e-06
-7.718535926326581143e-06,2.874171107154890833e-06
-1.076103914344440195e-05,3.521797426160589060e-06
-1.230564583858464333e-05,2.414934805453676669e-06
-7.181508146175968859e-06,8.732270917766484010e-08
-7.134987071454708975e-06,-1.272205175230968628e-06
-9.178965235207565328e-06,1.510371310269061159e-06
-1.207349834730325107e-05,8.444729233982259287e-07
-1.214698473568551490e-05,-6.649389456238049397e-07
-8.290914875959910636e-06,-9.169986075869925569e-07
-7.462542667920426657e-06,-1.845908926721362439e-06
-7.876662952249909215e-06,-3.401904694591357187e-06
-1.065700228000911111e-05,-8.770422436537001726e-07
-8.467981261475219116e-06,-4.868941671096779604e-06
-1.253742649330321057e-05,-2.174558052240536379e-06
-9.295618813324421184e-06,-3.468907002886766557e-06
-1.134362827962309003e-05,-3.584145241367752289e-06
-9.211092017087543337e-06,-6.251604989647714860e-06
-1.319165560369475870e-05,-3.585994454340192627e-06
-1.259178623382358942e-05,-4.945140177841911617e-06
-1.122749737655465695e-05,-5.782167589866425287e-06
-1.010319039819633906e-05,-7.534675174492297228e-06
-1.113105419905384886e-05,-8.705735889108754362e-06
-1.408222748883267088e-05,-4.868173881684629466e-06
-1.340605922218912716e-05,-6.434023346080231304e-06
-1.261796753494394570e-05,-8.233891761630306150e-06
-1.228428713143137299e-05,-9.750619875197651400e-06
-1.517876089822281422e-05,-5.973248128436485323e-06
-1.483498488696818139e-05,-8.215187035552559623e-06
-1.354578134983969761e-05,-1.065750877287785487e-05
-1.489891458506568280e-05,-1.141377688342459304e-05
-1.632770432951313372e-05,-1.201010930506272764e-05
-1.645360405941680195e-05,-8.687874436287850897e-06
-1.644715104179026100e-05,-6.867778418942237734e-06
-1.613527654030087239e-05,-1.047654589944466449e-05
-1.781214833750653206e-05,-1.244108822155135125e-05
-1.933391494990920813e-05,-1.270047925258037714e-05
-1.773075234335997561e-05,-9.092055599153675631e-06
-1.784782052535070155e-05,-7.526828259835958625e-06
-2.087391712240006575e-05,-1.278596843297807562e-05
-1.916646728723778314e-05,-1.053199267805961676e-05
-1.933876757064630829e-05,-7.931060466067070316e-06
-2.121506027683663209e-05,-1.075992696983055052e-05
-2.256589911793237436e-05,-1.278411438522469085e-05
-2.087481325025081325e-05,-8.068051621867673912e-06
-2.489159613995081853e-05,-1.278324950492037061e-05
-2.305731087412597809e-05,-9.609795711194377217e-06
-2.256593527625894461e-05,-8.070458598311776749e-06
-2.808708365675619543e-05,-1.278489915406933079e-05
-2.650558249731301626e-05,-1.024348665636998583e-05
-2.489159317902249526e-05,-8.072147953151302070e-06
-3.231190827688200579e-05,-1.279118399280479563e-05
-3.019764857186094678e-05,-1.042820523920275809e-05
-2.808706663444142092e-05,-8.071001604861469556e-06
-3.672991641766057495e-05,-1.280136806605086681e-05
-3.451774929477421878e-05,-1.042867810202102946e-05
-3.231188857173811034e-05,-8.065729179581146541e-06
-4.116899166423903638e-05,-1.281374563102414368e-05
-3.894544694555181083e-05,-1.042923455086146490e-05
-3.672969585545970674e-05,-8.056628715480551600e-06
-4.563208892215902363e-05,-1.282634028693354820e-05
-4.339644445163897421e-05,-1.042971977877948104e-05
-4.116875561990314430e-05,-8.045314414815426607e-06
-5.011809179123509825e-05,-1.283741770967739160e-05
-4.787157355463208185e-05,-1.042999459436895544e-05
-4.563206194848751761e-05,-8.033386041704954715e-06
-5.462188762736166499e-05,-1.284537476173877039e-05
-5.236754563175143902e-05,-1.043031741369533217e-05
-5.011805642176476555e-05,-8.022818672375415640e-06
-5.913704138662057084e-05,-1.285016907116889705e-05
-5.687803734492315395e-05,-1.043055887545671310e-05
-5.462185592579962845e-05,-8.015436933962239154e-06
-6.365739407731131443e-05,-1.285224382540902756e-05
-6.139671219701869193e-05,-1.043077569764023025e-05
-5.913690555236233466e-05,-8.011124916322858900e-06
-6.817883923021239307e-05,-1.285270564221456840e-05
-6.591806973196110580e-05,-1.043094655412709353e-05
-6.365734168442432916e-05,-8.009504613677666842e-06
-7.786334891637202826e-05,-1.258675449772421394e-05
-7.722124311423510809e-05,-1.285272265053061912e-05
-7.020414678908432668e-05,-1.043108189092835670e-05
-7.270017282012239445e-05,-1.285268905438054151e-05
-6.817879978557588472e-05,-8.009356127976557534e-06
-7.812931739890067030e-05,-1.194464949457943081e-05
-7.660992054167077439e-05,-1.043118429903157408e-05
-7.270014908161363646e-05,-8.009606473493640231e-06
-7.812930168241187740e-05,-8.917724691572821350e-06
-7.722122510190414213e-05,-8.009650143507315807e-06
-7.786333189955083501e-05,-8.275619092772495980e-06
