Size 192,2
7.824251446759046427e-05,-1.320364503199872604e-05
7.850836293798266077e-05,-1.256195617196412477e-05
7.850874787254586210e-05,-9.536898255067044599e-06
7.824294773881795373e-05,-8.895222188956195585e-06
7.760074720398919552e-05,-1.346942686009515036e-05
7.639727217606340573e-05,-1.104947914094015572e-05
7.760123921580213302e-05,-8.629443056144318566e-06
7.308229204049911316e-05,-1.346847337652495700e-05
7.308291070698259384e-05,-8.630249379787470915e-06
7.058890569205401031e-05,-1.104916377408480251e-05
6.856710954061598080e-05,-1.346484072348873276e-05
6.856753800824884153e-05,-8.633005710029847680e-06
6.631202926526520377e-05,-1.104882610645838843e-05
6.406068121979527450e-05,-1.345864303703142782e-05
6.406098966089299694e-05,-8.638488734802180399e-06
6.181153667173201933e-05,-1.104816288851190140e-05
5.956705883796966700e-05,-1.345059870387095112e-05
5.956810432088246115e-05,-8.645302809153237970e-06
5.732569610504521253e-05,-1.104752748650744692e-05
5.508852119967522063e-05,-1.344243831211985463e-05
5.508964072873413504e-05,-8.651767954391344803e-06
5.285443080232835966e-05,-1.104676417272499742e-05
5.062380212760812255e-05,-1.343565618337717185e-05
5.062433363781335566e-05,-8.656832014569180883e-06
4.839501902504452668e-05,-1.104595600410346662e-05
4.616838706181420232e-05,-1.343162066776606081e-05
4.616817236362032054e-05,-8.659168118453145478e-06
4.394158445333921193e-05,-1.104505633149330650e-05
4.171516475212889389e-05,-1.343090328304802483e-05
4.171476167022799506e-05,-8.658142704234323260e-06
3.948742618376470783e-05,-1.104407860144988932e-05
3.725863568151866910e-05,-1.343254134971040621e-05
3.725821016258222372e-05,-8.654591789391627245e-06
3.502814621458986467e-05,-1.104308930809868607e-05
3.279572544371666120e-05,-1.343531191441324763e-05
3.279533105504231413e-05,-8.649796207206258527e-06
3.065210884662656731e-05,-1.104200229028037718e-05
2.850584854107392533e-05,-1.343928684923425740e-05
2.850557454518549489e-05,-8.643333974287688496e-06
2.689570552076114588e-05,-1.122880826055012658e-05
2.524799476015930654e-05,-1.344406977864699936e-05
2.524795132647750484e-05,-8.636561132614771076e-06
2.287108629760326451e-05,-1.344863452354083589e-05
2.333800024110469531e-05,-1.186143826862579637e-05
2.287096306792960344e-05,-8.631906706368083960e-06
2.113950980830418965e-05,-8.627153621118503684e-06
-3.669692010418406131e-06,-3.599479167979398982e-08
-3.742419811319242403e-06,1.387729393292991047e-07
-3.742084616344266189e-06,7.902599582041005198e-07
-3.669711032979054878e-06,9.628557885502163515e-07
2.114046816192194993e-05,-1.345180271853729292e-05
1.956390718854655587e-05,-1.336485684184016877e-05
2.079193434211216177e-05,-1.043683983702173926e-05
1.956841345427197171e-05,-8.484862355401199475e-06
-3.495669431593278408e-06,-1.081671620874229690e-07
-3.320164641446615856e-06,6.064836861853921580e-07
-3.496999738717567603e-06,1.035069461827762227e-06
1.906566363228280868e-05,-1.187552301585220261e-05
1.800596316281846766e-05,-1.309988720861875578e-05
1.648579346561244728e-05,-1.265783883294872392e-05
1.859192520513592220e-05,-9.807786363487844511e-06
1.804127136181813657e-05,-8.070750418375097752e-06
-2.315693366661664855e-06,-1.264102343908523753e-07
-2.314499310933192574e-06,1.056949024587136721e-06
-1.703111702155020306e-06,4.657051922637958467e-07
1.502419598650193703e-05,-1.204600543479761913e-05
1.628826091780625845e-05,-1.108787032024913280e-05
1.681638800361712644e-05,-9.093813276014845476e-06
1.660606767145504501e-05,-7.397179082034291513e-06
-1.039133905372995397e-06,-2.365037128938306430e-07
-1.039354929763141149e-06,1.167779441017499624e-06
-2.830903834553159322e-07,4.654938174587931165e-07
1.364049087173596545e-05,-1.127044490763597952e-05
1.235260565868463565e-05,-1.034165776583653357e-05
1.495702417371294046e-05,-8.774175030113012030e-06
1.530712307962976806e-05,-6.484543336056250605e-06
5.854595019151865872e-07,-4.760149921128786697e-07
5.853662399378919171e-07,1.406554310741408226e-06
1.267760045999887423e-05,-8.883139799180454202e-06
1.117837107202035047e-05,-9.272370156254126927e-06
1.322724199385709436e-05,-7.209684040345100176e-06
1.418436769996670676e-05,-5.359512483686434403e-06
1.542809658635223001e-06,4.647571938103384965e-07
2.681869672025336655e-06,-8.218601831155471566e-07
2.680045215250886898e-06,1.753021935520291511e-06
1.013311117995024181e-05,-8.075598648468438432e-06
9.229448750154553140e-06,-6.766933268871515100e-06
8.476983055460987041e-06,-5.361554053122656011e-06
1.210064037489681641e-05,-5.680823254300338151e-06
1.327252174156401252e-05,-4.057407128386877135e-06
3.597204491450879803e-06,4.607937365766153878e-07
4.721459763741024519e-06,-1.162508520465163260e-06
4.720679114451883407e-06,2.105587739561824990e-06
9.985174015669959858e-06,-5.369740684863833216e-06
7.889924652662348112e-06,-3.872756188514647372e-06
6.595969945768802428e-06,-1.453140472390649020e-06
7.156922310501461154e-06,-1.736040261325766774e-06
7.473530936458533756e-06,-2.303221498914063834e-06
1.130498487325829915e-05,-3.862829322506873783e-06
1.260195547301980908e-05,-2.627344179112785917e-06
5.732701021634231563e-06,2.233052058312913984e-07
6.554992495001780794e-06,2.356915199186737743e-06
8.929603056867352516e-06,-2.808944412235916962e-06
7.171609477514620421e-06,-5.966247357854717329e-07
7.835661156707507475e-06,-1.537460805214261549e-06
1.071367155731142402e-05,-2.180577183777966153e-06
1.220409576380307676e-05,-1.119732087070968320e-06
7.169115872283829389e-06,1.252456884524741311e-06
7.059439988496509027e-06,2.637748846832912605e-06
9.227420865787419336e-06,-2.505092688369853129e-07
1.209273953278519288e-05,4.231889263243425621e-07
1.234610635124094795e-05,1.986969710227824563e-06
8.242890237238479950e-06,2.248753838905446472e-06
7.342867770912866264e-06,3.259115200718965730e-06
7.671911172797188079e-06,5.011656788687930693e-06
1.074425604169746967e-05,2.159016863521858979e-06
8.208297288528416578e-06,6.781003340904798693e-06
1.293854655496486622e-05,3.589329525724598932e-06
9.224689189388660666e-06,5.050442108732063289e-06
1.159044061363879992e-05,5.187275144706416074e-06
8.996664048021143432e-06,8.500285998951324711e-06
1.387233052465221571e-05,5.190873367364316690e-06
1.317327831552132924e-05,6.832689337067699529e-06
1.144232451991925968e-05,7.887736136045674234e-06
1.000442361563139455e-05,1.020685220608475677e-05
1.128208226108693594e-05,1.184655305089124632e-05
1.516601204760383402e-05,6.707424818345970149e-06
1.427775521339599465e-05,8.750357587327989468e-06
1.321859251646968010e-05,1.120943830546906157e-05
1.276318219082819919e-05,1.339316431609408894e-05
1.677454924480374065e-05,8.080583601508497905e-06
1.630428532565906356e-05,1.121062790329856384e-05
1.448259154994689283e-05,1.477228555004042920e-05
1.643294859574084469e-05,1.599105485908722653e-05
1.855367230037181339e-05,1.702842716842598109e-05
1.871004796694737517e-05,1.190048299594610792e-05
1.868425343379968205e-05,9.248301790565081055e-06
1.822432463218848488e-05,1.460787409904226662e-05
2.085355208940207962e-05,1.780217019670453181e-05
2.329345430184373203e-05,1.833043540872213072e-05
2.068020173338853406e-05,1.249779427317277682e-05
2.087233805262420273e-05,1.010209300208604080e-05
2.581206153555919641e-05,1.857031897214012349e-05
2.296207382681987925e-05,1.478177795854382518e-05
2.326413073187490662e-05,1.059344021419297407e-05
2.635961839383654088e-05,1.517859657594679289e-05
2.868595336238133285e-05,1.868374131382664633e-05
2.578078777892234695e-05,1.071866916948473815e-05
3.273562927838160458e-05,1.879744618584252498e-05
2.949175406099830717e-05,1.322136060565333884e-05
2.867984194718756449e-05,1.060641153848048191e-05
3.852965976660198432e-05,1.897127070836022024e-05
3.561307251654537343e-05,1.430818516169243708e-05
3.273884491324130405e-05,1.046016106760203686e-05
4.649833466279875604e-05,1.915604719509012203e-05
4.246182422407699568e-05,1.463785553558445128e-05
3.853106997218801102e-05,1.029391709489251289e-05
5.510071829141702520e-05,1.930773919874736503e-05
5.075309710851744861e-05,1.463695581752628436e-05
4.649876229352263091e-05,1.011684285749957515e-05
6.395392050975726096e-05,1.942930203682765688e-05
5.948935203126283619e-05,1.463715340237731884e-05
5.510063291223871564e-05,9.966282129660697191e-06
7.300718763728553855e-05,1.952365591939349913e-05
6.845116202822742264e-05,1.463719243265491983e-05
6.395391909597004216e-05,9.844998291598235250e-06
8.221189640115437059e-05,1.959362817958103215e-05
7.758782966405176245e-05,1.463695696482370053e-05
7.300723361329830325e-05,9.750532941122132862e-06
9.152568220536018461e-05,1.964269148410827709e-05
8.685363792178039889e-05,1.463657040644008040e-05
8.221196614046965894e-05,9.679923401801135549e-06
1.009133036284390968e-04,1.967487412903157055e-05
9.620965489114725216e-05,1.463618020424333597e-05
9.152579001365292741e-05,9.630074348935686846e-06
1.103472616914438569e-04,1.969429154225877754e-05
1.056244590715072526e-04,1.463573619902171711e-05
1.009134830548781488e-04,9.597061370699364860e-06
1.198068809726634697e-04,1.970426952748898753e-05
1.150741856362604899e-04,1.463522732400438391e-05
1.103474692108548410e-04,9.576712274441352010e-06
1.400997038755153292e-04,1.915164893317936187e-05
1.387540751922301211e-04,1.970900510711812858e-05
1.240486287363415569e-04,1.463474924579791738e-05
1.292788296654399244e-04,1.970825296781775272e-05
1.198070566851749730e-04,9.565702784075703246e-06
1.406570840472078923e-04,1.780605386271790722e-05
1.374727765857005593e-04,1.463436163323811120e-05
1.292789169154267008e-04,9.560840236447137533e-06
1.406570776234884800e-04,1.146266431630130074e-05
1.387540964579011215e-04,9.559754858928641054e-06
1.400997047523586049e-04,1.011709692957767251e-05
