Size 192,2
-5.885438128306447712e-05,9.484999807031825218e-06
-5.907148694092792524e-05,8.960860100097992967e-06
-5.907143668762639837e-05,6.489968010925134798e-06
-5.885432267890515067e-05,5.965818886533593298e-06
-5.833023881111443036e-05,9.702101238853569793e-06
-5.734720401565780690e-05,7.725409340583657553e-06
-5.833016697485865509e-05,5.748713341676690936e-06
-5.464024637762228198e-05,9.701926908358734556e-06
-5.464009897828286412e-05,5.748863302451405241e-06
-5.260284686765219210e-05,7.725338051298994617e-06
-5.094977674786274212e-05,9.701927853894778020e-06
-5.094977183091851675e-05,5.748770180461099065e-06
-4.910464028942865104e-05,7.725024023878567295e-06
-4.725945788903538610e-05,9.701069931115779711e-06
-4.725955017061860605e-05,5.748782612924026492e-06
-4.541447200376484499e-05,7.724548218122913488e-06
-4.357008580887255150e-05,9.698280518002956799e-06
-4.356997679975952239e-05,5.749962807886648126e-06
-4.172648533806814228e-05,7.723642375321879429e-06
-3.988592118864104193e-05,9.691798457004433283e-06
-3.988549437647060335e-05,5.754189978795384866e-06
-3.804741353947164512e-05,7.722496296546023142e-06
-3.621609411323313028e-05,9.679098880509356026e-06
-3.621554851794812175e-05,5.764695706640026074e-06
-3.438912513726932003e-05,7.721396242605060213e-06
-3.257463453424973233e-05,9.658225399201459627e-06
-3.257428322486545264e-05,5.783522969128020109e-06
-3.076760264436207169e-05,7.720303748051507282e-06
-2.897783429870665872e-05,9.629423816075203472e-06
-2.897796208408601990e-05,5.810223475532525805e-06
-2.719850461262080223e-05,7.719141966959991043e-06
-2.544045307507841823e-05,9.593784982273296342e-06
-2.544102138744485048e-05,5.843477757066470627e-06
-2.369478770392255323e-05,7.717976644412123064e-06
-2.197344028028348496e-05,9.552971823290048453e-06
-2.197365670904428942e-05,5.881803899917154585e-06
-2.033346620716934235e-05,7.716473351747438962e-06
-1.871863758047043720e-05,9.509947328605647981e-06
-1.871836041896080598e-05,5.923668382627554433e-06
-1.751468678493360958e-05,7.853615821261244627e-06
-1.630833710001638215e-05,9.473017146199981008e-06
-1.630710487495115935e-05,5.959773127102846446e-06
-1.458767717691174659e-05,9.442606958244818843e-06
-1.491490444425814996e-05,8.307777235407129779e-06
-1.458604127912068791e-05,5.981593627371807128e-06
-1.335286452127972589e-05,6.004398012565432233e-06
2.175154544239132871e-06,7.303750732878712680e-07
2.218917544625921512e-06,6.249674286063002060e-07
2.218642818151316426e-06,2.329222255021143500e-07
2.175134282199359995e-06,1.292507114099692215e-07
-1.335090783806443231e-05,9.421928683262745726e-06
-1.224514836320642540e-05,9.340526871028857924e-06
-1.309616653278260106e-05,7.287655309624274400e-06
-1.223991445179615710e-05,5.931089797468876780e-06
2.070237521499262125e-06,7.740691678861537907e-07
1.964683125623446843e-06,3.442746065850689807e-07
2.071342092733992784e-06,8.615509571494379063e-08
-1.188950109872255024e-05,8.290645124187028767e-06
-1.116388078463625189e-05,9.131163071507561945e-06
-1.012591457777184495e-05,8.808909328625343687e-06
-1.155770857905928828e-05,6.855946090791783512e-06
-1.117989044116550838e-05,5.674779316405083558e-06
1.359612827537541846e-06,7.865599999603536405e-07
1.359536652923268283e-06,7.543623868668743096e-08
9.918022598753687562e-07,4.316770236128142146e-07
-9.144870792602124624e-06,8.369557416094690648e-06
-9.985311131192443096e-06,7.727588169655011526e-06
-1.034326425197759011e-05,6.375322570262633683e-06
-1.019795201304452420e-05,5.248029511433024832e-06
5.936888399985074140e-07,8.520552239627447984e-07
5.942690367879322663e-07,1.307179899795686552e-08
1.428097937100138899e-07,4.334009365459548317e-07
-8.226990027630289601e-06,7.831077164513895774e-06
-7.390138671783759555e-06,7.201321310709024592e-06
-9.094546396881998549e-06,6.164440735453539419e-06
-9.321336462949823292e-06,4.664198821070851786e-06
-3.737200953312500361e-07,9.925805527390788119e-07
-3.733521951606704633e-07,-1.242069158837859760e-07
-7.602561724464145598e-06,6.232430913436420644e-06
-6.641785198224168510e-06,6.484065228939515353e-06
-7.957259825518588601e-06,5.142029466475354059e-06
-8.572925940297577266e-06,3.953093925938896410e-06
-9.408177484045684128e-07,4.350199402592941306e-07
-1.614459488825862591e-06,1.195678939956813698e-06
-1.613031227873336221e-06,-3.258933488190200692e-07
-5.981943237835972700e-06,5.696566505736632959e-06
-5.428547972615903646e-06,4.857419335613210996e-06
-4.981248885729065013e-06,3.965035777232273184e-06
-7.235408304569043356e-06,4.161590463827673079e-06
-7.970656792072402413e-06,3.142638380193559822e-06
-2.155132724781827964e-06,4.381649399351929008e-07
-2.818168387414312787e-06,1.395286557377249469e-06
-2.817963452973134068e-06,-5.323308798740712598e-07
-5.908462722578791519e-06,3.965813172933576983e-06
-4.638172473704477625e-06,3.036422123661681968e-06
-3.914783483100738153e-06,1.564768380493559853e-06
-4.237386609361528375e-06,1.732984021561376934e-06
-4.413326294019607585e-06,2.074286714312402763e-06
-6.730205077070617191e-06,3.023145686593548422e-06
-7.524975923909623562e-06,2.266748017604945688e-06
-3.413985460154752531e-06,5.789148333469314561e-07
-3.908122200137173563e-06,-6.809249926450110780e-07
-5.279420212477195344e-06,2.377071361588882137e-06
-4.254147626496390349e-06,1.058307627672317499e-06
-4.636225651557649810e-06,1.614202095010677927e-06
-6.363261484923995381e-06,1.994420568244894149e-06
-7.252287667467008492e-06,1.359692001476801596e-06
-4.267352526742035541e-06,-3.204464933840143886e-08
-4.214759682213990950e-06,-8.453591695893959092e-07
-5.469661805793875442e-06,8.403163092008543829e-07
-7.164756788556965612e-06,4.435241065768213462e-07
-7.280391879923900842e-06,-4.700610142061373137e-07
-4.907925866350018228e-06,-6.221293320059199514e-07
-4.390676099657931958e-06,-1.203032489965508686e-06
-4.602146340946430905e-06,-2.199761478546533517e-06
-6.357035174607180516e-06,-5.792354652941496653e-07
-4.930575038308741117e-06,-3.184356815189955293e-06
-7.590586362361058894e-06,-1.399268230391305552e-06
-5.492598687421062345e-06,-2.228593449590936761e-06
-6.825694027865546725e-06,-2.306182094244604580e-06
-5.388322904422569289e-06,-4.132506721739134457e-06
-8.085479155060314472e-06,-2.308864185275533919e-06
-7.692753940069892559e-06,-3.222249441647161470e-06
-6.745872459561640668e-06,-3.800456837376583959e-06
-5.961244209029467804e-06,-5.053607740800049626e-06
-6.665638880386896464e-06,-5.924931918222277293e-06
-8.765869865026366928e-06,-3.159291914447745504e-06
-8.285460398468954960e-06,-4.268135680890467627e-06
-7.716890202043642951e-06,-5.583337805108684701e-06
-7.473512402792332819e-06,-6.732406127579448467e-06
-9.608088050111583063e-06,-3.917705815764926880e-06
-9.357428664327599501e-06,-5.580708761871257779e-06
-8.394108620626370017e-06,-7.446602861781931787e-06
-9.419834520006893018e-06,-8.066722648706862742e-06
-1.052462144530445304e-05,-8.582569833259193716e-06
-1.061048186412202077e-05,-5.943121235007842634e-06
-1.059918100399703137e-05,-4.552868897691096088e-06
-1.036011137481625271e-05,-7.345148733138154304e-06
-1.170697126032938510e-05,-8.963928649162622604e-06
-1.294780619534421351e-05,-9.215651598697359358e-06
-1.162479091029376407e-05,-6.255589966461914280e-06
-1.172144762843292330e-05,-5.019203082992789644e-06
-1.422103272474332181e-05,-9.322152944642776734e-06
-1.278883890323751782e-05,-7.421961455925240227e-06
-1.293791201948989243e-05,-5.294470529390599094e-06
-1.449922129719330106e-05,-7.619858953403790090e-06
-1.565733539732875167e-05,-9.362102961130740122e-06
-1.420959788006814233e-05,-5.373883033118272150e-06
-1.766652120005602445e-05,-9.402667378966569439e-06
-1.606404604869395209e-05,-6.643230140004918556e-06
-1.565456813383457005e-05,-5.336149159694917431e-06
-2.050689754509819738e-05,-9.464518361021132393e-06
-1.908394624986588779e-05,-7.186546948706086857e-06
-1.766697904894708090e-05,-5.286892542362215421e-06
-2.436679872558681652e-05,-9.530411478846391506e-06
-2.241862369192511629e-05,-7.350692954365965927e-06
-2.050680530035196259e-05,-5.231046645016699346e-06
-2.849129225031523169e-05,-9.584919178393094675e-06
-2.641286218938050916e-05,-7.352661116999631765e-06
-2.436635577934933075e-05,-5.172326743914787680e-06
-3.270227880218544626e-05,-9.630006282957582437e-06
-3.058314168077744315e-05,-7.355004086978646292e-06
-2.849061843175341893e-05,-5.122775502514982234e-06
-3.698569427432390962e-05,-9.667374287238295332e-06
-3.483254024965200236e-05,-7.357208199553298266e-06
-3.270151981714247984e-05,-5.082309145382194032e-06
-4.132864300526639038e-05,-9.697545246413578156e-06
-3.914787244076294715e-05,-7.359056079329424671e-06
-3.698495937076404124e-05,-5.048961758077357659e-06
-4.571754068073114694e-05,-9.720230913675179628e-06
-4.351616423803310064e-05,-7.360732186719901102e-06
-4.132788567672227562e-05,-5.022296743143209459e-06
-5.013881389290028687e-05,-9.736073059847593307e-06
-4.792349321581688363e-05,-7.362293749665174859e-06
-4.571686500713132648e-05,-5.002823776702375436e-06
-5.458133821645728013e-05,-9.746625354232284658e-06
-5.235707798061699984e-05,-7.363587039590751478e-06
-5.013834524286738236e-05,-4.989767437958221691e-06
-5.903722289339474472e-05,-9.752835123060136444e-06
-5.680754539269527325e-05,-7.364390810031809128e-06
-5.458120561160126322e-05,-4.981349172752081534e-06
-6.859899770341067442e-05,-9.493766732210947283e-06
-6.796493557095093982e-05,-9.756389233709366905e-06
-6.103548729795632761e-05,-7.364892354961734335e-06
-6.350007104218053256e-05,-9.755654300879827804e-06
-5.903694556928595167e-05,-4.976570825658304128e-06
-6.886163238837914719e-05,-8.859721677322420367e-06
-6.736105335995396860e-05,-7.365126377346183506e-06
-6.349989734942009488e-05,-4.974318313419809650e-06
-6.886148532137372283e-05,-5.870616665409020306e-06
-6.796475710358322467e-05,-4.973934171052522297e-06
-6.859883568424513455e-05,-5.236563610465685056e-06
