Size 192,2
-1.014728331562255223e-04,1.457405757296910202e-05
-1.018694406147349071e-04,1.361663224475866271e-05
-1.018695621245171914e-04,9.103193947030621618e-06
-1.014729724702479987e-04,8.145773004553434295e-06
-1.005153597454989700e-04,1.497062490525078814e-05
-9.871959545505713004e-05,1.135990030461509554e-05
-1.005155229395080305e-04,7.749202551614588368e-06
-9.377402105419912885e-05,1.496979235790599272e-05
-9.377410899571397113e-05,7.749401500616021456e-06
-9.005274861873008741e-05,1.135914963475562503e-05
-8.703430869327374961e-05,1.496693449422805493e-05
-8.703423032385441071e-05,7.750566952986919948e-06
-8.366549505209474225e-05,1.135813298354656034e-05
-8.029957581791368013e-05,1.496074159498161004e-05
-8.029960509204553192e-05,7.754443747073397323e-06
-7.693527339584904493e-05,1.135669760857789653e-05
-7.357722304253992631e-05,1.494836557025871450e-05
-7.357769819305692144e-05,7.763815173583018688e-06
-7.022367759536978242e-05,1.135509784372789166e-05
-6.688162262716004704e-05,1.492668629168072575e-05
-6.688246441383818397e-05,7.781880824768404450e-06
-6.354772490401197312e-05,1.135343096645763951e-05
-6.023250447074962675e-05,1.489323467130807273e-05
-6.023302829103314207e-05,7.811288250953366512e-06
-5.692895607578814037e-05,1.135152763327398831e-05
-5.365342553175695594e-05,1.484600882977744621e-05
-5.365312228551967158e-05,7.854443530628307720e-06
-5.039317635488815486e-05,1.134949459677237442e-05
-4.717228712006492813e-05,1.478243138717264369e-05
-4.717135921084021052e-05,7.914084807653313771e-06
-4.397156291559465392e-05,1.134731939746796339e-05
-4.082209058876733919e-05,1.470050197672009371e-05
-4.082106583965152145e-05,7.992030589652836023e-06
-3.769855430855296010e-05,1.134517218451214929e-05
-3.463750900692729253e-05,1.459922932283327224e-05
-3.463635110162651011e-05,8.089739955406464019e-06
-3.172948041675945497e-05,1.134249939339211194e-05
-2.889194334950231924e-05,1.448114084640168619e-05
-2.889040095568354432e-05,8.208655010940777395e-06
-2.678324588188161514e-05,1.158002416370301847e-05
-2.469966654432898654e-05,1.437140537071231231e-05
-2.469605397552498274e-05,8.319271000062891306e-06
-2.175243308650746024e-05,1.427645977319617294e-05
-2.229871393766335777e-05,1.235314965382228514e-05
-2.174740636362784352e-05,8.389565197601713534e-06
-1.966209284231563862e-05,8.464282854450882690e-06
2.913570069968985887e-06,8.896162096934229471e-07
2.970820825965593046e-06,7.517306843924374204e-07
2.970446424328287760e-06,2.390512768206419248e-07
2.913535875801334190e-06,1.034813089543053199e-07
-1.965532122792168420e-05,1.421006136319113747e-05
-1.781020279624836503e-05,1.404481921342140811e-05
-1.921530256723039991e-05,1.062323119874297419e-05
-1.778866302022748906e-05,8.381002350409761658e-06
2.776357583715762515e-06,9.467587576412600368e-07
2.638557956449102779e-06,3.845608172484055899e-07
2.777822460014608835e-06,4.708417903890629529e-08
-1.720763571079398957e-05,1.228649678631822944e-05
-1.602379761902872601e-05,1.366045898935898284e-05
-1.433467017898341137e-05,1.310372045066353836e-05
-1.665394294299444298e-05,9.918255217238317850e-06
-1.603542204902728936e-05,8.006042712947954401e-06
1.847650229547394077e-06,9.636774732182758403e-07
1.847513897884828834e-06,3.229317514444700632e-08
1.366074000094879821e-06,4.989348664381984705e-07
-1.276662074762278591e-05,1.235410282016841098e-05
-1.409620879232494338e-05,1.133072089876419481e-05
-1.467350695135290919e-05,9.147860588530710909e-06
-1.443316960600633687e-05,7.366744174238303047e-06
8.431951591654721696e-07,1.053129283695192498e-06
8.440399590192455312e-07,-5.265687956491976086e-08
2.483564517888898781e-07,5.015919622673830529e-07
-1.131755111063014907e-05,1.146329333960099580e-05
-1.002727818855365692e-05,1.044611713605373168e-05
-1.267510798425997998e-05,8.816789408457281459e-06
-1.302183798202180890e-05,6.483394584266936810e-06
-4.362463725354527514e-07,1.245277046456270095e-06
-4.355439978271521191e-07,-2.393769645767722774e-07
-1.035618075036194384e-05,8.915779699833157264e-06
-8.900677033965936238e-06,9.300807249435402352e-06
-1.089689220996057753e-05,7.230929400739727861e-06
-1.183265391410586358e-05,5.424214344215791839e-06
-1.190795662859164400e-06,5.044273727447010644e-07
-2.090562140164339884e-06,1.522152867841426680e-06
-2.088138109656340452e-06,-5.128013332921510379e-07
-7.919092644009778271e-06,8.069591728080095707e-06
-7.128617129384048562e-06,6.798053676223745728e-06
-6.516813138309597346e-06,5.462684374724678702e-06
-9.802784139439947789e-06,5.744706233091087682e-06
-1.088591738234240543e-05,4.243083135294213081e-06
-2.813023139600948466e-06,5.100076401170797139e-07
-3.702321610628585630e-06,1.794622070654625129e-06
-3.702039305120069933e-06,-7.933122425832987914e-07
-7.846842709225224167e-06,5.455254457866750561e-06
-6.059388025127863045e-06,4.105899883098661172e-06
-5.160641738703928191e-06,2.025647176332261971e-06
-5.580147706245194219e-06,2.257245110939387612e-06
-5.796851146166120054e-06,2.732515641371038947e-06
-9.045928779852400141e-06,4.072328957714910067e-06
-1.018051403620764321e-05,2.995247840111943487e-06
-4.500575493707001977e-06,7.012090285645522089e-07
-5.182732185482202853e-06,-9.977389656235693408e-07
-6.983026443706529864e-06,3.150667266768047354e-06
-5.617584477822260332e-06,1.341254310252933819e-06
-6.116574956431767649e-06,2.094636413553692817e-06
-8.512841474838880613e-06,2.610661124169516551e-06
-9.735844302735809059e-06,1.736969921778814290e-06
-5.661669593290853816e-06,-1.287887473511218495e-07
-5.611219045137990249e-06,-1.218187254346220452e-06
-7.269041458711115951e-06,1.022701157632183498e-06
-9.575577193221014634e-06,4.901930461895493065e-07
-9.673153855662670284e-06,-7.250270413183853789e-07
-6.539728781859076427e-06,-9.279328949760984686e-07
-5.863084262062135489e-06,-1.686623082167530578e-06
-6.174892462432584732e-06,-2.971458503302300318e-06
-8.458846016092702957e-06,-8.854474855341135788e-07
-6.634580483627316419e-06,-4.209523709560100138e-06
-1.002991264268449517e-05,-1.949216723298349678e-06
-7.337197106666330446e-06,-3.018556123941660044e-06
-9.042949883688154196e-06,-3.115134315234707435e-06
-7.237752476211479091e-06,-5.387992744273765134e-06
-1.061541484880652414e-05,-3.116829727052315197e-06
-1.011481903237853619e-05,-4.264317633925894145e-06
-8.943460026349105108e-06,-4.981173997772716250e-06
-7.975820998948066277e-06,-6.507049571324522942e-06
-8.852899062117200311e-06,-7.547068778699888239e-06
-1.141802027659850846e-05,-4.191872218701266478e-06
-1.083087888332991307e-05,-5.548655780491629802e-06
-1.014117271526445704e-05,-7.133279262523280342e-06
-9.847682642359659608e-06,-8.493610612980291813e-06
-1.240972527586285664e-05,-5.133881493456917292e-06
-1.210748109780111958e-05,-7.122896669065340661e-06
-1.095860215884007286e-05,-9.323274998142815152e-06
-1.217396197355303612e-05,-1.003016275875340862e-05
-1.347024082797833596e-05,-1.060327869744989720e-05
-1.357743967051625465e-05,-7.549005059877447242e-06
-1.356741789760563864e-05,-5.909508718600610300e-06
-1.328616252617843825e-05,-9.181991369200789011e-06
-1.483829469826592506e-05,-1.102204755722182451e-05
-1.625723412599615138e-05,-1.128609559897521672e-05
-1.475295611924557835e-05,-7.914988112551247875e-06
-1.486267825776277035e-05,-6.480219209354271455e-06
-1.770358770966667887e-05,-1.138555726634826065e-05
-1.608846043975898510e-05,-9.251296905567683962e-06
-1.625409777301966495e-05,-6.824340375052997646e-06
-1.802219591807905001e-05,-9.469572926269769172e-06
-1.931305902218348556e-05,-1.140493330417753425e-05
-1.769803347592135775e-05,-6.933041671273629350e-06
-2.154333162795252297e-05,-1.142353108104341083e-05
-1.977557908939240483e-05,-8.375895248847390660e-06
-1.931227729660411953e-05,-6.912945135428920815e-06
-2.464481103603188204e-05,-1.145034988474050457e-05
-2.310259885867772502e-05,-8.979036777517217615e-06
-2.154404996532357822e-05,-6.887894098505638145e-06
-2.878681803009422628e-05,-1.147631288692434511e-05
-2.670840607305824142e-05,-9.155968667033960977e-06
-2.464531472687680829e-05,-6.860856990842934870e-06
-3.314378140778667951e-05,-1.149430936524762944e-05
-3.095973391106066037e-05,-9.154696414910647352e-06
-2.878730564249114146e-05,-6.834007389827280708e-06
-3.752848724739322057e-05,-1.150535393276192409e-05
-3.533266311551396248e-05,-9.153567921569418650e-06
-3.314417052703946977e-05,-6.813914853425053503e-06
-4.192981811692830628e-05,-1.151120979088252378e-05
-3.972728389868613626e-05,-9.152458426394980570e-06
-3.752886668954676710e-05,-6.800687744081109725e-06
-4.633984675169831050e-05,-1.151399147591716462e-05
-4.413389556148906805e-05,-9.151426872396347282e-06
-4.193005856012736228e-05,-6.792655171172074218e-06
-5.075419851220747467e-05,-1.151454490431541716e-05
-4.854675919078453751e-05,-9.150412144678474760e-06
-4.634016754525738545e-05,-6.787826420085365844e-06
-5.516973188970906869e-05,-1.151374963574615570e-05
-5.296212151872653761e-05,-9.149435257333173114e-06
-5.075453657098832005e-05,-6.785296298922653490e-06
-5.958452149800950033e-05,-1.151262912833451565e-05
-5.737742148190461768e-05,-9.148686823868992617e-06
-5.516995336604425826e-05,-6.784366030386509201e-06
-6.399824899809084260e-05,-1.151163744506405287e-05
-6.179165194999072959e-05,-9.148017503351069728e-06
-5.958479717159817973e-05,-6.784018940372037479e-06
-7.345074718605756978e-05,-1.125158513505217633e-05
-7.282399439873447455e-05,-1.151118932600402048e-05
-6.597510826786855186e-05,-9.147689884464704126e-06
-6.841129164449230810e-05,-1.151119252440145761e-05
-6.399835226623153117e-05,-6.783978205854471805e-06
-7.371035679469511808e-05,-1.062483875848652778e-05
-7.222731028008173664e-05,-9.147571057962982258e-06
-6.841129641419842254e-05,-6.784043331111278455e-06
-7.371034499493962300e-05,-7.670306128467547214e-06
-7.282398656675986306e-05,-6.783964488337392395e-06
-7.345073594006257625e-05,-7.043565672398062905e-06
