Size 192,2
5.773452541727284060e-05,-7.087042340545848290e-06
5.797624149673328447e-05,-6.503526899179592085e-06
5.797598164216652617e-05,-3.752516641550396694e-06
5.773422526661094731e-05,-3.168947974449535228e-06
5.715096993804502878e-05,-7.328731327242935458e-06
5.605606023644634439e-05,-5.127970425892717291e-06
5.715060415233670605e-05,-2.927234308204459828e-06
5.304168977113075917e-05,-7.328019753566645507e-06
5.304111473434583310e-05,-2.927741873763618944e-06
5.077293759501722421e-05,-5.127893032271501788e-06
4.893382277136543661e-05,-7.325394305201781225e-06
4.893315796513295204e-05,-2.930375084189703796e-06
4.688132596611422232e-05,-5.127674592607194931e-06
4.483358262474994787e-05,-7.317655568854298814e-06
4.483352689494437122e-05,-2.937578798725544710e-06
4.278837333096080194e-05,-5.127589505639222079e-06
4.075293767919454981e-05,-7.302186698602561420e-06
4.075292551785249381e-05,-2.952638206065907004e-06
3.872251532550448377e-05,-5.127396584022911948e-06
3.670850697290385829e-05,-7.277096922600462310e-06
3.670822245554782634e-05,-2.977119153357541677e-06
3.470267106693318348e-05,-5.127169906755096529e-06
3.272075243224824038e-05,-7.240978720594209383e-06
3.271970981007570962e-05,-3.012778487936009285e-06
3.074988085793915418e-05,-5.126836194598552854e-06
2.880963415003900740e-05,-7.194012525701634319e-06
2.880844118213477634e-05,-3.059528262438625341e-06
2.688394054153972156e-05,-5.126563879066903021e-06
2.499541604903958067e-05,-7.135868243885506711e-06
2.499462400736020658e-05,-3.117543993186711083e-06
2.312565582805182804e-05,-5.126376676733636672e-06
2.130060702080500263e-05,-7.064579878958290032e-06
2.130050264057950762e-05,-3.188449126427877793e-06
1.949920948509970849e-05,-5.126244152563504136e-06
1.775123974906169159e-05,-6.977998845927944798e-06
1.775120017586294264e-05,-3.274820086919124543e-06
1.610013591274621491e-05,-5.125541614273489007e-06
1.450858216324650107e-05,-6.878444517434492846e-06
1.450811608642016748e-05,-3.377578676729835995e-06
1.333214988831218451e-05,-5.257192884584861275e-06
1.218874728561465558e-05,-6.787590253806566092e-06
1.218629694329214435e-05,-3.470852619068781039e-06
1.058661285034360169e-05,-6.710708130308254376e-06
1.087550188681220354e-05,-5.675543358899773523e-06
1.058329158106955646e-05,-3.529005458344774287e-06
9.465265343906948664e-06,-3.589590357507389645e-06
-1.285357591893798496e-06,-1.167075411662934964e-07
-1.311375761511836502e-06,-5.416883126775814186e-08
-1.311238487325512642e-06,1.790126142016972513e-07
-1.285333683557581992e-06,2.407878012202827678e-07
9.459114245220304478e-06,-6.657892525522361954e-06
8.483054061137736289e-06,-6.555012777509299735e-06
9.218602005305579519e-06,-4.743665093133329239e-06
8.465759141523907056e-06,-3.566283489216501819e-06
-1.223067913090257666e-06,-1.425541371119978871e-07
-1.160112536172933282e-06,1.131345909585647353e-07
-1.223504646850134288e-06,2.666085240421660106e-07
8.159640416119233282e-06,-5.620322080674662429e-06
7.546308568719600037e-06,-6.334242714520683010e-06
6.673543260056978578e-06,-6.031118653673617729e-06
7.867526952408280887e-06,-4.378074708689055168e-06
7.547004695536578114e-06,-3.393393546421872885e-06
-8.003613968402074860e-07,-1.486667075270860902e-07
-7.998200004488045078e-07,2.742601035346668619e-07
-5.812908871871034642e-07,6.324800824802368861e-08
5.875627368896579590e-06,-5.627684182678100625e-06
6.546142392472104328e-06,-5.107500682333161299e-06
6.843041382425667025e-06,-3.985552382661798557e-06
6.718206545434614118e-06,-3.087965354430074855e-06
-3.449208227568137325e-07,-1.854532620654150150e-07
-3.447353556495917248e-07,3.128625309737574699e-07
-7.681473612353475109e-08,6.428402563184067324e-08
5.146751990232910468e-06,-5.161228487226552009e-06
4.510689130472264941e-06,-4.639108944470155400e-06
5.826005582841308615e-06,-3.820520210642598510e-06
5.997104766352915713e-06,-2.660028852862070318e-06
2.292954659257210463e-07,-2.658862961527366281e-07
2.298357673027260509e-07,3.961170207436465599e-07
4.674034659742628617e-06,-3.867710518544375028e-06
3.966235121740697339e-06,-4.056821899951692113e-06
4.939213699160411847e-06,-3.034273582080621862e-06
5.396358332421712882e-06,-2.153072550695901869e-06
5.658664388698561112e-07,6.584501481428136236e-08
9.643919999229259550e-07,-3.826612593568592433e-07
9.642374566078938875e-07,5.172259597578685804e-07
3.496874066452380052e-06,-3.442248803547521622e-06
3.132469964164336640e-06,-2.823606761375101996e-06
2.861978599806278654e-06,-2.180726046116959974e-06
4.407525018463646838e-06,-2.311290251145350539e-06
4.922273028753363242e-06,-1.597785967139601827e-06
1.284659152053922340e-06,6.591482869151026316e-08
1.675517481308200434e-06,-4.971393474859980479e-07
1.676678414202818671e-06,6.405023443455282219e-07
3.478375349183902988e-06,-2.173574110362942746e-06
2.665024942678519082e-06,-1.541108677697159128e-06
2.308138712989333430e-06,-5.930160531676387008e-07
2.484379083580674038e-06,-6.944573223268598097e-07
2.569274044401820554e-06,-9.077079587760704037e-07
4.043133863062515271e-06,-1.519005043179297564e-06
4.566983141215238909e-06,-1.022343597928660883e-06
2.026682809897804750e-06,-1.615337996107016175e-08
2.335001474882630074e-06,7.311858943817314445e-07
3.094717823207431756e-06,-1.094182785813088908e-06
2.508560911315417051e-06,-2.913321534902629116e-07
2.717714648484986952e-06,-6.211401583915819082e-07
3.793258356872398500e-06,-8.462941298232132549e-07
4.337171736989285059e-06,-4.556975401029029698e-07
2.542037873205514788e-06,3.526490626209075064e-07
2.531791627920317246e-06,8.268514453529993097e-07
3.233704891886850814e-06,-1.374716530677864457e-07
4.246740819529154487e-06,9.598920131919974853e-08
4.256841280153682565e-06,6.201673887786315180e-07
2.933523583758636218e-06,7.059244887899161247e-07
2.650796292843285874e-06,1.023792473386277684e-06
2.804968370037700662e-06,1.550762611084718163e-06
3.746827099014109881e-06,6.978385899298455825e-07
3.018997603909221373e-06,2.033739245573455770e-06
4.373943765733908311e-06,1.141817692336420134e-06
3.288476074635980470e-06,1.577766731371692959e-06
3.972318461371922016e-06,1.617723107962345529e-06
3.276648066081818487e-06,2.483508435826679827e-06
4.573073881938104986e-06,1.619557187142511114e-06
4.373728253546166889e-06,2.067101159349939535e-06
3.937111677229363681e-06,2.335751372791152425e-06
3.578634769605472437e-06,2.885798154993840532e-06
3.912767207072069153e-06,3.242284244942153353e-06
4.838644860003598437e-06,2.047414191043816164e-06
4.626730106965153220e-06,2.543088465385102504e-06
4.383311583271721617e-06,3.096735216329419357e-06
4.281008108930614290e-06,3.546944646920953765e-06
5.161045215941098942e-06,2.408721984309352561e-06
5.056689599421325491e-06,3.089087659658898897e-06
4.670260286299448306e-06,3.805741248174122827e-06
5.071308599680220403e-06,4.010505973168165197e-06
5.484625620587702956e-06,4.159122666658143302e-06
5.525079237838015234e-06,3.229241043086623785e-06
5.525048145407115467e-06,2.694030745242887961e-06
5.435820003394501721e-06,3.738561532799360542e-06
5.898501766847479537e-06,4.262641777745898795e-06
6.308902341008271894e-06,4.314784483109614009e-06
5.882801598484628950e-06,3.347668933925379689e-06
5.913251486974077915e-06,2.906154417865053515e-06
6.715851249347969624e-06,4.321718514649503685e-06
6.273798820248418171e-06,3.741348476090246866e-06
6.315493944859377587e-06,3.042299448254482348e-06
6.807241405105824884e-06,3.798755627887649900e-06
7.145268434589183056e-06,4.303362067203735878e-06
6.720753833527946973e-06,3.095868022903020256e-06
7.719642774142792082e-06,4.286212142370175353e-06
7.274054290979640555e-06,3.507778974703097345e-06
7.145491991324045038e-06,3.116326771930623604e-06
8.473691176065595120e-06,4.262460635202919329e-06
8.107490825226030691e-06,3.668898868315302781e-06
7.718557783165170527e-06,3.141424337399158120e-06
9.427122226164322559e-06,4.241905551824790192e-06
8.956272600042819887e-06,3.715083344963010762e-06
8.472895594802174631e-06,3.167293518995441733e-06
1.038983087467836329e-05,4.230403752384564215e-06
9.912155399783967359e-06,3.717434101347173509e-06
9.426335930177269981e-06,3.190992867660407964e-06
1.133523944722955351e-05,4.225473920437987055e-06
1.086411604661320766e-05,3.719527023087615826e-06
1.038915928691557687e-05,3.206632291917158660e-06
1.227377362172628336e-05,4.224709899635874397e-06
1.180480924091026363e-05,3.721444728230930512e-06
1.133460496363040107e-05,3.215497425762570465e-06
1.321034037647619123e-05,4.225516852834992550e-06
1.274206891328915729e-05,3.723232466842101118e-06
1.227333928741140452e-05,3.219906553906216649e-06
1.414557961121730416e-05,4.226192173906325003e-06
1.367801770829467135e-05,3.724893907786565524e-06
1.320991806166221938e-05,3.222618651449675251e-06
1.507895274446938803e-05,4.226132940545527046e-06
1.461257317429707051e-05,3.726422173649074446e-06
1.414527537364549780e-05,3.225165523160777050e-06
1.600873853755961949e-05,4.225731372900636503e-06
1.554428751398902224e-05,3.727905126338522312e-06
1.507858578996072165e-05,3.228276607389971031e-06
1.693479906425899561e-05,4.225159445997649767e-06
1.647215844069329523e-05,3.729078626511038459e-06
1.600841819763226833e-05,3.231317133811829499e-06
1.891521114468743876e-05,4.171271281721745435e-06
1.878386510024639583e-05,4.225658458392390467e-06
1.734896430498515389e-05,3.729752887093892484e-06
1.785931313839868767e-05,4.225280359479554929e-06
1.693466635800970613e-05,3.233726599598807490e-06
1.896961952138936285e-05,4.039949661785625285e-06
1.865879522443647143e-05,3.730328789931519640e-06
1.785920602805063086e-05,3.234818104490201216e-06
1.896966157565813856e-05,3.420702945042325509e-06
1.878386626380570956e-05,3.234925782467083053e-06
1.891524385441874494e-05,3.289335665381867112e-06
