Size 192,2
1.823445150713104873e-05,-1.456412558919903580e-06
1.833581053685704314e-05,-1.211840226953479369e-06
1.833580546829673914e-05,-5.850915138111019579e-08
1.823444713758032732e-05,1.860587184719328452e-07
1.798977864431474573e-05,-1.557695516572165639e-06
1.753046936323149839e-05,-6.351690041967558831e-07
1.798977735002431610e-05,2.873403479117959405e-07
1.626640611341262306e-05,-1.555994202869296303e-06
1.626637317065752849e-05,2.857711456210121265e-07
1.531634276400812550e-05,-6.349744864022812995e-07
1.454890499125992535e-05,-1.548417825816095111e-06
1.454908668527654360e-05,2.784538328341852963e-07
1.369603613666900402e-05,-6.347474005416899919e-07
1.285235774438712286e-05,-1.532365783285538412e-06
1.285273610929005225e-05,2.629122558169718974e-07
1.201568835990588799e-05,-6.345723475257746197e-07
1.119392782739489515e-05,-1.507792662066883891e-06
1.119435340913794419e-05,2.385488623598498012e-07
1.038179770763212005e-05,-6.345978666670921460e-07
9.588893005763184877e-06,-1.476601917485823416e-06
9.589472581395314305e-06,2.072655498060232678e-07
8.807505310791409933e-06,-6.347533889838647117e-07
8.047698805566085511e-06,-1.441399370120946690e-06
8.048357398451653780e-06,1.719783775057752024e-07
7.299931131452968379e-06,-6.348157966801739808e-07
6.574914282912558006e-06,-1.403945741642012253e-06
6.575371413469326696e-06,1.345049235589940046e-07
5.861880560217282100e-06,-6.347768008489625506e-07
5.173688331214061566e-06,-1.363497978190696998e-06
5.173841931311609104e-06,9.401953571359829677e-08
4.498127244230916759e-06,-6.346602367983754597e-07
3.850913088849668797e-06,-1.317502855135861721e-06
3.851569901545195803e-06,4.783026530962377561e-08
3.219021531825697329e-06,-6.348963250566929316e-07
2.619975725440880056e-06,-1.263256404282986166e-06
2.620766790021153785e-06,-7.139128252300800182e-09
2.061990028197382551e-06,-6.349145503199031685e-07
1.540815873218444729e-06,-1.200241843523654847e-06
1.541033789001098399e-06,-7.325547967824984717e-08
1.160764857819232971e-06,-6.758051997779641497e-07
8.101089946405268405e-07,-1.140372763557948971e-06
8.087037869424633364e-07,-1.359110875414366979e-07
3.365250612101861838e-07,-1.085836052725843668e-06
4.113180524019449608e-07,-7.958018150399109072e-07
3.333796862902176916e-07,-1.773132173758073303e-07
2.193503732689521301e-08,-2.229039658537169115e-07
3.517655025769763657e-07,-5.165788769035903792e-07
3.582523381799206830e-07,-5.319878659309836256e-07
3.582865871261276211e-07,-5.901160415780257965e-07
3.518015672491504866e-07,-6.056566514298631455e-07
1.819922204470510955e-08,-1.046163184962293063e-06
-2.340114956201916336e-07,-9.950511807123057383e-07
-5.689133685387605125e-08,-5.338425665871683330e-07
-2.503408168611447270e-07,-2.500059852525296853e-07
3.363916998684044146e-07,-5.103368244297060304e-07
3.206705320477451789e-07,-5.742675360641179872e-07
3.362885210173037556e-07,-6.123618581174209768e-07
-3.253866176031907312e-07,-7.493521033202652504e-07
-4.602720181659809164e-07,-9.080259519417846353e-07
-6.484425838921808633e-07,-8.125564330796270223e-07
-4.019781277674843100e-07,-4.532261989715719517e-07
-4.754227289762808585e-07,-2.520915175273462752e-07
2.314741956762756228e-07,-5.100054009023019413e-07
2.308662094531170074e-07,-6.161140798110878891e-07
1.762980038178904800e-07,-5.639482264765254244e-07
-7.922297429260484269e-07,-6.926657608754588895e-07
-6.853068646549079215e-07,-6.021953148900049148e-07
-6.274162559743971722e-07,-3.799501148223277499e-07
-6.591807344859156633e-07,-2.400273353789458449e-07
1.163884235157300080e-07,-5.006368904342934951e-07
1.159432776738385525e-07,-6.288875577209152412e-07
4.699692868252567986e-08,-5.655360811631488608e-07
-9.057541496823166803e-07,-5.776044223611485219e-07
-9.719817674880320117e-07,-4.723671694072814872e-07
-8.139239555279276031e-07,-3.554638034989244942e-07
-8.008325595009680779e-07,-2.144227567339572537e-07
-3.310317232269676632e-08,-4.784133473779463909e-07
-3.345366281521045654e-08,-6.539842120947283693e-07
-9.539615222726324458e-07,-3.526645746302533982e-07
-9.972158919378904681e-07,-3.683658027507204581e-07
-9.344799998914573739e-07,-2.638909133662229988e-07
-9.038536226113906513e-07,-2.043740867557692187e-07
-1.225761172772008488e-07,-5.667338488775830721e-07
-2.297459047263386077e-07,-4.447248401054427993e-07
-2.300281267958304746e-07,-6.896571228654549992e-07
-1.004950096223037261e-06,-2.855651177537495833e-07
-9.702531605500354267e-07,-2.475306270701124557e-07
-9.074748997781551883e-07,-2.284399596557462622e-07
-9.688702147065481935e-07,-2.184717918351048526e-07
-9.753198142800685734e-07,-2.257181222554483575e-07
-3.165630514132434729e-07,-5.675037386075553189e-07
-4.247962070943792142e-07,-4.097251141190256664e-07
-4.241616458097697901e-07,-7.259548097807538763e-07
-9.603537859121260650e-07,-2.177833871272971270e-07
-8.442569057583644400e-07,-2.496618760743859596e-07
-6.256480991138738192e-07,-3.771652771716783335e-07
-6.989053208606787737e-07,-3.529045350728421103e-07
-7.548177534298056738e-07,-3.138686648035082801e-07
-9.824958491157709745e-07,-2.325002424833513063e-07
-1.035608859402923128e-06,-2.851872213687225531e-07
-5.232734888973673507e-07,-5.458996513441657282e-07
-5.811511080683223476e-07,-7.500402007189080395e-07
-8.765945397920329713e-07,-2.753720162356708943e-07
-6.813583840391761959e-07,-4.567747387401433862e-07
-7.674413491272327313e-07,-3.680394721584562493e-07
-9.712872371388609867e-07,-3.073238424089736480e-07
-1.091494604002960129e-06,-3.896277622260609806e-07
-6.471281299244676282e-07,-6.367955320657716614e-07
-6.089752850066687302e-07,-7.808680794134136437e-07
-8.710259186953267001e-07,-4.577434849065047784e-07
-1.134582686326358183e-06,-5.262550103476296334e-07
-1.238893250579743001e-06,-7.008937931742278674e-07
-7.346900209973398332e-07,-7.293370997216324224e-07
-6.166902207470472219e-07,-8.625540108083714442e-07
-6.108830231428892525e-07,-1.119150156161994465e-06
-1.035154654652256976e-06,-6.995852946413568918e-07
-6.386851540741575831e-07,-1.423218708934054234e-06
-1.385479940584056094e-06,-8.965862189515415687e-07
-8.198107689242151852e-07,-1.110607215227046360e-06
-1.187726693082846840e-06,-1.133754191062331891e-06
-7.350398771995389131e-07,-1.737459524791069496e-06
-1.598788800161942402e-06,-1.135136374438284454e-06
-1.487821475477209516e-06,-1.417989388459805123e-06
-1.159843251792902224e-06,-1.615515713081293315e-06
-8.834588575795753399e-07,-2.088067521627221323e-06
-1.116610095630721185e-06,-2.451773242727376942e-06
-1.900637537049189708e-06,-1.384828772328895309e-06
-1.721871775205968111e-06,-1.791392177768319246e-06
-1.500846206006041884e-06,-2.317809522113939577e-06
-1.403550978007761620e-06,-2.820858672724339347e-06
-2.280362571115886894e-06,-1.635197046561490209e-06
-2.179566817434933706e-06,-2.326617379895941403e-06
-1.770348742227437673e-06,-3.160814990174600425e-06
-2.220500119601782041e-06,-3.480970750958384523e-06
-2.728470669999270620e-06,-3.773930741679585975e-06
-2.756886863230811516e-06,-2.488435537150053816e-06
-2.745796195309117790e-06,-1.867825102345070566e-06
-2.636734124945561730e-06,-3.152086657971595125e-06
-3.307948313409942711e-06,-3.998244650772294228e-06
-3.945323436105805470e-06,-4.165995189284734175e-06
-3.250961769811165337e-06,-2.630821899540834139e-06
-3.302158487266428060e-06,-2.035945123189640678e-06
-4.616617101344543431e-06,-4.255634009772373328e-06
-3.842056115080063430e-06,-3.220500169431315950e-06
-3.927657641825391757e-06,-2.122345775703780322e-06
-4.759957471614675451e-06,-3.332486381304641229e-06
-5.409787491618793893e-06,-4.315209357745476823e-06
-4.599723017583457618e-06,-2.130188319072795741e-06
-6.551191417715214026e-06,-4.374004726785637838e-06
-5.625285627501204443e-06,-2.792107750666292074e-06
-5.406617826728338338e-06,-2.070843513454563955e-06
-8.236192995804788152e-06,-4.461676161379885188e-06
-7.377508645534346506e-06,-3.094334686101788373e-06
-6.552816987330343768e-06,-1.995032323991608767e-06
-1.061867724646287504e-05,-4.552918802024924239e-06
-9.401765553332171814e-06,-3.189135006245774045e-06
-8.236783817076926385e-06,-1.911203427805830570e-06
-1.324700360204827464e-05,-4.626666541662718329e-06
-1.191023960991854531e-05,-3.188655442594282977e-06
-1.061878031524019540e-05,-1.823830891169423685e-06
-1.599681871862324199e-05,-4.685248532563058294e-06
-1.460362596447295608e-05,-3.188611036150053649e-06
-1.324697517475084930e-05,-1.750429864967647813e-06
-1.884238609582269882e-05,-4.729723774730287093e-06
-1.740579734505633052e-05,-3.188457064243281569e-06
-1.599697387091813012e-05,-1.691699522284200942e-06
-2.175818953442109380e-05,-4.761530105940917555e-06
-2.029047774047503905e-05,-3.188255971179887867e-06
-1.884253178315064672e-05,-1.646958711798056769e-06
-2.472242984536407380e-05,-4.782913660052441061e-06
-2.323378781263245457e-05,-3.188015308670265915e-06
-2.175834236489200495e-05,-1.614715960251438612e-06
-2.771797723442659861e-05,-4.796324474653809255e-06
-2.621616704672553362e-05,-3.187816201907537785e-06
-2.472257452052053155e-05,-1.592850945166650833e-06
-3.073205182234832960e-05,-4.803399724988268799e-06
-2.922296890866397966e-05,-3.187597904970018110e-06
-2.771819827687177658e-05,-1.579044417491462828e-06
-3.375398055903475311e-05,-4.805782887056907142e-06
-3.224246501657287653e-05,-3.187402306630723888e-06
-3.073222122940322845e-05,-1.571594383310501497e-06
-4.022699136995879209e-05,-4.627329876600976756e-06
-3.979792698694599012e-05,-4.805076907362020334e-06
-3.510822464386341722e-05,-3.187184197333241727e-06
-3.677682781816626483e-05,-4.805585589032833029e-06
-3.375415479779787342e-05,-1.568770664055023907e-06
-4.040471488363320826e-05,-4.198235244652836500e-06
-3.938956576210544361e-05,-3.186951733759250132e-06
-3.677694535610204289e-05,-1.568608074293229006e-06
-4.040479203314225920e-05,-2.175612681081331384e-06
-3.979802999385191251e-05,-1.568794321255378698e-06
-4.022707882587144143e-05,-1.746532199348994243e-06
