Size 192,2
1.164330843958087464e-05,-4.872388871501880472e-07
1.171537718225722963e-05,-3.133407449797393172e-07
1.171532752425190652e-05,5.066633677266663327e-07
1.164324533434825854e-05,6.806285175266337297e-07
1.146934114665542435e-05,-5.592543414055605985e-07
1.114282106623922184e-05,9.673459805660432324e-08
1.146923983627527332e-05,7.526823643188281643e-07
1.024410745596393571e-05,-5.580432616976529795e-07
1.024381813947886321e-05,7.525519349364544536e-07
9.568321383276572880e-06,9.781564167224981807e-08
9.022029574544755792e-06,-5.539907199565589797e-07
9.021291849424229570e-06,7.511032020297148330e-07
8.412467620012349943e-06,9.934593246333250123e-08
7.806903625368329393e-06,-5.473133810175080431e-07
7.805836131344388949e-06,7.480206337208998588e-07
7.201646814836240470e-06,1.014307646882218609e-07
6.602092434259660645e-06,-5.373715242674236239e-07
6.600894224573913942e-06,7.426632913105822403e-07
6.003721309231427943e-06,1.038655805578562930e-07
5.414411210171414902e-06,-5.216406726460880987e-07
5.413029760460567443e-06,7.322016932547519936e-07
4.828243937909173219e-06,1.067276437553076864e-07
4.257095637073241694e-06,-4.964992679537277785e-07
4.255526371935321952e-06,7.132410312994956902e-07
3.692680280980762363e-06,1.100478544820204374e-07
3.150949199202808951e-06,-4.595215547664703206e-07
3.149526054477903128e-06,6.829144671705638712e-07
2.620279709415288089e-06,1.134801651841697755e-07
2.119132952473682277e-06,-4.114471878660602272e-07
2.117806173258542114e-06,6.416114141533697479e-07
1.632431432032307657e-06,1.166756741788658305e-07
1.180948144828501071e-06,-3.544680323422844043e-07
1.179361486583678477e-06,5.909672221736662504e-07
7.457953951354533191e-07,1.196453437497700437e-07
3.500463392913505832e-07,-2.907013862400506469e-07
3.480264569346173009e-07,5.328544056315792131e-07
-1.375522932952175683e-08,1.230802446453266351e-07
-3.363144776664651234e-07,-2.217052146624538481e-07
-3.383570339583088344e-07,4.673280546650554606e-07
-5.688484984008444913e-07,1.021584611313753250e-07
-7.674057080058165844e-07,-1.600968573902039035e-07
-7.701480823521792281e-07,4.083340743747083830e-07
-1.024947846161880964e-06,-1.076721341023075867e-07
-9.912296798218916490e-07,4.154574964634456052e-08
-1.028315840158660742e-06,3.716274001736887561e-07
-1.184969000247628892e-06,3.324242516206735796e-07
5.000751164481352018e-07,-3.931322923547736386e-07
5.088652127239795201e-07,-4.141031722901771833e-07
5.088546849550188000e-07,-4.927465570661821445e-07
5.000774946931150737e-07,-5.137003533019555568e-07
-1.187979840042467297e-06,-7.109256677063935083e-08
-1.303452305660918618e-06,-3.142983565138822968e-08
-1.230367683557466354e-06,1.792824049125872755e-07
-1.317920250604047668e-06,3.016209974916324152e-07
4.791737224297006320e-07,-3.845685621872218431e-07
4.580260903845979404e-07,-4.710288483416917210e-07
4.791326231362986808e-07,-5.226572950762226727e-07
-1.350122377530505591e-06,8.576395215099207743e-08
-1.398529819142240650e-06,2.691884554328130548e-08
-1.463744173541219854e-06,8.087505912982668886e-08
-1.385204201969534010e-06,2.109454155908922327e-07
-1.412941303801023031e-06,2.766123846378201029e-07
3.372536484783258884e-07,-3.833429385616693013e-07
3.365303363765208203e-07,-5.274568097743385199e-07
2.625933240535177766e-07,-4.564547955183976807e-07
-1.496540655695335884e-06,1.446327541578872621e-07
-1.482435117461098691e-06,1.632358892316876393e-07
-1.465731456494583991e-06,2.310184482732296363e-07
-1.479163780620606713e-06,2.491820016249033391e-07
1.810567360542667273e-07,-3.694300978464846798e-07
1.804284374602014471e-07,-5.457853129543400640e-07
8.551804219855598956e-08,-4.588877284581686101e-07
-1.509082713684405327e-06,1.946806128080298231e-07
-1.489386438735545009e-06,2.282241732709712776e-07
-1.510019725820314801e-06,2.336829709589279443e-07
-1.519314244411611220e-06,2.196473695009086265e-07
-2.569909674050442079e-08,-3.372377187952825178e-07
-2.658987303164942686e-08,-5.835020359453657174e-07
-1.493208571035337175e-06,2.431651387406677030e-07
-1.442724735668925862e-06,2.528279516761402386e-07
-1.508842768255762219e-06,2.211567926658117697e-07
-1.538692772330249272e-06,1.656344392476120731e-07
-1.518430808992642455e-07,-4.617924756751675661e-07
-3.039005181290708155e-07,-2.890086075090796602e-07
-3.048660654650731500e-07,-6.379211901679518761e-07
-1.389084822776089878e-06,2.534338413160417805e-07
-1.308873093948753548e-06,2.116580492651092894e-07
-1.213126609370612005e-06,1.485868616665262865e-07
-1.472512808444355989e-06,1.733437333033889950e-07
-1.545248611647674942e-06,7.596874502270128862e-08
-4.280067300132783290e-07,-4.644395964796388240e-07
-5.826822621476816503e-07,-2.398006759750854063e-07
-5.830042310324360296e-07,-6.932246258619098682e-07
-1.343578824285961063e-06,1.576630513493236667e-07
-1.125838368003971245e-06,4.802328765686935365e-08
-8.616213368662613738e-07,-1.952079587932067463e-07
-9.573575237736219837e-07,-1.585804712051502375e-07
-1.024355818219387799e-06,-9.380594052751957992e-08
-1.438294160791299079e-06,6.055434098246179270e-08
-1.557554513725763432e-06,-5.320032534709345631e-08
-7.238661378299888962e-07,-4.347141844671377604e-07
-8.191714197525508770e-07,-7.312570306061693590e-07
-1.211949286996233407e-06,-3.301008694153394163e-08
-9.422210265986408452e-07,-3.119299206939121434e-07
-1.055274555542006012e-06,-1.827879683986685752e-07
-1.395091613789392734e-06,-9.584997841693795347e-08
-1.583579154961712683e-06,-2.254517748205435802e-07
-9.109044271988288106e-07,-5.716110405010812743e-07
-8.700941179912454780e-07,-7.748798123493350426e-07
-1.223689210281320037e-06,-3.316166856198472160e-07
-1.615784382944355068e-06,-4.290270223765952105e-07
-1.724240006938694626e-06,-6.691394242840868534e-07
-1.046853253951332377e-06,-7.081061351227425531e-07
-8.915815629590795196e-07,-8.830570350417852589e-07
-9.023627060003589937e-07,-1.211252514462656236e-06
-1.453390880752935299e-06,-6.766428657256773386e-07
-9.549915604901000905e-07,-1.584373193315955023e-06
-1.890329499795039414e-06,-9.321803009910127223e-07
-1.175427410814179622e-06,-1.205276407154854133e-06
-1.637732352403804373e-06,-1.233834865537287289e-06
-1.084148765824118691e-06,-1.964411583503863872e-06
-2.136132082967043420e-06,-1.235281398872919885e-06
-1.997272881432332087e-06,-1.582094649134855511e-06
-1.603797354245381565e-06,-1.819669441888189986e-06
-1.272986997431717742e-06,-2.378103398755946397e-06
-1.554938827249368676e-06,-2.800947451406664769e-06
-2.483097619455373739e-06,-1.544914542631489155e-06
-2.271409207979074813e-06,-2.027786364627226594e-06
-2.011461534874042862e-06,-2.643716107036936008e-06
-1.897530682617406720e-06,-3.223985657160023504e-06
-2.918813644692376860e-06,-1.848392102695442741e-06
-2.801107818927721669e-06,-2.652423166493496827e-06
-2.327023167499487483e-06,-3.611301936167694610e-06
-2.845949803997658345e-06,-3.971860090540379810e-06
-3.427340465781387817e-06,-4.297650305322825426e-06
-3.461486021023780689e-06,-2.838804485105449143e-06
-3.449705421732417376e-06,-2.125153036793438945e-06
-3.325070256219483003e-06,-3.595043136315474963e-06
-4.084292967991714238e-06,-4.546063092998057153e-06
-4.801912390238596453e-06,-4.729226478281816424e-06
-4.022013131453570979e-06,-3.002236532808991204e-06
-4.079335498235015088e-06,-2.325889128438688095e-06
-5.555080394592046599e-06,-4.825052648956527991e-06
-4.688817503031547288e-06,-3.668184449190167480e-06
-4.783652816596906217e-06,-2.432053692722052093e-06
-5.716293170300856164e-06,-3.793047302837364702e-06
-6.439779881650381460e-06,-4.886524074037861115e-06
-5.537579227058410824e-06,-2.446318497604925790e-06
-7.708626895442954213e-06,-4.947309343389422293e-06
-6.681421567102556297e-06,-3.190735675152347058e-06
-6.436345738138482479e-06,-2.386021899348470235e-06
-9.571508314521080324e-06,-5.037775921089276078e-06
-8.624086822093469232e-06,-3.528517798048330165e-06
-7.709994600823735073e-06,-2.309128173110163062e-06
-1.219148323028195146e-05,-5.130918970101241049e-06
-1.085563104929856065e-05,-3.634546380401146964e-06
-9.571971274523740573e-06,-2.224591868364976746e-06
-1.506547131736649849e-05,-5.204844115983079736e-06
-1.360628849714215728e-05,-3.635621456511122425e-06
-1.219125861263226590e-05,-2.138165841000884080e-06
-1.805601546097315041e-05,-5.262685030408140008e-06
-1.654305754340281657e-05,-3.637481591632145915e-06
-1.506489505336396510e-05,-2.068221349916570749e-06
-2.113674879392654803e-05,-5.307204562889313459e-06
-1.958290360390236854e-05,-3.639369757409544800e-06
-1.805534354163097012e-05,-2.014162887929356789e-06
-2.428516571077729284e-05,-5.341496800154992476e-06
-2.270069120943264660e-05,-3.641318826447410930e-06
-2.113597458375014463e-05,-1.973467177264105381e-06
-2.748514657655559945e-05,-5.368001464633825770e-06
-2.587724283072415633e-05,-3.643306862308414467e-06
-2.428442945302814856e-05,-1.943155851113657768e-06
-3.072469915840965357e-05,-5.388544644104213753e-06
-2.909874674013386117e-05,-3.645195971721855189e-06
-2.748444101479810889e-05,-1.920537132646810124e-06
-3.399420451025934729e-05,-5.403723540472629859e-06
-3.235486122629899815e-05,-3.646894937578984636e-06
-3.072401792011561310e-05,-1.903569379793658081e-06
-3.728378555859086888e-05,-5.413202055915488082e-06
-3.563625291902570454e-05,-3.648384840910642730e-06
-3.399362744677868832e-05,-1.891596801133791779e-06
-4.435544148426936057e-05,-5.224475140588955290e-06
-4.388647795851016514e-05,-5.418703649770425062e-06
-3.876080553631672227e-05,-3.649395664376724781e-06
-4.058369075508471042e-05,-5.417604909621866535e-06
-3.728332003739098603e-05,-1.884714960617925980e-06
-4.454969285574617477e-05,-4.755542540928521098e-06
-4.343971821754491459e-05,-3.650074282659511806e-06
-4.058347525974067486e-05,-1.881852947886545369e-06
-4.454960053177197803e-05,-2.544676705433166778e-06
-4.388633358823342505e-05,-1.881455853455299008e-06
-4.435533104572772771e-05,-2.075706277480236438e-06
