Size 192,2
-6.854437509254881762e-05,1.020070864416015956e-05
-6.879519034789562950e-05,9.595195396321778367e-06
-6.879529140014089574e-05,6.740744375514121294e-06
-6.854448927394312405e-05,6.135250828092680098e-06
-6.793886007754236121e-05,1.045152361736270906e-05
-6.680312377730122453e-05,8.167997648219737627e-06
-6.793899443621055471e-05,5.884447325491564115e-06
-6.367493590060671550e-05,1.045153582915637844e-05
-6.367524073705411406e-05,5.884850963086524704e-06
-6.132136267330026388e-05,8.168440699673081121e-06
-5.941231919664861135e-05,1.044977600399087415e-05
-5.941267042541212572e-05,5.887379112024480300e-06
-5.728274537543451560e-05,8.168945316088940470e-06
-5.515588117262807218e-05,1.044526287110169251e-05
-5.515591985351736754e-05,5.892766988787413512e-06
-5.303106706453944934e-05,8.169223760736438680e-06
-5.091158642311873129e-05,1.043716030973988213e-05
-5.091138727215413175e-05,5.901379271388103538e-06
-4.879496453046950553e-05,8.169408688299117238e-06
-4.668626998331935831e-05,1.042506948817364578e-05
-4.668599611584362989e-05,5.914012375870047826e-06
-4.458148308894997926e-05,8.169573242555951576e-06
-4.248729543505116020e-05,1.040861755914844297e-05
-4.248730746686101446e-05,5.930928180942300000e-06
-4.039875071238356884e-05,8.169667409774719776e-06
-3.832390785724911321e-05,1.038713698265784109e-05
-3.832409071996750250e-05,5.952317692281723977e-06
-3.625612600846547546e-05,8.169736013191222752e-06
-3.420534894766681135e-05,1.036078343291202834e-05
-3.420536681172066867e-05,5.978559794191683849e-06
-3.216273643751564604e-05,8.169783261441856704e-06
-3.014042317761853987e-05,1.032971079881151682e-05
-3.013989055129279152e-05,6.009546132729175797e-06
-2.812735544085330478e-05,8.169672900124888500e-06
-2.613705219346498099e-05,1.029436079189090230e-05
-2.613644102684619240e-05,6.045033001708112239e-06
-2.423715186867480669e-05,8.169280886146059169e-06
-2.236088384633750422e-05,1.025536543775698062e-05
-2.236042987316497373e-05,6.085242920100578001e-06
-2.096038685195333637e-05,8.330331274519987007e-06
-1.955241431775624238e-05,1.022069712704959769e-05
-1.955143105062378332e-05,6.120919422958707956e-06
-1.754095043605779947e-05,1.019187834742273308e-05
-1.792543474084957379e-05,8.863019698988837042e-06
-1.753986134761732191e-05,6.143070543177616113e-06
-1.609519750047249309e-05,6.165933678322750998e-06
2.657112552029908039e-06,-1.713320753961661728e-07
2.710877921341462289e-06,-3.004569428612852855e-07
2.710636776331175836e-06,-7.823290136736646899e-07
2.657099675428844445e-06,-9.100650236257707303e-07
-1.609273417490094551e-05,1.017220004747149798e-05
-1.479470089807221260e-05,1.008071372760389408e-05
-1.579582734345778849e-05,7.669950526213136085e-06
-1.479075198021263724e-05,6.076024567756953328e-06
2.528495377961499790e-06,-1.180562137347370515e-07
2.398405088369669759e-06,-6.466135343883331067e-07
2.529288638289480863e-06,-9.635936516438781536e-07
-1.437842440088934886e-05,8.849376846016126239e-06
-1.352345994709099237e-05,9.839516707520137653e-06
-1.230017093716714026e-05,9.464005194952769271e-06
-1.398931915614319735e-05,7.162556891132089117e-06
-1.354476557008280990e-05,5.769832181260409230e-06
1.655333825543430761e-06,-1.059701781333350420e-07
1.654112242821580361e-06,-9.803821068309302796e-07
1.202228767418830648e-06,-5.442507314307074900e-07
-1.114040857434310347e-05,8.950901761015623591e-06
-1.213566714954530612e-05,8.191544953937439483e-06
-1.255863653089770720e-05,6.595655555536233733e-06
-1.238827826199087805e-05,5.261002105102250025e-06
7.128464144395980252e-07,-2.882360884860516084e-08
7.123615034403054676e-07,-1.061494395461205012e-06
1.568455923034423298e-07,-5.460736796466746856e-07
-1.005321275450760487e-05,8.319013689885894282e-06
-9.057613239586313411e-06,7.576715985485023440e-06
-1.108270792689755841e-05,6.346726043666212027e-06
-1.135337033403678894e-05,4.565064732748429097e-06
-4.790320093954110243e-07,1.405979401331267325e-07
-4.795643313263559994e-07,-1.234574727249701201e-06
-9.310128563946056581e-06,6.429376648653354424e-06
-8.163030245057493998e-06,6.729471804422574049e-06
-9.733163117813130641e-06,5.132756738752089650e-06
-1.046797014143811210e-05,3.714292750876745505e-06
-1.178039124351826389e-06,-5.477041990039860834e-07
-2.006463700756256648e-06,3.858255530117310058e-07
-2.005839148485956831e-06,-1.484894927573966978e-06
-7.372415742202654812e-06,5.795986363881806876e-06
-6.703782410149698270e-06,4.794820180540377548e-06
-6.158393162425383923e-06,3.727255709687795449e-06
-8.871652142827177168e-06,3.963375283756342241e-06
-9.754709218749302443e-06,2.740691417984823997e-06
-2.672200368778503824e-06,-5.467774517316126856e-07
-3.486453118534124123e-06,6.272858629747490766e-07
-3.486938564597120687e-06,-1.738788916708689603e-06
-7.278131541486578707e-06,3.729451197181670708e-06
-5.737685969996002707e-06,2.611444728577881599e-06
-4.836008860377508507e-06,8.319883380235959891e-07
-5.234596289451172331e-06,1.036053903854343569e-06
-5.454332114109594890e-06,1.449852337023044891e-06
-8.267338310919623541e-06,2.597184828684499088e-06
-9.228256849316187951e-06,1.682983433908322093e-06
-4.219050595076109733e-06,-3.762747109976416584e-07
-4.821617320478818267e-06,-1.920226058166214259e-06
-6.511137395309405495e-06,1.817745432510569684e-06
-5.252164532062571982e-06,2.114831786062386318e-07
-5.723395867911210576e-06,8.906551900825418566e-07
-7.825491010838583027e-06,1.353841478508936325e-06
-8.909236059320755933e-06,5.810542693196603405e-07
-5.262950590689644025e-06,-1.124118248745489877e-06
-5.194118402550365169e-06,-2.121711595472859717e-06
-6.738723962629137803e-06,-5.122441068329929575e-08
-8.810512472537171459e-06,-5.375384107451161801e-07
-8.964212328689901042e-06,-1.658846621866941748e-06
-6.044307221288201824e-06,-1.845945835431505809e-06
-5.406333055202736875e-06,-2.562335021158797394e-06
-5.658876869830618287e-06,-3.794938025013035045e-06
-7.826851062404172052e-06,-1.789713645485465542e-06
-6.056337026713373046e-06,-5.020651501610406876e-06
-9.357662341398638136e-06,-2.801384038534602190e-06
-6.757416862110146743e-06,-3.828051229923822242e-06
-8.410897370207028197e-06,-3.923810193783898123e-06
-6.618842753535365085e-06,-6.204238709411327196e-06
-9.983103556255476949e-06,-3.926655399816125267e-06
-9.495538575233033836e-06,-5.063838009606422899e-06
-8.310311766004795464e-06,-5.787332770625276888e-06
-7.327335052784200695e-06,-7.361995907439862160e-06
-8.206654885827181309e-06,-8.462799894441706860e-06
-1.084551322912698653e-05,-4.982571617367421938e-06
-1.024188245928208584e-05,-6.373949056209026708e-06
-9.525730753936626353e-06,-8.032308545232625874e-06
-9.218698766235131588e-06,-9.489231744968274369e-06
-1.191508784842922000e-05,-5.928432635213502884e-06
-1.159852901747830480e-05,-8.030012851217160100e-06
-1.037900296803059296e-05,-1.039965073457337518e-05
-1.167990779549168757e-05,-1.119523863832268033e-05
-1.308587160826093768e-05,-1.186270007561011900e-05
-1.319334143669037031e-05,-8.489519574187369462e-06
-1.317803502534324165e-05,-6.724342525395179126e-06
-1.287333489605596221e-05,-1.027738776921245116e-05
-1.459786279220290605e-05,-1.235765141482054497e-05
-1.619079833903789209e-05,-1.268810011280940785e-05
-1.448985725994714465e-05,-8.886398039769260432e-06
-1.461442968570243024e-05,-7.307820657629207852e-06
-1.782892642326375200e-05,-1.283125985653420710e-05
-1.598259383179743604e-05,-1.038098127084912113e-05
-1.617608937275085744e-05,-7.649462588517234329e-06
-1.818637737574265291e-05,-1.063647467460568697e-05
-1.968399657586659336e-05,-1.288946028919663812e-05
-1.781244930355770569e-05,-7.744318571231341046e-06
-2.228498206071405282e-05,-1.294757363011544528e-05
-2.020784028933769576e-05,-9.374789747571489511e-06
-1.968053924930321857e-05,-7.687425231774989428e-06
-2.597406181761248014e-05,-1.303492853510183388e-05
-2.412381938748579233e-05,-1.007539552843250349e-05
-2.228621346410593915e-05,-7.613991819582997044e-06
-3.100013355872812461e-05,-1.312589948778773590e-05
-2.846154241786920337e-05,-1.028663896740741979e-05
-2.597417837374255701e-05,-7.532147631921016981e-06
-3.638043384647127475e-05,-1.319953139775843147e-05
-3.366790450171732775e-05,-1.028710046819215593e-05
-3.099969965971801923e-05,-7.446822788195444888e-06
-4.188110882641078134e-05,-1.325952501529399377e-05
-3.911212562499626668e-05,-1.028791379787437112e-05
-3.637996112268829138e-05,-7.375371003750399715e-06
-4.748110731256379146e-05,-1.330736219826259138e-05
-4.466624025299874512e-05,-1.028843963156187498e-05
-4.188101623976824565e-05,-7.316740850491603870e-06
-5.315832453522993591e-05,-1.334272574103697749e-05
-5.030873016546442056e-05,-1.028873594599173128e-05
-4.748116582667875869e-05,-7.269881006030989947e-06
-5.888933413278084258e-05,-1.336607397265401854e-05
-5.601674822482626096e-05,-1.028893211347615681e-05
-5.315841760215183498e-05,-7.235025514433997012e-06
-6.465210171775822993e-05,-1.337940431923766332e-05
-6.176681263872088677e-05,-1.028910729236408617e-05
-5.888925462224238987e-05,-7.212075831449211267e-06
-7.043118053424795525e-05,-1.338633615340781017e-05
-6.753966377011697388e-05,-1.028917358852209078e-05
-6.465197818706275084e-05,-7.198891857907079341e-06
-7.621882225112163627e-05,-1.339045163831376394e-05
-7.332380441088457150e-05,-1.028928271474357431e-05
-7.043101298108445931e-05,-7.192073169997624930e-06
-8.863116878490482058e-05,-1.305259798537792829e-05
-8.780802424638243229e-05,-1.339353351990269223e-05
-7.881313487362528135e-05,-1.028933127309693376e-05
-8.201195121233067467e-05,-1.339294195546655672e-05
-7.621880601360050229e-05,-7.188077175616365280e-06
-8.897213087978120293e-05,-1.222948985232906002e-05
-8.702424045877853870e-05,-1.028935078232535264e-05
-8.201199081217781198e-05,-7.185779064218964959e-06
-8.897216497530540421e-05,-8.349189423258463526e-06
-8.780806589678767074e-05,-7.185148848971942558e-06
-8.863120641793310601e-05,-7.526082977061872590e-06
