Size 192,2
7.765767286891652821e-05,-1.311096918661774044e-05
7.791211467927498270e-05,-1.249660104863021402e-05
7.791224033622159550e-05,-9.600676017449012983e-06
7.765781857894635840e-05,-8.986319250930079440e-06
7.704337810468251985e-05,-1.336546316415091245e-05
7.589165585418627675e-05,-1.104865461755531374e-05
7.704355319408838433e-05,-8.731827828215675473e-06
7.271895385692551039e-05,-1.336643197896195520e-05
7.271913945149195908e-05,-8.730509510373580148e-06
7.033028308801281508e-05,-1.104810773658327731e-05
6.838934827781489802e-05,-1.337092547171480933e-05
6.838956493143409665e-05,-8.724872653705131108e-06
6.622098312587584704e-05,-1.104749992116243268e-05
6.404651496091370378e-05,-1.337969845749487625e-05
6.404667246260453825e-05,-8.714666656415575468e-06
6.186825920750554160e-05,-1.104668432564680732e-05
5.968138974632745605e-05,-1.339217757831325825e-05
5.968147907070025815e-05,-8.700144704932618315e-06
5.748927422190861972e-05,-1.104574866002257331e-05
5.528750999021099218e-05,-1.340689538864044258e-05
5.528714394834155607e-05,-8.683278999115105946e-06
5.307967345184922987e-05,-1.104465394406588149e-05
5.086284235424829965e-05,-1.342094128772805368e-05
5.086221703326233553e-05,-8.667099161669337525e-06
4.864069032553917243e-05,-1.104362872916502145e-05
4.641140216589217487e-05,-1.343214121411100992e-05
4.641086860267107627e-05,-8.654345024638015858e-06
4.417861022955020945e-05,-1.104273922777551145e-05
4.194089347806539991e-05,-1.343957238275094046e-05
4.194082384779708575e-05,-8.645388501281895061e-06
3.970163629959023202e-05,-1.104198616787767502e-05
3.745919121607601518e-05,-1.344382674823239109e-05
3.745940784510442433e-05,-8.639658765682396715e-06
3.521600878881361976e-05,-1.104130547157086940e-05
3.297098088689242570e-05,-1.344609829146997765e-05
3.297095568932839935e-05,-8.635732353460992715e-06
3.081599725005674633e-05,-1.104048803416435489e-05
2.865960926275616658e-05,-1.344819862887368139e-05
2.865928030307501959e-05,-8.631612327224900808e-06
2.704216196456269894e-05,-1.122797632914630113e-05
2.538895344653418581e-05,-1.345030801819591350e-05
2.538867720319262981e-05,-8.627488919801968380e-06
2.300569464552554305e-05,-1.345251919591618537e-05
2.347308162162660948e-05,-1.186196551799029529e-05
2.300538323475398379e-05,-8.624465641672617380e-06
2.127098166205830372e-05,-8.621347166410127570e-06
-3.696873720452563864e-06,-4.180294242845294381e-08
-3.771480153451615223e-06,1.374802632993261824e-07
-3.771154917318387653e-06,8.060535432575051455e-07
-3.696896248085775710e-06,9.832070364889856311e-07
2.127170086469025196e-05,-1.345419193753741588e-05
1.969344578465432051e-05,-1.336582193083244337e-05
2.092224051316426942e-05,-1.043413842028973842e-05
1.969777707666468450e-05,-8.480261038683292428e-06
-3.518330749649855850e-06,-1.158429138819096372e-07
-3.337996075317871886e-06,6.174438552958885766e-07
-3.519629577998436459e-06,1.057338803456017408e-06
1.919433968103340235e-05,-1.187433162706406155e-05
1.813440058634492428e-05,-1.309923305267219679e-05
1.661413404889213464e-05,-1.265640245097870322e-05
1.872051983602310803e-05,-9.804672800844016584e-06
1.816997245248188055e-05,-8.066874206243408081e-06
-2.306820917325595703e-06,-1.337557892756163144e-07
-2.305391537348680785e-06,1.079818623364782704e-06
-1.678142174906775414e-06,4.739681135499473500e-07
1.515238255771297570e-05,-1.204396695510649480e-05
1.641653699556812270e-05,-1.108554093056428575e-05
1.694492018309304849e-05,-9.090552153687408971e-06
1.673482060105086172e-05,-7.393508226310319420e-06
-9.984065525460343804e-07,-2.426436848558186151e-07
-9.982314066432139807e-07,1.191714831975874781e-06
-2.261234322191466385e-07,4.750806177369148570e-07
1.376871849281192740e-05,-1.126819936015466246e-05
1.248075896603921553e-05,-1.033926010741483658e-05
1.508566029538063872e-05,-8.771018301753688822e-06
1.543620712228174085e-05,-6.480738764526917238e-06
6.576908974014551628e-07,-4.796364966529965127e-07
6.580539934351683369e-07,1.430853734673130542e-06
1.280597420834045675e-05,-8.880316160567469392e-06
1.130602865502701709e-05,-9.269770763074636829e-06
1.335604474569939649e-05,-7.206250074673229293e-06
1.431380996828327727e-05,-5.355189512464067390e-06
1.628780690193640009e-06,4.758092361021754718e-07
2.779773790367036369e-06,-8.217208178590667720e-07
2.778354460890713933e-06,1.776317572828898231e-06
1.026020314547620649e-05,-8.072732158893899907e-06
9.355470743714695806e-06,-6.763282081937154514e-06
8.601679078179870700e-06,-5.356809151256895729e-06
1.222900957011126024e-05,-5.676639951416501104e-06
1.340196476020422286e-05,-4.051605145091858836e-06
3.703889945132853803e-06,4.730276766932557385e-07
4.834499861930148338e-06,-1.158397413908998525e-06
4.834140905011120333e-06,2.126698965138153889e-06
1.011172642652328429e-05,-5.365153618146011531e-06
8.013455105494806687e-06,-3.866291794872630524e-06
6.716566243259971180e-06,-1.445372841232639942e-06
7.278806268854384302e-06,-1.727584866007757483e-06
7.596016814941591467e-06,-2.294961708862112310e-06
1.143270464825611625e-05,-3.856610534644344680e-06
1.273117785957558558e-05,-2.619199319591482703e-06
5.851364048704899575e-06,2.353725389144042184e-07
6.676649817249589619e-06,2.376150859414663230e-06
9.054315483918565953e-06,-2.801214703052920966e-06
7.294006009861710387e-06,-5.857717504518677043e-07
7.958732597109870451e-06,-1.527907998139779089e-06
1.084063563361723122e-05,-2.171468593664802471e-06
1.233270545552302472e-05,-1.108521817688255248e-06
7.292370888547598445e-06,1.268091953234329453e-06
7.183408277291868042e-06,2.656745290130661692e-06
9.352553789059268603e-06,-2.375479095604478114e-07
1.222052319206480945e-05,4.379242414495954784e-07
1.247136474849405416e-05,2.004662031955858961e-06
8.368305663100590979e-06,2.266958333929190067e-06
7.468183291086390983e-06,3.277658239968864449e-06
7.799808170310530795e-06,5.028596999573251818e-06
1.086980282612686560e-05,2.177855413393537733e-06
8.338519040517894059e-06,6.793491514502598619e-06
1.305993501766771731e-05,3.608477930293864567e-06
9.351824470554691399e-06,5.068230680520912914e-06
1.171340408318635322e-05,5.205111446555893064e-06
9.127312450508668593e-06,8.507381443684740359e-06
1.398779303910457976e-05,5.208921792280853753e-06
1.329001880153445803e-05,6.846607229350236777e-06
1.156599168066888772e-05,7.897665241966533427e-06
1.013397535164778108e-05,1.020558570230900119e-05
1.140719059868146830e-05,1.183528530592747265e-05
1.527233274587427265e-05,6.722699427763510164e-06
1.438833849812877490e-05,8.756417162833806452e-06
1.333483002551381502e-05,1.120166290539778557e-05
1.288196369278115123e-05,1.337053752744345352e-05
1.686892119687473748e-05,8.091623548791521833e-06
1.640136835753813410e-05,1.120251493187094210e-05
1.459159493220658373e-05,1.473875701093047664e-05
1.652827443229717072e-05,1.594640632155155214e-05
1.863277267673750748e-05,1.697283097481693052e-05
1.878850605482238929e-05,1.188778558989354358e-05
1.876323959762639669e-05,9.254391271145344142e-06
1.830687304817516013e-05,1.457363277104615830e-05
2.091290771914561584e-05,1.773807215651678989e-05
2.333014151923668979e-05,1.825957842171483823e-05
2.074188572286899405e-05,1.248096484849191860e-05
2.093205692649615602e-05,1.010489645257165815e-05
2.582420648669477966e-05,1.849568300200456441e-05
2.300298092609024065e-05,1.474484691245718325e-05
2.330157689134948574e-05,1.059537313482474791e-05
2.636640094445860113e-05,1.513791327518937828e-05
2.866792802227795280e-05,1.860669352929156972e-05
2.579364757959436445e-05,1.072176433305364058e-05
3.267316641449219595e-05,1.871887285099497236e-05
2.946524614631432617e-05,1.320122769628617899e-05
2.866152686417321567e-05,1.061315154804574431e-05
3.840273475819237477e-05,1.889292013671079720e-05
3.551805591544534359e-05,1.427780347442952407e-05
3.267588053302105766e-05,1.047061804164358567e-05
4.629038922004151743e-05,1.908446447640867167e-05
4.229244094607738179e-05,1.460522771554605863e-05
3.840368679876929585e-05,1.030578824523042525e-05
5.482638992007636319e-05,1.925032799302444066e-05
5.050751693711220519e-05,1.460573647329350479e-05
4.629030019915042206e-05,1.012461310715340510e-05
6.364394221907416593e-05,1.939134029785407530e-05
5.919107051441239347e-05,1.460709986736029470e-05
5.482588242608087310e-05,9.962393136362199958e-06
7.269936125475613361e-05,1.950750358418023366e-05
6.813545928252311612e-05,1.460830197914888557e-05
6.364355565150064151e-05,9.824036244474987340e-06
8.194650474931332751e-05,1.960033798354067258e-05
7.729419632445668712e-05,1.460944944121513740e-05
7.269901186413302437e-05,9.710228029506008736e-06
9.134302381472262375e-05,1.967136331404579816e-05
8.662280485545101587e-05,1.461048337757488239e-05
8.194619193938470581e-05,9.619690797397930951e-06
1.008513429842246810e-04,1.972289838458000385e-05
9.608119098708200177e-05,1.461116445068382026e-05
9.134276934588477664e-05,9.550406339576252913e-06
1.104374914297458416e-04,1.975678026670183761e-05
1.056340425680057324e-04,1.461152390016499659e-05
1.008512374271427120e-04,9.499799400723527522e-06
1.200694355916092151e-04,1.977517422530963796e-05
1.152481313092698048e-04,1.461174587721710607e-05
1.104374377132306240e-04,9.466470827494791827e-06
1.407511673219603182e-04,1.921551600859205795e-05
1.393797672236921515e-04,1.978354141662685338e-05
1.243915934213425916e-04,1.461176566610322895e-05
1.297225134766662722e-04,1.978231439515188838e-05
1.200694575242296892e-04,9.448360970249803265e-06
1.413192229120001852e-04,1.784415797484351733e-05
1.380738126176921890e-04,1.461167091135672649e-05
1.297225290355630267e-04,9.441126553960097644e-06
1.413192095242418625e-04,1.137918734556066760e-05
1.393797591541697520e-04,9.439815602932990143e-06
1.407511547666775499e-04,1.000783707240690270e-05
