Size 192,2
3.597688380292531036e-05,-4.071503523413352155e-06
3.614818070669755098e-05,-3.658107958831152385e-06
3.614815887412251006e-05,-1.708956719122755913e-06
3.597686192712142120e-05,-1.295570819985987703e-06
3.556337088637373501e-05,-4.242711624502372568e-06
3.478738011299884061e-05,-2.683511540056700121e-06
3.556335316766879342e-05,-1.124366064477372223e-06
3.265124784305271769e-05,-4.240931144087177292e-06
3.265124465864919151e-05,-1.126067869445121660e-06
3.104534644183739466e-05,-2.683519822732846898e-06
2.974569728969879063e-05,-4.233951486315527418e-06
2.974563041351002349e-05,-1.133004950602200142e-06
2.829818840362690341e-05,-2.683428374946828906e-06
2.685859539592847531e-05,-4.220180454736460724e-06
2.685883655370949275e-05,-1.146484581692983728e-06
2.542486831813647134e-05,-2.683103399972735951e-06
2.400340867306026050e-05,-4.198982776174301740e-06
2.400412765916618948e-05,-1.167116329234694469e-06
2.259055413895111767e-05,-2.682680757030430642e-06
2.119400226353219347e-05,-4.170372704681852207e-06
2.119505159471074884e-05,-1.194781824171646682e-06
1.980856559109696132e-05,-2.682377042525950158e-06
1.844421150767613121e-05,-4.134102728844278916e-06
1.844530788771587217e-05,-1.230548187080320222e-06
1.709335636842671552e-05,-2.682393452396168217e-06
1.576931256206126630e-05,-4.089372268261744151e-06
1.577019204705516203e-05,-1.275460415151395265e-06
1.446121807067199469e-05,-2.682709608054393782e-06
1.318658770270706049e-05,-4.035261836841804405e-06
1.318694520302659988e-05,-1.330173854849111999e-06
1.193020324653946412e-05,-2.683192735617383683e-06
1.071450600924663880e-05,-3.970745915675592376e-06
1.071428935374337462e-05,-1.395661786888491728e-06
9.519609529658898069e-06,-2.683533406669275529e-06
8.372592683771495320e-06,-3.894133410346765526e-06
8.372004685898352562e-06,-1.473532543179686340e-06
7.294164236441471715e-06,-2.683279423658484473e-06
6.269292407077536907e-06,-3.804832292143203851e-06
6.268472114200951426e-06,-1.567245548854177940e-06
5.515164415149016311e-06,-2.766076163153776828e-06
4.799201212968186918e-06,-3.719611153782976974e-06
4.796965364970380550e-06,-1.655931573132910237e-06
3.812146053956498802e-06,-3.643076739916600516e-06
3.980350736102367379e-06,-3.020335203311483259e-06
3.808208831852646420e-06,-1.713968830461319374e-06
3.137177774814382643e-06,-1.776881366134999521e-06
-9.462713760921971053e-08,-8.235197861953712426e-07
-9.535829633286399107e-08,-8.214584989803835703e-07
-9.521552751355908208e-08,-8.151648184196666118e-07
-9.454807283107058865e-08,-8.137582407608764323e-07
3.131303523277690602e-06,-3.588147330387347698e-06
2.564041615570234661e-06,-3.505376101873476420e-06
2.979703564452103668e-06,-2.459271140622525413e-06
2.543171958554965595e-06,-1.794202462944441891e-06
-9.267354560275678846e-08,-8.245621261125107007e-07
-9.140806381529405087e-08,-8.177525192061014920e-07
-9.308739338455499744e-08,-8.134695344136223295e-07
2.368820149482138581e-06,-2.958369915725390277e-06
2.034623254700295331e-06,-3.348916636316108487e-06
1.562729082985596020e-06,-3.156788428869261158e-06
2.198224128918459681e-06,-2.259787747658757078e-06
2.020945511451893794e-06,-1.737540842246748761e-06
-8.153131464496640002e-08,-8.276007333869757217e-07
-8.229588510826489682e-08,-8.151409476144093504e-07
-7.559535190155463066e-08,-8.226999791485737131e-07
1.157638273448245988e-06,-2.907923382288128469e-06
1.485086095688629357e-06,-2.646763672304508501e-06
1.640066606869068262e-06,-2.058169970033141180e-06
1.568282814842777879e-06,-1.622583560990540033e-06
-6.702657194150560317e-08,-8.341935437181755936e-07
-6.781669449884441671e-08,-8.139852144952143200e-07
-5.615969500441755476e-08,-8.255220331751966545e-07
8.043117492532103604e-07,-2.642465484783229608e-06
5.264391418246055813e-07,-2.367291871801496908e-06
1.120914976235653507e-06,-1.979553440828582610e-06
1.191774875019667032e-06,-1.453173726334330997e-06
-4.054646625540346980e-08,-8.454298610252748206e-07
-4.139645825624204741e-08,-8.085542418815596010e-07
5.989237324660299083e-07,-1.993600943847707600e-06
3.173794218092665187e-07,-2.072821587805562573e-06
7.078137385273491508e-07,-1.627011270013651269e-06
8.926670665095138328e-07,-1.270987714552510797e-06
-2.180647537700512296e-08,-8.284315240506075552e-07
4.558457175622376403e-09,-8.606883822530273431e-07
3.261431628374203388e-09,-7.988554136857792929e-07
1.500345702546041892e-07,-1.787235642957186328e-06
5.705677230252245537e-08,-1.541031747172130661e-06
2.091191324977395658e-08,-1.303361621252660925e-06
4.953271011123596564e-07,-1.338548436493014809e-06
6.664278470973924748e-07,-1.100431960510275918e-06
2.544336362128487754e-08,-8.317353904800716605e-07
5.498341075365754565e-08,-8.754215665158624435e-07
5.493037988728571438e-08,-7.868445755014339188e-07
1.848986442456914876e-07,-1.291286602218424095e-06
1.029242813473147552e-08,-1.102894748518260566e-06
8.398875857787870658e-08,-8.867574754952956668e-07
7.827611747774146473e-08,-9.022039062158005955e-07
5.748446209213225225e-08,-9.419960832558924881e-07
3.592595026612198547e-07,-1.079976952615418214e-06
4.917781687251854566e-07,-9.572164651277004135e-07
8.003145584543858629e-08,-8.418228006938551345e-07
1.300113648683737129e-07,-7.744190297916240160e-07
1.290953563735252507e-07,-9.723651216279459706e-07
1.011154160623583830e-07,-8.574957532336384693e-07
9.695968129251869598e-08,-8.921492954396268170e-07
2.842105614587878772e-07,-9.171004383453058723e-07
3.649408899770726015e-07,-8.572837451725913707e-07
1.409384713170143913e-07,-8.002448286796470226e-07
1.691404899150251735e-07,-7.680594804963200967e-07
1.813990130229459268e-07,-8.092772653201475733e-07
2.976522743147253209e-07,-7.917091441332500403e-07
2.149086626066387503e-07,-7.680869760524815062e-07
1.955777420669788886e-07,-7.636954195917670698e-07
2.007032209664173952e-07,-7.706886718928712711e-07
2.533857343077181274e-07,-8.093912825221461169e-07
2.152372424548509103e-07,-7.421540400946109356e-07
2.976513139033982982e-07,-8.979218039281209054e-07
1.351981112569009070e-07,-7.618763388914957127e-07
2.400524173578346951e-07,-7.946354094601735147e-07
1.649602755983778041e-07,-8.017931215346331415e-07
3.008880083419750635e-07,-1.004829796844593896e-06
3.096929805543876956e-08,-8.034657440319598773e-07
5.576767894262010920e-08,-8.868197636367213732e-07
1.744797266952635392e-07,-9.566174083905676530e-07
2.775268151316522777e-07,-1.152170835271814710e-06
1.991215679465652135e-07,-1.322473259470749915e-06
-1.188653931028867980e-07,-8.687653420387742110e-07
-4.681541933188737816e-08,-1.030704382535551350e-06
4.742464185955103959e-08,-1.264732466095513310e-06
9.049554747346324344e-08,-1.510113032550363894e-06
-3.089013314187310327e-07,-9.541947995376823149e-07
-2.642808430345500724e-07,-1.274713828577251074e-06
-7.136978455253874946e-08,-1.688824534526364789e-06
-2.904136711218041783e-07,-1.867311865748535137e-06
-5.481038912526274945e-07,-2.041031207567587292e-06
-5.574902090617034004e-07,-1.355748723401107185e-06
-5.493163986699379007e-07,-1.047822104970453990e-06
-4.945363731582202540e-07,-1.701663295844725094e-06
-8.572003231557071351e-07,-2.177186621481369407e-06
-1.209592651992968626e-06,-2.286635243447646214e-06
-8.196754330307481381e-07,-1.428156505039345130e-06
-8.486503975182679911e-07,-1.114054992839339403e-06
-1.587367980738057007e-06,-2.351956104935350638e-06
-1.143361572300774280e-06,-1.752196063081477097e-06
-1.194322462534743441e-06,-1.140716169325220457e-06
-1.666246022369148291e-06,-1.819427200563790729e-06
-2.049229399056616348e-06,-2.403872273693232177e-06
-1.573037524236134549e-06,-1.131954499911664244e-06
-2.728280617491094123e-06,-2.456684209379341926e-06
-2.170092560654782614e-06,-1.503482516806661856e-06
-2.046021595754037268e-06,-1.081998246324398972e-06
-3.766963464879094120e-06,-2.538934208081925823e-06
-3.229607683610760715e-06,-1.682939403742928693e-06
-2.729344465617999583e-06,-1.016032391349981485e-06
-5.291213828889095783e-06,-2.631130844644404211e-06
-4.503212587576463899e-06,-1.742306853262227009e-06
-3.767189839183110522e-06,-9.392898890076154712e-07
-7.033133737201135104e-06,-2.714068699040307382e-06
-6.136907176750317289e-06,-1.743128319627692504e-06
-5.291116389900972103e-06,-8.533523170288240967e-07
-8.919602206830032010e-06,-2.789073820840900018e-06
-7.952889264351938519e-06,-1.744290486612264187e-06
-7.032879081473538709e-06,-7.733165604165606465e-07
-1.093654973456297411e-05,-2.854375805373215789e-06
-9.907523256046541163e-06,-1.745478691351115009e-06
-8.919201149012763853e-06,-7.007871485888884281e-07
-1.306349951928580162e-05,-2.907652121163746700e-06
-1.198326868323838144e-05,-1.746481041286770280e-06
-1.093610628406473844e-05,-6.376464257156333590e-07
-1.527654486743442922e-05,-2.948074024708060245e-06
-1.415743063561205460e-05,-1.747382844760940321e-06
-1.306306807163894261e-05,-5.861339357407653073e-07
-1.755125670670762685e-05,-2.975997149324641154e-06
-1.640540572484429840e-05,-1.748045686931779183e-06
-1.527630872350178078e-05,-5.472470826554766941e-07
-1.986572040534522143e-05,-2.993434096342945449e-06
-1.870339434156667103e-05,-1.748498388209324230e-06
-1.755119569652534195e-05,-5.204578331939999434e-07
-2.220256330340963637e-05,-3.003125018977102485e-06
-2.103149076830575402e-05,-1.748928244935291094e-06
-1.986572842160547428e-05,-5.040315651523792223e-07
-2.723556566625041887e-05,-2.870497075723926832e-06
-2.690172413957630414e-05,-3.008752417141641245e-06
-2.325297499040601093e-05,-1.749422384975171479e-06
-2.455023499931171789e-05,-3.007696020084643137e-06
-2.220238669761576727e-05,-4.953924834216827515e-07
-2.737384946191127375e-05,-2.536695825914879644e-06
-2.658360618416954750e-05,-1.749778256608402023e-06
-2.455010080047849246e-05,-4.915218425254840021e-07
-2.737377417442751710e-05,-9.629058737868279058e-07
-2.690162206444250405e-05,-4.908244000666075178e-07
-2.723547981478062577e-05,-6.290893131932710278e-07
