Size 192,2
-2.376484272078904406e-05,5.242554422350523883e-06
-2.382703744752915154e-05,5.092410832654670128e-06
-2.382747566615695919e-05,4.384603964832341902e-06
-2.376533459823882566e-05,4.234472367958894761e-06
-2.361470815586882909e-05,5.304750532815019478e-06
-2.333347596958337261e-05,4.738565395633588034e-06
-2.361526437458949472e-05,4.172277116279345804e-06
-2.255789550868900016e-05,5.305048344942243747e-06
-2.255846235279429149e-05,4.171653716374422063e-06
-2.197440518058083568e-05,4.738034465344586741e-06
-2.149932323506738638e-05,5.306257570876890385e-06
-2.149963799422463856e-05,4.169106598419702319e-06
-2.096885255861128690e-05,4.737574644803063568e-06
-2.043567996825361525e-05,5.309513697177800447e-06
-2.043539508552171883e-05,4.164850497508921142e-06
-1.990124369468039661e-05,4.736706765311585920e-06
-1.936279964087098354e-05,5.314848821015435786e-06
-1.936299117036709380e-05,4.157766978458070855e-06
-1.882267032714383958e-05,4.735633545053782413e-06
-1.827655299439019082e-05,5.322404935749190340e-06
-1.827697195085614933e-05,4.147613810748487246e-06
-1.772787220313773877e-05,4.734261139419439167e-06
-1.717104653350637634e-05,5.333061094659899999e-06
-1.717138994351606084e-05,4.133826414287955224e-06
-1.661041550790058984e-05,4.732699711519096444e-06
-1.603972674534634316e-05,5.347245383751169367e-06
-1.603960934259884629e-05,4.116095477699047685e-06
-1.546348306885557129e-05,4.730704315549254238e-06
-1.487560116712797909e-05,5.364803544133685530e-06
-1.487488820319654909e-05,4.094005975239534427e-06
-1.427991545377686591e-05,4.728310749614685070e-06
-1.367048698080396007e-05,5.386665200598184406e-06
-1.366899972355608038e-05,4.066861081365028570e-06
-1.305091062301089957e-05,4.725601747719695732e-06
-1.241476433491425573e-05,5.414162498844278282e-06
-1.241288040934286090e-05,4.033634079655536872e-06
-1.179317244176420191e-05,4.722829340865787144e-06
-1.115229344232091587e-05,5.447171184737991635e-06
-1.115078029415136300e-05,3.993497692887906163e-06
-1.066445113547041289e-05,4.778967087741978037e-06
-1.014601540938927371e-05,5.479175543491664401e-06
-1.014573072372257572e-05,3.955669045586009931e-06
-9.380334797759592590e-06,5.508493395377089474e-06
-9.540045869516145861e-06,4.983834724981330660e-06
-9.381109570649839066e-06,3.930514941422990240e-06
-8.805751880605269810e-06,3.903544697493137306e-06
1.683783159113355962e-06,1.329606880430014028e-07
1.716560541817557594e-06,5.414730408002408556e-08
1.716390413205860183e-06,-2.393917496112930569e-07
1.683783133978635811e-06,-3.171167289606385010e-07
-8.808890826748102913e-06,5.529597838552633473e-06
-8.268751297225616724e-06,5.518368538365971151e-06
-8.699092655173771774e-06,4.512112975970239522e-06
-8.278431813383262404e-06,3.827910819621515279e-06
1.605332216938172932e-06,1.655344692702355245e-07
1.526404504573053089e-06,-1.564889385041185731e-07
1.606000617747259212e-06,-3.496063543688042078e-07
-8.103908297175601319e-06,5.011685956256859460e-06
-7.723239949556379505e-06,5.449911765779790726e-06
-7.174095332363625380e-06,5.310303887115688630e-06
-7.941659041289422363e-06,4.285082720385470990e-06
-7.745068125084843971e-06,3.649894652272219093e-06
1.073973363382164376e-06,1.742549899558172108e-07
1.073476636929333978e-06,-3.595978380655033438e-07
7.977618871152584538e-07,-9.285992862594825821e-08
-6.627557801314569825e-06,5.110945058590599892e-06
-7.108826343256791563e-06,4.751120408438566178e-06
-7.302876939289866835e-06,4.018340107651115113e-06
-7.229272971652110198e-06,3.369587140600643174e-06
4.976530545589167815e-07,2.254049268153673570e-07
4.976818608351864149e-07,-4.111923517577284866e-07
1.546761274109105709e-07,-9.291735491572387605e-08
-6.098643250251321788e-06,4.839343782157677919e-06
-5.586852689392623107e-06,4.497899408957865652e-06
-6.608936435411538240e-06,3.894105640825480869e-06
-6.749605827650441467e-06,2.995477028898120521e-06
-2.406910704011664342e-07,3.367968421156186514e-07
-2.407118772681541890e-07,-5.226201431481202212e-07
-5.715016608697794658e-06,3.940207678525231675e-06
-5.103852304880367239e-06,4.096463208434805755e-06
-5.936784791011607795e-06,3.276740268568692274e-06
-6.324936925336877079e-06,2.524634846153211239e-06
-6.779103936002763775e-07,-9.277789395630789453e-08
-1.199675578064872195e-06,4.978828562609881020e-07
-1.198904643093422523e-06,-6.842047980703660839e-07
-4.666978286871075727e-06,3.630462155501445464e-06
-4.270007986191308901e-06,3.096009544839861524e-06
-3.924693272099259593e-06,2.512263348943057783e-06
-5.477877176162920752e-06,2.652528283290956467e-06
-5.973632181532801961e-06,1.965157081253898445e-06
-1.619465612957830256e-06,-9.103854040419852183e-08
-2.137204594174767873e-06,6.580437564336960108e-07
-2.136480658453929756e-06,-8.490395234116544668e-07
-4.583641065950180206e-06,2.520758890878118022e-06
-3.649257547866093515e-06,1.874569798994279400e-06
-3.010394260802442533e-06,7.967359251970392534e-07
-3.277789551284800519e-06,9.272776860739908154e-07
-3.435114976930830398e-06,1.184030900427969833e-06
-5.148570483843720099e-06,1.879205588933101964e-06
-5.717908098100050971e-06,1.335200791706832850e-06
-2.603329841526818347e-06,1.847160668942617696e-08
-2.973538841465487553e-06,-9.661750436879107719e-07
-4.101603571109790900e-06,1.414559214742599122e-06
-3.276241568048394894e-06,4.024880699935757710e-07
-3.593182289914818225e-06,8.375884430483554579e-07
-4.894130980201205489e-06,1.136471581387919890e-06
-5.574235766471391905e-06,6.536629252086929974e-07
-3.260048076085009955e-06,-4.532082167930883903e-07
-3.197041182208854336e-06,-1.098024252395136423e-06
-4.223973914959002816e-06,2.571271197458427436e-07
-5.545519774885226976e-06,-5.560673077879366637e-08
-5.697494899475556804e-06,-7.892848375867043135e-07
-3.749492744704086603e-06,-9.122041735523275524e-07
-3.319136467090996700e-06,-1.395383106904077370e-06
-3.453665684832926986e-06,-2.245425287091245420e-06
-4.933981921171894816e-06,-8.610912786100258432e-07
-3.689994505406187986e-06,-3.124642357638931279e-06
-6.011472221082168852e-06,-1.548094231945066194e-06
-4.198605294428191946e-06,-2.257485219608905987e-06
-5.356619852577522420e-06,-2.324358505862551298e-06
-4.062521800161042089e-06,-3.987495257531071438e-06
-6.499804202626502630e-06,-2.325644414415921324e-06
-6.156201862890069639e-06,-3.141442781209682345e-06
-5.280392485100437817e-06,-3.674368612962229839e-06
-4.550814552508854163e-06,-4.863539150885039349e-06
-5.191441934830622358e-06,-5.718703580003702221e-06
-7.181252803906777744e-06,-3.072401074399435633e-06
-6.726064642543532706e-06,-4.114818166566281349e-06
-6.179085922097237074e-06,-5.389324188018557094e-06
-5.942806895969123649e-06,-6.540209648899572632e-06
-8.032608160688609758e-06,-3.759607643984750612e-06
-7.787636364042683655e-06,-5.392930282369064975e-06
-6.832322406011748311e-06,-7.278791510143225221e-06
-7.860384385373207539e-06,-7.942955294258270349e-06
-8.989352986770092911e-06,-8.520983850876129266e-06
-9.068389706989645344e-06,-5.756930197522644793e-06
-9.052713786563879560e-06,-4.353607691905978996e-06
-8.806715209008773892e-06,-7.207468173840009014e-06
-1.023020650425429262e-05,-8.955749475799125269e-06
-1.156113081846462714e-05,-9.261730045465178023e-06
-1.012975572262458948e-05,-6.073560823184911996e-06
-1.023575165906537441e-05,-4.785713068694251234e-06
-1.294330866744114960e-05,-9.408762692449166540e-06
-1.137038515677747159e-05,-7.314364605365158491e-06
-1.154000724074236980e-05,-5.027032943505118005e-06
-1.324254505352127478e-05,-7.534954399684244365e-06
-1.453798732928354138e-05,-9.488743855613413470e-06
-1.292158969003277484e-05,-5.078829945121989761e-06
-1.680043219240574657e-05,-9.567985569181313519e-06
-1.498119414555883260e-05,-6.447924250364171024e-06
-1.453436853700928838e-05,-4.997623869936078443e-06
-2.006999656804649994e-05,-9.687254150225957367e-06
-1.841798906005241547e-05,-7.050675301726301294e-06
-1.680324641295030460e-05,-4.892787293165855345e-06
-2.460474832882914028e-05,-9.810551906635379276e-06
-2.230235208014377785e-05,-7.234302481445919146e-06
-2.007133715447262268e-05,-4.775800345846223141e-06
-2.952866536944556128e-05,-9.908147420997834157e-06
-2.703647654694597792e-05,-7.231838589900889904e-06
-2.460535950249389452e-05,-4.654146617259243809e-06
-3.461340766531695193e-05,-9.982501384081942468e-06
-3.204753875887090360e-05,-7.230303970856434848e-06
-2.952893712300481578e-05,-4.553855529473943385e-06
-3.981787222050013229e-05,-1.003530866022634832e-05
-3.719913726023175944e-05,-7.228874425712862316e-06
-3.461380058237235684e-05,-4.476571069320964106e-06
-4.510382272554870392e-05,-1.006968723781023666e-05
-4.245026172146316811e-05,-7.227496092382091962e-06
-3.981844044689549189e-05,-4.420941739201274717e-06
-5.044020803608417330e-05,-1.009009037614898462e-05
-4.776585971525103009e-05,-7.226254731175450978e-06
-4.510438735767841099e-05,-4.383993632157900133e-06
-5.580459735449451951e-05,-1.010065426475577428e-05
-5.311914465799944370e-05,-7.225206284123547601e-06
-5.044049954787003441e-05,-4.361415232233569821e-06
-6.118202536946410939e-05,-1.010458235275379848e-05
-5.849204856004666474e-05,-7.224295186276706736e-06
-5.580466723442956248e-05,-4.348861302013999341e-06
-6.656284423621804732e-05,-1.010509815871553820e-05
-6.387229524171334828e-05,-7.223644299925391582e-06
-6.118190847177031402e-05,-4.343275568055901509e-06
-7.808621909930388272e-05,-9.787472589646774328e-06
-7.732223294860942015e-05,-1.010394517833764695e-05
-6.897312944218241470e-05,-7.223162244323624590e-06
-7.194311334068943949e-05,-1.010447391221207737e-05
-6.656300552307225376e-05,-4.341576096401857599e-06
-7.840267274286443974e-05,-9.023462525529869497e-06
-7.659503181639735711e-05,-7.222791422701373902e-06
-7.194327975554849178e-05,-4.341514340798915325e-06
-7.840275891275140724e-05,-5.422062248450554185e-06
-7.732235741180443309e-05,-4.341617386912573216e-06
-7.808631945354172833e-05,-4.658076053939947995e-06
