Size 192,2
-1.252147738287075847e-04,1.711095874457512818e-05
-1.257178647195527602e-04,1.589665943696281770e-05
-1.257178760310414796e-04,1.017182776481553358e-05
-1.252147802549427255e-04,8.957494494268263737e-06
-1.240002714336803065e-04,1.761389372112179616e-05
-1.217218984834204855e-04,1.303423328672176049e-05
-1.240002589571674281e-04,8.454541980606775794e-06
-1.154486708711366480e-04,1.761104324288921728e-05
-1.154485478215949549e-04,8.457119352021091749e-06
-1.107302687447388705e-04,1.303389157979063315e-05
-1.069070955782232447e-04,1.760060260316128006e-05
-1.069072826752168908e-04,8.467239230937672476e-06
-1.026436851803484121e-04,1.303356708664042664e-05
-9.839225785696883910e-05,1.758046388428065286e-05
-9.839288167712174893e-05,8.486665451707810933e-06
-9.414864477634008789e-05,1.303319793345508456e-05
-8.992346618755353940e-05,1.754938073166965889e-05
-8.992433226015775682e-05,8.516815844042347213e-06
-8.570998446215876776e-05,1.303286901143734906e-05
-8.152239369002105003e-05,1.750592691608856427e-05
-8.152340259493914203e-05,8.559570523451549956e-06
-7.735070518217457259e-05,1.303280888273024807e-05
-7.321377740638157039e-05,1.744851550171286643e-05
-7.321477391815590019e-05,8.616930817713570109e-06
-6.909738712998581629e-05,1.303296107674899336e-05
-6.502623287953207521e-05,1.737471421278642621e-05
-6.502689921401677532e-05,8.690890766184964728e-06
-6.098096168566770683e-05,1.303320477448193100e-05
-5.699287450848193181e-05,1.728242746694292747e-05
-5.699291949746340512e-05,8.783689426955925639e-06
-5.303620700693286100e-05,1.303339809000284187e-05
-4.914978664966036223e-05,1.716990378212525763e-05
-4.914955853198243026e-05,8.897094691676289978e-06
-4.530105659661258814e-05,1.303362330756825405e-05
-4.153588315196442944e-05,1.703497808967547827e-05
-4.153526340840235046e-05,9.033398890609280733e-06
-3.796314772376714033e-05,1.303288851996092642e-05
-3.448356126202419713e-05,1.687925236685584602e-05
-3.448255316788418555e-05,9.195624140014945473e-06
-3.190044199903270051e-05,1.332520684590025634e-05
-2.935497660149203496e-05,1.673391679524731079e-05
-2.935105030811499809e-05,9.346099625197560259e-06
-2.576204501027172606e-05,1.660675773492215732e-05
-2.642408129843593621e-05,1.426803514466267879e-05
-2.575574985026324169e-05,9.442474112896969690e-06
-2.322114792849336504e-05,9.545379886783286310e-06
3.351027725304524296e-06,7.917373533508911815e-07
3.418582796781144406e-06,6.291299065213840360e-07
3.418140934213098224e-06,2.379344073179942330e-08
3.350937823255124264e-06,-1.363734068818648909e-07
-2.321129333626601872e-05,1.651718412287373462e-05
-2.097634989339330859e-05,1.630831137407977966e-05
-2.267387083091478218e-05,1.216564594224019826e-05
-2.094663223458815104e-05,9.457917882849096290e-06
3.189153833768219523e-06,8.590626719185260936e-07
3.026046864042096347e-06,1.953193358752121993e-07
3.190609281473218772e-06,-2.031097161225005774e-07
-2.024372101286984378e-05,1.417709657613958048e-05
-1.881844149653860609e-05,1.583208133854150336e-05
-1.678663554512336613e-05,1.515225956377405399e-05
-1.957322593633966203e-05,1.131792809683560049e-05
-1.882810958386811636e-05,9.021914008905388395e-06
2.092115060171096681e-06,8.771208878685543572e-07
2.091509946290754735e-06,-2.213073030567967338e-07
1.523530001945738532e-06,3.280604976433333724e-07
-1.490995462332075000e-05,1.423967296373937980e-05
-1.649675872202701119e-05,1.301551251214995089e-05
-1.718968913654508806e-05,1.039617330935066755e-05
-1.689958238617707669e-05,8.272260701579501867e-06
9.083802664988540695e-07,9.771110444636501333e-07
9.086173363056246981e-07,-3.203793308809933228e-07
2.102247425753121979e-07,3.285459293235731667e-07
-1.318182493395969878e-05,1.316419475246941350e-05
-1.165323563652347374e-05,1.194405487707693370e-05
-1.479744380702837663e-05,1.000289609352206928e-05
-1.520753936038768881e-05,7.232502204936241345e-06
-5.892512277320387118e-07,1.192812488211993736e-06
-5.893005687266347959e-07,-5.356131644692675877e-07
-1.204349878967935232e-05,1.011904580338941264e-05
-1.032745476229179165e-05,1.057448786504209887e-05
-1.268245367168321623e-05,8.122202798310911189e-06
-1.378704052330940591e-05,5.990912132301392177e-06
-1.467720061891330414e-06,3.288227626561007254e-07
-2.509569730922737964e-06,1.503094591387515693e-06
-2.507843850382934257e-06,-8.482025084903467152e-07
-9.176230513426226511e-06,9.111134820806446934e-06
-8.259795802774636946e-06,7.612694468250619074e-06
-7.559128019886352501e-06,6.044280864553087025e-06
-1.139242387051566260e-05,6.370848600818794734e-06
-1.265977848717020862e-05,4.614384768489571533e-06
-3.345822786296536997e-06,3.323044017853953203e-07
-4.368735755519685619e-06,1.806926704598441168e-06
-4.369827296912026619e-06,-1.166711514467945717e-06
-9.103566794098420147e-06,6.032670490363439138e-06
-7.039014471916845770e-06,4.461636532710009004e-06
-6.037324534771647910e-06,2.062401444170860193e-06
-6.512187206883083151e-06,2.325482813979876753e-06
-6.752876135717428123e-06,2.870828828791361358e-06
-1.050289627289704419e-05,4.417036320827902553e-06
-1.181881713856957158e-05,3.168730518510528567e-06
-5.287241488262571432e-06,5.493473051604262901e-07
-6.075576457180435327e-06,-1.398422987554400726e-06
-8.112434053577985004e-06,3.350012209330166493e-06
-6.560950736177519861e-06,1.276926689661851792e-06
-7.124320395750881256e-06,2.137169925168909498e-06
-9.881497814992215321e-06,2.724193009331924313e-06
-1.128433461152828173e-05,1.720398385446734326e-06
-6.622023339437386151e-06,-4.048152484018583856e-07
-6.573154707640868663e-06,-1.648618179696233515e-06
-8.449573170277455212e-06,9.010126190033065690e-07
-1.108574831874349646e-05,2.921221045947727252e-07
-1.117147308145829879e-05,-1.090237077052714763e-06
-7.630572903350744390e-06,-1.320655254119145571e-06
-6.867740084595494278e-06,-2.176307632157886065e-06
-7.237837158509177636e-06,-3.614904038119891942e-06
-9.801630367007729212e-06,-1.279501164681325115e-06
-7.772753548084882007e-06,-4.982303526467687559e-06
-1.154788880808951197e-05,-2.476939494771575296e-06
-8.545460250469652007e-06,-3.673491309480973879e-06
-1.044436959015564857e-05,-3.781407777259924831e-06
-8.456311719690694050e-06,-6.276120387891684588e-06
-1.217166884763799966e-05,-3.783921030455458240e-06
-1.161525168472828492e-05,-5.051382720337703175e-06
-1.033674405081785434e-05,-5.834994163342185363e-06
-9.282442781659936418e-06,-7.485891409982295899e-06
-1.024488424948672449e-05,-8.596897832141415946e-06
-1.302139206741059889e-05,-4.977702961938324304e-06
-1.238567043474638591e-05,-6.450719529338081270e-06
-1.164322453643385603e-05,-8.151910900867360870e-06
-1.132832436565607848e-05,-9.593466066808210111e-06
-1.406749690273654213e-05,-6.013194813683102436e-06
-1.374365557158499409e-05,-8.137568281578245094e-06
-1.252150994077396317e-05,-1.046089042033153934e-05
-1.380828195167026041e-05,-1.118841289277471080e-05
-1.517020247733697895e-05,-1.176577603043954630e-05
-1.528766766171389427e-05,-8.588394502203524624e-06
-1.527969513612935352e-05,-6.856395942800942505e-06
-1.498409927243868444e-05,-1.029604987958995290e-05
-1.659101319101842820e-05,-1.218414617896178681e-05
-1.805126684181419577e-05,-1.243876151053539571e-05
-1.650998775111633959e-05,-8.974249096198155513e-06
-1.662206597084914256e-05,-7.478289887872564523e-06
-1.953150675822399983e-05,-1.252579834613999097e-05
-1.788742775361097103e-05,-1.035503855056225649e-05
-1.805342331932144161e-05,-7.859130099179190542e-06
-1.985876453560394563e-05,-1.057592529647464857e-05
-2.116215920531585662e-05,-1.252918241826358967e-05
-1.953025396719930220e-05,-7.987050364352289564e-06
-2.340715714074258878e-05,-1.253350594679693658e-05
-2.163417165650621568e-05,-9.468548047394636431e-06
-2.116128250102419051e-05,-7.985257002280165571e-06
-2.649952477755725336e-05,-1.254190426407093938e-05
-2.496714318467429513e-05,-1.008063309443966905e-05
-2.340658289667090205e-05,-7.982168725864520307e-06
-3.059717584264838353e-05,-1.255462886715268853e-05
-2.854474557558144015e-05,-1.026041069336556818e-05
-2.649881066595620059e-05,-7.976798489446352837e-06
-3.488941114561783360e-05,-1.256977351973815840e-05
-3.273873911772045485e-05,-1.026229504501814568e-05
-3.059631586341828952e-05,-7.968005723319498599e-06
-3.920870214113008348e-05,-1.258683008648383581e-05
-3.704388995870315819e-05,-1.026409663713393210e-05
-3.488868236129602962e-05,-7.956569487369282795e-06
-4.355924100036280127e-05,-1.260537281595204196e-05
-4.137835422333198415e-05,-1.026538155644735242e-05
-3.920839920720954738e-05,-7.942553385960036226e-06
-4.794431980068027506e-05,-1.262447834379998270e-05
-4.574580890839446040e-05,-1.026625825240972682e-05
-4.355917183616546910e-05,-7.926306241794050942e-06
-5.236415002932019361e-05,-1.264238227411187626e-05
-5.014854347754939008e-05,-1.026690316712750648e-05
-4.794420704038510788e-05,-7.908834364069413630e-06
-5.681477932141459306e-05,-1.265695343884924961e-05
-5.458483486011467918e-05,-1.026725809665206245e-05
-5.236405130805355174e-05,-7.891896876568251412e-06
-6.128812166298479465e-05,-1.266662498505496258e-05
-5.904843504413405988e-05,-1.026739291390973135e-05
-5.681471205643438615e-05,-7.877771315797599692e-06
-6.577508218111549577e-05,-1.267193882535156047e-05
-6.353002997590193838e-05,-1.026728022669263323e-05
-6.128814989353288862e-05,-7.868069306339425096e-06
-7.540359402727415711e-05,-1.241036384046850062e-05
-7.476510746247077275e-05,-1.267482674848851462e-05
-6.778744809747919988e-05,-1.026701488125260577e-05
-7.026902264600823854e-05,-1.267440646572389828e-05
-6.577526578388100099e-05,-7.862296088888386244e-06
-7.566806642963965629e-05,-1.177189072044985931e-05
-7.415715085176520375e-05,-1.026695542823076292e-05
-7.026906507253526536e-05,-7.859546508097083135e-06
-7.566811569725778546e-05,-8.761996602589395473e-06
-7.476516089423706774e-05,-7.859056762474739440e-06
-7.540364658473579511e-05,-8.123520307441019027e-06
