Size 192,2
6.135646140116555211e-05,-8.040755431562786432e-06
6.161243944989202236e-05,-7.422792276241254294e-06
6.161246913982627643e-05,-4.509559945690018299e-06
6.135648918358239500e-05,-3.891577325486563625e-06
6.073848205920573146e-05,-8.296722151584399479e-06
5.957930802943327259e-05,-5.966177783787904254e-06
6.073849868972992582e-05,-3.635601630524401652e-06
5.638702199025186462e-05,-8.296432498035498124e-06
5.638701512367715263e-05,-3.635803237335429893e-06
5.398517042273121719e-05,-5.966054509343735693e-06
5.203681380014025306e-05,-8.294787672893139428e-06
5.203668425245501109e-05,-3.636878974136432473e-06
4.986271172573030375e-05,-5.965770470531693958e-06
4.768991177039672214e-05,-8.291522501718418122e-06
4.768955622336851528e-05,-3.639362411444480072e-06
4.551822192719507960e-05,-5.965486543154328440e-06
4.335003681100101455e-05,-8.285158083839271991e-06
4.334928508390200913e-05,-3.645340774520465276e-06
4.118387824128328832e-05,-5.965346323938165950e-06
3.902535955287785453e-05,-8.272862508463953797e-06
3.902430430768541198e-05,-3.657613016133831764e-06
3.687079353308455633e-05,-5.965279950587416278e-06
3.472928125076724928e-05,-8.252261678890282308e-06
3.472824206554195141e-05,-3.678439852783308483e-06
3.259469132431849721e-05,-5.965277250795046023e-06
3.048013163750263197e-05,-8.220271511322863956e-06
3.047942596133054654e-05,-3.710819347227355176e-06
2.837682277136445081e-05,-5.965451565610150288e-06
2.630267217393331800e-05,-8.173197952525720455e-06
2.630254105409321111e-05,-3.758495280068977622e-06
2.424529157647097797e-05,-5.965786831781685095e-06
2.222842934217198114e-05,-8.107710434731048565e-06
2.222899603120311068e-05,-3.824755527103186750e-06
2.023505457400256926e-05,-5.966192810869639951e-06
1.829503298784760181e-05,-8.020470211664887145e-06
1.829565987279492531e-05,-3.912815021217611451e-06
1.646096530581390492e-05,-5.965762635941775066e-06
1.469115044347295859e-05,-7.912036426769645912e-06
1.469088158301033807e-05,-4.025745785644249676e-06
1.338258769574611271e-05,-6.111749383371422634e-06
1.211357914593143173e-05,-7.806412682210532125e-06
1.211059414079474736e-05,-4.135261169474511342e-06
1.034065939495216819e-05,-7.711832556737724560e-06
1.065678321687302275e-05,-6.573040443677738021e-06
1.033566565503798734e-05,-4.206782295075295241e-06
9.104877822439405197e-06,-4.283928771878544315e-06
-1.061474073168990266e-06,-1.004419841270011600e-06
-1.081730193904877143e-06,-9.553681904407489452e-07
-1.081469888425783530e-06,-7.741197076983447261e-07
-1.061383160732693472e-06,-7.264060690212086845e-07
9.097703121119999942e-06,-7.644574212316877237e-06
8.031083668507184387e-06,-7.522289378566620329e-06
8.829605401205930363e-06,-5.548212925719111350e-06
8.006855483665775445e-06,-4.271931614066683764e-06
-1.012745882094435760e-06,-1.024910407132848096e-06
-9.643254491961674457e-07,-8.262439731766473230e-07
-1.013576130684914803e-06,-7.068024906311908295e-07
7.674448530986221871e-06,-6.500121234714516737e-06
7.014822260963958239e-06,-7.268267130544122450e-06
6.077920684679139938e-06,-6.929371501646867152e-06
7.354405375511108112e-06,-5.155039150737081840e-06
7.008104889583786252e-06,-4.103907630995380331e-06
-6.844215430801624263e-07,-1.033154201092176351e-06
-6.849691404383661017e-07,-7.030956338674864937e-07
-5.142748247084616802e-07,-8.694413770745128010e-07
5.234761549478484265e-06,-6.481340292521362478e-06
5.936819502872292607e-06,-5.933287446267497240e-06
6.252462722431768208e-06,-4.739120001298946830e-06
6.116046934032750289e-06,-3.801084211074452842e-06
-3.279625449545196782e-07,-1.068705346326040502e-06
-3.288459456660179741e-07,-6.730774441806747565e-07
-1.151219900991658201e-07,-8.723192250694742376e-07
4.472839791222298508e-06,-5.974097088234603276e-06
3.823639403922145298e-06,-5.417481430700994291e-06
5.176223428736906334e-06,-4.567198886274772045e-06
5.348582753299504426e-06,-3.373191449684814657e-06
1.319761308647139247e-07,-1.142491238980503157e-06
1.311666067014749404e-07,-6.050145793349057924e-07
3.990839001949067697e-06,-4.611858983863846361e-06
3.282831207118750161e-06,-4.803036021135959501e-06
4.257832217720943199e-06,-3.760297954196812140e-06
4.716692063860700450e-06,-2.876149768918922739e-06
4.053956857678681708e-07,-8.751915177828346668e-07
7.334973328898476108e-07,-1.247335964736651129e-06
7.319428896869353286e-07,-5.047428478824720741e-07
2.823192125273005968e-06,-4.167369240379407573e-06
2.485244796564150007e-06,-3.548679548223380732e-06
2.251041133106485752e-06,-2.915003287617318673e-06
3.725429561448932038e-06,-3.036844012702218976e-06
4.223164094757547358e-06,-2.346512472902776007e-06
9.966537731971613669e-07,-8.790208324386789387e-07
1.322076639670780930e-06,-1.349363566759984985e-06
1.322112441425456959e-06,-4.009683806606433700e-07
2.826248362732492950e-06,-2.903110479342435301e-06
2.088453398771691624e-06,-2.302961701291607291e-06
1.840082335975522707e-06,-1.434834520190093334e-06
1.978122843900604523e-06,-1.524640801290784154e-06
2.035725361720927356e-06,-1.715600703065282992e-06
3.365642122151345864e-06,-2.273503455286401171e-06
3.851125976468282651e-06,-1.815177150246433136e-06
1.613066533162027557e-06,-9.512376276684347875e-07
1.882948909669124975e-06,-3.226309092951388761e-07
2.491815203464170453e-06,-1.880041610773006035e-06
2.008363012491474972e-06,-1.180000552706310092e-06
2.174175422865025059e-06,-1.461590040722918043e-06
3.128233445219868210e-06,-1.654646256283395500e-06
3.604146430533865819e-06,-1.312895490083387120e-06
2.053916333155152081e-06,-6.375072913784265961e-07
2.058501453819418343e-06,-2.431894657680994961e-07
2.629147949188448452e-06,-1.034790096850051450e-06
3.499001656086617539e-06,-8.404787298531715683e-07
3.469063577237153841e-06,-4.103107027260052053e-07
2.393498719284764586e-06,-3.383865164061030271e-07
2.168239765496482843e-06,-8.668491087908842219e-08
2.314939690045863700e-06,3.184945274448812905e-07
3.058270780541227688e-06,-3.361300614079163395e-07
2.505310257578962065e-06,6.689555897979003937e-07
3.528698409512516593e-06,9.344584990951865376e-09
2.698367675820132053e-06,3.459445060074902328e-07
3.217761842440871537e-06,3.733800970364645633e-07
2.712533753994638403e-06,9.849731981856735050e-07
3.646323497463674447e-06,3.729319372897478726e-07
3.496138987565238157e-06,6.967865474315510598e-07
3.191949608506615328e-06,8.849458696512106195e-07
2.944760682790763330e-06,1.249017961892367910e-06
3.181023309079980105e-06,1.468133174113525527e-06
3.801316761300815762e-06,6.865873866546385219e-07
3.658801366214567526e-06,1.019652827635283220e-06
3.499010271961709317e-06,1.373199065715583530e-06
3.433380390032415781e-06,1.641555752441229083e-06
3.988490712174019734e-06,9.392727841346851273e-07
3.921139874108749757e-06,1.361776561317939985e-06
3.683154806876900930e-06,1.782249209727695061e-06
3.923182415970257852e-06,1.881270388420232357e-06
4.160127061456250064e-06,1.938535791146351701e-06
4.189027527829393962e-06,1.442409811027707572e-06
4.192027179690833581e-06,1.128800466255184021e-06
4.139911870978184165e-06,1.723877299795660238e-06
4.380778299922128136e-06,1.973041099804114748e-06
4.584285908368812131e-06,1.976078328565536973e-06
4.381301473774362213e-06,1.509442803829862583e-06
4.395650398813702166e-06,1.270228377103429342e-06
4.776959543954815830e-06,1.958121494543165152e-06
4.579344620900633198e-06,1.707259403308571093e-06
4.595305433865164941e-06,1.365885121149107068e-06
4.822936651532726219e-06,1.728011728610116556e-06
4.958599862682145253e-06,1.923596944078380218e-06
4.786578560141919723e-06,1.409519607532341667e-06
5.179630327392742848e-06,1.888242321515662939e-06
5.020391751405904617e-06,1.605828484742918549e-06
4.961164932390199584e-06,1.441858488422761651e-06
5.413006735460581859e-06,1.833078467059537732e-06
5.313495895893287794e-06,1.668633268086611425e-06
5.179424121635115951e-06,1.484952966577275855e-06
5.619019933486408777e-06,1.771596845948953244e-06
5.533383030848677774e-06,1.681658479343745002e-06
5.413425233332212325e-06,1.535309327373942807e-06
5.733500982894784216e-06,1.717463409737495076e-06
5.692815672714841639e-06,1.680092713815614536e-06
5.619725970330828764e-06,1.590848776241932080e-06
5.757821682673825553e-06,1.671152557197449458e-06
5.760066923378414189e-06,1.678064677017996649e-06
5.734297689118578548e-06,1.640780296037403196e-06
5.706892214391917349e-06,1.634621417461714550e-06
5.743639902839022194e-06,1.676248377604812845e-06
5.758326322107249590e-06,1.683130535431068559e-06
5.600725709343471427e-06,1.609185621858798045e-06
5.661445855894326735e-06,1.674587610157144280e-06
5.707279689320107184e-06,1.716221058181388636e-06
5.461023504129028978e-06,1.594537756679545201e-06
5.534957555926041458e-06,1.673127220151334693e-06
5.601050921851537247e-06,1.738537168586103283e-06
5.306101282405547621e-06,1.587578981973655415e-06
5.385259487113907324e-06,1.671901543314004875e-06
5.461365353453263342e-06,1.750449735876896681e-06
5.146084810143173461e-06,1.584076855005255212e-06
5.226871874200942605e-06,1.670800004140150886e-06
5.306567013305632173e-06,1.755110328411750468e-06
4.983258439605807186e-06,1.581546617584443874e-06
5.065330486155066604e-06,1.669944037113728854e-06
5.146469169935071913e-06,1.756587798841496146e-06
4.624732479690053741e-06,1.588931179950312591e-06
4.648605763059347889e-06,1.579060475834250726e-06
4.909257271775082854e-06,1.669515480200593177e-06
4.816992207774553187e-06,1.579667289238784010e-06
4.983316807062516837e-06,1.757855693385772725e-06
4.614840668799801527e-06,1.612777087393806622e-06
4.671446008059823286e-06,1.669068756728194638e-06
4.817062495602085433e-06,1.758894279066368532e-06
4.614818922032399097e-06,1.725358195874086230e-06
4.648608798411138564e-06,1.759118362297390018e-06
4.624716463526291279e-06,1.749232758719576458e-06
