Size 192,2
8.690448386589070737e-05,-1.301286796621847225e-05
8.723817698696015625e-05,-1.220734713106185794e-05
8.723793212059895988e-05,-8.409752981443944310e-06
8.690420452528267595e-05,-7.604192804248058383e-06
8.609888843691789395e-05,-1.334650862460994078e-05
8.458744149407770093e-05,-1.030850099630852442e-05
8.609855641661643712e-05,-7.270533953205374912e-06
8.042601480094819231e-05,-1.334529594155292060e-05
8.042557192855184387e-05,-7.271516653859867953e-06
7.729480387896794490e-05,-1.030832345321276652e-05
7.475711492103858974e-05,-1.334014445774032309e-05
7.475678015317386118e-05,-7.276463835801106733e-06
7.192624221462871371e-05,-1.030806201481457898e-05
6.910239466360846520e-05,-1.332892277945221578e-05
6.910227149482284258e-05,-7.287229386569527122e-06
6.628257620239668194e-05,-1.030799858475657086e-05
6.347463223819599647e-05,-1.331063248052481332e-05
6.347402026710687679e-05,-7.305118162620980367e-06
6.067255125130325584e-05,-1.030780595468673706e-05
5.788695558779442780e-05,-1.328537361429233828e-05
5.788602496143031693e-05,-7.329833798298680437e-06
5.510903723989145185e-05,-1.030741131332042541e-05
5.235228161709639224e-05,-1.325255636712662441e-05
5.235137047150656132e-05,-7.361615766402092230e-06
4.960543759030752595e-05,-1.030664032339522597e-05
4.688504710578177511e-05,-1.321108075799820545e-05
4.688421629417625485e-05,-7.401346079050495600e-06
4.417706034025198786e-05,-1.030557434010076954e-05
4.150132045843151385e-05,-1.316049442499752162e-05
4.150082462786036658e-05,-7.449791378962771612e-06
3.884124886535134395e-05,-1.030434181860655821e-05
3.621865420426551908e-05,-1.310092791739972898e-05
3.621873842526233386e-05,-7.506995247054070869e-06
3.361510320830766611e-05,-1.030312088041871127e-05
3.105271260407628590e-05,-1.303306966462346099e-05
3.105305276878799202e-05,-7.572420206037706883e-06
2.861372725505795191e-05,-1.030149005032758626e-05
2.621726185388191388e-05,-1.295955065762683787e-05
2.621696315800636488e-05,-7.645748678236338384e-06
2.443226983523976687e-05,-1.050431503687123381e-05
2.265058782143236648e-05,-1.289334976369711750e-05
2.264839708672745951e-05,-7.711749828992639727e-06
2.011621138800800447e-05,-1.283590797006358942e-05
2.059380584919875927e-05,-1.117162249019104824e-05
2.011260874171013610e-05,-7.753661073823100576e-06
1.830394259495163339e-05,-7.798999176059040497e-06
-2.820298773401428413e-06,-6.609276995002255713e-07
-2.876770298837963097e-06,-5.249807524062579736e-07
-2.876444441418737788e-06,-1.910547241818326593e-08
-2.820294726656839800e-06,1.147366489295598146e-07
1.830058114589986352e-05,-1.279517433091877554e-05
1.668736333507204881e-05,-1.266606133890193666e-05
1.792325126520364167e-05,-9.675332430710717013e-06
1.667431252125037422e-05,-7.706225633993758675e-06
-2.684989987908320773e-06,-7.172218088836970927e-07
-2.548845505212965957e-06,-1.624692372383656692e-07
-2.686331868875436921e-06,1.704996564357479414e-07
1.616511911432621623e-05,-1.113312333152525128e-05
1.511721866205121163e-05,-1.234745653293091739e-05
1.361971025187913829e-05,-1.186953153727556690e-05
1.568034453635692212e-05,-9.051911615275038366e-06
1.513315529067193560e-05,-7.353218422249110143e-06
-1.768281682408929629e-06,-7.331441372129342735e-07
-1.767962521054726954e-06,1.855774430382883909e-07
-1.292978637006742654e-06,-2.743848925697775803e-07
1.221691987811709318e-05,-1.122134979952271287e-05
1.341263903997324421e-05,-1.030505781171083278e-05
1.392615987216835869e-05,-8.363464366748901815e-06
1.371416920133224222e-05,-6.761184317745090335e-06
-7.776598199704197290e-07,-8.195958427144174572e-07
-7.781912559275075972e-07,2.691044167537589752e-07
-1.916029293329627280e-07,-2.761327571564922689e-07
1.091201823585588620e-05,-1.043813265646548266e-05
9.736331291298633712e-06,-9.532735890596144939e-06
1.213894010278432195e-05,-8.063973294064967536e-06
1.245507630946921974e-05,-5.948529560847833779e-06
4.813358844442316097e-07,-1.005275877316045554e-06
4.808062199300731171e-07,4.510626773513119839e-07
1.003489085731770303e-05,-8.155832009966386113e-06
8.698187338905424455e-06,-8.507417465432773906e-06
1.052920918459436830e-05,-6.623598511806318393e-06
1.138637637688253698e-05,-4.967042367963705062e-06
1.221728884382447284e-06,-2.782695424024573246e-07
2.102048382574535156e-06,-1.271976628502718907e-06
2.099899524402489275e-06,7.152740244312245371e-07
7.788389533932762722e-06,-7.393257799003669267e-06
7.041419047522810964e-06,-6.225502286435242773e-06
6.451685897226678274e-06,-4.992187254371700889e-06
9.523614279667708861e-06,-5.258610337655437113e-06
1.053049040755618370e-05,-3.861981569118221226e-06
2.808386219568291940e-06,-2.831150765156098020e-07
3.674595898925960415e-06,-1.533138655815686502e-06
3.674358171535061730e-06,9.842531532251740127e-07
7.704310123726032235e-06,-4.989089101866419384e-06
6.005407731593918659e-06,-3.724976152851681687e-06
5.099189920569493381e-06,-1.754078617536307917e-06
5.512852925198449230e-06,-1.975751167546823922e-06
5.732206485214607295e-06,-2.429032787061525494e-06
8.823677610692684693e-06,-3.700207654716856031e-06
9.893668412979270891e-06,-2.682498159570432152e-06
4.452421786731541668e-06,-4.680090490913973543e-07
5.106826647517603791e-06,1.178242502868352149e-06
6.873195535757732917e-06,-2.829573980481683109e-06
5.542575522376125853e-06,-1.090956787292866579e-06
6.033194557465169902e-06,-1.818964242966436600e-06
8.323714848201820102e-06,-2.317230623461416369e-06
9.496209211203699864e-06,-1.479138258208830285e-06
5.573568921434279413e-06,3.333425324164765898e-07
5.515703958036273910e-06,1.391222073139180896e-06
7.136093163881713053e-06,-7.929923468220233952e-07
9.358369247923030421e-06,-2.769630236275043154e-07
9.476522335420479911e-06,9.059346215909722342e-07
6.416911263391776681e-06,1.104940834013826014e-06
5.753093637580657734e-06,1.849253458514236630e-06
6.042693510964373415e-06,3.115780349663075669e-06
8.288799341571231600e-06,1.055967511365037024e-06
6.478777432160107860e-06,4.351547842405591012e-06
9.847060444249329444e-06,2.101024815347800833e-06
7.182892904429430423e-06,3.157304241712842031e-06
8.872620319340933397e-06,3.252573919923007504e-06
7.066100483788941888e-06,5.534225536062511645e-06
1.044884405167048125e-05,3.253766721796721694e-06
9.951464604020525580e-06,4.399393266115400296e-06
8.770419066764451729e-06,5.121597197961711162e-06
7.792970134664231428e-06,6.672315576011243740e-06
8.671813372220627032e-06,7.740795403355439606e-06
1.127756801070216070e-05,4.321917127267783588e-06
1.068080314708789064e-05,5.696654128272086953e-06
9.976210610360900023e-06,7.318083857077729318e-06
9.675410144157058643e-06,8.726053968170685685e-06
1.230519558479344415e-05,5.265466489287412376e-06
1.199410582120637186e-05,7.309637370682342745e-06
1.080939434167836827e-05,9.595083467647585592e-06
1.206595201846411855e-05,1.034632616261457850e-05
1.341696548336957305e-05,1.096918757498668409e-05
1.352495137096952544e-05,7.750807661257896251e-06
1.351347120194039410e-05,6.049096523373336140e-06
1.321815006492641692e-05,9.462673473208233589e-06
1.485795332070834311e-05,1.142894879237991284e-05
1.636810776059018145e-05,1.173066202616793305e-05
1.476096733162155021e-05,8.131098909113313657e-06
1.487937796101830035e-05,6.622784718135482262e-06
1.791611623747911721e-05,1.185610061331766306e-05
1.617710685064913868e-05,9.549844174971026681e-06
1.635888888656383331e-05,6.960940537864026661e-06
1.825522209038414598e-05,9.787805456622114368e-06
1.965999596819871097e-05,1.190029413547482276e-05
1.790459191500077171e-05,7.058430565814627015e-06
2.209766036061972444e-05,1.194439877349573708e-05
2.015558780719473638e-05,8.600175438863925638e-06
1.965835296097975300e-05,7.013595220691137475e-06
2.553793347611358266e-05,1.201146879833218240e-05
2.381660695220340202e-05,9.256133970740111524e-06
2.209969339117652060e-05,6.954905428530817652e-06
3.020365920763886625e-05,1.208151681797727759e-05
2.785097247830567994e-05,9.451263952203996170e-06
2.553921056614041836e-05,6.888448108051132418e-06
3.517990661947385442e-05,1.213807898599940336e-05
3.267431175804551231e-05,9.449521733893561176e-06
3.020426448087984840e-05,6.818563031758669275e-06
4.025152450037646493e-05,1.218318225316807123e-05
3.770147120571250065e-05,9.448199591806630658e-06
3.518028219078447795e-05,6.759645081473310145e-06
4.539924992939721606e-05,1.221816693278818372e-05
4.281438026898842433e-05,9.447037850604187977e-06
4.025193255445390388e-05,6.712126877320091691e-06
5.060492974976090326e-05,1.224425382009061178e-05
4.799388336581257927e-05,9.445864828672954498e-06
4.539965913436964711e-05,6.674784019488929200e-06
5.585405493059391159e-05,1.226364433263733901e-05
5.322336522156572667e-05,9.444762847247125450e-06
5.060531574401918122e-05,6.646262330049645176e-06
6.113543521758429196e-05,1.227785217483372453e-05
5.849026881652048658e-05,9.443745595484557279e-06
5.585439393728339224e-05,6.624740101080901768e-06
6.644041004087363150e-05,1.228800979882977729e-05
6.378470110855784529e-05,9.442873488795893556e-06
6.113573530448687112e-05,6.608715677415075733e-06
7.176198219336473252e-05,1.229483851575834316e-05
6.909902394512836129e-05,9.442205227314421595e-06
6.644063164814320794e-05,6.597125419197670278e-06
8.318902432417752519e-05,1.198588574866786881e-05
8.243112374347268709e-05,1.229978853399867151e-05
7.414933122093424959e-05,9.441843407092902129e-06
7.709423479323909527e-05,1.229883811517857675e-05
7.176208172291376371e-05,6.589195257213509479e-06
8.350296103196192421e-05,1.122803090988451511e-05
8.170935307826363405e-05,9.441635491450430569e-06
7.709429392066988423e-05,6.584640289182781619e-06
8.350296394371995779e-05,7.655233328569620950e-06
8.243114623563355798e-05,6.583501871165274188e-06
8.318903277183847160e-05,6.897395941202923486e-06
