Size 192,2
-1.406170110756572631e-04,1.971928478473533312e-05
-1.411832214494568554e-04,1.835259751631621703e-05
-1.411831503475569614e-04,1.190935355828261863e-05
-1.406169271191302840e-04,1.054262859856220483e-05
-1.392501212682248693e-04,2.028534139639144210e-05
-1.366857542533815909e-04,1.513092285694353049e-05
-1.392500099615428177e-04,9.976550343614050059e-06
-1.296250054726587775e-04,2.028215556686234681e-05
-1.296247765948210068e-04,9.979074575162214943e-06
-1.243140811993974013e-04,1.513029185191917896e-05
-1.200111834950644122e-04,2.026960589730710405e-05
-1.200108841142680813e-04,9.990406683525948896e-06
-1.152126700458107268e-04,1.512963857556694183e-05
-1.104291477568083578e-04,2.024529974005282972e-05
-1.104289438188839486e-04,1.001328029759639453e-05
-1.056538332951140088e-04,1.512891680160494793e-05
-1.009020099728198558e-04,2.020806087524285553e-05
-1.009018587590925251e-04,1.004899932208381616e-05
-9.616243823589690383e-05,1.512803158071685885e-05
-9.145538854316022208e-05,2.015620492556984163e-05
-9.145530256202259354e-05,1.009906808944270873e-05
-8.676534245940396102e-05,1.512701705078026132e-05
-8.211758671282709857e-05,2.008803016289945214e-05
-8.211766198468022082e-05,1.016485453637952170e-05
-7.749244105835156687e-05,1.512578249405610610e-05
-7.292030379165231565e-05,2.000216855649674202e-05
-7.292028919414546436e-05,1.024772601436076560e-05
-6.837654487217968040e-05,1.512425666969257101e-05
-6.389748571767876642e-05,1.989746866883252235e-05
-6.389701480744371142e-05,1.034892528514980144e-05
-5.945208228988422275e-05,1.512252119602894383e-05
-5.508414739048195008e-05,1.977285976123211082e-05
-5.508301169398464203e-05,1.047000386094916283e-05
-5.075525927161415841e-05,1.512048601579773234e-05
-4.651704225082943761e-05,1.962573033873202591e-05
-4.651520340868397092e-05,1.061391027479003349e-05
-4.249170052621416180e-05,1.511722760751482891e-05
-3.856770444849938955e-05,1.945544357409481601e-05
-3.856516218692123592e-05,1.078643274127410732e-05
-3.565187409451929409e-05,1.544485036371996082e-05
-3.277608723491634519e-05,1.929457288664087190e-05
-3.277053130887076635e-05,1.094878406945710029e-05
-2.871423751442783698e-05,1.915178194233702519e-05
-2.946300510239748026e-05,1.650813581427224832e-05
-2.870595580018137248e-05,1.105393851285207798e-05
-2.583908333056165649e-05,1.116770936831266604e-05
3.655379910241267538e-06,1.362392164422765182e-06
3.728303603678637285e-06,1.186674379736820541e-06
3.727751040050805432e-06,5.335089223933095032e-07
3.655255577845003534e-06,3.608538588053633443e-07
-2.582931787271127284e-05,1.905010350287860286e-05
-2.330114783491119237e-05,1.881305869824855697e-05
-2.522083572208236356e-05,1.412977003265733435e-05
-2.326623032961274736e-05,1.106729285613182229e-05
3.480517438648970715e-06,1.435265330145321274e-06
3.304848043800213623e-06,7.191137268232526578e-07
3.482392163078367013e-06,2.891169456146596422e-07
-2.247212304553182998e-05,1.640264672411793321e-05
-2.086096882779257840e-05,1.827295793685472495e-05
-1.856378818078749070e-05,1.750221358847404502e-05
-2.171283381990101843e-05,1.316979548920737541e-05
-2.086937758453824755e-05,1.057408942310852310e-05
2.297046141322518564e-06,1.456983345917674038e-06
2.297038649545809506e-06,2.710506306241384415e-07
1.683653978252585221e-06,8.654153720508395231e-07
-1.644418396346692055e-05,1.646784177307346648e-05
-1.823519488721778414e-05,1.508611077467872219e-05
-1.901721991228773882e-05,1.212660393147827635e-05
-1.868794239814848668e-05,9.728375557667178267e-06
1.018374312185291479e-06,1.569529637845707347e-06
1.019464610092372429e-06,1.647134113821045127e-07
2.627228187973047192e-07,8.688000519200232823e-07
-1.449329178291304715e-05,1.524960308171490695e-05
-1.277060181192358617e-05,1.386907593851614681e-05
-1.631434065846247122e-05,1.168082646962657676e-05
-1.677447842434688090e-05,8.556724197127885204e-06
-6.052877786586791593e-07,1.809914581603565271e-06
-6.044712427565610053e-07,-6.909895235246619871e-08
-1.320991327847307683e-05,1.180876580110784958e-05
-1.128081198928547703e-05,1.232068095423901638e-05
-1.392750708829561655e-05,9.558613102748353334e-06
-1.516833553799520331e-05,7.160852591874581838e-06
-1.560152030811864096e-06,8.721754849792921607e-07
-2.696063759610441656e-06,2.154971732026018803e-06
-2.693070544156427479e-06,-4.103897330191509336e-07
-9.988991739661449076e-06,1.066796780236919801e-05
-8.966657423643141403e-06,8.981485360931907073e-06
-8.192305117271167576e-06,7.219867876523256345e-06
-1.247583021947367234e-05,7.586784747986827880e-06
-1.389343331238641512e-05,5.618986824672619088e-06
-3.607487217328434784e-06,8.791009787340469357e-07
-4.726156610421167335e-06,2.493225157073825486e-06
-4.726334635341949241e-06,-7.597263546886909342e-07
-9.913440190622447372e-06,7.205495843606418141e-06
-7.621204344402240343e-06,5.447826253888760337e-06
-6.546892967441809373e-06,2.777936737060541548e-06
-7.062227652292659891e-06,3.069587575201832431e-06
-7.319463585160109038e-06,3.674751804476032973e-06
-1.147565736773757016e-05,5.396902893986508951e-06
-1.293911033068618088e-05,4.007235617910226122e-06
-5.729625991403838314e-06,1.119574504714336017e-06
-6.599304660507875062e-06,-1.014951220119297706e-06
-8.818262387006903274e-06,4.205593166217569734e-06
-7.120591440677323471e-06,1.916492293492481563e-06
-7.733322017035553219e-06,2.862772463591030043e-06
-1.078060141091432844e-05,3.511592349005318584e-06
-1.232730938125723517e-05,2.403167256134696811e-06
-7.196448746571143140e-06,7.219901762960851561e-08
-7.150316026880945046e-06,-1.288820565389339972e-06
-9.196012812379883284e-06,1.496836730266785148e-06
-1.209410591173141625e-05,8.303438426527960334e-07
-1.216625856247414376e-05,-6.803946251771193159e-07
-8.307426641592807702e-06,-9.331556126230131048e-07
-7.478602923772129374e-06,-1.862321408452606856e-06
-7.893731603242845076e-06,-3.417878873649647422e-06
-1.067541421131052004e-05,-8.931195436114268447e-07
-8.485803820420268967e-06,-4.884423865766544326e-06
-1.255563480408198533e-05,-2.190364490095798119e-06
-9.313179962767043378e-06,-3.485001290783916611e-06
-1.136150745635642588e-05,-3.599827121733677758e-06
-9.229204625237690812e-06,-6.266406041262751360e-06
-1.320901867915308656e-05,-3.601350942225880043e-06
-1.260909851358165341e-05,-4.960086362843090465e-06
-1.124520772267707683e-05,-5.797099194074855038e-06
-1.012138852024032448e-05,-7.548630272634710313e-06
-1.114880527810628969e-05,-8.718647814993312850e-06
-1.409891039260043563e-05,-4.882837644048009659e-06
-1.342283066621187905e-05,-6.447967809048766592e-06
-1.263499981977229375e-05,-8.246920981547085409e-06
-1.230147156247647536e-05,-9.762885116119316401e-06
-1.519495008424104946e-05,-5.986800772029044603e-06
-1.485093147344509179e-05,-8.227691844732861029e-06
-1.356213395854368490e-05,-1.066932093585325005e-05
-1.491455977987746028e-05,-1.142562786845661959e-05
-1.634297916492027109e-05,-1.202264933403904516e-05
-1.646926500928933506e-05,-8.699668443107779744e-06
-1.646312328735865605e-05,-6.880124328808080170e-06
-1.615045102257968584e-05,-1.048848553591178626e-05
-1.782748193386780346e-05,-1.245436155185316684e-05
-1.935053589420214826e-05,-1.271480239243570528e-05
-1.774643914641605872e-05,-9.103344720885450295e-06
-1.786394376097797884e-05,-7.537900056524764504e-06
-2.089239235945283566e-05,-1.280107686145845484e-05
-1.918252972899870011e-05,-1.054381108152487034e-05
-1.935557719580199810e-05,-7.940695053975099037e-06
-2.123395663943131791e-05,-1.077180980752118492e-05
-2.258764208021293447e-05,-1.280002689807401481e-05
-2.089319889503072955e-05,-8.076459398004626474e-06
-2.491916762864468195e-05,-1.279961318876495229e-05
-2.307976766934804924e-05,-9.619168800404469729e-06
-2.258775401509274642e-05,-8.077189978956639222e-06
-2.812391847428494113e-05,-1.280076084087105030e-05
-2.653781993195251717e-05,-1.025317278249751421e-05
-2.491924770499493298e-05,-8.076816430100137927e-06
-3.235988154463858316e-05,-1.280497247221053120e-05
-3.024042087768630464e-05,-1.043732247315389964e-05
-2.812394076801219968e-05,-8.074491034479450957e-06
-3.678627816193078199e-05,-1.281209336760254100e-05
-3.457066992321096996e-05,-1.043674527770532792e-05
-3.235993645071297373e-05,-8.069062594483397474e-06
-4.123003992804363571e-05,-1.282169349180052638e-05
-3.900500462378602416e-05,-1.043612960986204413e-05
-3.678649151912027562e-05,-8.060701538484823061e-06
-4.569487763597862763e-05,-1.283271451445639564e-05
-4.345882910925328842e-05,-1.043558147159659654e-05
-4.123028148694423057e-05,-8.049918922149238340e-06
-5.018162209197496513e-05,-1.284321154966541509e-05
-4.793475621823089686e-05,-1.043515150075554861e-05
-4.569497757538451321e-05,-8.038010229771231651e-06
-5.468813241456623218e-05,-1.285210142769647574e-05
-5.243193760802411193e-05,-1.043461502615581604e-05
-5.018175013331092188e-05,-8.026626196479756174e-06
-5.920992557596791524e-05,-1.285853876137998417e-05
-5.694697710933138669e-05,-1.043410670211005725e-05
-5.468826888592439250e-05,-8.016690299524094338e-06
-6.374257147112541314e-05,-1.286314639917033748e-05
-6.147476711475767649e-05,-1.043366953930609768e-05
-5.921011511768275819e-05,-8.009281225204450559e-06
-6.828322551796890628e-05,-1.286663880341240766e-05
-6.601178418222538279e-05,-1.043334312065411384e-05
-6.374265193028845402e-05,-8.003836853961994894e-06
-7.802485594355054494e-05,-1.260189936285268817e-05
-7.737876499242322536e-05,-1.286950014084084142e-05
-7.031900796391522823e-05,-1.043314651243746314e-05
-7.282951434157551888e-05,-1.286895538118415744e-05
-6.828327026130866326e-05,-7.999790539682397408e-06
-7.829247898356293822e-05,-1.195583765045264588e-05
-7.676355900421520109e-05,-1.043299188235204964e-05
-7.282956262779364176e-05,-7.997166574137133300e-06
-7.829250865482500826e-05,-8.910129398724992182e-06
-7.737880326978508274e-05,-7.996474608853688736e-06
-7.802488922906814341e-05,-8.264072248375921182e-06
