Size 192,2
8.334736867712813310e-05,-1.325772564651449056e-05
8.364360618519619465e-05,-1.254269949384869902e-05
8.364375296977020569e-05,-9.171818244049885699e-06
8.334753260509563332e-05,-8.456799446277259266e-06
8.263223264132413736e-05,-1.355387713560290504e-05
8.129081421876015266e-05,-1.085728739842808921e-05
8.263241754383097656e-05,-8.160650979164663852e-06
7.759686394652325645e-05,-1.355237341173260414e-05
7.759705749936313612e-05,-8.162124833351481340e-06
7.481872541460991963e-05,-1.085714767947872401e-05
7.256736558309772830e-05,-1.354649518816811289e-05
7.256767775748175454e-05,-8.167716018503777119e-06
7.005696321094451162e-05,-1.085701490120338207e-05
6.755289251130522452e-05,-1.353583100835572070e-05
6.755315623594363827e-05,-8.177940339743969351e-06
6.505291824152712615e-05,-1.085675658294577774e-05
6.256216491434940367e-05,-1.352047438178453854e-05
6.256276292758109760e-05,-8.192860362005575958e-06
6.007726918686613751e-05,-1.085665948107887448e-05
5.760429516259056923e-05,-1.350096996176445801e-05
5.760490823629055719e-05,-8.212277429272301073e-06
5.513859530590464844e-05,-1.085670807189616077e-05
5.268688656446507391e-05,-1.347864758991588799e-05
5.268751281140314952e-05,-8.235056927555925796e-06
5.024338916105221947e-05,-1.085712870146752113e-05
4.781411127326129598e-05,-1.345607835781455342e-05
4.781462851707397773e-05,-8.258786022466332223e-06
4.539295706201583534e-05,-1.085788225717447032e-05
4.298415604999146494e-05,-1.343608702872821450e-05
4.298441882918860974e-05,-8.280449983575503936e-06
4.058195881076452502e-05,-1.085869906470898087e-05
3.818969325015387996e-05,-1.341958829282649463e-05
3.818988987382366591e-05,-8.298666073809953992e-06
3.580260814599006914e-05,-1.085955833995769180e-05
3.342415855913809285e-05,-1.340497609003846108e-05
3.342462112983345671e-05,-8.315118122654284357e-06
3.114631892505668873e-05,-1.086040529499841315e-05
2.887729406277879800e-05,-1.338987300738855469e-05
2.887775423072884144e-05,-8.332499068608624363e-06
2.717908256025502108e-05,-1.105811003021028971e-05
2.545372921536658624e-05,-1.337604867477294603e-05
2.545369521702656786e-05,-8.348300084221196789e-06
2.297597261092701094e-05,-1.336396477830794073e-05
2.345705608407416175e-05,-1.171725028423586659e-05
2.297562144092744405e-05,-8.358254329841956583e-06
2.118198232632499158e-05,-8.368720853845311103e-06
-3.630083722373991529e-06,9.268051746725525931e-08
-3.702910987985749722e-06,2.676581002409553491e-07
-3.702563695691445746e-06,9.202822496249961623e-07
-3.630066649572241715e-06,1.093229375948476907e-06
2.118072875430373949e-05,-1.335557596476783635e-05
1.955713672392365537e-05,-1.325554585108857165e-05
2.081659805108855275e-05,-1.024014931571679725e-05
1.955797002475465583e-05,-8.237755796094521556e-06
-3.455836254908341216e-06,2.044908709146837940e-08
-3.279825526281426675e-06,7.363415638972198014e-07
-3.457024023922500728e-06,1.165658302688355358e-06
1.904084143314270614e-05,-1.171926857308473887e-05
1.795898521699023156e-05,-1.297053302764180979e-05
1.640909794459732965e-05,-1.250964205449730652e-05
1.855375847168300581e-05,-9.598808420514579241e-06
1.799184150103825871e-05,-7.830940769277205759e-06
-2.273404776125150470e-06,3.149216289192923417e-09
-2.271927332315810569e-06,1.188209888842623493e-06
-1.659389574854757280e-06,5.967631931602864204e-07
1.492752304036725946e-05,-1.187518520238394366e-05
1.620489701245771990e-05,-1.090417694474971812e-05
1.674262624812900390e-05,-8.875780898708475041e-06
1.652786261427621224e-05,-7.162418648363964249e-06
-9.952969259719167201e-07,-1.034499889101734560e-07
-9.949064782853213431e-07,1.298685942146907688e-06
-2.402502186888485325e-07,5.985516728248424838e-07
1.353060801117144036e-05,-1.108083336965339369e-05
1.223886757597410530e-05,-1.013724086023050445e-05
1.485768525077928866e-05,-8.554995939748445116e-06
1.520939463114441755e-05,-6.252554622074453348e-06
6.241017879732930620e-07,-3.353508998502481526e-07
6.247082646581994878e-07,1.534406852189995369e-06
1.256568898267636246e-05,-8.664324982933337542e-06
1.106725736903045989e-05,-9.054676927035472625e-06
1.311666301036787784e-05,-6.984272529471730403e-06
1.407508303172466558e-05,-5.134300070471301579e-06
1.574643673635022566e-06,6.001647569952673554e-07
2.701664049581841579e-06,-6.704036292498593701e-07
2.700683121977726219e-06,1.874857982783281522e-06
1.002702190543202326e-05,-7.850883972221291132e-06
9.134315394532682594e-06,-6.543820222114954030e-06
8.395174983585879233e-06,-5.143303356588375610e-06
1.199137434044207980e-05,-5.457756683404908180e-06
1.315718384658973574e-05,-3.844238174800945208e-06
3.607200967566292951e-06,5.984484965712199736e-07
4.715508267823161465e-06,-1.000327174282242049e-06
4.715682418181565722e-06,2.220569347647822072e-06
9.887891695182343180e-06,-5.149590521885977432e-06
7.820129195625463546e-06,-3.666598907751097283e-06
6.559467716672864166e-06,-1.280993542368183804e-06
7.109012155563557467e-06,-1.557880568045761134e-06
7.417242857532529440e-06,-2.115658848092912034e-06
1.119869757417355696e-05,-3.653004200220007063e-06
1.248218850172034668e-05,-2.431655161586191507e-06
5.712750845324853288e-06,3.663507381395075690e-07
6.524702909761778066e-06,2.466913763683010202e-06
8.849756970559677797e-06,-2.612667699218484763e-06
7.125997041369831318e-06,-4.375109138877271444e-07
7.775769141278112177e-06,-1.361462034127113318e-06
1.061258169634869163e-05,-1.991208206378075702e-06
1.207996039138382489e-05,-9.467146098591746634e-07
7.128032694255070838e-06,1.380844554202336714e-06
7.023691034535895367e-06,2.742297501806223879e-06
9.147531850867133253e-06,-9.199111335718816170e-08
1.196454134093408930e-05,5.705364411541707226e-07
1.220375727298316804e-05,2.104845184330007588e-06
8.185615203339077680e-06,2.361373247334919369e-06
7.304932393894965924e-06,3.350059585440672860e-06
7.633638509102842393e-06,5.061149649832613612e-06
1.063604275462410847e-05,2.276157283456205234e-06
8.164445920856763501e-06,6.782334678894064518e-06
1.277434121018045446e-05,3.674808851605321061e-06
9.152087040782404763e-06,5.101048621278001329e-06
1.145854561116142927e-05,5.234586028864634677e-06
8.937149326143187475e-06,8.452295360216813811e-06
1.367538018121851287e-05,5.238288745593882365e-06
1.299429454893953610e-05,6.835462632015326217e-06
1.131534646861536637e-05,7.859114325982563342e-06
9.921248328998274869e-06,1.010397655520818707e-05
1.116243999857874256e-05,1.168686458729918923e-05
1.492225663824214373e-05,6.715741531937109730e-06
1.406242850205792824e-05,8.694863382342192746e-06
1.303853022242354138e-05,1.107103140089827245e-05
1.259861588442820944e-05,1.317526629364782128e-05
1.647134792539467358e-05,8.050272226787155840e-06
1.601749669505792936e-05,1.107149117413880770e-05
1.426073569622663340e-05,1.450061380009522662e-05
1.614028828735542841e-05,1.566825254746873311e-05
1.818032468482213822e-05,1.665773743862769996e-05
1.833197717189542000e-05,1.173636042817755251e-05
1.830757924852717802e-05,9.182409695685303519e-06
1.786585350665719171e-05,1.433757908344017273e-05
2.038748589959119578e-05,1.739442355200562234e-05
2.272375907946766078e-05,1.789385805914936104e-05
2.022330675802914401e-05,1.231161418362862750e-05
2.040669341193071274e-05,1.001129543404418328e-05
2.513247812640693156e-05,1.811758583828326270e-05
2.241004571041369233e-05,1.450041443392529483e-05
2.269732474925865615e-05,1.049135009780932110e-05
2.565657113610404744e-05,1.487904688605732741e-05
2.787426177475714551e-05,1.821921489157585016e-05
2.510410031634106184e-05,1.061756861258954410e-05
3.173168952217369734e-05,1.832121446480830488e-05
2.864448744427486020e-05,1.301264499979786862e-05
2.786837761557303184e-05,1.051790047488355822e-05
3.723627810846970537e-05,1.847734864925401149e-05
3.446811327169558084e-05,1.404973998297745983e-05
3.173411057272675404e-05,1.038811873168850394e-05
4.478963510731034454e-05,1.864542579876434222e-05
4.096567540744224613e-05,1.436409385710643847e-05
3.723725080022599463e-05,1.024034048314322101e-05
5.293344032530683183e-05,1.878668954807998770e-05
4.881849990787828932e-05,1.436434221419173764e-05
4.478981248270045678e-05,1.008120455410790388e-05
6.131315090635739774e-05,1.890389596290734586e-05
5.708685528528240506e-05,1.436562213719792819e-05
5.293321227020149371e-05,9.943251944214510571e-06
6.988749278824893125e-05,1.899856731112252776e-05
6.557081470682812093e-05,1.436678163491563362e-05
6.131270954847245242e-05,9.828660795005219204e-06
7.861625520330272536e-05,1.907218368161704540e-05
7.422891433896742195e-05,1.436757088772812079e-05
6.988701935741388233e-05,9.735844028750884616e-06
8.746274430183344738e-05,1.912677075560847235e-05
8.302252428681364911e-05,1.436798395892581374e-05
7.861599459289047372e-05,9.663367223809062040e-06
9.639307815752518060e-05,1.916374270113029124e-05
9.191656993697126679e-05,1.436815322233383672e-05
8.746272254033517722e-05,9.609374820542647834e-06
1.053761443623677787e-04,1.918533671941868483e-05
1.008781457137826931e-04,1.436799372459905221e-05
9.639325850289774103e-05,9.572496356586912680e-06
1.143864862945226884e-04,1.919562360880299205e-05
1.098784283889100326e-04,1.436765948971805566e-05
1.053762572156136514e-04,9.550398929967292039e-06
1.337118753309162107e-04,1.866902307601623313e-05
1.324304649318134848e-04,1.919978824919309091e-05
1.184265082880940628e-04,1.436738011710355449e-05
1.234075245152836567e-04,1.919919580445174760e-05
1.143865756451102860e-04,9.539439229889197814e-06
1.342426543102417773e-04,1.738763247712827906e-05
1.312103583359807194e-04,1.436729222404740613e-05
1.234075282757001954e-04,9.535418328485961224e-06
1.342426348339930656e-04,1.134697173328379056e-05
1.324304476788856386e-04,9.534821380339624438e-06
1.337118557486031447e-04,1.006558527723405605e-05
