Size 192,2
-1.200685698937206913e-04,1.656809766681589986e-05
-1.205422732409891870e-04,1.542450220563452396e-05
-1.205423536573607468e-04,1.003346627233257838e-05
-1.200686549318489773e-04,8.889849730055835326e-06
-1.189249601784550303e-04,1.704178895982269294e-05
-1.167800260215762817e-04,1.272898650081227173e-05
-1.189250413811407327e-04,8.416146972175815572e-06
-1.108725923155483257e-04,1.704152501971045443e-05
-1.108725961722503657e-04,8.416197331078376537e-06
-1.064266168940799682e-04,1.272866988508453613e-05
-1.028199875919406057e-04,1.703900659764844008e-05
-1.028200308637569523e-04,8.417886698872691415e-06
-9.879487042799017262e-05,1.272804554349111360e-05
-9.477428600515014324e-05,1.703047745634141548e-05
-9.477433294311212396e-05,8.424874137953586409e-06
-9.075647680345190124e-05,1.272701443159175735e-05
-8.674926035345594953e-05,1.701251838382680288e-05
-8.674959738115211954e-05,8.440449530774751815e-06
-8.274829425363354550e-05,1.272565652235390267e-05
-7.876493247511485735e-05,1.698301213175332816e-05
-7.876548471648985527e-05,8.466979763827541832e-06
-7.479181633093244009e-05,1.272426007735320194e-05
-7.084373053841684132e-05,1.694092198516834049e-05
-7.084435102505339974e-05,8.506203069356882076e-06
-6.691019602574986688e-05,1.272304713227488111e-05
-6.301044721539857867e-05,1.688449081142398710e-05
-6.301070461799880324e-05,8.560119326798785541e-06
-5.912982887583584948e-05,1.272190133966753396e-05
-5.529395759801320105e-05,1.681081048686567379e-05
-5.529394680595387722e-05,8.631594297736369401e-06
-5.148293371304381901e-05,1.272081036454661846e-05
-4.773025070390103110e-05,1.671600634459927820e-05
-4.773001822239811038e-05,8.724310253414096917e-06
-4.400911526923310133e-05,1.271958727262615020e-05
-4.036131716704025973e-05,1.659672452993834246e-05
-4.036045574491922011e-05,8.841679458328006102e-06
-3.689621113712114700e-05,1.271733358493632128e-05
-3.351594511635934713e-05,1.645442774330322584e-05
-3.351423687247327373e-05,8.986956369006315594e-06
-3.100420023484490962e-05,1.300035649659768659e-05
-2.852533907962330557e-05,1.631899240740544168e-05
-2.852101380063164459e-05,9.125130383474971911e-06
-2.502327581149146822e-05,1.619879567277177258e-05
-2.566973076915334109e-05,1.391826777842896036e-05
-2.501669183493594381e-05,9.214756292684259166e-06
-2.254358424820760107e-05,9.311579628908258320e-06
3.252867000210729893e-06,7.480729487709268263e-07
3.317421224575064335e-06,5.927173278059566349e-07
3.317055835544048373e-06,1.451987244761412510e-08
3.252854695078582527e-06,-1.384721214979530537e-07
-2.253484119322833937e-05,1.611332410537482483e-05
-2.035243040056973162e-05,1.591088687728462269e-05
-2.201073858055958363e-05,1.186760271418847922e-05
-2.032361126748284013e-05,9.223296831744926834e-06
3.098214079561681709e-06,8.123915291542876055e-07
2.942583586019541011e-06,1.783821995495795097e-07
3.099707706515723578e-06,-2.022039946224967751e-07
-1.963745273191290435e-05,1.383076679475345384e-05
-1.824487309501561413e-05,1.544721900007912176e-05
-1.625934625999690325e-05,1.478366073010926563e-05
-1.898231751912840686e-05,1.103887120641430186e-05
-1.825375286225389891e-05,8.795081290280765560e-06
2.050658763099772573e-06,8.301937904623667333e-07
2.050212203438839495e-06,-2.192857358651963915e-07
1.507684264869052913e-06,3.059781236433781802e-07
-1.442519918414839083e-05,1.389248572929765307e-05
-1.597612212696732965e-05,1.269641879881180898e-05
-1.665275212385852391e-05,1.013723277894937169e-05
-1.636874048120505256e-05,8.061076067095316932e-06
9.195462687490277017e-07,9.276321512493936805e-07
9.201506686532960563e-07,-3.140602896801190010e-07
2.517220939580424935e-07,3.076235120868879306e-07
-1.273578865925312705e-05,1.284123614079507192e-05
-1.124163080004699084e-05,1.164839452006391347e-05
-1.431435198326192938e-05,9.751964120584603768e-06
-1.471449884970578921e-05,7.044307850024087011e-06
-5.147590249968050399e-07,1.138332472348962563e-06
-5.143749155338508344e-07,-5.214933465484481234e-07
-1.162281862074671896e-05,9.864685936525071052e-06
-9.946407260295404268e-06,1.030948501300454675e-05
-1.224666747366650318e-05,7.913286855354237194e-06
-1.332538408063882991e-05,5.830923692489631964e-06
-1.358053149871253380e-06,3.094140289065151637e-07
-2.361300965704308909e-06,1.442659247330166505e-06
-2.359061535586367781e-06,-8.248440199162430964e-07
-8.821964532160589897e-06,8.878736902577538019e-06
-7.927855240606851875e-06,7.414460607484215542e-06
-7.245471403507481204e-06,5.882351392362957498e-06
-1.098603822094945075e-05,6.201683932597834166e-06
-1.222287717468989637e-05,4.486886318210097949e-06
-3.166744103676017101e-06,3.143633965505541585e-07
-4.155712836501027881e-06,1.741927705404988708e-06
-4.156206084187273645e-06,-1.135984738651385191e-06
-8.751854756774780827e-06,5.870885094833756885e-06
-6.739610030729847619e-06,4.337033257443906232e-06
-5.770798242499676655e-06,1.994924764296198735e-06
-6.230872577732955264e-06,2.252445608072123670e-06
-6.463574265385684138e-06,2.784731259579806536e-06
-1.011691538210981927e-05,4.293816308171357887e-06
-1.139978764961863399e-05,3.076658910628430194e-06
-5.043529495749425979e-06,5.259350879047200488e-07
-5.808661305380580053e-06,-1.363343932689634797e-06
-7.786781447162285442e-06,3.252067147279767892e-06
-6.278624999688293108e-06,1.233153080608599688e-06
-6.825714338440663656e-06,2.070183816143567265e-06
-9.510375054326763251e-06,2.642994904824282575e-06
-1.087602289166312246e-05,1.666144563792489741e-06
-6.338642325797399229e-06,-3.997951336478863894e-07
-6.291716541428266648e-06,-1.607174335476631170e-06
-8.115459641072340934e-06,8.681109298262042393e-07
-1.068085787228071450e-05,2.770683704666374870e-07
-1.076278091129933085e-05,-1.065560000944031951e-06
-7.319323252853876572e-06,-1.289418647055998490e-06
-6.578119269670579129e-06,-2.120581811150201235e-06
-6.937431860575980513e-06,-3.519040388774569777e-06
-9.430750022005978100e-06,-1.249723820467073750e-06
-7.456753444512402851e-06,-4.848910918078447396e-06
-1.112856400794694476e-05,-2.412617450151872135e-06
-8.208595833013849924e-06,-3.575810729666122366e-06
-1.005542237285529464e-05,-3.680225451981985237e-06
-8.120521978518636057e-06,-6.107316713035284764e-06
-1.173604378690341164e-05,-3.682167620520315762e-06
-1.119494845327227500e-05,-4.914517787044160443e-06
-9.950093596905995643e-06,-5.677486229441882032e-06
-8.923281272166325517e-06,-7.285405461439717632e-06
-9.859555593975663973e-06,-8.368351447916865681e-06
-1.256502719099179060e-05,-4.841905296570485915e-06
-1.194558287548890091e-05,-6.276012529215060557e-06
-1.122152051710668448e-05,-7.934341823495621196e-06
-1.091434156332809816e-05,-9.341654639698682063e-06
-1.358658585973424047e-05,-5.848153900199296085e-06
-1.327056563338705404e-05,-7.920055809430478965e-06
-1.207748030213283668e-05,-1.018951692279195018e-05
-1.333423788965048813e-05,-1.090211659238576700e-05
-1.466569219489983052e-05,-1.146909269728670212e-05
-1.478009166531218744e-05,-8.359917760645577429e-06
-1.477203324473956234e-05,-6.668383187514202011e-06
-1.448288241238902954e-05,-1.002988760622597275e-05
-1.605696893644602101e-05,-1.188010479482529152e-05
-1.748823117633024812e-05,-1.213068824015776356e-05
-1.597681491905650862e-05,-8.736582698350033027e-06
-1.608677732389296488e-05,-7.273101302278156874e-06
-1.894024524727736588e-05,-1.221656438408077860e-05
-1.732683231483580973e-05,-1.008837891471447081e-05
-1.749013086036148759e-05,-7.642848543861776746e-06
-1.926140090329164396e-05,-1.030450059744995039e-05
-2.054079611647442380e-05,-1.221975054878657095e-05
-1.893899725998871760e-05,-7.766310046864089537e-06
-2.274475311910643328e-05,-1.222230747650139382e-05
-2.100467174566667436e-05,-9.217863093356636585e-06
-2.054062126243608787e-05,-7.763022406685478571e-06
-2.577689044719520491e-05,-1.222508734533967991e-05
-2.427595709973306940e-05,-9.816709600949042455e-06
-2.274479862985400521e-05,-7.759675767007233961e-06
-2.978165896200293987e-05,-1.222711777981502486e-05
-2.777877949777679905e-05,-9.990978505972965561e-06
-2.577675661575117350e-05,-7.756822622208258409e-06
-3.395797641294217884e-05,-1.223003997551659826e-05
-3.186902302682988945e-05,-9.990699088447169856e-06
-2.978153867049202969e-05,-7.754502898309156191e-06
-3.814235990346181846e-05,-1.223717371016645134e-05
-3.604799003180689736e-05,-9.990452483676958898e-06
-3.395790486311485695e-05,-7.750985788135939151e-06
-4.234541396695287518e-05,-1.225000209230277107e-05
-4.023988283797882049e-05,-9.990274378556243044e-06
-3.814254687690960379e-05,-7.743462389826155596e-06
-4.657884620555658123e-05,-1.226801630077257912e-05
-4.445634584397361975e-05,-9.990082385728372334e-06
-4.234572009322639589e-05,-7.730312748146061087e-06
-5.085057210259766607e-05,-1.228849184581747332e-05
-4.870803665551953684e-05,-9.990057372321595777e-06
-4.657898577106723247e-05,-7.712124996913608750e-06
-5.516158565578848928e-05,-1.230778057123821284e-05
-5.299973920644229206e-05,-9.990070936804994591e-06
-5.085050452158542111e-05,-7.691654115240105123e-06
-5.950659664658430740e-05,-1.232283959946291130e-05
-5.732919325234833426e-05,-9.989922959155321083e-06
-5.516161659966029637e-05,-7.672249776619865629e-06
-6.387488206125765792e-05,-1.233232774510413912e-05
-6.168784645765164559e-05,-9.989741138198464249e-06
-5.950660984006369067e-05,-7.656844516553374481e-06
-7.326373946693078270e-05,-1.207963227140971005e-05
-7.264108441061575632e-05,-1.233752794205081517e-05
-6.583618270724441899e-05,-9.989552350191984446e-06
-6.825604120064863794e-05,-1.233678953849808432e-05
-6.387505400865619752e-05,-7.646972976315894187e-06
-7.352165619927418831e-05,-1.145700741593129161e-05
-7.204811010289557656e-05,-9.989399972138304307e-06
-6.825613329001253664e-05,-7.642202279617559628e-06
-7.352172682747349513e-05,-8.521747632493964275e-06
-7.264117219016647431e-05,-7.641238745027986013e-06
-7.326381778235463080e-05,-7.899129375553114039e-06
