Size 192,2
-1.269524528654312719e-04,1.800237262443489341e-05
-1.274598538795453724e-04,1.677765469482983191e-05
-1.274597122894801792e-04,1.100351008518194250e-05
-1.269522765176499778e-04,9.778688926867141435e-06
-1.257275355245333936e-04,1.850962204736699039e-05
-1.234293622759353385e-04,1.389049230909190581e-05
-1.257272807094438191e-04,9.271384754880018358e-06
-1.171021059982648170e-04,1.850637859938210540e-05
-1.171014622113181452e-04,9.273443027039772780e-06
-1.123424897273799352e-04,1.388936590994772765e-05
-1.084867518721027767e-04,1.849428098016398403e-05
-1.084855644792707556e-04,9.282841321507451246e-06
-1.041863927296180945e-04,1.388773069138199966e-05
-9.990018920721109900e-05,1.847061701342858471e-05
-9.989881309903204487e-05,9.302651529111320171e-06
-9.562124941340651124e-05,1.388557896600866157e-05
-9.136454118129677172e-05,1.843379411171258673e-05
-9.136311563780056318e-05,9.334970603376300919e-06
-8.711967504223473344e-05,1.388291092802586281e-05
-8.290578801189908036e-05,1.838222659923335967e-05
-8.290462622146509565e-05,9.381000892529399728e-06
-7.870865016229610430e-05,1.387993738555337537e-05
-7.455216135949388218e-05,1.831513877365943731e-05
-7.455129996716673181e-05,9.442002475713824478e-06
-7.041715108952065563e-05,1.387677664757433530e-05
-6.633246697563168067e-05,1.823232546063328793e-05
-6.633207063123950579e-05,9.518123068261203585e-06
-6.227403126288550317e-05,1.387346516998828542e-05
-5.827530696254635796e-05,1.813422190837764224e-05
-5.827502098908664220e-05,9.609047650881288316e-06
-5.430752669206677792e-05,1.386994500409221156e-05
-5.040895855146759329e-05,1.802087017213110156e-05
-5.040815092371950153e-05,9.715075481854593408e-06
-4.654512016054267154e-05,1.386620518887344776e-05
-4.275993153852795074e-05,1.789140653582137295e-05
-4.275815188403799319e-05,9.837585151122976135e-06
-3.916312133102422502e-05,1.386148652348810750e-05
-3.565181824492776817e-05,1.774664045773545939e-05
-3.564930359608271880e-05,9.980357928239075939e-06
-3.304070844590784939e-05,1.415415710594289811e-05
-3.045821420979765793e-05,1.761320527807590185e-05
-3.045337715684433454e-05,1.011201496577976232e-05
-2.680324862807735199e-05,1.749676980283946753e-05
-2.748121388494764559e-05,1.511142768115834752e-05
-2.679628610386001339e-05,1.019620176097237892e-05
-2.420846105722320848e-05,1.028709988376943609e-05
3.544623068256594388e-06,1.018321185995462699e-06
3.615525675531026988e-06,8.476002621395874732e-07
3.615061433719604129e-06,2.124101358412540063e-07
3.544550476506851643e-06,4.440338647303220779e-08
-2.420096030793232085e-05,1.741447156622717452e-05
-2.191091751104949577e-05,1.720897682186814227e-05
-2.365453316027664040e-05,1.296494873510961668e-05
-2.188313851932337879e-05,1.018291462100182106e-05
3.374690827556628476e-06,1.089048039740424700e-06
3.203668828000437840e-06,3.926162137814125687e-07
3.376358756297056440e-06,-2.551002912335269419e-08
-2.116285595852750160e-05,1.502721094734113478e-05
-1.969438919248121936e-05,1.673098540777667552e-05
-1.759885218378628210e-05,1.603866131643142366e-05
-2.047477865715337058e-05,1.208958879523745590e-05
-1.970645546452652112e-05,9.718231885945982401e-06
2.223664540776897877e-06,1.108812091062187467e-06
2.223311157556416455e-06,-4.374100910064360837e-08
1.627407229796183381e-06,5.332419975775644702e-07
-1.565573704757976283e-05,1.510657232275405297e-05
-1.730228726281744024e-05,1.383911653826503306e-05
-1.801710645420116753e-05,1.113356460351898051e-05
-1.771772637208144068e-05,8.927845022665418433e-06
9.817248134713195931e-07,1.215381147621287390e-06
9.824149870344688993e-07,-1.468632412912178520e-07
2.490912298778894844e-07,5.352911493005890800e-07
-1.386100968364176342e-05,1.399971425006083708e-05
-1.226576580136296323e-05,1.273739988501701320e-05
-1.554002162640711682e-05,1.072234844548674674e-05
-1.596678712539706358e-05,7.836712462237328008e-06
-5.911189401061502035e-07,1.445193387511630760e-06
-5.905778178916384506e-07,-3.724380214944074532e-07
-1.267197280086499638e-05,1.084239427843399040e-05
-1.087701817901924817e-05,1.131726899036116596e-05
-1.333836608721985626e-05,8.760303745034050870e-06
-1.449171123300693474e-05,6.531311303285031317e-06
-1.514515806581236144e-06,5.376900214359802087e-07
-2.611728743838494532e-06,1.776439741378026679e-06
-2.609081931120615722e-06,-7.014384729336853466e-07
-9.668674574386448356e-06,9.792718065341027381e-06
-8.700848875854021958e-06,8.223737346717070439e-06
-7.957554402365685540e-06,6.579072680416524465e-06
-1.198780698421698078e-05,6.925880716702872995e-06
-1.331749488303984797e-05,5.080497849967262528e-06
-3.491998816031992568e-06,5.436432040723860511e-07
-4.571672872280966390e-06,2.101915217101541653e-06
-4.571796646184951244e-06,-1.038098716080019691e-06
-9.584799111079005267e-06,6.568658311528861503e-06
-7.404530525564900337e-06,4.913296359170094444e-06
-6.335519004981522783e-06,2.376968158009848211e-06
-6.839326799275080952e-06,2.656816283682155026e-06
-7.096333812484014506e-06,3.234534583302743440e-06
-1.105439372922343544e-05,4.870433522102072805e-06
-1.244037959500900664e-05,3.553749062842149221e-06
-5.540578568396605515e-06,7.750038508057091556e-07
-6.371848535090254018e-06,-1.283396885357174624e-06
-8.534915971005481818e-06,3.742522605948164344e-06
-6.889001487811234391e-06,1.546967219883670469e-06
-7.487572535369516538e-06,2.458614252975935357e-06
-1.040000680829481541e-05,3.083235844519030852e-06
-1.188304604560868766e-05,2.021507042899946636e-06
-6.950262681597417226e-06,-2.322783062762941357e-07
-6.896026947091906615e-06,-1.548518259777523236e-06
-8.887252438683995270e-06,1.153449662057964993e-06
-1.167695705726001428e-05,5.095476267189968475e-07
-1.177450682069685343e-05,-9.553707312640470787e-07
-8.015929006055103054e-06,-1.200379677676860057e-06
-7.205727086583657047e-06,-2.108851146270440959e-06
-7.592982504124581644e-06,-3.639085088407146854e-06
-1.031985134267161069e-05,-1.154211032393068069e-06
-8.155561687375908919e-06,-5.099634885831950331e-06
-1.218135915503390177e-05,-2.425562983452025687e-06
-8.982389420042485392e-06,-3.699440952728835433e-06
-1.100635503891030709e-05,-3.813540423882428959e-06
-8.879472138524674874e-06,-6.483893143901678523e-06
-1.285480146550301969e-05,-3.815392716807320840e-06
-1.226119459140907709e-05,-5.168872417163897455e-06
-1.088957553432869481e-05,-6.009323293961855788e-06
-9.757748573363980745e-06,-7.785334908198142840e-06
-1.078717691976716500e-05,-8.985507051445536835e-06
-1.377520220091588507e-05,-5.087051418869988092e-06
-1.309080952363498335e-05,-6.669446081921480176e-06
-1.228955923363074802e-05,-8.505277826158501404e-06
-1.194935819548725694e-05,-1.006922999725438724e-05
-1.491116409371024532e-05,-6.192991060628888092e-06
-1.456047258396681012e-05,-8.489922552128951750e-06
-1.323586007724325908e-05,-1.101543672007529004e-05
-1.463233387228299002e-05,-1.181496108319322254e-05
-1.611607310573924537e-05,-1.245651468796961947e-05
-1.624218866659719494e-05,-8.978547901989777165e-06
-1.623277762416061351e-05,-7.096786318803188927e-06
-1.590964195206842060e-05,-1.084308325086965255e-05
-1.767270563210906513e-05,-1.292329673843929778e-05
-1.928007223759441410e-05,-1.321244143497108777e-05
-1.758030855965337101e-05,-9.397587591891640258e-06
-1.770437177169916518e-05,-7.761961143032964557e-06
-2.091421397275786736e-05,-1.331598824680711143e-05
-1.909451268585250907e-05,-1.091361631631270963e-05
-1.927993977130728514e-05,-8.165823875571715179e-06
-2.127518922344000610e-05,-1.115814499782895177e-05
-2.272347612255051021e-05,-1.332745632886542442e-05
-2.091075935354194101e-05,-8.297290413000742856e-06
-2.522192591164268747e-05,-1.333800307233306453e-05
-2.324604164878015563e-05,-9.929300545818742601e-06
-2.272314335683144025e-05,-8.284951132778498300e-06
-2.867474220343835053e-05,-1.335205731486325065e-05
-2.696254167464975216e-05,-1.060641769561143934e-05
-2.522237884885110087e-05,-8.270380756841947905e-06
-3.325527901127920164e-05,-1.336489105191252509e-05
-3.096148291981230409e-05,-1.080408635895365946e-05
-2.867508380828688141e-05,-8.255926434252674990e-06
-3.804874203632181836e-05,-1.337447814092957242e-05
-3.564908057752800468e-05,-1.080314963794756932e-05
-3.325559694194343244e-05,-8.242132367626504985e-06
-4.285964753237360468e-05,-1.338302375320917786e-05
-4.045143757043221554e-05,-1.080227919151528181e-05
-3.804899234694824516e-05,-8.230878637257217384e-06
-4.768736229925636373e-05,-1.339089692792351277e-05
-4.527086961207173605e-05,-1.080150073460044997e-05
-4.285984040375903230e-05,-8.220734261605284237e-06
-5.252999669420068779e-05,-1.339744985228493663e-05
-5.010636981588805443e-05,-1.080075209579582681e-05
-4.768738866884877290e-05,-8.211443931103452442e-06
-5.738502971187942791e-05,-1.340234326217109812e-05
-5.495570688533134150e-05,-1.079986048914090209e-05
-5.253005600208999625e-05,-8.203254112764156987e-06
-6.224954896966347596e-05,-1.340614894763353920e-05
-5.981586565419107232e-05,-1.079892451734540474e-05
-5.738503095471502851e-05,-8.196480063863591166e-06
-6.712257909535719646e-05,-1.340970088520518298e-05
-6.468473346738092640e-05,-1.079800743070065618e-05
-6.224962493087047276e-05,-8.190700894958645052e-06
-7.200407379125523487e-05,-1.341304124183886601e-05
-6.956207798207081545e-05,-1.079709095640076702e-05
-6.712279894694606194e-05,-8.185275014136137256e-06
-8.247830849868837896e-05,-1.312799417240356372e-05
-8.178366055435867441e-05,-1.341571283370248212e-05
-7.419284525788826976e-05,-1.079653625021689452e-05
-7.689221974251455758e-05,-1.341520939037390012e-05
-7.200409006645990245e-05,-8.180528122112237809e-06
-8.276603989335515311e-05,-1.243336646578295411e-05
-8.112213269418593455e-05,-1.079605223178685454e-05
-7.689222242427620356e-05,-8.177287570666681054e-06
-8.276591469511965303e-05,-9.158797635956986591e-06
-8.178355337754600221e-05,-8.176504763375380439e-06
-8.247818280821392529e-05,-8.464206726930423595e-06
