Size 192,2
-3.007420971491904204e-05,6.012474258425848394e-06
-3.016488396038352981e-05,5.793602155116851775e-06
-3.016511135483529533e-05,4.761896357835230719e-06
-3.007447048294084870e-05,4.543060688771997136e-06
-2.985532150831398150e-05,6.103131779956778174e-06
-2.944500900346889953e-05,5.277791016970731223e-06
-2.985563342312318218e-05,4.452419859292747365e-06
-2.831434793629282473e-05,6.103013020044771684e-06
-2.831483600981548945e-05,4.452684845744252836e-06
-2.746376651743860376e-05,5.277845086379769727e-06
-2.677374658891442543e-05,6.102340883325550518e-06
-2.677434679796890390e-05,4.453506186217373220e-06
-2.600436052522526784e-05,5.278042280160354525e-06
-2.523598436679115134e-05,6.100886191329804870e-06
-2.523655178004910495e-05,4.455476693260630342e-06
-2.446833375995420396e-05,5.278173526501598962e-06
-2.370203492853488171e-05,6.098753902925796655e-06
-2.370282304714609005e-05,4.457732195934224516e-06
-2.293667010605132163e-05,5.278338366903366968e-06
-2.217218180514533734e-05,6.097568799204620155e-06
-2.217283722131775249e-05,4.459057819568739204e-06
-2.140836950258520193e-05,5.278439801781170208e-06
-2.064442249446700456e-05,6.098238356253870303e-06
-2.064487639706344207e-05,4.458496208004590465e-06
-1.988021332290049818e-05,5.278571820908915913e-06
-1.911346874268783771e-05,6.103163779943962602e-06
-1.911363451433511492e-05,4.453873868523902908e-06
-1.834440511220342596e-05,5.278658438068845321e-06
-1.756809403740899563e-05,6.115569131257588105e-06
-1.756820871552844030e-05,4.441759377086465865e-06
-1.678665836276385017e-05,5.278718868847454987e-06
-1.599188163129251024e-05,6.136884639611534420e-06
-1.599189318987673914e-05,4.420301979862603459e-06
-1.518904413796900409e-05,5.278485684902690318e-06
-1.436752060809419290e-05,6.166147661994967378e-06
-1.436742056977545045e-05,4.390210916251142003e-06
-1.356956179810777836e-05,5.278142991803938568e-06
-1.275005144201203544e-05,6.200906622673185244e-06
-1.275005630603377101e-05,4.352811238468777219e-06
-1.212946438686709901e-05,5.351405941335673625e-06
-1.147539777614456718e-05,6.231993486668622491e-06
-1.147599841874327637e-05,4.319278069540907880e-06
-1.051778433177197093e-05,6.257277068312117701e-06
-1.071342441396764465e-05,5.608155909826993824e-06
-1.051841960089299032e-05,4.298825937311590168e-06
-9.806178236667796176e-06,4.278146259456402474e-06
1.793054579997448548e-06,2.034398195187211298e-07
1.828890080720302617e-06,1.172618626871117740e-07
1.828734815546608718e-06,-2.037497513827468768e-07
1.793088835849374232e-06,-2.887568388914251673e-07
-9.808870094769586557e-06,6.274068272247942521e-06
-9.148570498317794357e-06,6.251307015384867534e-06
-9.669677857573525555e-06,5.025837606785327082e-06
-9.155741988058830374e-06,4.200028931562878423e-06
1.707254920524220536e-06,2.390733807555250810e-07
1.620807110075535187e-06,-1.129900368865835554e-07
1.708018096502342200e-06,-3.242584677656730149e-07
-8.944023130982905594e-06,5.631433546584443755e-06
-8.488611483862131912e-06,6.155911967677248269e-06
-7.833215406549591403e-06,5.978651507869318799e-06
-8.745055500729385437e-06,4.755583275684011550e-06
-8.508534245011128706e-06,4.003287727669345250e-06
1.125596528601201724e-06,2.485086037246479703e-07
1.125125515789234754e-06,-3.345526504384543950e-07
8.236856117582495475e-07,-4.310441025552242250e-08
-7.192184888988193279e-06,5.728855646639505372e-06
-7.751728717608466674e-06,5.308094311407766168e-06
-7.980747977852123998e-06,4.442615951588473159e-06
-7.890855149717904420e-06,3.690771620581990681e-06
4.966867765977482266e-07,3.023014101881445794e-07
4.967784013768093319e-07,-3.883628497092059461e-07
1.248188882903280782e-07,-4.292376574128846965e-08
-6.578141400221648197e-06,5.399862527717763731e-06
-5.995493845691142501e-06,4.996040395200996894e-06
-7.165587570642525382e-06,4.299339120340431959e-06
-7.323907884014263712e-06,3.271684168146577473e-06
-3.015668242159298078e-07,4.185309334508009129e-07
-3.014762561028541467e-07,-5.039469348109519426e-07
-6.141576650572417658e-06,4.349633709772943849e-06
-5.455479444223046731e-06,4.526200241073501594e-06
-6.391303260837273940e-06,3.594850495427170337e-06
-6.827536764669072402e-06,2.750073318049731554e-06
-7.704351649141535742e-07,-4.228723658859861829e-08
-1.327351084302341633e-06,5.864299723048976573e-07
-1.326247435877956129e-06,-6.710540760990227896e-07
-4.970961714161057553e-06,3.990489199013062571e-06
-4.542084006442944761e-06,3.391448723199369610e-06
-4.177556509148463835e-06,2.743124840438207356e-06
-5.875226015403625723e-06,2.894874937816496188e-06
-6.420385882133551478e-06,2.139027034201480549e-06
-1.774351406971304560e-06,-3.981730899607527386e-08
-2.322574582420073202e-06,7.518548413263109036e-07
-2.321752584621319735e-06,-8.404621551606378714e-07
-4.890396607217396813e-06,2.749606815697716023e-06
-3.890002261025511436e-06,2.046242256557923624e-06
-3.239588544171478669e-06,8.934181347272320182e-07
-3.516618780068335092e-06,1.030128069188789201e-06
-3.676247161430935985e-06,1.302362737180620299e-06
-5.507758325585922692e-06,2.046219740661706398e-06
-6.121807080726500839e-06,1.460103984320071997e-06
-2.815531913897283618e-06,7.626585302636384648e-08
-3.210677614456978009e-06,-9.602364648946788273e-07
-4.380197707353100349e-06,1.546063979399989706e-06
-3.519630395095693946e-06,4.773487768557536575e-07
-3.847315378122721606e-06,9.343640951912479580e-07
-5.229892058879301821e-06,1.247021525845204976e-06
-5.948350359019998139e-06,7.359250003073738244e-07
-3.510933106517751586e-06,-4.216383210287265465e-07
-3.451471050392229749e-06,-1.096445228271652733e-06
-4.516773370058432847e-06,3.163642020352243992e-07
-5.905048424343528301e-06,-1.081604020647658129e-08
-6.044650658010096915e-06,-7.743780489461766081e-07
-4.028583344017650042e-06,-9.038186084439149154e-07
-3.584656693429095125e-06,-1.401571851853044036e-06
-3.735224873271862590e-06,-2.269448222094545015e-06
-5.256345936664923990e-06,-8.542521905834548423e-07
-3.988488195185691294e-06,-3.157995180484662056e-06
-6.351857454923806476e-06,-1.558798287219333082e-06
-4.501473707393080497e-06,-2.284817684932882606e-06
-5.681799267018090457e-06,-2.351632284883929565e-06
-4.373273215120403245e-06,-4.025827947844103387e-06
-6.834339449074791525e-06,-2.352143644132244952e-06
-6.484649829964131808e-06,-3.176398337594066125e-06
-5.604447057150378834e-06,-3.712314819519202488e-06
-4.872102778317155424e-06,-4.899870263450984590e-06
-5.516940936862882536e-06,-5.748049127668470646e-06
-7.507328906616373733e-06,-3.108297914619717478e-06
-7.051831323628668903e-06,-4.150964652253376183e-06
-6.505613257593294211e-06,-5.419467665603218188e-06
-6.270175341280747305e-06,-6.558933241747734203e-06
-8.348149926968606536e-06,-3.799026664640385834e-06
-8.103840508807625805e-06,-5.420737781712367603e-06
-7.155610259060663430e-06,-7.286230720837285565e-06
-8.173620054240861529e-06,-7.937427392119432348e-06
-9.288961878116657944e-06,-8.501511537017479022e-06
-9.368361433694717919e-06,-5.780251539974039633e-06
-9.353818656644961418e-06,-4.392322788427180250e-06
-9.110428451746831516e-06,-7.210397642011523197e-06
-1.051063093543397891e-05,-8.924963353984232420e-06
-1.181751064233619606e-05,-9.221008609776530681e-06
-1.041337328117176565e-05,-6.092767799856712104e-06
-1.051733880419141740e-05,-4.823994074991683511e-06
-1.317290091667349797e-05,-9.361366300437680559e-06
-1.163251996717138538e-05,-7.311799758574216548e-06
-1.179810781224837433e-05,-5.066530776572094042e-06
-1.346677613395346698e-05,-7.527007615859277957e-06
-1.473261800834563209e-05,-9.435226910734099200e-06
-1.315290834592867674e-05,-5.120760196877535648e-06
-1.694174330029226690e-05,-9.508091831000236514e-06
-1.516742764758876398e-05,-6.463857761710035158e-06
-1.472954697895601910e-05,-5.045461788470084755e-06
-2.012488651517752340e-05,-9.617538937721289988e-06
-1.851871750058837343e-05,-7.052821893274974163e-06
-1.694459537032863214e-05,-4.948628938903707162e-06
-2.452787224804311859e-05,-9.731587910696790167e-06
-2.229431781799195593e-05,-7.231477705788248059e-06
-2.012673646722073782e-05,-4.840779037136680168e-06
-2.930161954569022176e-05,-9.824713808818439064e-06
-2.688617772396379723e-05,-7.228946312329266918e-06
-2.452896943204643793e-05,-4.727654797644944328e-06
-3.423286919870196664e-05,-9.900649948150690597e-06
-3.174333917882874492e-05,-7.227351792173452943e-06
-2.930220508924510819e-05,-4.631512509018475478e-06
-3.929366222398967271e-05,-9.961628242642053734e-06
-3.674397003600021874e-05,-7.225940725158405280e-06
-3.423323944816268903e-05,-4.552641532745067684e-06
-4.445749929191408583e-05,-1.000953066909462864e-05
-4.186048582347505931e-05,-7.224502739209671057e-06
-3.929403768228073753e-05,-4.488797214333960070e-06
-4.970093432773098959e-05,-1.004562320792540808e-05
-4.706779008879605919e-05,-7.223080833558416385e-06
-4.445788560431882647e-05,-4.438057053316912164e-06
-5.500396445964755718e-05,-1.007170546289887494e-05
-5.234417911776255894e-05,-7.221749037276942225e-06
-4.970134832143296673e-05,-4.399195180982858959e-06
-6.034939638279845225e-05,-1.008965048509929682e-05
-5.767105423119829176e-05,-7.220518378252906368e-06
-5.500442576053881462e-05,-4.370463385377860946e-06
-6.572248157103370667e-05,-1.010037876387885940e-05
-6.303259936818620204e-05,-7.219400190575504593e-06
-6.034986668336982731e-05,-4.350158822591191092e-06
-7.727060960007823133e-05,-9.789137016141395662e-06
-7.650470304396910870e-05,-1.010635096396855297e-05
-6.813484536515385039e-05,-7.218536094995956020e-06
-7.111119038008824442e-05,-1.010527033043180405e-05
-6.572278408276004179e-05,-4.337417143382845555e-06
-7.758786152318479707e-05,-9.023282233920382504e-06
-7.577523004428376465e-05,-7.217992554277958159e-06
-7.111126772754747889e-05,-4.331173445879776965e-06
-7.758781648419741913e-05,-5.412720092203241646e-06
-7.650468574908717858e-05,-4.329702367510898969e-06
-7.727057021352975172e-05,-4.646899439309097261e-06
