Size 192,2
8.003198566768946983e-05,-1.303740056212286131e-05
8.030503237625424959e-05,-1.237831379635878642e-05
8.030505998750729591e-05,-9.271092739929657703e-06
8.003201332646526578e-05,-8.611993549518522317e-06
7.937281870531645708e-05,-1.331038463229080993e-05
7.813636807608809415e-05,-1.082471265019186972e-05
7.937284101347348770e-05,-8.339003924361704622e-06
7.473173533613902523e-05,-1.330928752309100304e-05
7.473173665045699664e-05,-8.340040286716062602e-06
7.217043791997335036e-05,-1.082460375729255211e-05
7.009437028591926008e-05,-1.330547704999083965e-05
7.009432533529190619e-05,-8.343456593942684372e-06
6.777860312278161689e-05,-1.082447550715682440e-05
6.546725234978828425e-05,-1.329912233322609838e-05
6.546716257476863131e-05,-8.349645102898875585e-06
6.315812968556238597e-05,-1.082453586465173420e-05
6.085403918991036750e-05,-1.329221498707583806e-05
6.085382080056603917e-05,-8.356987094982165802e-06
5.855205534393735715e-05,-1.082488721266008949e-05
5.625352069959930801e-05,-1.328807596227529898e-05
5.625313674118114090e-05,-8.362038783759321328e-06
5.395577250020107624e-05,-1.082546328688489613e-05
5.165883460187018449e-05,-1.328824780966052327e-05
5.165844561914398071e-05,-8.363542202206998799e-06
4.936081205757683718e-05,-1.082631667814903687e-05
4.706088511304303945e-05,-1.329266599363231222e-05
4.706075664949393528e-05,-8.361481668137895590e-06
4.475880550914451434e-05,-1.082751043487555809e-05
4.245259282743071312e-05,-1.330020060672896335e-05
4.245326495591600070e-05,-8.356887310180269264e-06
4.014456490449770545e-05,-1.082912831849944263e-05
3.783097399643714872e-05,-1.330871047045692792e-05
3.783244003610178758e-05,-8.351840690702018607e-06
3.551673543314110644e-05,-1.083117526280725458e-05
3.319750982052017887e-05,-1.331535926555700332e-05
3.319902213411203974e-05,-8.348927090149854980e-06
3.097235736591007882e-05,-1.083313332950861848e-05
2.874452969605895855e-05,-1.331861039892982838e-05
2.874561726881933420e-05,-8.349450347324310114e-06
2.707507331240684257e-05,-1.102878493755417053e-05
2.537065176350967124e-05,-1.331785511382165681e-05
2.537133623254059401e-05,-8.353204877963711449e-06
2.291854060195965470e-05,-1.331427163867328910e-05
2.339711242077616228e-05,-1.168231852066681165e-05
2.291860446407699057e-05,-8.357348416270842054e-06
2.113849578102679078e-05,-8.362703338410985924e-06
-3.628842821957803784e-06,1.288501498563723625e-07
-3.700776841146626860e-06,3.016684510781064102e-07
-3.700483532698664069e-06,9.461251178454478154e-07
-3.628887416103674909e-06,1.116927307921383496e-06
2.113791766519230666e-05,-1.331057254773422396e-05
1.952387852298013843e-05,-1.321477736923187659e-05
2.077755389306760959e-05,-1.021924421219082911e-05
1.952573496802657385e-05,-8.228505048608445542e-06
-3.456762795100261933e-06,5.751658175232563779e-08
-3.283142317849659216e-06,7.645229462645092904e-07
-3.458001773308893587e-06,1.188489117950307807e-06
1.901159707815783188e-05,-1.168941024131127660e-05
1.793399092426021472e-05,-1.293504066730631513e-05
1.638969886850206575e-05,-1.247856460686364409e-05
1.852695688359809611e-05,-9.581080233322568173e-06
1.796692098938749692e-05,-7.820060939991146039e-06
-2.289518503564139347e-06,3.999737607595412416e-08
-2.287942195409215599e-06,1.211380938552032389e-06
-1.682769112206687667e-06,6.268980930773985351e-07
1.491209113400839595e-05,-1.184913406675612460e-05
1.618676667846499081e-05,-1.088086653408985349e-05
1.672243675536247737e-05,-8.860204625145500399e-06
1.650841002503300510e-05,-7.151112577702618290e-06
-1.025450482194706314e-06,-6.751116592561115266e-08
-1.025060446648776017e-06,1.323215666964385300e-06
-2.761504941630734695e-07,6.288569331788198513e-07
1.351783878305290161e-05,-1.105896905252201654e-05
1.222732785995926414e-05,-1.011893231794879382e-05
1.484263286972889017e-05,-8.539990742762929412e-06
1.519400295720262230e-05,-6.241769782352040416e-06
5.835129650921052219e-07,-3.016128007106130548e-07
5.842128760053837068e-07,1.561521704206755194e-06
1.255369783424871445e-05,-8.649615104723999611e-06
1.105557341535835115e-05,-9.039718934254633670e-06
1.310442820814657746e-05,-6.972039696863360688e-06
1.406247354952275582e-05,-5.123397864106435433e-06
1.531349112561923265e-06,6.306958094544743569e-07
2.657805534423770742e-06,-6.405509317086585124e-07
2.656813622754990312e-06,1.906113204421870148e-06
1.001465821696473756e-05,-7.838446454671067301e-06
9.119991263944178411e-06,-6.532393514894489132e-06
8.377583017990311711e-06,-5.131993129367978336e-06
1.197951072374710198e-05,-5.446713591836594692e-06
1.314665562374436526e-05,-3.832117264313220992e-06
3.563539459626335914e-06,6.289764989786753272e-07
4.674438114426178342e-06,-9.745642714233449969e-07
4.674547345353740437e-06,2.255922448802950791e-06
9.873695973171011414e-06,-5.138690444489315781e-06
7.799185065780890835e-06,-3.653727477436741511e-06
6.526387644158377758e-06,-1.259483194882139066e-06
7.079866390556600617e-06,-1.538399944056460642e-06
7.391294280753657167e-06,-2.098755152931156101e-06
1.118670926563325795e-05,-3.640680118848932225e-06
1.247371091809222294e-05,-2.416344672857607628e-06
5.674360482805643369e-06,3.960879485818367943e-07
6.488402072230267069e-06,2.505628951706654895e-06
8.830951767843403278e-06,-2.598071014601964977e-06
7.095491263270801773e-06,-4.126383386999601556e-07
7.750489137927363473e-06,-1.341609554311871527e-06
1.059965832731767764e-05,-1.974960438990397931e-06
1.207421667045270614e-05,-9.262376349190801482e-07
7.094982108771003844e-06,1.414581765762593505e-06
6.987924564670861318e-06,2.783375632306856337e-06
9.128319646521531556e-06,-6.795049627620011526e-08
1.196146896983693562e-05,5.979938140239334864e-07
1.220847406766744855e-05,2.141857317677865061e-06
8.157276587930689844e-06,2.399800953474908343e-06
7.269027970486995468e-06,3.396905848339072869e-06
7.595906738241275714e-06,5.125668119780948262e-06
1.062728772776773196e-05,2.312496200852735670e-06
8.127110626222739894e-06,6.868997063777863224e-06
1.279060388444752149e-05,3.723651229684195554e-06
9.128302658840302874e-06,5.164564352001818509e-06
1.146097231384148984e-05,5.299439546760417601e-06
8.905370109202761258e-06,8.562153851825077367e-06
1.370877517927475187e-05,5.302920958568673021e-06
1.301968053522871356e-05,6.920418235514645389e-06
1.131510237670421179e-05,7.959271393116385779e-06
9.899281192500295552e-06,1.024140578261635444e-05
1.115786215899708958e-05,1.185394291197322353e-05
1.498066107808118984e-05,6.797431932464790405e-06
1.410649229277545014e-05,8.808122377166840677e-06
1.306424631452301349e-05,1.122705777771740227e-05
1.261622825152115449e-05,1.337376958702127034e-05
1.656187702663574913e-05,8.149820606119998189e-06
1.609948314251715662e-05,1.122780695697330494e-05
1.430805128190936022e-05,1.472847600657202940e-05
1.622584842098303301e-05,1.592468209959084502e-05
1.831018673164178573e-05,1.694149521647429942e-05
1.846391227490428962e-05,1.190590601527486401e-05
1.843846427094954080e-05,9.299213537992152693e-06
1.798707039039968485e-05,1.456533677335766178e-05
2.056949105598926292e-05,1.769925481403786225e-05
2.296414653865454822e-05,1.821491270671245975e-05
2.039942539127672755e-05,1.249301716067626693e-05
2.058759336175475463e-05,1.014006947078431197e-05
2.543529104626331220e-05,1.844742591252158823e-05
2.264026835371757388e-05,1.473473260117295960e-05
2.293583012452979483e-05,1.062531452252370998e-05
2.597291200567095957e-05,1.512328071259976712e-05
2.825167380874170686e-05,1.855458499179065746e-05
2.540543107445901452e-05,1.075064669530717535e-05
3.221683136409217018e-05,1.866101407154161366e-05
2.904281047317480323e-05,1.320607946335102677e-05
2.824624341362670158e-05,1.064415683574619949e-05
3.787813960827403001e-05,1.882141252304213197e-05
3.503139994581307777e-05,1.427030901266009580e-05
3.222017402862809661e-05,1.050697942786367245e-05
4.564342732831828953e-05,1.898915510919228571e-05
4.171365881959130089e-05,1.459230024304580687e-05
3.787977262523788450e-05,1.035367347348667240e-05
5.400317659452642116e-05,1.912449446382604638e-05
4.978203480381074492e-05,1.459136118932764452e-05
4.564393839079276767e-05,1.019281425127981837e-05
6.258437751888276841e-05,1.923132967751277678e-05
5.826050274195934475e-05,1.459135842064240007e-05
5.400319503376992076e-05,1.005824412226191473e-05
7.133992032790052056e-05,1.931445305567497850e-05
6.693637305492467697e-05,1.459153797440301814e-05
6.258418454136082602e-05,9.951562046513949422e-06
8.022936681750095548e-05,1.937817141081891873e-05
7.576494412821769197e-05,1.459169611506025451e-05
7.133974203733496828e-05,9.868789771699930131e-06
8.922043574176102224e-05,1.942560024251330431e-05
8.471010221486511920e-05,1.459178137071592555e-05
8.022919229400872639e-05,9.805342614630454834e-06
9.828607002651419667e-05,1.945864865053636541e-05
9.374289752748778083e-05,1.459166243303559146e-05
8.922038566625124345e-05,9.757855598844963931e-06
1.074001983467973555e-04,1.947870116856473334e-05
1.028369868201625480e-04,1.459153143487618895e-05
9.828598514335184870e-05,9.724629709122835147e-06
1.165393180275724606e-04,1.948774955096722793e-05
1.119671994448422677e-04,1.459137680435200899e-05
1.074001888877062117e-04,9.704194486164080332e-06
1.361314477117715478e-04,1.895196357238610512e-05
1.348324858319499867e-04,1.949001071137767521e-05
1.206362124109796897e-04,1.459134930229103700e-05
1.256864028206964386e-04,1.948980540160052746e-05
1.165391931242179828e-04,9.694979403467817423e-06
1.366694928244034809e-04,1.765299809812047253e-05
1.335957502273279584e-04,1.459123993428913000e-05
1.256863708820370120e-04,9.692741557342199029e-06
1.366694399171113268e-04,1.152950963956184736e-05
1.348324304403063223e-04,9.692505784799845345e-06
1.361313918072473467e-04,1.023055046226638934e-05
