Size 192,2
-1.197874302436326962e-04,1.670050313601295110e-05
-1.202519419099618220e-04,1.557906840997527005e-05
-1.202518429646165781e-04,1.029263911160866139e-05
-1.197873184981702578e-04,9.171176850162209403e-06
-1.186659972626996016e-04,1.716501528860417628e-05
-1.165627025297763097e-04,1.293579222953034550e-05
-1.186658630379204966e-04,8.706647602896158618e-06
-1.107702200093549301e-04,1.716493817025677968e-05
-1.107700082902063967e-04,8.706206560926225280e-06
-1.064105270019905826e-04,1.293539864240867202e-05
-1.028730622839313244e-04,1.716510456469640870e-05
-1.028727924895413300e-04,8.705473399876007066e-06
-9.892352384697132258e-05,1.293495811286747812e-05
-9.497476690897765027e-05,1.716335808813489706e-05
-9.497474254643200513e-05,8.706224772930634505e-06
-9.102598552528050053e-05,1.293431947654224499e-05
-8.708062001580775145e-05,1.715637561393618753e-05
-8.708082442753035317e-05,8.711575357694225686e-06
-8.313744473044729338e-05,1.293333980921799515e-05
-7.920356808683616523e-05,1.713920655675188638e-05
-7.920374446298499938e-05,8.726343483926862489e-06
-7.527582863149494968e-05,1.293218444440579436e-05
-7.136723812596058294e-05,1.710674499942107650e-05
-7.136726380226800378e-05,8.756222955181583177e-06
-6.747028165244499474e-05,1.293097504652218719e-05
-6.360477555833345239e-05,1.705542666721017393e-05
-6.360478938405890188e-05,8.805041767961334088e-06
-5.975740555029415658e-05,1.292971061836826476e-05
-5.595454332933119256e-05,1.698334112890403805e-05
-5.595450824359610761e-05,8.874477242685698306e-06
-5.217635367840429538e-05,1.292843209311375315e-05
-4.845578392312011235e-05,1.689023351720596116e-05
-4.845554893536799582e-05,8.965294981433568063e-06
-4.476629637724375595e-05,1.292731949110373736e-05
-4.114753989838019159e-05,1.677543882716757770e-05
-4.114657166908692134e-05,9.078775509001337676e-06
-3.770902354339061315e-05,1.292547537588045548e-05
-3.435083743082189330e-05,1.664112286135136073e-05
-3.434937103094992742e-05,9.216709038716970357e-06
-3.185475452650348224e-05,1.320781803705761527e-05
-2.938584651675905471e-05,1.651530240277135575e-05
-2.938196916469615057e-05,9.345221972404844043e-06
-2.589256437491462259e-05,1.640528085437118220e-05
-2.654074152894490986e-05,1.412508931096847466e-05
-2.588694489334689427e-05,9.427535233786050133e-06
-2.341415373974920256e-05,9.515380249001696838e-06
3.472262695292639375e-06,5.286243260844861902e-07
3.541028604294521889e-06,3.632288946121838136e-07
3.540633013263275878e-06,-2.526989296577187135e-07
3.472220176062409284e-06,-4.157484068153878380e-07
-2.340588657628825487e-05,1.632787688290940822e-05
-2.121743310886852276e-05,1.613281162378100446e-05
-2.288457060290378342e-05,1.207508415741573884e-05
-2.119244230796709055e-05,9.416169504078791922e-06
3.307593231408382544e-06,5.970356322398000452e-07
3.141733379980314836e-06,-7.845529589821924899e-08
3.309015392543507936e-06,-4.837905343458301035e-07
-2.050300555329719185e-05,1.404792183275874183e-05
-1.909859732184146996e-05,1.567775003952858899e-05
-1.709485383788238191e-05,1.501806662709453015e-05
-1.984642685947693330e-05,1.123934632819021357e-05
-1.911275871577853387e-05,8.971143376904510246e-06
2.191768116523304035e-06,6.152237803365810617e-07
2.190947786940339533e-06,-5.032581888955035203e-07
1.612920154466963224e-06,5.591258149888882816e-08
-1.523430669390688558e-05,1.412968420279331886e-05
-1.681218338932927679e-05,1.291523333692344828e-05
-1.749718821002459716e-05,1.032569270729449811e-05
-1.721232098999833521e-05,8.212414683456081856e-06
9.856872154696203078e-07,7.190528751125431202e-07
9.859016840794664355e-07,-6.068944486747830190e-07
2.721156381916955038e-07,5.621704375187535704e-08
-1.351472275906665772e-05,1.307372433043066525e-05
-1.198280657011772887e-05,1.186734736838133143e-05
-1.512630526447808907e-05,9.933257448021234326e-06
-1.553817425579504126e-05,7.163784708389520734e-06
-5.471612277821377179e-07,9.441785211208472592e-07
-5.472685973650596023e-07,-8.317213238616505858e-07
-1.237331713184855948e-05,1.005136150968469998e-05
-1.064445202785355176e-05,1.050869614952855467e-05
-1.301555422043703163e-05,8.051257334626990645e-06
-1.412701959254007280e-05,5.905609929510140588e-06
-1.449987673471700954e-06,5.645333302172810201e-08
-2.524273515464157832e-06,1.270001430305003451e-06
-2.522508352804225389e-06,-1.159833142342390668e-06
-9.478007145194368346e-06,9.047713668373678566e-06
-8.537407221044455286e-06,7.537550492842939268e-06
-7.808329516217975649e-06,5.950981634631639609e-06
-1.171585193928494376e-05,6.286342420565023060e-06
-1.300329681937076419e-05,4.501567731558709883e-06
-3.387562641688660953e-06,6.018024541090620667e-08
-4.448209741258622564e-06,1.591521250592514510e-06
-4.448804162732161869e-06,-1.495906718561072889e-06
-9.390688169593563742e-06,5.942438611118299629e-06
-7.262695673761312172e-06,4.337914427854577823e-06
-6.188360460348875978e-06,1.864207911972545953e-06
-6.689035220057475526e-06,2.139213722051756894e-06
-6.948091076154647722e-06,2.704449635115502312e-06
-1.081625055943386553e-05,4.298493254799302532e-06
-1.216600415607481705e-05,3.016961355214792497e-06
-5.401117331668269317e-06,2.859205294837168739e-07
-6.214340013249624143e-06,-1.740633038005625039e-06
-8.361142453654007720e-06,3.202112594702400335e-06
-6.733319864828295342e-06,1.047966778920297848e-06
-7.328361451321596421e-06,1.945058023782664058e-06
-1.018191457373351455e-05,2.559173337875647144e-06
-1.163820885876948154e-05,1.518480241977976568e-06
-6.785288107528964685e-06,-7.046126164741955346e-07
-6.724936228734030600e-06,-2.003811046940532498e-06
-8.700678393062477416e-06,6.678525690328541744e-07
-1.144800476296513775e-05,3.244356598850879023e-08
-1.156421178265398475e-05,-1.416741359046287306e-06
-7.831438512827615606e-06,-1.658025476127530688e-06
-7.025020587700671485e-06,-2.562698219243899368e-06
-7.396675231769087588e-06,-4.094821132797112378e-06
-1.011757825002448433e-05,-1.607992696675524313e-06
-7.944968598359507009e-06,-5.569505161300944219e-06
-1.198822246804059620e-05,-2.876939579276654129e-06
-8.781503329186820969e-06,-4.151325000563592447e-06
-1.081245440505329268e-05,-4.266893755341317084e-06
-8.663976283064749758e-06,-6.972839407556089710e-06
-1.268347087721816340e-05,-4.269304407658579484e-06
-1.208711352203453395e-05,-5.636197050303574514e-06
-1.069404910013719926e-05,-6.489143430160613162e-06
-9.543089129167252593e-06,-8.303533462469104461e-06
-1.058636353339504742e-05,-9.539216948344297019e-06
-1.363558566447101896e-05,-5.550726440836041263e-06
-1.293747420842724241e-05,-7.164568614682820205e-06
-1.211787584665611373e-05,-9.047627025765082173e-06
-1.176906651484443761e-05,-1.066275611225511006e-05
-1.481152811810960195e-05,-6.672589218815154788e-06
-1.445218171259818995e-05,-9.035473400277668624e-06
-1.308838141057432309e-05,-1.164719068534516258e-05
-1.453017876071652916e-05,-1.248526851256742382e-05
-1.606756341287867213e-05,-1.316455959213509761e-05
-1.619518780227672056e-05,-9.541663409159257641e-06
-1.618379802709368068e-05,-7.595416959760699486e-06
-1.584962937447591974e-05,-1.147907030285764286e-05
-1.768895511245732852e-05,-1.366117928260688278e-05
-1.937081170732322895e-05,-1.397480115103843079e-05
-1.758828260627028273e-05,-9.976323753471000051e-06
-1.771845932061551733e-05,-8.274345840256749210e-06
-2.108498425219131571e-05,-1.409363655634905813e-05
-1.917063119698811049e-05,-1.156167340130492610e-05
-1.936692332879967612e-05,-8.683668697398472065e-06
-2.146216924973967305e-05,-1.182142249054003270e-05
-2.299308984739542149e-05,-1.411848302631149346e-05
-2.107776469205398337e-05,-8.813116795077642846e-06
-2.563845198158755756e-05,-1.414348860029126533e-05
-2.354048132198339051e-05,-1.052476227511241574e-05
-2.299130497363805948e-05,-8.789323133342118958e-06
-2.932250375487003742e-05,-1.418144623151475374e-05
-2.748889209481269238e-05,-1.124197151304528366e-05
-2.563874827572752056e-05,-8.758415346905259102e-06
-3.425327935735554536e-05,-1.422188436800762265e-05
-3.177663720266496325e-05,-1.145401719438258472e-05
-2.932248776783984612e-05,-8.723403399854989481e-06
-3.945563591734616650e-05,-1.425575416657155912e-05
-3.684430743735031880e-05,-1.145451195294310970e-05
-3.425317976393104811e-05,-8.686271188643806285e-06
-4.471443749364833634e-05,-1.428530170994759651e-05
-4.207601717963267067e-05,-1.145496959629404055e-05
-3.945558216570408603e-05,-8.653786290736132701e-06
-5.002456359185851296e-05,-1.431253082754707221e-05
-4.736102220723434521e-05,-1.145537605227680486e-05
-4.471431905359845438e-05,-8.625182396669921013e-06
-5.538342414963953877e-05,-1.433799228476488616e-05
-5.269588986595947290e-05,-1.145577761050767043e-05
-5.002429983424690229e-05,-8.598694440745391208e-06
-6.078734249916646485e-05,-1.436041847495207146e-05
-5.807821748910675674e-05,-1.145610959296980228e-05
-5.538318081092587805e-05,-8.573944500127342341e-06
-6.622923290425938793e-05,-1.437858382987107551e-05
-6.350254844445590928e-05,-1.145641649189200692e-05
-6.078710992106158456e-05,-8.552080654040036868e-06
-7.170010969343610524e-05,-1.439178152323286799e-05
-6.896059871313624180e-05,-1.145669667495210266e-05
-6.622916055143443048e-05,-8.534518282535651163e-06
-7.719038526412684608e-05,-1.440024878477565744e-05
-7.444273956036276895e-05,-1.145691629977707850e-05
-7.170008041838224792e-05,-8.521877598727804526e-06
-8.897830607263876518e-05,-1.408161224036342068e-05
-8.819657628397905387e-05,-1.440539633647960151e-05
-7.965346532531123304e-05,-1.145710341073681220e-05
-8.269167191290377266e-05,-1.440445089152965706e-05
-7.719033931390661409e-05,-8.513913557518770273e-06
-8.930210996054986812e-05,-1.329991019067734200e-05
-8.745208317736300298e-05,-1.145728251099289865e-05
-8.269157534101636360e-05,-8.509897761416715083e-06
-8.930204460715363013e-05,-9.614700755050591499e-06
-8.819648986562616567e-05,-8.509196832968855064e-06
-8.897823219152275066e-05,-8.832987932400271158e-06
