Size 192,2
-4.470816347694374636e-05,7.049044939367690482e-06
-4.485491463841027198e-05,6.694592900632943999e-06
-4.485459265882275551e-05,5.023844169496759943e-06
-4.470779519268129853e-05,4.669346457688385143e-06
-4.435382262150898403e-05,7.195883929865080298e-06
-4.368921943564699548e-05,5.859135382376607119e-06
-4.435338452256861234e-05,4.522486263357953731e-06
-4.185903001392249991e-05,7.197178602103825469e-06
-4.185846405470504080e-05,4.521095599697072992e-06
-4.047969090854822448e-05,5.859373887192778772e-06
-3.935846999807748317e-05,7.202148523950884252e-06
-3.935794088283422538e-05,4.516769823451152629e-06
-3.810429063132686576e-05,5.859582252976059968e-06
-3.684585325304886070e-05,7.209543045051903153e-06
-3.684586804654001337e-05,4.509938335521813428e-06
-3.558450151496615602e-05,5.860108900893946406e-06
-3.431867498538699999e-05,7.217784085847050237e-06
-3.431866403563913701e-05,4.502705623070583959e-06
-3.304960093158688922e-05,5.860695211876767353e-06
-3.177680300160830410e-05,7.225968203493246659e-06
-3.177644450031384395e-05,4.495727127422867479e-06
-3.050070607940227858e-05,5.861307020976446614e-06
-2.922150607804297750e-05,7.233619193848972794e-06
-2.922052576999032106e-05,4.489458004575210420e-06
-2.793878368367426899e-05,5.861772794898098581e-06
-2.665337706781530943e-05,7.240138262636876054e-06
-2.665233509035133550e-05,4.483986000845186211e-06
-2.536521284694564035e-05,5.861968606277148962e-06
-2.407473132807793403e-05,7.244998408160165705e-06
-2.407434168953582709e-05,4.479682029906270617e-06
-2.278287096436908035e-05,5.862081116666613935e-06
-2.148923512156737130e-05,7.247651556537049492e-06
-2.148962131576466616e-05,4.476875293342912311e-06
-2.019558662538126255e-05,5.862154938412867766e-06
-1.890085589837429503e-05,7.248696419841286230e-06
-1.890143863131282117e-05,4.475649265994791346e-06
-1.765885552345900053e-05,5.862244213056595081e-06
-1.641621978276671011e-05,7.249021212131353468e-06
-1.641659063310121777e-05,4.475190423779380888e-06
-1.548490171803761615e-05,5.970692315281221328e-06
-1.453365999560346874e-05,7.249161818366554534e-06
-1.453361568227401769e-05,4.474870246865859935e-06
-1.316332586544639647e-05,7.249328698340142927e-06
-1.343166399329459278e-05,6.335429186721916160e-06
-1.316323241404725901e-05,4.474422851862926547e-06
-1.216676985294347065e-05,4.473875445265713630e-06
2.101510694501077751e-06,-4.289211457629841738e-07
2.143710834527888751e-06,-5.301674783918683569e-07
2.143594405005413001e-06,-9.083522801508125915e-07
2.101560285893115094e-06,-1.008703383588363342e-06
-1.216698004570924787e-05,7.249495319505475665e-06
-1.126113412848827191e-05,7.198124322565879510e-06
-1.196600056599070044e-05,5.515157487238569996e-06
-1.126337434811251661e-05,4.394105722320140546e-06
2.000648262706546081e-06,-3.872137573552015270e-07
1.898570238818121545e-06,-8.021478530545653993e-07
2.001179602817711964e-06,-1.050888802458268122e-06
-1.097446809994947494e-05,6.341844442671679401e-06
-1.036666677764473042e-05,7.044443231187536127e-06
-9.495052727714257235e-06,6.790057069459452293e-06
-1.070264527573350665e-05,5.154326408038330793e-06
-1.038712664966924120e-05,4.158063318233930354e-06
1.315577681805334135e-06,-3.782655989393418879e-07
1.314219689641689935e-06,-1.065418961660990482e-06
9.592631283759468314e-07,-7.233170876839377746e-07
-8.657318628146657316e-06,6.438423935334990683e-06
-9.381684133680682705e-06,5.889060622915365385e-06
-9.684780435291108575e-06,4.745206595618459626e-06
-9.564522742067973744e-06,3.772722917217664932e-06
5.741799651283330114e-07,-3.175910882987184539e-07
5.734457474328460326e-07,-1.131885039588632163e-06
1.353060880726516924e-07,-7.261923570106149573e-07
-7.864603462319126557e-06,5.993525260606344326e-06
-7.126764255480428335e-06,5.460979625014371599e-06
-8.619327214877994160e-06,4.562270557552910237e-06
-8.820386435992916052e-06,3.249875077987147143e-06
-3.670171702389347245e-07,-1.836922734720926078e-07
-3.678709343307835956e-07,-1.271651129869364654e-06
-7.313131904010999594e-06,4.624864508848534707e-06
-6.453876531842085263e-06,4.848001722985561904e-06
-7.628368428809379710e-06,3.665680191860758842e-06
-8.177189179332043753e-06,2.604997055007695775e-06
-9.206155781377336925e-07,-7.288655093578035010e-07
-1.577010079151025901e-06,1.075858955650545088e-08
-1.576950310545993688e-06,-1.472451169279497459e-06
-5.854873835140358129e-06,4.162198964843182112e-06
-5.336653984572152993e-06,3.411797277672816759e-06
-4.905062831011194609e-06,2.605861916738200891e-06
-6.982725167763842874e-06,2.789219894024111081e-06
-7.654605603070299124e-06,1.858253017285419602e-06
-2.104995848524989687e-06,-7.292296807981976098e-07
-2.751004152017270397e-06,2.025593527503700111e-07
-2.751446775449029939e-06,-1.675549799806800580e-06
-5.769904645885365667e-06,2.610644661609798239e-06
-4.568351016033608932e-06,1.751880493891826355e-06
-3.827246612700854186e-06,3.660226371105142694e-07
-4.148641652750384239e-06,5.272987471658343581e-07
-4.329826776497680314e-06,8.520093920875168557e-07
-6.526325010168814063e-06,1.746441669471112505e-06
-7.269791014677990644e-06,1.037655822092933994e-06
-3.332676477444840939e-06,-5.948293915357035534e-07
-3.805510789681845738e-06,-1.820048991882290152e-06
-5.164365053080668264e-06,1.141806170134426202e-06
-4.157646866358667820e-06,-1.258691709384331838e-07
-4.537508223308128607e-06,4.128980615214244880e-07
-6.186962999560502395e-06,7.810530355044582213e-07
-7.040604173842749267e-06,1.724098360526657631e-07
-4.157399564537138219e-06,-1.186562999192379743e-06
-4.095905345793347413e-06,-1.981126027181290508e-06
-5.335051891307118942e-06,-3.262204170908142630e-07
-6.975411767989065306e-06,-7.131738144962860182e-07
-7.116576957351937878e-06,-1.609669383184832779e-06
-4.773378569655732656e-06,-1.758957304995089790e-06
-4.259448037245693673e-06,-2.336533981548609172e-06
-4.450531097499703314e-06,-3.336753173322367862e-06
-6.202062481557229985e-06,-1.709318020958369314e-06
-4.760091797256486828e-06,-4.341812794467645318e-06
-7.449787518546833516e-06,-2.527381670351268732e-06
-5.336490052820461927e-06,-3.360231873128603667e-06
-6.681864286455591674e-06,-3.438848925792912125e-06
-5.211146237511202888e-06,-5.316907522054994296e-06
-7.974655737974885704e-06,-3.441413737014348692e-06
-7.577007858725814025e-06,-4.374014225561960836e-06
-6.598283659696790597e-06,-4.971128602557767732e-06
-5.785267058295024167e-06,-6.280050531920765931e-06
-6.508531488099951905e-06,-7.202492390571253205e-06
-8.700056731197291542e-06,-4.304579716694173939e-06
-8.198690576214134662e-06,-5.458706139772521436e-06
-7.601781876889008204e-06,-6.843640667082495325e-06
-7.345191151902736563e-06,-8.069597794524453196e-06
-9.600887911529958589e-06,-5.083255514215474472e-06
-9.335765591266670382e-06,-6.843769456405976720e-06
-8.312543671553283776e-06,-8.841690086710410150e-06
-9.406166041909941864e-06,-9.522136172672601112e-06
-1.059388742598313159e-05,-1.010003188343645448e-05
-1.068249947286703266e-05,-7.231026767839120916e-06
-1.066895905570720905e-05,-5.743032012572388002e-06
-1.041056154036328962e-05,-8.747036361436252819e-06
-1.187916223891882846e-05,-1.053100814235338526e-05
-1.324154390481456300e-05,-1.082489354091252233e-05
-1.178341405815368193e-05,-7.566102797405390130e-06
-1.189078646288041193e-05,-6.225296268414572594e-06
-1.464697930854359739e-05,-1.095820790790488398e-05
-1.305728810225636865e-05,-8.843218808464810946e-06
-1.322555639784744393e-05,-6.503353404402586525e-06
-1.495227766196961570e-05,-9.065284307897300312e-06
-1.624970084617159737e-05,-1.102160618510103870e-05
-1.462947749236960828e-05,-6.575238180387752377e-06
-1.850803914522926015e-05,-1.108594806415463084e-05
-1.669879638708223146e-05,-7.973633913548470640e-06
-1.624575738247381598e-05,-6.514295653060562690e-06
-2.174026328349154078e-05,-1.118593307128910434e-05
-2.011245656165830850e-05,-8.581549416551258807e-06
-1.850936051035651731e-05,-6.433781861575070445e-06
-2.619200447379794203e-05,-1.129589828081687120e-05
-2.393528401880960386e-05,-8.767186692965294102e-06
-2.174062203657051200e-05,-6.340650464249732423e-06
-3.101040776494103096e-05,-1.139085613061652009e-05
-2.857234871312226498e-05,-8.768583129347007688e-06
-2.619177158930689937e-05,-6.238791438364141957e-06
-3.598749911792475145e-05,-1.147094366277833596e-05
-3.347403892515803738e-05,-8.770514189102341743e-06
-3.100986384284638338e-05,-6.148358977387031404e-06
-4.109713178071005885e-05,-1.153612320591707301e-05
-3.852205082366196476e-05,-8.772187925145342999e-06
-3.598688260880072623e-05,-6.071937789226280631e-06
-4.631177512846273552e-05,-1.158691193017673326e-05
-4.368877703553696029e-05,-8.773679865707077348e-06
-4.109654446554098569e-05,-6.009785389084438047e-06
-5.160526033675070379e-05,-1.162443063044565916e-05
-4.894708265282342563e-05,-8.774914278488911610e-06
-4.631126395162779130e-05,-5.961622319580241270e-06
-5.695532338052997464e-05,-1.165098858610374101e-05
-5.427232102716600973e-05,-8.775857599327920489e-06
-5.160504049002455958e-05,-5.926287798399005361e-06
-6.234377572720360542e-05,-1.166881028916424089e-05
-5.964426982204169690e-05,-8.776625287172546433e-06
-5.695517564200524582e-05,-5.901563759629800228e-06
-6.775634307081704138e-05,-1.167959722310676823e-05
-6.504693787127169302e-05,-8.777224046925827117e-06
-6.234363730925674188e-05,-5.885145661170897503e-06
-7.938294956653405238e-05,-1.136663519723650370e-05
-7.861187652041985458e-05,-1.168599477414967019e-05
-7.018536607071783979e-05,-8.777698165135312512e-06
-7.318212007655680281e-05,-1.168477367722266848e-05
-6.775615143844921674e-05,-5.875459987637576652e-06
-7.970234076018748619e-05,-1.059560308153645931e-05
-7.787750363931158397e-05,-8.778066953899606322e-06
-7.318200096844543526e-05,-5.870972810262908476e-06
-7.970230267064584717e-05,-6.960566021080429368e-06
-7.861180719371778781e-05,-5.870135501088198846e-06
-7.938290135555705306e-05,-6.189508942997827074e-06
