Size 192,2
-3.147408313373162601e-05,6.201600149774583317e-06
-3.157141832451848475e-05,5.966635524795627663e-06
-3.157128054774665474e-05,4.858865804599369213e-06
-3.147392572830111899e-05,4.623879981936878593e-06
-3.123909411894881040e-05,6.298920293780537238e-06
-3.079810268791263571e-05,5.412723547166243603e-06
-3.123890707586509123e-05,4.526549688360213914e-06
-2.958427272745926516e-05,6.298503172692811956e-06
-2.958396026890609685e-05,4.526843136290830664e-06
-2.867133600820585484e-05,5.412673886849072816e-06
-2.793134299685786251e-05,6.297065866273229831e-06
-2.793099751733855155e-05,4.528230809712398291e-06
-2.710568210940568024e-05,5.412683979074101281e-06
-2.628108632597359585e-05,6.295087140222304246e-06
-2.628077321371406671e-05,4.530339461391576083e-06
-2.545752208412137797e-05,5.412964581821600617e-06
-2.463573111078502830e-05,6.292585990670734799e-06
-2.463534918880677980e-05,4.533855096203218947e-06
-2.381552159407991699e-05,5.413474196444411846e-06
-2.299807282399473799e-05,6.288867007238966954e-06
-2.299792664786511992e-05,4.538933587027741006e-06
-2.218265212320818830e-05,5.414119565220830913e-06
-2.136938111296083945e-05,6.286384998512450346e-06
-2.136942470698955255e-05,4.542619490386180643e-06
-2.055741782502161423e-05,5.414579576321080789e-06
-1.974434392337498761e-05,6.288701305002827819e-06
-1.974446773917674569e-05,4.540898969184102587e-06
-1.893028924726600085e-05,5.414885579566136408e-06
-1.811004383566725118e-05,6.298475756876378047e-06
-1.810998611414697934e-05,4.531409648008686101e-06
-1.728553169089488555e-05,5.415042160920332083e-06
-1.644939023576084803e-05,6.316792178013287855e-06
-1.644915852135417982e-05,4.513343695879776968e-06
-1.560593823482497657e-05,5.415134424776832106e-06
-1.474628569510039209e-05,6.342863913365430065e-06
-1.474614309042722518e-05,4.487140165456590252e-06
-1.391286459469977576e-05,5.415230718562218214e-06
-1.306127333381116399e-05,6.373230847628769507e-06
-1.306116255068974007e-05,4.455278637718173661e-06
-1.241716530179819611e-05,5.491468210594568368e-06
-1.174196488093381153e-05,6.400659278067890813e-06
-1.174236940126765889e-05,4.426444630951759244e-06
-1.075547660119198331e-05,6.423705953950870614e-06
-1.095600602789298253e-05,5.756075647312738225e-06
-1.075616135674173620e-05,4.408350975441935782e-06
-1.002489731598821051e-05,4.389605310883276075e-06
1.832127487999713043e-06,2.403160924746170537e-07
1.868967666246365717e-06,1.517061686501827775e-07
1.868727933803146898e-06,-1.784105592147647375e-07
1.832067087814064242e-06,-2.657952479928558909e-07
-1.002711282257148998e-05,6.439472277515426376e-06
-9.350304497770023018e-06,6.414978007237482565e-06
-9.883978006697034200e-06,5.157719004308850749e-06
-9.357405217763803648e-06,4.311389233978719610e-06
1.743902641441503314e-06,2.769579794344553093e-07
1.654906307035537411e-06,-8.506977125417028479e-08
1.744602839383405672e-06,-3.022640934522987384e-07
-9.140338799031691948e-06,5.778895546734634635e-06
-8.674121157545529109e-06,6.316112690260299630e-06
-8.003450691382878025e-06,6.133979085694549542e-06
-8.936581920751933777e-06,4.881187699182820534e-06
-8.694726601721297036e-06,4.111497524284814254e-06
1.145819828773023269e-06,2.863784197270737422e-07
1.145436258231170005e-06,-3.124349480998426866e-07
8.358930676422035037e-07,-1.292180475602423692e-08
-7.347847407624540155e-06,5.877595617188249623e-06
-7.919952344811716235e-06,5.447156104819481642e-06
-8.154449325814796043e-06,4.561493858108324321e-06
-8.062402262729003179e-06,3.792877114113461678e-06
5.005501674751019340e-07,3.411003161550711245e-07
5.008336242908562207e-07,-3.662042917124215563e-07
1.200678797363969693e-07,-1.211472682270416085e-08
-6.720109820936245722e-06,5.540537778176884375e-06
-6.124964749609525481e-06,5.127465506541112233e-06
-7.320536377475336862e-06,4.415311722372908646e-06
-7.482117278143348579e-06,3.365162166766305375e-06
-3.160930530006975620e-07,4.598769839417488865e-07
-3.157741876193442665e-07,-4.830779176751782436e-07
-6.274157107601144731e-06,4.466775392591848859e-06
-5.573802644587461988e-06,4.647125979104389454e-06
-6.529035430838878207e-06,3.695693574163985812e-06
-6.974335851238943765e-06,2.833256396271270616e-06
-7.952479787409215314e-07,-1.097249313111230823e-08
-1.364016501994447617e-06,6.308743536454951143e-07
-1.362919626015668995e-06,-6.526870392343729667e-07
-5.079406194231124207e-06,4.099887814263712239e-06
-4.642023085985340271e-06,3.488468009220354807e-06
-4.270466355509686885e-06,2.826938509513286109e-06
-6.002061601662564031e-06,2.981333107979869812e-06
-6.558003346451512396e-06,2.210551936076644822e-06
-1.820501442945238072e-06,-8.302082849696963640e-09
-2.380005531168932175e-06,7.992355842035777222e-07
-2.379213395794754935e-06,-8.249195862919369311e-07
-4.997424787695683431e-06,2.833403001785312655e-06
-3.977441830301844148e-06,2.116466841522070743e-06
-3.315267306290018610e-06,9.427541951250552745e-07
-3.597550939271293313e-06,1.081705988551075686e-06
-3.760052620165472417e-06,1.358744275267960566e-06
-5.627008739327893354e-06,2.116246831660492476e-06
-6.252811859709698002e-06,1.519219969399198490e-06
-2.883083183523100084e-06,1.101068203036360363e-07
-3.286090821585197937e-06,-9.465563602925652376e-07
-4.477169053868263366e-06,1.606749511749938127e-06
-3.600762564774904751e-06,5.185975222763032153e-07
-3.934421364768823821e-06,9.839476426907052238e-07
-5.343335767083083753e-06,1.302083134178596272e-06
-6.075196226305250716e-06,7.815675582440906614e-07
-3.592082925082246566e-06,-3.975357016313916146e-07
-3.531755017631192850e-06,-1.085229032502018713e-06
-4.616355778418783952e-06,3.541899463242627277e-07
-6.030488638875998701e-06,2.080437259361830673e-08
-6.171361783434897072e-06,-7.572153808310275417e-07
-4.119510072408054116e-06,-8.890583674915459782e-07
-3.667682399944519078e-06,-1.395793637989672811e-06
-3.821764504808737288e-06,-2.278801186321105067e-06
-5.369121800157077458e-06,-8.389634547172227382e-07
-4.080463808325715662e-06,-3.181658152298704253e-06
-6.482356001243586272e-06,-1.556395255075935319e-06
-4.601374999809518861e-06,-2.294805839701767789e-06
-5.800959454721997024e-06,-2.363071339183560282e-06
-4.472595001505497549e-06,-4.063149047110647750e-06
-6.970816275010106890e-06,-2.363908412123748079e-06
-6.615420184453457143e-06,-3.201750350050402787e-06
-5.722795691552959425e-06,-3.745445242161279060e-06
-4.980203922532469282e-06,-4.949325558110210794e-06
-5.635060100614135469e-06,-5.808198851044706290e-06
-7.651625082305942233e-06,-3.133505932980147212e-06
-7.190146780787790469e-06,-4.191131820295021794e-06
-6.637419817744515243e-06,-5.475625454032950366e-06
-6.399207380888923548e-06,-6.627543848165163267e-06
-8.501499474015932945e-06,-3.835930224645286147e-06
-8.254489563797959097e-06,-5.477206917777873814e-06
-7.295991812001111785e-06,-7.361819634094136955e-06
-8.324740210698864079e-06,-8.017969537468704058e-06
-9.450511882376844207e-06,-8.584925634431729501e-06
-9.531270216146849332e-06,-5.840823093051328360e-06
-9.516788454536174321e-06,-4.438367169935102727e-06
-9.271124579729693856e-06,-7.284011092614809605e-06
-1.068171207190858853e-05,-9.010249463123174793e-06
-1.199756050215021388e-05,-9.306699173209376851e-06
-1.058479112309217069e-05,-6.156693647326367085e-06
-1.068938545895439953e-05,-4.876987779996700163e-06
-1.336125715909337480e-05,-9.446613674248716564e-06
-1.181240702922700881e-05,-7.385057927981384423e-06
-1.197869076077220152e-05,-5.124327746804953056e-06
-1.365692494961661143e-05,-7.601618763244954064e-06
-1.492889060112740351e-05,-9.519788094114058183e-06
-1.334151465616639103e-05,-5.180810306121522466e-06
-1.714836113751904141e-05,-9.592603851363276293e-06
-1.536587761491266024e-05,-6.532951229144862085e-06
-1.492553220312139475e-05,-5.106849433152792912e-06
-2.034644581913684411e-05,-9.703060552056138330e-06
-1.873233708607885056e-05,-7.125432725853314138e-06
-1.715099815108327134e-05,-5.010838221791999523e-06
-2.477123837812950221e-05,-9.818716239484923656e-06
-2.252602308697906937e-05,-7.305658930033292719e-06
-2.034752426424200444e-05,-4.902838423632723478e-06
-2.956935442471088767e-05,-9.913125752208460986e-06
-2.714127289807485169e-05,-7.303848039389508675e-06
-2.477161945932482919e-05,-4.789400940459605015e-06
-3.452592896579066375e-05,-9.990392244149945498e-06
-3.202349745511286363e-05,-7.302957706694209462e-06
-2.956953345862194622e-05,-4.693528575009017553e-06
-3.961293818254685425e-05,-1.005309242993029872e-05
-3.704985097856345119e-05,-7.302261522607677025e-06
-3.452622702722191308e-05,-4.614788315384981048e-06
-4.480432817373722890e-05,-1.010204797781579425e-05
-4.219329879374529400e-05,-7.301780440012351754e-06
-3.961314829018613537e-05,-4.550957833634015129e-06
-5.007591293670776185e-05,-1.013901832190224055e-05
-4.742862697086547752e-05,-7.301295894688065629e-06
-4.480454907105007407e-05,-4.501031967697125268e-06
-5.540652635472558386e-05,-1.016587796513745900e-05
-5.273288168026636901e-05,-7.300773073672509105e-06
-5.007609693355187633e-05,-4.463032012455239507e-06
-6.077903633637928103e-05,-1.018408640389926984e-05
-5.808702931507478986e-05,-7.300260658711630941e-06
-5.540662851923649807e-05,-4.435232603186946217e-06
-6.617923407911984791e-05,-1.019563863382032950e-05
-6.347557984632829896e-05,-7.299850126407226240e-06
-6.077904916254639104e-05,-4.416077430928254543e-06
-7.778629661189749556e-05,-9.883710793137307003e-06
-7.701646908345203613e-05,-1.020255869358966911e-05
-6.860360787867166824e-05,-7.299621023176054195e-06
-7.159507448857624476e-05,-1.020150149544999948e-05
-6.617930688266568688e-05,-4.403847178388545783e-06
-7.810517520767378007e-05,-9.113926517601337961e-06
-7.628331302867572190e-05,-7.299429945672851251e-06
-7.159516748121340856e-05,-4.397580844962379789e-06
-7.810523539923753590e-05,-5.484893878051322382e-06
-7.701655084373066435e-05,-4.396280451576751587e-06
-7.778636529206256630e-05,-4.715121233102137156e-06
