Size 192,2
-1.306133259116534840e-05,3.153407637431038784e-06
-1.308500023548833332e-05,3.096114142144441715e-06
-1.308492014975773281e-05,2.826208269792616130e-06
-1.306124025587580285e-05,2.768883477935351765e-06
-1.300415306235774704e-05,3.177162610409760176e-06
-1.289706985203794883e-05,2.961108406203563311e-06
-1.300403685683717539e-05,2.745110021734442382e-06
-1.260160309429461264e-05,3.178396308317872917e-06
-1.260138763928432600e-05,2.743244464540318703e-06
-1.237765790510230143e-05,2.960505309478094997e-06
-1.219314142731293867e-05,3.183333974178094051e-06
-1.219293585761432729e-05,2.737164263859501576e-06
-1.198476046065429414e-05,2.959726917572382018e-06
-1.176958872051055387e-05,3.192617345624203845e-06
-1.176973851636866485e-05,2.726085665688842793e-06
-1.155119574788994826e-05,2.958808846320796847e-06
-1.132328506090878004e-05,3.205209424360922983e-06
-1.132384426291178158e-05,2.711529712647446993e-06
-1.109171318686264230e-05,2.957781403411556647e-06
-1.084889996747125355e-05,3.220015766662187380e-06
-1.084975606292081284e-05,2.694425057073489568e-06
-1.060220428721318622e-05,2.956731586918471722e-06
-1.034299780103181189e-05,3.236800527710079557e-06
-1.034385013893912019e-05,2.675516388698343294e-06
-1.007938499977898646e-05,2.955731364182548500e-06
-9.802301411429567972e-06,3.255501282890365240e-06
-9.802752248936737948e-06,2.654897207448182831e-06
-9.519903546015366083e-06,2.954968736702883362e-06
-9.223335082987821950e-06,3.276592728903213661e-06
-9.223302684201351861e-06,2.632582438138663564e-06
-8.920136016025874886e-06,2.954371394803649010e-06
-8.601771024887027605e-06,3.300501656998831488e-06
-8.601611404190946867e-06,2.607770120643597096e-06
-8.275565155109627168e-06,2.953916795166966967e-06
-7.932473986898737683e-06,3.328251456601922420e-06
-7.932637707870426899e-06,2.579208144745238343e-06
-7.594954803662908919e-06,2.953946558689458044e-06
-7.238078183986599783e-06,3.360805817090684515e-06
-7.238465753871224199e-06,2.544748493237999323e-06
-6.965148816098537536e-06,2.987556733648293666e-06
-6.666284041516935786e-06,3.392414229771147017e-06
-6.667223303201934162e-06,2.511703334340675006e-06
-6.219165073004404926e-06,3.421170588777032865e-06
-6.316153451521946361e-06,3.109760000241582712e-06
-6.220578549824054007e-06,2.489711552814104584e-06
-5.877407694631597745e-06,2.465994069422325715e-06
1.166728140343864879e-06,-2.783763412384856503e-08
1.190591894709264002e-06,-8.517441088184123408e-08
1.190478597791000920e-06,-2.990780916214324043e-07
1.166726278511228235e-06,-3.557608381678122350e-07
-5.879886079466636620e-06,3.441664880029086360e-06
-5.551960472204264673e-06,3.441763816293392998e-06
-5.816537998486624776e-06,2.831096085092589144e-06
-5.560462993619813256e-06,2.412489180180274355e-06
1.109621330586333371e-06,-4.166813455124758887e-09
1.051823467594298573e-06,-2.387542843775949724e-07
1.110012526067688391e-06,-3.794745890507940972e-07
-5.453900617089802865e-06,3.136253596065926014e-06
-5.217067103628557087e-06,3.408081461735348703e-06
-4.874639772192851350e-06,3.327441873304720381e-06
-5.355027604878932366e-06,2.691025031258179882e-06
-5.232921977928151500e-06,2.294646134767179633e-06
7.217033208706610207e-07,1.385216108804610216e-09
7.213632068879260353e-07,-3.861737598269871716e-07
5.209878659041180904e-07,-1.924417634550301070e-07
-4.529300995568295046e-06,3.209680007306776650e-06
-4.835593290143245058e-06,2.982087323654953053e-06
-4.957202961603835170e-06,2.523605255931651085e-06
-4.911508429659214704e-06,2.111490965221913920e-06
3.045324784262644374e-07,3.525732382701927566e-08
3.046859747415221999e-07,-4.197528349085196976e-07
6.008702849987285056e-08,-1.920093731086544604e-07
-4.192050853042441834e-06,3.043014151056141455e-06
-3.861619545764645939e-06,2.829421981511471078e-06
-4.518561362517767154e-06,2.444525116956835209e-06
-4.609207534465496558e-06,1.868552682044017842e-06
-2.191279135244096159e-07,1.095708326258887731e-07
-2.189058228550397158e-07,-4.928485425028556951e-07
-3.943911114374721368e-06,2.475114486644056808e-06
-3.546370123571834253e-06,2.576237446390009643e-06
-4.087419941062908555e-06,2.048505686855958172e-06
-4.339211243451758370e-06,1.561124095458028008e-06
-5.248119763894470816e-07,-1.911605522764319185e-07
-8.869283354358220727e-07,2.175197175921247452e-07
-8.862128447471012567e-07,-5.995064827941987872e-07
-3.259731185423960574e-06,2.278469783949257596e-06
-2.995641598840312670e-06,1.931985650798473952e-06
-2.762718737529145641e-06,1.551438608149552727e-06
-3.788550364941919243e-06,1.643870333886085301e-06
-4.114407957652223742e-06,1.192744422985796874e-06
-1.177382890977144540e-06,-1.894412346945795210e-07
-1.533054683007584360e-06,3.241028245325499665e-07
-1.532361881580689617e-06,-7.081841468991913674e-07
-3.200204467588493167e-06,1.557926243709608368e-06
-2.575394045814378812e-06,1.132043816794096607e-06
-2.131894080978911309e-06,4.153517416628534540e-07
-2.315733732663538595e-06,5.023984678220427190e-07
-2.425143847917414399e-06,6.738833704906329742e-07
-3.573026627893140398e-06,1.136137583835726833e-06
-3.951635263708337346e-06,7.745235958394677726e-07
-1.853044223980124794e-06,-1.144871464861567421e-07
-2.103529597727107016e-06,-7.845599393812963506e-07
-2.874964725867152783e-06,8.283758331238036941e-07
-2.313122215043682909e-06,1.468923958099978275e-07
-2.530040463446752971e-06,4.412633396792712008e-07
-3.404518618601648519e-06,6.422747876787192361e-07
-3.862155564908004295e-06,3.173935359859628384e-07
-2.299336258482556972e-06,-4.344838045917976128e-07
-2.254457706481948905e-06,-8.731835154487210836e-07
-2.954415454789645176e-06,5.042950845324917396e-08
-3.846793341565604180e-06,-1.618559102714497948e-07
-3.954980656235054567e-06,-6.610287440272292312e-07
-2.629738594339343021e-06,-7.453083888290307679e-07
-2.336008019099200401e-06,-1.075092582917999137e-06
-2.425195845982404641e-06,-1.655405135790067182e-06
-3.435124744203326786e-06,-7.086432922115227635e-07
-2.584094777718518955e-06,-2.258285097048175935e-06
-4.172753156081745455e-06,-1.177991688835965308e-06
-2.933079183880322935e-06,-1.662882278328101048e-06
-3.725351271306779129e-06,-1.708965421802648522e-06
-2.837940853439096623e-06,-2.851032445407647055e-06
-4.510029105325559689e-06,-1.710204040619517137e-06
-4.274824292686464039e-06,-2.269999786745011788e-06
-3.673218262850183282e-06,-2.635856380840532595e-06
-3.171928792907236569e-06,-3.454303112306291740e-06
-3.612049636522735747e-06,-4.044018452157418711e-06
-4.980193413298285949e-06,-2.222706409704857381e-06
-4.667328342916614883e-06,-2.939877234961056086e-06
-4.291220736247110358e-06,-3.817506145232123484e-06
-4.128641344919667507e-06,-4.610600108668040831e-06
-5.567017440095874780e-06,-2.695649262087029933e-06
-5.398623680594761759e-06,-3.820800273488197973e-06
-4.741026802862121605e-06,-5.120126984025170386e-06
-5.448944284941005069e-06,-5.578391906308861138e-06
-6.226513804607250741e-06,-5.977528404795178502e-06
-6.280636213158501488e-06,-4.072121281386125851e-06
-6.269757383539619893e-06,-3.105090620635563541e-06
-6.100563109708819607e-06,-5.071837109977283871e-06
-7.081079513356885861e-06,-6.278127685737440889e-06
-7.998151820243509333e-06,-6.490604140075855548e-06
-7.011492860362511948e-06,-4.290693660009080760e-06
-7.084556418271318194e-06,-3.403021353598744852e-06
-8.950397001091241035e-06,-6.593894172208303314e-06
-7.866017946294943049e-06,-5.146866247173542513e-06
-7.982962544626076912e-06,-3.569176613475618990e-06
-9.156067104902323433e-06,-5.300003490957799266e-06
-1.005060043040865024e-05,-6.652323849601657918e-06
-8.934755070261032108e-06,-3.604501885099958701e-06
-1.161400165939744340e-05,-6.711819652708939027e-06
-1.035512639848575858e-05,-4.549134034682331408e-06
-1.004737844705073473e-05,-3.547044325490526358e-06
-1.388396207949757654e-05,-6.804833184392908664e-06
-1.273399224823131645e-05,-4.967225875464258344e-06
-1.161557806331316921e-05,-3.470729182933400504e-06
-1.705503902836839230e-05,-6.906796898245551527e-06
-1.544058523990510929e-05,-5.096200745335650427e-06
-1.388448722656653274e-05,-3.381825495628637584e-06
-2.052771934828091538e-05,-6.994994945489384008e-06
-1.876441825661955337e-05,-5.095984335769555298e-06
-1.705505364839884577e-05,-3.284338305410829594e-06
-2.415139786036131798e-05,-7.072034481527020770e-06
-2.231557294983933540e-05,-5.096326780045255244e-06
-2.052754614073664725e-05,-3.197266013997391174e-06
-2.790947983423500473e-05,-7.140322191903002962e-06
-2.600910951793396843e-05,-5.096569411639994103e-06
-2.415132479518912272e-05,-3.120779426137797390e-06
-3.178690765640207504e-05,-7.200077334769973324e-06
-2.982941175596046907e-05,-5.096927795761007847e-06
-2.790939733702225574e-05,-3.053117296137902572e-06
-3.576655434712170295e-05,-7.249502760431462130e-06
-3.376117264651486610e-05,-5.097331595354432294e-06
-3.178678563283550385e-05,-2.994250044894167699e-06
-3.982807160575744832e-05,-7.286974961958808241e-06
-3.778548304143297524e-05,-5.097374671341368485e-06
-3.576658912162949342e-05,-2.945349583046532142e-06
-4.394779179224786756e-05,-7.311961231454084319e-06
-4.188012046622948602e-05,-5.097271075470722987e-06
-3.982796627828730040e-05,-2.907750516087188483e-06
-4.810267820534204616e-05,-7.325937158633954114e-06
-4.602102362419455887e-05,-5.097027582484556174e-06
-4.394773909015051557e-05,-2.882353635976217095e-06
-5.704445281702031457e-05,-7.087142670634445753e-06
-5.645142810293297812e-05,-7.332757436924206636e-06
-4.997000826578235007e-05,-5.096680190648563151e-06
-5.227486207871268395e-05,-7.331787033908090172e-06
-4.810275790028461980e-05,-2.867681656515062139e-06
-5.729009572329727171e-05,-6.494158002265680696e-06
-5.588658784204026975e-05,-5.096380681294304709e-06
-5.227495456245653913e-05,-2.861277562249216316e-06
-5.729011259609951293e-05,-3.698585018110736125e-06
-5.645147162633942816e-05,-2.860020338580618234e-06
-5.704447771466047751e-05,-3.105623154562235369e-06
