Size 192,2
-2.889339273232326387e-06,1.734177439902072575e-06
-2.875932088591313491e-06,1.766555613829750066e-06
-2.876145354324344020e-06,1.919166249889933099e-06
-2.889577719372827906e-06,1.951537794976981309e-06
-2.921716934610127714e-06,1.720764052855231954e-06
-2.982701489265965429e-06,1.842872142009638731e-06
-2.921982082688728153e-06,1.964942974115007863e-06
-3.150283639840583832e-06,1.720593127119110452e-06
-3.150421642188664615e-06,1.964411384027127067e-06
-3.276290483145257015e-06,1.841975057971133170e-06
-3.377413511338479915e-06,1.721309559765609352e-06
-3.377694033309120999e-06,1.961776012629180541e-06
-3.490125423093529642e-06,1.841072549612761094e-06
-3.600004676564354194e-06,1.723925776915594159e-06
-3.600269080472573375e-06,1.956901080638773757e-06
-3.709157021159719334e-06,1.839886025719272824e-06
-3.813609506644864575e-06,1.728840754983221760e-06
-3.813728792384563390e-06,1.949217310969823730e-06
-3.916481778188764124e-06,1.838404233078802493e-06
-4.012844519099281751e-06,1.736819402807347877e-06
-4.012641203269244656e-06,1.938045202512966309e-06
-4.106260238365636112e-06,1.836631896538318447e-06
-4.191417524856887168e-06,1.747998714444935213e-06
-4.190966092888805659e-06,1.923109355322254118e-06
-4.271961394930716692e-06,1.834593044434578455e-06
-4.342437057439714480e-06,1.762714686310263289e-06
-4.341583218341208558e-06,1.904225556989693279e-06
-4.406642849266969733e-06,1.832391004828039929e-06
-4.458469606921499670e-06,1.781832491442014454e-06
-4.457568195528547112e-06,1.880755161496795978e-06
-4.502596138809448466e-06,1.830082930041585057e-06
-4.530365210645136368e-06,1.807343055323666801e-06
-4.529847849929282871e-06,1.850644712444579113e-06
-4.548374423698921204e-06,1.827835539028216102e-06
-4.543850183415301997e-06,1.842653020253108475e-06
-4.543764334908078634e-06,1.810551389737592299e-06
-4.527557825023112429e-06,1.825983895628891990e-06
-4.482613822684181152e-06,1.889180310938248224e-06
-4.482613230385509258e-06,1.757259832509768012e-06
-4.440388809820237311e-06,1.832003539052767208e-06
-4.366288322346153366e-06,1.936658979346378011e-06
-4.367047276965901148e-06,1.704469621586236761e-06
-4.233046314360212659e-06,1.980171330494663942e-06
-4.273584876205846611e-06,1.870728515376223166e-06
-4.234487141423921898e-06,1.669152202831962624e-06
-4.109873905252583450e-06,1.631358400186443212e-06
9.260558080902805923e-07,-2.505914862170496647e-07
9.448281511392388628e-07,-2.956094395223860383e-07
9.447436855807479187e-07,-4.639356908209546489e-07
9.260291278603105038e-07,-5.086068005229119637e-07
-4.114308705327394607e-06,2.011308370948874463e-06
-3.976100864591113476e-06,2.031970136810551099e-06
-4.098004303064326673e-06,1.772136378512237433e-06
-3.988153940288947912e-06,1.579446114103261638e-06
8.811972612108035709e-07,-2.320638212013348001e-07
8.356684692449782036e-07,-4.167401878686810992e-07
8.813400480466140674e-07,-5.274012147781724320e-07
-3.941177125293539676e-06,1.907482878989441939e-06
-3.822067728500106082e-06,2.042335933068342562e-06
-3.646565598004025830e-06,2.021015022001295400e-06
-3.899026663036442864e-06,1.700746994426882669e-06
-3.838354569158464843e-06,1.490713080420531306e-06
5.763398251778632986e-07,-2.285396897621459957e-07
5.756890828977109753e-07,-5.338853589567956265e-07
4.180619772871243673e-07,-3.819249062537885181e-07
-3.451721388395994679e-06,1.982000794428228473e-06
-3.632481748512340816e-06,1.852350254752408999e-06
-3.697485824542768544e-06,1.606195035592136869e-06
-3.675859694378446211e-06,1.360794461200775906e-06
2.472230577983203848e-07,-2.021545539256507263e-07
2.468848085158246636e-07,-5.629331344515796930e-07
5.271843523973906265e-08,-3.831468370271224191e-07
-3.250662857464317528e-06,1.904651191797694368e-06
-3.036532925044984189e-06,1.788989248127419913e-06
-3.451062199057888849e-06,1.556635052383590033e-06
-3.510245345599055930e-06,1.193583657620105412e-06
-1.695474048870797774e-07,-1.434582795149310415e-07
-1.698291413496864484e-07,-6.239079405970808018e-07
-3.088789263801496548e-06,1.577775341087584660e-06
-2.819411410369237912e-06,1.644114514775509259e-06
-3.183757864396317772e-06,1.303375786712119368e-06
-3.352057013266932565e-06,9.747443218993170183e-07
-4.139415814411035020e-07,-3.840570729662666839e-07
-7.033703925679813015e-07,-5.794587860090103714e-08
-7.032376754362560338e-07,-7.111416957473725412e-07
-2.616735171419638410e-06,1.458415100527622771e-06
-2.416286276684546865e-06,1.222263990949994205e-06
-2.230730014976041480e-06,9.560991095557680577e-07
-2.980564434844924517e-06,1.027389010942079837e-06
-3.213729594250013449e-06,7.026714098194691260e-07
-9.359378635281898726e-07,-3.838448301471117549e-07
-1.220209772912487483e-06,2.657786000238080765e-08
-1.219772474638421912e-06,-7.985193778493746189e-07
-2.558677997002153872e-06,9.643602960866131449e-07
-2.078228344658631402e-06,6.489225853245503320e-07
-1.702711962231598079e-06,9.967934570558427788e-08
-1.853451765172623158e-06,1.684646124987721635e-07
-1.946395661782692267e-06,3.022305139752849936e-07
-2.829620790792947150e-06,6.584484640977769935e-07
-3.114210736295199619e-06,3.842582452600733808e-07
-1.476263856740202317e-06,-3.247317324873356479e-07
-1.671781292446832253e-06,-8.590659740352242716e-07
-2.301383854951402000e-06,4.239152770579036158e-07
-1.847343144789844558e-06,-1.141348224509520681e-07
-2.024975746800820516e-06,1.204965211819680151e-07
-2.705129457548056753e-06,2.820174046843182223e-07
-3.063915606167698625e-06,2.656954295577450955e-08
-1.829205789702280235e-06,-5.784247787032493510e-07
-1.788045158455973067e-06,-9.303472283590333567e-07
-2.355788589973412768e-06,-1.843422593899891729e-07
-3.062514612679052728e-06,-3.543513744269689811e-07
-3.163605008014821846e-06,-7.575331259792525020e-07
-2.088905767093264978e-06,-8.257204603387552491e-07
-1.849144280044206770e-06,-1.095291357220372359e-06
-1.912773360159049977e-06,-1.573962206649396022e-06
-2.740729449664475183e-06,-7.923136297561168918e-07
-2.034432474424028731e-06,-2.078600030902993655e-06
-3.352870303252495088e-06,-1.177354473707315780e-06
-2.327784628281146444e-06,-1.577653824491054166e-06
-2.983835857306814043e-06,-1.615903992288575376e-06
-2.239460874915218740e-06,-2.577780785726937844e-06
-3.643176297249352951e-06,-1.616750472494521167e-06
-3.447491570402962524e-06,-2.085242820906450894e-06
-2.938732030678436396e-06,-2.394586529542810542e-06
-2.513778225412879508e-06,-3.092552934771580513e-06
-2.883081673270778526e-06,-3.600410230768525617e-06
-4.049452261240683866e-06,-2.043079407306918492e-06
-3.782458008135048316e-06,-2.652763645341538910e-06
-3.459840869505603514e-06,-3.406187330832123141e-06
-3.319928476229224196e-06,-4.094185172562046713e-06
-4.558332859266594220e-06,-2.439857848086585098e-06
-4.412618404260572067e-06,-3.409666150546456498e-06
-3.843967479592288890e-06,-4.540551989841254911e-06
-4.457107309495756742e-06,-4.946602748625576619e-06
-5.135607926190466119e-06,-5.306259069269845203e-06
-5.181516843115288458e-06,-3.627460141639560843e-06
-5.171899413748202702e-06,-2.786469974488281938e-06
-5.022667155377395284e-06,-4.504533486208709291e-06
-5.887952621201833734e-06,-5.579046153113713637e-06
-6.702559499505707192e-06,-5.776594947781819330e-06
-5.823923450867207990e-06,-3.817486667519176457e-06
-5.889711511082844539e-06,-3.036916361269681361e-06
-7.552219702456598175e-06,-5.876697086150759806e-06
-6.580334398388425561e-06,-4.576300095489106202e-06
-6.686868856475455668e-06,-3.172239332244441686e-06
-7.734980379092580417e-06,-4.714472297527718589e-06
-8.543058734434002757e-06,-5.938722300179701846e-06
-7.536131193612471430e-06,-3.195405097105195245e-06
-9.959495937041795230e-06,-6.001924128851363342e-06
-8.815082524636832638e-06,-4.036768434424222574e-06
-8.540033081331644329e-06,-3.133787115290940911e-06
-1.203668290310759925e-05,-6.101981548412492936e-06
-1.098012959410250169e-05,-4.413822297955956177e-06
-9.961633676649145959e-06,-3.051443009565581020e-06
-1.497042674327384827e-05,-6.214013943093484060e-06
-1.347161040972316271e-05,-4.530845038691156858e-06
-1.203773811536988600e-05,-2.954403940429757343e-06
-1.821786419535242365e-05,-6.312817339477638749e-06
-1.656356480592708542e-05,-4.529633926944002381e-06
-1.497096534546099882e-05,-2.845310380182787230e-06
-2.163724033478168108e-05,-6.397349364107701573e-06
-1.990077396927049152e-05,-4.529199201720700251e-06
-1.821802605762600126e-05,-2.746029847968867632e-06
-2.520133911156110905e-05,-6.465869483587548373e-06
-2.339761009317176590e-05,-4.528817527033173516e-06
-2.163727838540150227e-05,-2.660717825232244539e-06
-2.887876565955293422e-05,-6.517623611473641622e-06
-2.702380014726663595e-05,-4.528237328874935903e-06
-2.520148784717216251e-05,-2.591199099020264498e-06
-3.263779519468288688e-05,-6.553750448814249036e-06
-3.074716040816519397e-05,-4.527620972593670059e-06
-2.887899213595723525e-05,-2.538149821467858317e-06
-3.645140997059507034e-05,-6.577517859113855424e-06
-3.453738459063999955e-05,-4.526971375657100264e-06
-3.263810749209047305e-05,-2.500814157273859149e-06
-4.030015166111729615e-05,-6.592808902138544209e-06
-3.837109004849700888e-05,-4.526452985324971614e-06
-3.645152959908798661e-05,-2.475922877072947919e-06
-4.417084161297932552e-05,-6.601700238949718809e-06
-4.223276728206631805e-05,-4.525987773723868387e-06
-4.030022868339245743e-05,-2.459674638751348761e-06
-5.249206493131599840e-05,-6.378046205747946575e-06
-5.194020768755117871e-05,-6.606612383213279626e-06
-4.590899890014918898e-05,-4.525615352128384912e-06
-4.805377774300015841e-05,-6.605807682371451951e-06
-4.417098027575164346e-05,-2.449886796969234391e-06
-5.272065475634501823e-05,-5.826221924790743081e-06
-5.141461022865130066e-05,-4.525464914658197656e-06
-4.805382125606740581e-05,-2.445249678733335614e-06
-5.272065980713766775e-05,-3.224706058411428859e-06
-5.194022622064877490e-05,-2.444332117188401278e-06
-5.249207398026113787e-05,-2.672892914328763328e-06
