Size 192,2
7.587136680318804893e-05,-1.295625445592295378e-05
7.611616506447191181e-05,-1.236503329825428487e-05
7.611631811318276934e-05,-9.578613448129811764e-06
7.587154722994381953e-05,-8.987449906853572150e-06
7.528032294171434268e-05,-1.320118688874193881e-05
7.417245248938091919e-05,-1.097188076576152956e-05
7.528055574759416840e-05,-8.742546768020057713e-06
7.111954095253578492e-05,-1.320389260073883821e-05
7.111994320334914528e-05,-8.740300831471318921e-06
6.882002775482822941e-05,-1.097222995537252264e-05
6.694878070192747258e-05,-1.321338985407542259e-05
6.694945291523553396e-05,-8.731657730768422739e-06
6.485690861388663478e-05,-1.097280775614944453e-05
6.275421455578084583e-05,-1.322964568988468565e-05
6.275470534882656294e-05,-8.716635912010445127e-06
6.064665726249179591e-05,-1.097347340917521517e-05
5.852482460753477252e-05,-1.325108323667325633e-05
5.852541198008385652e-05,-8.696814645022771608e-06
5.639719943444361196e-05,-1.097428951165777431e-05
5.425320404047060589e-05,-1.327520727718155940e-05
5.425411899899519342e-05,-8.674364480130759248e-06
5.210298378361859835e-05,-1.097499865903181653e-05
4.993523285643026630e-05,-1.330037775758286227e-05
4.993633725773960957e-05,-8.650027786711176462e-06
4.776120257919521181e-05,-1.097527058030740624e-05
4.557018300338506182e-05,-1.332457502825575304e-05
4.557109736464898475e-05,-8.625654593237658163e-06
4.337296895710344768e-05,-1.097526396344538645e-05
4.116167042169945978e-05,-1.334518914575136529e-05
4.116175434914708624e-05,-8.604740138516495790e-06
3.894459132191290836e-05,-1.097507115073021262e-05
3.671829591044353125e-05,-1.335975437057621094e-05
3.671756273961813608e-05,-8.589605999928825146e-06
3.448762885665352193e-05,-1.097454565038714988e-05
3.225310242476284877e-05,-1.336727484765158500e-05
3.225211270187933215e-05,-8.581211588553582829e-06
3.010675799290406577e-05,-1.097394839500105835e-05
2.796083920320753581e-05,-1.336817650272446205e-05
2.796001693286692972e-05,-8.579521786888268860e-06
2.635125657019024638e-05,-1.116054515357737568e-05
2.470986109549671236e-05,-1.336565232347041049e-05
2.470935162633693761e-05,-8.581920362396042864e-06
2.234715087410769641e-05,-1.336212435994943192e-05
2.280840335636361507e-05,-1.178882765560448226e-05
2.234685590669843055e-05,-8.584409254097109183e-06
2.063196752775325416e-05,-8.587463151117910584e-06
-3.566514216786298116e-06,-2.721019247415569098e-07
-3.637586736303260528e-06,-1.012249587526810883e-07
-3.637198668861863565e-06,5.355498078021749717e-07
-3.566472252005076906e-06,7.041824640571202899e-07
2.063149653558389918e-05,-1.335929233418057183e-05
1.907509525533551987e-05,-1.326802004474883402e-05
2.028496671432705883e-05,-1.037763876319228037e-05
1.907804831966229312e-05,-8.455085048107563575e-06
-3.396378766294532891e-06,-3.427206164668008090e-07
-3.224802453477474936e-06,3.557073441431913438e-07
-3.397708932406257217e-06,7.746631791955672224e-07
1.858163416996919359e-05,-1.179658262919197265e-05
1.754055687261916888e-05,-1.300010644184638435e-05
1.604853548330044155e-05,-1.256113356373076475e-05
1.811482044602399181e-05,-9.760290577452238069e-06
1.757431762717080940e-05,-8.056667381652651196e-06
-2.242854961831418047e-06,-3.606135186150185007e-07
-2.241757315081626585e-06,7.956683216526292786e-07
-1.644130154149663914e-06,2.180375946552159237e-07
1.461808056964445484e-05,-1.195548210236732157e-05
1.585336090195577340e-05,-1.101760366492455587e-05
1.637174780005621510e-05,-9.062243112312742282e-06
1.616558912396660891e-05,-7.404712182447241817e-06
-9.958837417199230135e-07,-4.664678316133364388e-07
-9.958362270979079831e-07,9.030076212262262843e-07
-2.586971815784899378e-07,2.185853323395935955e-07
1.326674577433123794e-05,-1.119308272541116795e-05
1.201251286157017402e-05,-1.028376876377304969e-05
1.455224058267816276e-05,-8.751666447923140066e-06
1.489420444567713209e-05,-6.518828350542531258e-06
5.866676188449805733e-07,-6.964554857095502992e-07
5.870219954658091552e-07,1.134581961318419807e-06
1.232964875858068399e-05,-8.858970447058723375e-06
1.087079658918176943e-05,-9.238548113690303135e-06
1.286556699767666385e-05,-7.227967328927466500e-06
1.379818029978428907e-05,-5.427492575281441077e-06
1.517362168056638823e-06,2.194067279706308993e-07
2.623096780710445175e-06,-1.029036613141892369e-06
2.621941694450467886e-06,1.471442570916817508e-06
9.855346400462350472e-06,-8.072389460747016445e-06
8.978730900457261387e-06,-6.799702603076129316e-06
8.248856084000324689e-06,-5.433361271766164330e-06
1.177020715569720404e-05,-5.741864335498387345e-06
1.290986827846025078e-05,-4.164574772088990420e-06
3.511986098768082460e-06,2.172487316555697975e-07
4.602786185772327575e-06,-1.357968987356760756e-06
4.602748022288080058e-06,1.815015312036736293e-06
9.713917682602332595e-06,-5.440821698343129027e-06
7.679381909940125286e-06,-3.987594771849388900e-06
6.422832556161395864e-06,-1.639401364676106146e-06
6.967772459584271213e-06,-1.913818787838509534e-06
7.275341939012587991e-06,-2.464099713863111710e-06
1.099727074552212531e-05,-3.976854236507754323e-06
1.225752884324371729e-05,-2.777591508430532444e-06
5.584574779906016890e-06,-1.190739808540585875e-08
6.382737526883252781e-06,2.060820525227834127e-06
8.689338264101637881e-06,-2.954682046435090486e-06
6.981865337241649139e-06,-8.076447710182340716e-07
7.627002171455177220e-06,-1.720889639997106341e-06
1.042293092992979870e-05,-2.344475866840442263e-06
1.187108782873203471e-05,-1.314645037924591604e-06
6.978996960423112011e-06,9.883478945453869550e-07
6.871874288465576022e-06,2.334303590567254508e-06
8.978963415266423925e-06,-4.713462856667182864e-07
1.176340658234982656e-05,1.833659722671628802e-07
1.201052193593203703e-05,1.702823209321504740e-06
8.021712299572764140e-06,1.956617014748194500e-06
7.146608764111456332e-06,2.938998464797426125e-06
7.464944996617461235e-06,4.644257941110334035e-06
1.045317864011689790e-05,1.869657656637950906e-06
7.985172166186835401e-06,6.366673035154805520e-06
1.258748998112274624e-05,3.260477810211926512e-06
8.974945613191728880e-06,4.681625932253185600e-06
1.127607264778319706e-05,4.814741055695648885e-06
8.751106681959684881e-06,8.040705922798490373e-06
1.349705249333595132e-05,4.818150861549493389e-06
1.281670866450351590e-05,6.416218044125909220e-06
1.113126664665081520e-05,7.443812381823548652e-06
9.730876830428029779e-06,9.703465524056814964e-06
1.097416612470596833e-05,1.130180254784112994e-05
1.475795945631645689e-05,6.293740573424307697e-06
1.389236433833771647e-05,8.283878497184475975e-06
1.286006027836256994e-05,1.068084364373272448e-05
1.241608537421955444e-05,1.281094536190668454e-05
1.632649868738704523e-05,7.630177202924722291e-06
1.586757111405698198e-05,1.068196646946069168e-05
1.409111742057541039e-05,1.415730827504417067e-05
1.599291353358015116e-05,1.534851556959286009e-05
1.806234064243431158e-05,1.636444025639116563e-05
1.821493522872252437e-05,1.135476942340209569e-05
1.818994246411002110e-05,8.767047123798974023e-06
1.774014156115980047e-05,1.399860095250644033e-05
2.030850497849043937e-05,1.712291247901182040e-05
2.269397481817603444e-05,1.764233566960174846e-05
2.013882221003843252e-05,1.193760156410928082e-05
2.032698818611816753e-05,9.597755322647495875e-06
2.515756305485147853e-05,1.787962557427863372e-05
2.236858417654927355e-05,1.417035356117073081e-05
2.266474606876059901e-05,1.007468261827484496e-05
2.569287721420058823e-05,1.455932829171732501e-05
2.797153668492861182e-05,1.799389081418901088e-05
2.512617741733350293e-05,1.019483777210335624e-05
3.193942978163128419e-05,1.810882375956751340e-05
2.875946802947056032e-05,1.264265103407510486e-05
2.796515066770668490e-05,1.008200150745289566e-05
3.762372782815233635e-05,1.828527090629860982e-05
3.476061043305519750e-05,1.370725335881128607e-05
3.194244788066211653e-05,9.934306656613070075e-06
4.545402690332324679e-05,1.847573017624426500e-05
4.148489610255440795e-05,1.403069324078311523e-05
3.762479330053463534e-05,9.765340127194206758e-06
5.392675017178697226e-05,1.863718849625452560e-05
4.964078205245757533e-05,1.402971429114456393e-05
4.545427750085105596e-05,9.582470213519067291e-06
6.267302208777758522e-05,1.877259106238383005e-05
5.825754177654762366e-05,1.402994859994419771e-05
5.392662049012099282e-05,9.422198166240983933e-06
7.164730017248105572e-05,1.888252923048011479e-05
6.712587215663812061e-05,1.403037521743538907e-05
6.267297072438749513e-05,9.287621061576223681e-06
8.080099157463565879e-05,1.896697997092385441e-05
7.619795088414238341e-05,1.403118611534107152e-05
7.164716122335617178e-05,9.179016353103870002e-06
9.008695155668429585e-05,1.902796989291953751e-05
8.542526793397870399e-05,1.403210290427906372e-05
8.080071988699043131e-05,9.096294218811617270e-06
9.946341750569067058e-05,1.906847204877572366e-05
9.476294825228733182e-05,1.403295177448780280e-05
9.008670707477053755e-05,9.037075810372748253e-06
1.088953749856880427e-04,1.909223004744238855e-05
1.041724518437159579e-04,1.403383982298639616e-05
9.946312935401729069e-05,8.998239239825205145e-06
1.183559553187959540e-04,1.910400911793511114e-05
1.136225237988136805e-04,1.403461401028219840e-05
1.088952002062125771e-04,8.976225341094300227e-06
1.386438784889241094e-04,1.855155384014868882e-05
1.372987336328202097e-04,1.910872959428532399e-05
1.225975499948034494e-04,1.403522947877280353e-05
1.278269311059973090e-04,1.910815728800375525e-05
1.183558116972510671e-04,8.965875804501528948e-06
1.392010572617000585e-04,1.720641366306781031e-05
1.360179890612266324e-04,1.403581619005584066e-05
1.278268093452484188e-04,8.962918441503954601e-06
1.392010880584228151e-04,1.086521485561117743e-05
1.372987238780210549e-04,8.962833137667716290e-06
1.386438995229583515e-04,9.520030839694181691e-06
