Size 192,2
8.599845542855231854e-05,-1.368748180246697147e-05
8.630737868394985132e-05,-1.294156582057749520e-05
8.630732631574962097e-05,-9.425497806424214101e-06
8.599839056951699397e-05,-8.679548064793314482e-06
8.525262224846169004e-05,-1.399646944264715907e-05
8.385392573637474899e-05,-1.118351104976705388e-05
8.525253008772336642e-05,-8.370543891898999924e-06
8.000128027329080418e-05,-1.399760088259474255e-05
8.000111617396750874e-05,-8.369197403930599797e-06
7.710042299956728902e-05,-1.118331935972336334e-05
7.474483851813107057e-05,-1.400098142784276214e-05
7.474454313295744712e-05,-8.365496672989024035e-06
7.211340092164767953e-05,-1.118310031157408811e-05
6.947936417956222896e-05,-1.400500687560041275e-05
6.947902067664763978e-05,-8.361375153644074615e-06
6.684369308615672794e-05,-1.118307831267713658e-05
6.420677404553615123e-05,-1.400698850148895358e-05
6.420649333998603846e-05,-8.359385630593192131e-06
6.156960689423935100e-05,-1.118300168035074160e-05
5.893402150700727049e-05,-1.400419615643074900e-05
5.893393298088544651e-05,-8.361695453401828454e-06
5.629995584393624554e-05,-1.118273770236529171e-05
5.367029883627268924e-05,-1.399654735744814173e-05
5.367025268424182959e-05,-8.368298018573305146e-06
5.104336672975490690e-05,-1.118212484857392198e-05
4.842388204941614583e-05,-1.398429523516425818e-05
4.842374207363841197e-05,-8.378923671978379321e-06
4.580800105422148792e-05,-1.118120844161377723e-05
4.320279963928381535e-05,-1.396672930401239382e-05
4.320245498132386071e-05,-8.394262604115386762e-06
4.060228606130654141e-05,-1.117999128924974741e-05
3.801702115079272484e-05,-1.394209277386784183e-05
3.801635625645276756e-05,-8.416376424970292792e-06
3.543899610981556485e-05,-1.117858716224044790e-05
3.288166978940119397e-05,-1.390862765000596846e-05
3.288051437475673368e-05,-8.447160894189434694e-06
3.043675407017645999e-05,-1.117667592057205553e-05
2.801749481038121593e-05,-1.386575395198859991e-05
2.801595126859489980e-05,-8.488466571698205119e-06
2.620957402698289806e-05,-1.138277495680363764e-05
2.439047574016652177e-05,-1.382313035452465437e-05
2.438827749736468403e-05,-8.529520098690078681e-06
2.179081316868999318e-05,-1.378435329678488412e-05
2.228711679197148841e-05,-1.206881152644398593e-05
2.178791668570777276e-05,-8.556696618659381240e-06
1.992097297534833664e-05,-8.586743169504932951e-06
-3.191453722818979966e-06,-6.751782415555382713e-07
-3.254423494933738221e-06,-5.236251228954075526e-07
-3.254062276831101800e-06,4.038286669076704364e-08
-3.191441821657411530e-06,1.896213130664537034e-07
1.991901849133530779e-05,-1.375626180824645722e-05
1.824304201456322674e-05,-1.363490470128410131e-05
1.953379836990159582e-05,-1.052723218430481883e-05
1.823505154485773150e-05,-8.472919745099140719e-06
-3.040611587619651135e-06,-7.379145231963182198e-07
-2.888900595812577052e-06,-1.193761658881960876e-07
-3.042069142396129926e-06,2.518281158192508394e-07
1.770444787731882848e-05,-1.204551434435957444e-05
1.660441586381065823e-05,-1.331877376513151868e-05
1.503052597941634108e-05,-1.282998598581720496e-05
1.720063964084420546e-05,-9.872971728383200351e-06
1.662672884662835807e-05,-8.083783440361799608e-06
-2.018957780903772523e-06,-7.554908803910188502e-07
-2.018432227936693219e-06,2.692052448863425478e-07
-1.488714147635152741e-06,-2.434834502320649270e-07
1.354466318729851693e-05,-1.216311682649746786e-05
1.481674603938592154e-05,-1.119173292569328443e-05
1.535819617387863931e-05,-9.144425769210031823e-06
1.513641851961135914e-05,-7.438911943874844280e-06
-9.134582883582179744e-07,-8.523388289658946501e-07
-9.139048598150332020e-07,3.641506167284391756e-07
-2.587431747384308549e-07,-2.447485943026583714e-07
1.215488642146464591e-05,-1.134577452294685703e-05
1.089025857593016068e-05,-1.039110595121405583e-05
1.346552519216796069e-05,-8.824536519059874196e-06
1.380594965142400525e-05,-6.558071105584497254e-06
4.940435256360500342e-07,-1.061716051679219656e-06
4.936399050544202171e-07,5.708056448585013913e-07
1.121047998529551221e-05,-8.925531906983124716e-06
9.762871900685421894e-06,-9.304728783067186599e-06
1.174398244744883607e-05,-7.279486558319231556e-06
1.267058206091685219e-05,-5.487970859665543511e-06
1.323799100381522115e-06,-2.463305842369404837e-07
2.312579742150249341e-06,-1.364506104905795576e-06
2.310608046858550181e-06,8.727615803744924321e-07
8.770091708990578026e-06,-8.113725997512826033e-06
7.941555396486068901e-06,-6.849510106265667909e-06
7.275950200346450099e-06,-5.507483631620783476e-06
1.065515856909933750e-05,-5.801957360254833257e-06
1.175777398352854482e-05,-4.273163376187606933e-06
3.107192181164077048e-06,-2.507494845080646816e-07
4.085028521889471284e-06,-1.663475216252086456e-06
4.084744193797669294e-06,1.182033847670335452e-06
8.662975410955386520e-06,-5.507564478082249973e-06
6.767044562441149413e-06,-4.115530725946901722e-06
5.704096042725880117e-06,-1.918307081302225249e-06
6.180201450305752316e-06,-2.169311128136036724e-06
6.438594122433390471e-06,-2.677951757124463275e-06
9.894097884984608259e-06,-4.094225101498157029e-06
1.108127039040205907e-05,-2.965072985916413353e-06
4.964064778157074177e-06,-4.588690831914206988e-07
5.696665617711990615e-06,1.405303950618193496e-06
7.726326461143783202e-06,-3.128607059100123404e-06
6.206310560183382169e-06,-1.168726478345476198e-06
6.771548679489513432e-06,-1.993560402266866195e-06
9.343593809568062313e-06,-2.558819914816889154e-06
1.066564621928559585e-05,-1.616181936132875956e-06
6.227831675195872693e-06,4.461081619798418521e-07
6.151000349917702975e-06,1.649544597812901687e-06
8.011263408060117415e-06,-8.439353020892713730e-07
1.052987302163631491e-05,-2.574590919490397639e-07
1.069593187778514095e-05,1.093809897852205376e-06
7.178101771470117374e-06,1.320054084300144811e-06
6.412034136493713408e-06,2.179411265334170527e-06
6.724509339901636765e-06,3.654353262740799958e-06
9.327269090284792742e-06,1.256676039360822673e-06
7.209269210181830512e-06,5.113084184493436105e-06
1.115323312348597095e-05,2.467395634591391545e-06
8.043259723745320637e-06,3.696441873521859165e-06
1.001897337897318232e-05,3.809064679379112858e-06
7.884482987554513374e-06,6.517823112562095795e-06
1.188729367852727190e-05,3.811068635673785134e-06
1.130464910629575107e-05,5.163760456245151800e-06
9.897487845870708742e-06,6.023381910858017722e-06
8.730995761886553921e-06,7.887073589613841453e-06
9.774423742172455809e-06,9.185209609665476705e-06
1.290127754943873620e-05,5.067388649961891228e-06
1.218544782853620119e-05,6.715200817895930880e-06
1.133688547201884443e-05,8.675524627898656920e-06
1.097347876211672102e-05,1.039428068768169602e-05
1.416028725096563524e-05,6.188313735674100225e-06
1.378443752148727153e-05,8.669999588393014593e-06
1.234378289256250068e-05,1.146594774859232821e-05
1.387774216010313110e-05,1.240173794500031858e-05
1.553534756430325167e-05,1.318724705988794321e-05
1.566370674804184001e-05,9.210503367295340258e-06
1.564718889711368425e-05,7.128491169425146232e-06
1.528545491187821735e-05,1.131871912545149944e-05
1.731642898828222591e-05,1.377010589931263308e-05
1.919416570676206609e-05,1.416027293835953209e-05
1.719061028105451898e-05,9.677383816676064042e-06
1.733833165179592660e-05,7.816378279399054070e-06
2.112519021611487785e-05,1.433010558297221547e-05
1.894850130723359105e-05,1.143879749246065408e-05
1.917779801460401602e-05,8.217418116105873561e-06
2.154652199933497204e-05,1.173940478341063128e-05
2.331426352534127238e-05,1.440127077472693865e-05
2.110614749891394216e-05,8.326920161921562134e-06
2.638668015300160220e-05,1.447318017853688216e-05
2.393166007269209022e-05,1.024825748832909744e-05
2.331047687518348504e-05,8.256197861381714984e-06
3.075591274072800259e-05,1.458419974268298318e-05
2.856196638512683875e-05,1.107423567819114636e-05
2.638883161086630271e-05,8.162762747576503836e-06
3.673034671623414207e-05,1.470266198570523489e-05
3.370939120010528088e-05,1.132285972232160893e-05
3.075671131236656046e-05,8.055286617637067700e-06
4.314863850234169798e-05,1.479921567473191059e-05
3.990980076691581617e-05,1.132174578754506965e-05
3.673069287512075831e-05,7.940669104414883300e-06
4.972627653951565668e-05,1.487562187999322299e-05
4.641355956521610050e-05,1.132155809349575110e-05
4.314861613419486669e-05,7.844000622133121095e-06
5.642842565680741796e-05,1.493332586429433848e-05
5.305932270560868977e-05,1.132155814253795755e-05
4.972626193669332805e-05,7.767530020987875692e-06
6.322079729176682231e-05,1.497365284874389858e-05
5.981220851902960782e-05,1.132179111141406296e-05
5.642837149977066621e-05,7.709943973143130598e-06
7.007096941867858972e-05,1.499812077425709885e-05
6.663860560187620432e-05,1.132221179266942220e-05
6.322076464530576698e-05,7.670363832843992476e-06
7.695135392920055190e-05,1.501013139715951573e-05
7.350781335210425415e-05,1.132260036483512268e-05
7.007083017338455646e-05,7.646703533383859231e-06
8.384308404668785282e-05,1.501429256084752220e-05
8.039625044763789631e-05,1.132290655416787631e-05
7.695117311299331652e-05,7.635389350244972410e-06
9.073651310675336817e-05,1.501494356561843101e-05
8.728980706431680901e-05,1.132309449148739851e-05
8.384294437599862685e-05,7.631697758078933140e-06
1.054992931127472230e-04,1.460906366462711348e-05
1.045205102961999311e-04,1.501449359362580990e-05
9.382407034774213237e-05,1.132316449686602536e-05
9.762892323675259945e-05,1.501460918137674707e-05
9.073652486220742735e-05,7.631325431794075309e-06
1.059047180439694381e-04,1.363027505320945155e-05
1.035886978777902500e-04,1.132326544740240268e-05
9.762890241545027557e-05,7.631814668631100305e-06
1.059047219196970443e-04,9.016258802984046270e-06
1.045205059860540629e-04,7.632027395681420539e-06
1.054992949384323203e-04,8.037461676138212926e-06
