Size 192,2
6.927715884772884223e-05,-1.028688713683884940e-05
6.953989357356864037e-05,-9.652532069184194605e-06
6.953954545613900940e-05,-6.662100117586671563e-06
6.927677266707725761e-05,-6.027752483179426798e-06
6.864283159030389926e-05,-1.054965048194844505e-05
6.745275385535951537e-05,-8.157285053389741575e-06
6.864240734371343164e-05,-5.764996813580112589e-06
6.417602338467180668e-05,-1.054979698276840420e-05
6.417561297756070625e-05,-5.765190874753810213e-06
6.170976449074241389e-05,-8.157708051025713730e-06
5.970935211645965425e-05,-1.054885708369933601e-05
5.970904974599671713e-05,-5.767099645787550589e-06
5.747685852053238529e-05,-8.157984669138662517e-06
5.524670818913621212e-05,-1.054442228025784925e-05
5.524665407995297975e-05,-5.772188027406775989e-06
5.301896678888126440e-05,-8.158635205674604808e-06
5.079722767480000805e-05,-1.053479757316642917e-05
5.079680232805580632e-05,-5.783347824636370788e-06
4.857994652620826602e-05,-8.159522015089858656e-06
4.637339759287366142e-05,-1.051844328965482737e-05
4.637317737539923786e-05,-5.801907820073335561e-06
4.417369708322359462e-05,-8.160694299777091138e-06
4.198832818672821237e-05,-1.049621028967205959e-05
4.198870352155540243e-05,-5.826558819518464685e-06
3.981175500879879610e-05,-8.161935233028090955e-06
3.765199044282406516e-05,-1.046932583173141557e-05
3.765279009102102112e-05,-5.855851888492634451e-06
3.550244419662167112e-05,-8.163345536037282425e-06
3.337236043138222123e-05,-1.043798400419260836e-05
3.337291487811566682e-05,-5.890087225637153723e-06
3.125362274988660496e-05,-8.164915216768604144e-06
2.915829144569808833e-05,-1.040080615882690925e-05
2.915847235799560083e-05,-5.930570430764838681e-06
2.707586319366936866e-05,-8.166420723046107565e-06
2.502220133005131269e-05,-1.035541072647727357e-05
2.502215687828626280e-05,-5.979463656981969925e-06
2.306570091673831925e-05,-8.167572267881421463e-06
2.114257847384960366e-05,-1.030098380724026296e-05
2.114227175792765263e-05,-6.038985038580915789e-06
1.970992018333360732e-05,-8.332357543915318079e-06
1.828080448499253300e-05,-1.024863077224891063e-05
1.827965462656253070e-05,-6.095464843356305224e-06
1.624982071632237991e-05,-1.020219367257896760e-05
1.663216339145192813e-05,-8.869140118734209402e-06
1.624786959825591740e-05,-6.132062577286947026e-06
1.480034101409262422e-05,-6.171037852646908243e-06
-2.339160460849066373e-06,-4.355719808228664201e-07
-2.385935034806769369e-06,-3.230313182700136868e-07
-2.385645330440878933e-06,9.611652527063696321e-08
-2.339101966243521455e-06,2.070583361635428201e-07
1.479615026348018848e-05,-1.016936861937154526e-05
1.350600150772668525e-05,-1.006588481218580770e-05
1.449473335239836994e-05,-7.672842228123838670e-06
1.349654994093287441e-05,-6.099254819339935388e-06
-2.227119323460798767e-06,-4.821394868140123105e-07
-2.114153525700039158e-06,-2.253380048464996909e-08
-2.228060039210409645e-06,2.533282757049532772e-07
1.308833355297106341e-05,-8.839882580691818154e-06
1.225067116644527261e-05,-9.810895076465185290e-06
1.105433003035071576e-05,-9.429435409930218251e-06
1.270147977323379514e-05,-7.176091643503570473e-06
1.226485631108009851e-05,-5.819317147250456598e-06
-1.467578985011681472e-06,-4.942303722966624093e-07
-1.466997485091493934e-06,2.662927489787820931e-07
-1.073814436367951592e-06,-1.138321797472706878e-07
9.933255540076533997e-06,-8.912233281119004644e-06
1.088911839005677118e-05,-8.179402315395388224e-06
1.130016558583616702e-05,-6.627582816274230519e-06
1.113149308770159917e-05,-5.347590409878082307e-06
-6.480457904382390287e-07,-5.627365383107748101e-07
-6.480570302936851366e-07,3.351944331615280839e-07
-1.649901605956641892e-07,-1.136222586457523950e-07
8.890455304905686923e-06,-8.287801945386382807e-06
7.950065456627572182e-06,-7.565897854480463243e-06
9.872289114177114182e-06,-6.389968415977811557e-06
1.012643085101305737e-05,-4.698605353430733660e-06
3.880015036389169847e-07,-7.115688980523563088e-07
3.881519995526668066e-07,4.847433553285854999e-07
8.189248325076289026e-06,-6.465803808119490347e-06
7.117582440231917709e-06,-6.748029056408321515e-06
8.586143780629550292e-06,-5.239930859204920811e-06
9.274120948157538847e-06,-3.913190103136284491e-06
9.957083820440888796e-07,-1.133606406940133313e-07
1.717000748156039347e-06,-9.272698459593108548e-07
1.716079581420597718e-06,7.028269978917433298e-07
6.387176844810075083e-06,-5.859178518159990075e-06
5.784298211005433090e-06,-4.924628263539164388e-06
5.303898702853384745e-06,-3.935449634319396531e-06
7.781121094978009223e-06,-4.148285501978929929e-06
8.592417778972615748e-06,-3.025572832776646636e-06
2.296485428377238859e-06,-1.150782862282073503e-07
3.006815800679908991e-06,-1.139966927676424927e-06
3.007230795221263840e-06,9.260020195394357104e-07
6.316742218518973336e-06,-3.933613482972578802e-06
4.938117245837388605e-06,-2.916311199261543023e-06
4.179660321942937762e-06,-1.320357847706455519e-06
4.522531804773775680e-06,-1.500920263193697400e-06
4.706725560870720801e-06,-1.869035923902201255e-06
7.220650423464572591e-06,-2.896679560637904020e-06
8.087813908268741466e-06,-2.073569404135705597e-06
3.645614475025671847e-06,-2.647763735084418940e-07
4.179132607899751168e-06,1.086943433456403616e-06
5.639327959476271209e-06,-2.194748577513199325e-06
4.543722481281362248e-06,-7.766992125930219677e-07
4.950027533954302754e-06,-1.372687167185765058e-06
6.818121002901437607e-06,-1.778912376469656716e-06
7.777010447387235222e-06,-1.095521315806357642e-06
4.563399293662245176e-06,3.923885183419108371e-07
4.510979487481237014e-06,1.263100424229366018e-06
5.850723664539255928e-06,-5.370440232308527205e-07
7.673846632136697434e-06,-1.122215596444075510e-07
7.785907088000485932e-06,8.631672146688241218e-07
5.253357996595507422e-06,1.025865452247363300e-06
4.702482004744342718e-06,1.643955431879976872e-06
4.933968886309577524e-06,2.701291790448101974e-06
6.801421178068526835e-06,9.827967307543117800e-07
5.288767995035386630e-06,3.740808334377300863e-06
8.106947960498071210e-06,1.853231462224581986e-06
5.881705364469597953e-06,2.733523058097673656e-06
7.294766483277440229e-06,2.814693200647204562e-06
5.776469392533828560e-06,4.739417878908948246e-06
8.623284030136565398e-06,2.816784692265075812e-06
8.207411806983583365e-06,3.780847737402844767e-06
7.210153569115992311e-06,4.390179938210659405e-06
6.384222048236620500e-06,5.705977137779913688e-06
7.126723510501470438e-06,6.617587507720867882e-06
9.333953719382707541e-06,3.714942630091653679e-06
8.828991449965939734e-06,4.880173982989026317e-06
8.232024741341918385e-06,6.258962375677063203e-06
7.976790400993232869e-06,7.460366143429620482e-06
1.021411336903950378e-05,4.513332421620981271e-06
9.951217618469907484e-06,6.254778563408225071e-06
8.942424314392383809e-06,8.204810678733667512e-06
1.001574251244417702e-05,8.849590116428964674e-06
1.117003088785559191e-05,9.383710727792763645e-06
1.126065506703813023e-05,6.633114040243017319e-06
1.124913086340098057e-05,5.180188148295366918e-06
1.099935277332860282e-05,8.095634481685281075e-06
1.240314533983860510e-05,9.777532904437684705e-06
1.369433119638951021e-05,1.003476962630452929e-05
1.231889803234151137e-05,6.959237318265785661e-06
1.241920126521258099e-05,5.670199319790120072e-06
1.501788214878285651e-05,1.014077488529827568e-05
1.353136130002701396e-05,8.172379345092001146e-06
1.368556762683515837e-05,5.961078522412947406e-06
1.530774533064669599e-05,8.376472874549187192e-06
1.650619325920607702e-05,1.017581790315958300e-05
1.500750812959666784e-05,6.046965818125455075e-06
1.858274575503678753e-05,1.021006138090349528e-05
1.692948788878075725e-05,7.365639901646380209e-06
1.650401853106245710e-05,6.012723234097837648e-06
2.150180876087705870e-05,1.025948991658965017e-05
2.004348380783875305e-05,7.926358180543501610e-06
1.858326027001590188e-05,5.969880188504245416e-06
2.543873673096019327e-05,1.030799473088996351e-05
2.345687443033015696e-05,8.094059538051012252e-06
2.150162152964179915e-05,5.924380643354948903e-06
2.961196483725465857e-05,1.034386929278449838e-05
2.751479746992672816e-05,8.095026546277579417e-06
2.543834823509007580e-05,5.880368687050983841e-06
3.383858451009592037e-05,1.037128938998262054e-05
3.171715633712123548e-05,8.096519784626319123e-06
2.961145290904251292e-05,5.847540480838166852e-06
3.810609932642776307e-05,1.039260848294912952e-05
3.596605829628526691e-05,8.098128465216750482e-06
3.383809082896701838e-05,5.823316012350449573e-06
4.240495866564199679e-05,1.040896050925848862e-05
4.025070181465579736e-05,8.099788686926732582e-06
3.810559020819359268e-05,5.805318428078052036e-06
4.672711722229380379e-05,1.042137688309444584e-05
4.456246533569011752e-05,8.101472737932400268e-06
4.240440792435954309e-05,5.792312925062846232e-06
5.106574463912983016e-05,1.043050695631151304e-05
4.889385182549679120e-05,8.103059215847821896e-06
4.672659884635122331e-05,5.783200063192134893e-06
5.541591902356269927e-05,1.043691131750361386e-05
5.323901254439964483e-05,8.104448118695780097e-06
5.106523739223773034e-05,5.777038250384937900e-06
5.977409848744890980e-05,1.044130330925781684e-05
5.759381860665041780e-05,8.105519454687076911e-06
5.541560524344846223e-05,5.773113312406527376e-06
6.912120891762892864e-05,1.018743027276118762e-05
6.850138451453215334e-05,1.044416093464068370e-05
6.172773936936404651e-05,8.106248309233993915e-06
6.413677004649187346e-05,1.044367215506381076e-05
5.977384742471874754e-05,5.770571872411650280e-06
6.937795046400388487e-05,9.567621754421575520e-06
6.791117652921203212e-05,8.106666174542807659e-06
6.413668264443952169e-05,5.769308534111432067e-06
6.937795429807956063e-05,6.645709599521993739e-06
6.850136417331259987e-05,5.769134361591849007e-06
6.912120624311711219e-05,6.025877176156899708e-06
