Size 192,2
-1.108543317807256919e-05,2.880117786163967897e-06
-1.110280603798218511e-05,2.838203164673123775e-06
-1.110241626135155108e-05,2.640357675950840696e-06
-1.108499124791398568e-05,2.598402267540336973e-06
-1.104348040808355757e-05,2.897465727050731849e-06
-1.096436821609384480e-05,2.739209710251991278e-06
-1.104296549526681015e-05,2.581036540101938646e-06
-1.074803834399846392e-05,2.896705276320788125e-06
-1.074735961633128374e-05,2.581692502145768760e-06
-1.058543268387372506e-05,2.739319389972040294e-06
-1.045521026302752850e-05,2.895114343896389630e-06
-1.045451399261573912e-05,2.583672064423324008e-06
-1.030999733007231186e-05,2.739320583954360907e-06
-1.016673967302135182e-05,2.893052046635207575e-06
-1.016666335870280935e-05,2.585827770612071962e-06
-1.002392453045915847e-05,2.739630703335151969e-06
-9.882418469353054772e-06,2.891992429421644499e-06
-9.882172350934418671e-06,2.587363919295626440e-06
-9.740588215575196029e-06,2.739887075571944634e-06
-9.598976384932203602e-06,2.893188906544886009e-06
-9.598556083111766768e-06,2.586955862559477699e-06
-9.456225057685468965e-06,2.740428818443742968e-06
-9.312483349311802825e-06,2.897249862632445841e-06
-9.311685814653069740e-06,2.584393753582065667e-06
-9.166589453796484776e-06,2.741110636555034793e-06
-9.017299091467425210e-06,2.905758339412711249e-06
-9.016701677503548854e-06,2.577919131113030580e-06
-8.864529433579125680e-06,2.742059005610204886e-06
-8.703299060969943931e-06,2.922055051556145364e-06
-8.703390049429266320e-06,2.563738922072041489e-06
-8.536359864942992686e-06,2.743074204258064325e-06
-8.352776726091192788e-06,2.949699395409502663e-06
-8.353650902894101872e-06,2.537620113224393078e-06
-8.159572313965069980e-06,2.744109798731453907e-06
-7.940232836070202846e-06,2.991472552349562906e-06
-7.941262824328990482e-06,2.497198619515510777e-06
-7.716976271344472185e-06,2.745344303819655237e-06
-7.460874557606196001e-06,3.045858492280019478e-06
-7.461719198200964957e-06,2.442007975629456336e-06
-7.259951388569845864e-06,2.772469141571537920e-06
-7.020828620946299100e-06,3.098636049532811331e-06
-7.022516788530512420e-06,2.388510340211482429e-06
-6.649760118938872297e-06,3.144520635618462083e-06
-6.737279277934450095e-06,2.876716777434730027e-06
-6.652039464121449293e-06,2.354166292413150867e-06
-6.354264089368228039e-06,2.317610944369452420e-06
1.345629401893939631e-06,-4.071741164290747709e-07
1.373558684071094986e-06,-4.741223213736283127e-07
1.373508152450512249e-06,-7.245446798263814179e-07
1.345675012244621079e-06,-7.910368720225837547e-07
-6.357786892023913247e-06,3.176575137099461277e-06
-6.062686998269087170e-06,3.188854388264982617e-06
-6.307016787016644982e-06,2.638187231417306401e-06
-6.075810411949839126e-06,2.253849254657923176e-06
1.278894548334350023e-06,-3.796260763589474417e-07
1.211073850770729620e-06,-6.543058546734800082e-07
1.279162118603030265e-06,-8.190059974796568223e-07
-5.978192353356501236e-06,2.916959991731430747e-06
-5.754527732524920649e-06,3.172709975296182859e-06
-5.429678313193800583e-06,3.107929575218042537e-06
-5.889424580364974330e-06,2.506607261582189290e-06
-5.774931272805152580e-06,2.127049025509096013e-06
8.248781167122488894e-07,-3.745372413510861715e-07
8.239808707772393679e-07,-8.281532353996601576e-07
5.896276879920870155e-07,-6.023441796874442086e-07
-5.091816622294559570e-06,3.008845802906062903e-06
-5.396113294309421177e-06,2.785196113016802395e-06
-5.513527078376686557e-06,2.343713937542489611e-06
-5.471844672195332694e-06,1.933511311418907183e-06
3.367352743078372291e-07,-3.373858031819819064e-07
3.362420738560429436e-07,-8.691430391966875340e-07
5.053231917840674256e-08,-6.042268850737819508e-07
-4.755896700765568664e-06,2.856388640993023059e-06
-4.416440225616071086e-06,2.651193067698951332e-06
-5.085482653640836669e-06,2.264598135772831591e-06
-5.179988581091844139e-06,1.678705173120128266e-06
-2.746273469098967936e-07,-2.551098887358622321e-07
-2.752545482521669629e-07,-9.553851669104720836e-07
-4.500721776233910016e-06,2.298189353287208646e-06
-4.083812806766335959e-06,2.403178630907530909e-06
-4.650469373098645834e-06,1.860490681590362047e-06
-4.913804539773788230e-06,1.350685312165405756e-06
-6.303114147614045121e-07,-6.061382135930319361e-07
-1.049098156033384240e-06,-1.356192112658157896e-07
-1.049250355117583492e-06,-1.079198407843720010e-06
-3.777901552400331897e-06,2.102382266531404143e-06
-3.486434824751191905e-06,1.738630569290766080e-06
-3.222472523333845354e-06,1.334114145436539421e-06
-4.337453538885003947e-06,1.436108411102977838e-06
-4.688632827209503496e-06,9.499822392743341288e-07
-1.385331973240511764e-06,-6.068381156982466778e-07
-1.794040673227284505e-06,-1.772493570906118053e-08
-1.793920633234855216e-06,-1.203513625060719321e-06
-3.703813501530690882e-06,1.343523480210722289e-06
-3.007468486113640730e-06,8.787903377546876695e-07
-2.484172780633596118e-06,8.336232260761001123e-08
-2.697535388871420772e-06,1.809627057630669078e-07
-2.826901648158352847e-06,3.729565708046204965e-07
-4.108722247248115498e-06,8.871947245814926471e-07
-4.526767863319072659e-06,4.867662583054439343e-07
-2.162345237021968769e-06,-5.229448764805330691e-07
-2.445926977717767757e-06,-1.289979347143443204e-06
-3.336140776609032594e-06,5.469699656126359672e-07
-2.691633812276726967e-06,-2.236408234172882441e-07
-2.942445875847860134e-06,1.112658575433234963e-07
-3.925239031241281511e-06,3.394748916010036142e-07
-4.442051387072238514e-06,-2.785039301846850863e-08
-2.670823656937780838e-06,-8.883348388034931126e-07
-2.615838991288913723e-06,-1.391509916894415028e-06
-3.420741601811943497e-06,-3.295710302841809665e-07
-4.433917006155878712e-06,-5.732852984318170891e-07
-4.569028339700896254e-06,-1.147290543953503622e-06
-3.045462128347245972e-06,-1.243424029742882891e-06
-2.706421089222685588e-06,-1.624761784041000165e-06
-2.803850664753172939e-06,-2.298445968191797670e-06
-3.970379216090254030e-06,-1.199110674338260336e-06
-2.982820125468404245e-06,-3.002348029778373818e-06
-4.828655897439721518e-06,-1.743674481342791056e-06
-3.390408228428116247e-06,-2.305846686644193716e-06
-4.310413142769403097e-06,-2.360475101754989571e-06
-3.275677726514379098e-06,-3.696385116243575010e-06
-5.227287588766832681e-06,-2.362617776042320038e-06
-4.953965197151924025e-06,-3.016414773042564834e-06
-4.250181266973616937e-06,-3.444304772352744909e-06
-3.663246963255589788e-06,-4.405041185301126957e-06
-4.178003895506178317e-06,-5.099717008144114536e-06
-5.782235074161371058e-06,-2.960930709602073781e-06
-5.415569745081973435e-06,-3.802297996776444117e-06
-4.974329356372337195e-06,-4.833877643244545933e-06
-4.783334127678437213e-06,-5.768158965728028425e-06
-6.474244056959054251e-06,-3.515185824651128267e-06
-6.276798236414090417e-06,-4.839176761243211173e-06
-5.503256143996274374e-06,-6.369801169183386750e-06
-6.337157927312091434e-06,-6.911657394178963307e-06
-7.253664941032690695e-06,-7.383946645493478272e-06
-7.316597929724374075e-06,-5.136116157417239005e-06
-7.303192339171582689e-06,-3.996533144958529307e-06
-7.104633431338945697e-06,-6.314965188510724473e-06
-8.262068941407910681e-06,-7.739732934506131856e-06
-9.344425061843765956e-06,-7.991407548601488374e-06
-8.178989139140615568e-06,-5.394347619842648928e-06
-8.264930366102318711e-06,-4.347248936831910152e-06
-1.046863667075535037e-05,-8.114127367581449807e-06
-9.187926675437373974e-06,-6.405256522733560119e-06
-9.325651131865593342e-06,-4.543195781296052222e-06
-1.071110832916686620e-05,-6.586909681389909866e-06
-1.176756799319007508e-05,-8.183957290347507746e-06
-1.044943096104847679e-05,-4.585257604163113038e-06
-1.361345702999349093e-05,-8.255161929573307932e-06
-1.212674405404387907e-05,-5.701300839228336496e-06
-1.176318533609738470e-05,-4.518036928777818394e-06
-1.629290353987399541e-05,-8.366196548784996483e-06
-1.493536087623946991e-05,-6.196563093950046498e-06
-1.361477210748093113e-05,-4.429116014270198790e-06
-2.003580319047760844e-05,-8.488506688731493243e-06
-1.812995467457288032e-05,-6.350719625841882526e-06
-1.629306931992223010e-05,-4.326164706414714801e-06
-2.413439070227105907e-05,-8.593048032894741545e-06
-2.205339546641078548e-05,-6.352720783407759834e-06
-2.003539740820226340e-05,-4.213684384394462493e-06
-2.840506409931732189e-05,-8.679815672741588768e-06
-2.624285474026550127e-05,-6.355453263181334449e-06
-2.413359850743346767e-05,-4.115241831434656460e-06
-3.281633989972134379e-05,-8.748825420616661460e-06
-3.058936903090246303e-05,-6.358139044842646927e-06
-2.840406514271308363e-05,-4.033948199608791026e-06
-3.733499431533234588e-05,-8.800497179176568988e-06
-3.505986127866921097e-05,-6.360558864321042847e-06
-3.281541113937021264e-05,-3.969931114787769326e-06
-4.192996150204939763e-05,-8.836456525305573664e-06
-3.962166662250107493e-05,-6.362707109164316277e-06
-3.733419585003668067e-05,-3.922658465012711574e-06
-4.657416559644485292e-05,-8.859157118747516219e-06
-4.424545978261539670e-05,-6.364607617214642396e-06
-4.192933583898007045e-05,-3.890805572558135812e-06
-5.124635219322980429e-05,-8.872063400151294850e-06
-4.890669175869279719e-05,-6.366149686161314829e-06
-4.657364344925137597e-05,-3.871655618931260495e-06
-5.593196459861191322e-05,-8.877999848370176096e-06
-5.358767867189104527e-05,-6.367153472616282952e-06
-5.124610359048801823e-05,-3.861369824677684601e-06
-6.597898874620667872e-05,-8.604444261979959189e-06
-6.531282012685186143e-05,-8.880370257595014946e-06
-5.803241664153357986e-05,-6.367781731050973755e-06
-6.062212146216927817e-05,-8.879929343588037932e-06
-5.593168225883412160e-05,-3.857102813941294825e-06
-6.625492363375307787e-05,-7.938287670312969607e-06
-6.467847590429971229e-05,-6.368058913143897764e-06
-6.062200975132530669e-05,-3.855939376528492982e-06
-6.625484298113942122e-05,-4.797874448232543475e-06
-6.531271971812027991e-05,-3.855778715597793898e-06
-6.597889919582749531e-05,-4.131710326380304401e-06
