Size 192,2
-8.814678215705717284e-05,1.222493384520910141e-05
-8.848140424083777967e-05,1.141696434027242607e-05
-8.848129324749672887e-05,7.608281490457203871e-06
-8.814665056738633171e-05,6.800265194593000654e-06
-8.733889939151944035e-05,1.255962192897705073e-05
-8.582381307929621455e-05,9.512572299424928247e-06
-8.733872748115307279e-05,6.465552290859997552e-06
-8.165098039332700645e-05,1.256057471354531360e-05
-8.165063313175155424e-05,6.464003185550452280e-06
-7.850887215517777747e-05,9.512010819086198427e-06
-7.595751435560155901e-05,1.256406044739112837e-05
-7.595680103278443088e-05,6.459173598698868326e-06
-7.310701472596075625e-05,9.511193662772285439e-06
-7.025334594260758815e-05,1.256859293302603602e-05
-7.025229853706162588e-05,6.452900843885754495e-06
-6.739695584711729367e-05,9.510214697299918560e-06
-6.453840985344325523e-05,1.257103973474855090e-05
-6.453706300615073442e-05,6.448343420460421820e-06
-6.167821283567711664e-05,9.509007630554554031e-06
-5.881948639024696076e-05,1.256745969088380482e-05
-5.881854211473619729e-05,6.449784339445400104e-06
-5.596189097409849720e-05,9.507901194153060490e-06
-5.311189397474082606e-05,1.255383203769065292e-05
-5.311137151517997539e-05,6.461090906999397769e-06
-5.026694456923979672e-05,9.506794775558320470e-06
-4.743806557463426646e-05,1.252658757396957000e-05
-4.743761325138976681e-05,6.485627848452106810e-06
-4.461886364345496106e-05,9.505543106306746384e-06
-4.182607961517791707e-05,1.248314625571793553e-05
-4.182566534548752676e-05,6.526482994295757688e-06
-3.904843090921092451e-05,9.504323567553663341e-06
-3.630884483297178774e-05,1.242183452345827383e-05
-3.630836479657291883e-05,6.585682714937434317e-06
-3.359008421128435750e-05,9.503122755437291955e-06
-3.092078427219947898e-05,1.234209918991424023e-05
-3.092001758804391131e-05,6.663375237456168193e-06
-2.838310974652173818e-05,9.501278992959837419e-06
-2.590233387334794134e-05,1.224725918506043252e-05
-2.590108087232003206e-05,6.759238331620418429e-06
-2.405749907796131420e-05,9.709705631419109537e-06
-2.223000678361432538e-05,1.215876907137222745e-05
-2.222699110227890771e-05,6.848498654621218346e-06
-1.964108579180556189e-05,1.208233290625990705e-05
-2.012320690347150516e-05,1.038967149986072595e-05
-1.963695275088360879e-05,6.905009924171735888e-06
-1.780099405201134128e-05,6.965090994437056051e-06
2.688598631996531494e-06,7.981639071481089581e-08
2.741640042027868573e-06,-4.765631215325662276e-08
2.741388362313476782e-06,-5.227865640895861895e-07
2.688604311125677715e-06,-6.486498439379596985e-07
-1.779555408482235741e-05,1.202892367198013500e-05
-1.616720997289009117e-05,1.188773957552873470e-05
-1.740963206773846588e-05,8.867501738082354015e-06
-1.615037867826097206e-05,6.885408199236899826e-06
2.561673810809372213e-06,1.324679954056402408e-07
2.433709242696060709e-06,-3.887235771763136217e-07
2.562652576885540298e-06,-7.013037235354974243e-07
-1.563689382776708818e-05,1.033702097606441278e-05
-1.458790759511048384e-05,1.155404230556850594e-05
-1.309062524966644561e-05,1.106584584025951761e-05
-1.514844312746828211e-05,8.242976936026568757e-06
-1.460085124634035796e-05,6.546136218519925529e-06
1.701166297645219453e-06,1.457706003517328338e-07
1.700264102378001857e-06,-7.173775056424858569e-07
1.254319647888690889e-06,-2.861946708173495215e-07
-1.169589479878840819e-05,1.040715014579926702e-05
-1.288090131236241352e-05,9.496291100883788607e-06
-1.339366408542829568e-05,7.558158141259789661e-06
-1.318148912275329102e-05,5.970262040912316087e-06
7.700418720302867150e-07,2.258809637656367414e-07
7.701439262985968357e-07,-7.983919500660419650e-07
2.186820756992955052e-07,-2.862969751902701769e-07
-1.040400274461882156e-05,9.620170927304390519e-06
-9.248106222239810631e-06,8.717423137042527970e-06
-1.161683890782766733e-05,7.262857388956519964e-06
-1.192838174813306917e-05,5.175917153013498884e-06
-4.147223300528100480e-07,4.004681660314102611e-07
-4.147971043902072324e-07,-9.731319200647550427e-07
-9.542646097629134302e-06,7.353001470805617467e-06
-8.233591491794382206e-06,7.698681623436838203e-06
-1.002855911980543986e-05,5.843985456147020404e-06
-1.086990409678432576e-05,4.220020737816258108e-06
-1.112899698137240443e-06,-2.861140239892612084e-07
-1.944235609237482896e-06,6.537607475214893953e-07
-1.942746653736229375e-06,-1.227789355300265081e-06
-7.347357755024498223e-06,6.599084925362849757e-06
-6.626847382800409664e-06,5.455679044649614052e-06
-6.062915276411939167e-06,4.251308877780354698e-06
-9.044949327484841129e-06,4.507749590190882001e-06
-1.002570321350542975e-05,3.148614749013516790e-06
-2.612322086621063435e-06,-2.830224914481174727e-07
-3.434215215525965859e-06,9.045799624687092138e-07
-3.434534872917021773e-06,-1.489376345575211541e-06
-7.274726257359984610e-06,4.246360663861498408e-06
-5.638398692898535096e-06,3.020920168023922383e-06
-4.787326128815151273e-06,1.118449067799087246e-06
-5.179501057727253218e-06,1.331907312548269349e-06
-5.385313555390763474e-06,1.768225036551513572e-06
-8.362940987522477591e-06,2.993329218704820032e-06
-9.398180420177819943e-06,2.010377833087925627e-06
-4.172850119939551287e-06,-1.079295560695662916e-07
-4.799484673374120210e-06,-1.679953828855933590e-06
-6.479122653418698815e-06,2.152855394458698771e-06
-5.210177510575172269e-06,4.857826343330212458e-07
-5.676522457795652170e-06,1.182195754803340593e-06
-7.878956251372532804e-06,1.658998563787462068e-06
-9.005886112814927066e-06,8.547145692375794662e-07
-5.243837334043188298e-06,-8.748088991745683680e-07
-5.191365712273557861e-06,-1.885227886711626375e-06
-6.736655055015028411e-06,1.973573427046413435e-07
-8.868608962124413254e-06,-2.964332445173689185e-07
-8.975153804142801904e-06,-1.426059779536368677e-06
-6.053009322768633316e-06,-1.614059027518371729e-06
-5.420262438596782907e-06,-2.323838932805345241e-06
-5.700739603967736930e-06,-3.531911854045124861e-06
-7.841258040375166180e-06,-1.570827082737406814e-06
-6.121099480150860332e-06,-4.705584253853380449e-06
-9.323369804389593343e-06,-2.568027121403193016e-06
-6.788735654307618502e-06,-3.573035467578853362e-06
-8.395830822760434354e-06,-3.664588088800961151e-06
-6.683267567420618574e-06,-5.827061226536593077e-06
-9.889939501759695373e-06,-3.666410407527097923e-06
-9.417467404402980969e-06,-4.754239615810194181e-06
-8.300486808243975965e-06,-5.437522898551657185e-06
-7.376489482298743630e-06,-6.901090976998778229e-06
-8.210087565586613581e-06,-7.905957779927115292e-06
-1.066835408984410900e-05,-4.682804979807656754e-06
-1.010560809428451180e-05,-5.981635622244285447e-06
-9.442523524713410121e-06,-7.508018000988924536e-06
-9.159691501326150173e-06,-8.827872491375488918e-06
-1.163170021138557361e-05,-5.578619251766788325e-06
-1.133998855297753006e-05,-7.500128434701882844e-06
-1.022835860166440782e-05,-9.639155172030144619e-06
-1.140680592262388115e-05,-1.033656360486675522e-05
-1.266959540294062484e-05,-1.090940318607940893e-05
-1.277165412776251704e-05,-7.914320199622031224e-06
-1.276097542433899877e-05,-6.320765587096330839e-06
-1.248632895459206332e-05,-9.510715578777929273e-06
-1.401079864611953681e-05,-1.133053500311053378e-05
-1.541031141973011836e-05,-1.160254553777744474e-05
-1.392303163435003183e-05,-8.270760437076987701e-06
-1.403194285776396548e-05,-6.865747250215554059e-06
-1.684159540167376513e-05,-1.171158334722132766e-05
-1.523755097106598020e-05,-9.587327656141412193e-06
-1.540361154062071266e-05,-7.190578510690278911e-06
-1.715562411662071711e-05,-9.806364283758007208e-06
-1.844555252155999898e-05,-1.174379841053152171e-05
-1.683257849972717401e-05,-7.288626466763552825e-06
-2.067906586321845348e-05,-1.177596020566845040e-05
-1.890304010010147740e-05,-8.715748721674478216e-06
-1.844372231318196985e-05,-7.256960583235588653e-06
-2.381230820125809205e-05,-1.182486601123365374e-05
-2.224800583006883713e-05,-9.319312752586278472e-06
-2.067976906223476660e-05,-7.215949375536515627e-06
-2.803698060322001710e-05,-1.187622254244943371e-05
-2.591018594117989058e-05,-9.498840477738709065e-06
-2.381254219302091698e-05,-7.169496141195213150e-06
-3.252133096958816425e-05,-1.191743638382114421e-05
-3.026656728524614338e-05,-9.498763403328868086e-06
-2.803706976563089719e-05,-7.120840082612138002e-06
-3.707255889469793730e-05,-1.194983234522094880e-05
-3.478692301629687344e-05,-9.499029276250060987e-06
-3.252122635517578942e-05,-7.080315323713324981e-06
-4.167536083657035704e-05,-1.197406939112329738e-05
-3.936646438914869265e-05,-9.499321680697216241e-06
-3.707245514694913524e-05,-7.048585951880146130e-06
-4.631593643054085008e-05,-1.199144878963860771e-05
-4.399027983265225278e-05,-9.499567706362303969e-06
-4.167524731902106039e-05,-7.024809224860945106e-06
-5.098251929876748098e-05,-1.200250833673548932e-05
-4.864581736906456168e-05,-9.499639283116816804e-06
-4.631593894235104081e-05,-7.007812641337198378e-06
-5.566442790472603746e-05,-1.200813539119431827e-05
-5.332173050762286439e-05,-9.499419725818769502e-06
-5.098259001631738640e-05,-6.996577688569255710e-06
-6.035272758111237063e-05,-1.200917497394441791e-05
-5.800826485044202423e-05,-9.498936400332712556e-06
-5.566458307643992162e-05,-6.990248899980267034e-06
-6.504014992043926355e-05,-1.200729652276379003e-05
-6.269711158067663691e-05,-9.498348357816759299e-06
-6.035292643002125357e-05,-6.988093367469513996e-06
-7.506600717293229470e-05,-1.172855605712879218e-05
-7.440148620805590743e-05,-1.200384656428572548e-05
-6.713850701627327845e-05,-9.497928131014391750e-06
-6.972284490774756046e-05,-1.200478632035865933e-05
-6.504031281577916707e-05,-6.988936426658245303e-06
-7.534125566691315967e-05,-1.106398111953858768e-05
-7.376902621447429447e-05,-9.497706081845753149e-06
-6.972288302474973659e-05,-6.990821634366814783e-06
-7.534124018438068083e-05,-7.931435571989930327e-06
-7.440148485338567944e-05,-6.991593592810741556e-06
-7.506599490957195067e-05,-7.266876371972640082e-06
