Size 192,2
7.047372166810140452e-05,-1.085108745084780562e-05
7.071829962170319021e-05,-1.026046362395962748e-05
7.071831400139424518e-05,-7.476669733337857863e-06
7.047373493081252429e-05,-6.886034984760382821e-06
6.988322237687427457e-05,-1.109576030354778576e-05
6.877613255751614525e-05,-8.868570770588851955e-06
6.988322918913478774e-05,-6.641357897677572685e-06
6.572604618722948375e-05,-1.109768221100971506e-05
6.572610396458975889e-05,-6.639509019789868727e-06
6.342881993996561793e-05,-8.868614920812024238e-06
6.156131850470403157e-05,-1.110448759641119347e-05
6.156132261194645046e-05,-6.632751507725944299e-06
5.947319637784710065e-05,-8.868576354601899578e-06
5.737831377246569743e-05,-1.111564917286285298e-05
5.737815755602593656e-05,-6.621671330248114196e-06
5.527855386692720436e-05,-8.868631813915971461e-06
5.317104514999500606e-05,-1.112844290609719496e-05
5.317091728177245145e-05,-6.609124544319181553e-06
5.105864373084012222e-05,-8.868770897676234150e-06
4.894007609490074834e-05,-1.113859590205164712e-05
4.894027840249080802e-05,-6.599378373739231995e-06
4.681849858070674084e-05,-8.869063890495441018e-06
4.469392353466750345e-05,-1.114338752042602491e-05
4.469442269160468881e-05,-6.595057183894261785e-06
4.256893846135107953e-05,-8.869476387865115783e-06
4.044493639269390839e-05,-1.114169306817966695e-05
4.044543184363874616e-05,-6.597393463508639301e-06
3.832301674316500621e-05,-8.869964427515010871e-06
3.620703660008908981e-05,-1.113201629724036977e-05
3.620706336743390697e-05,-6.607885265806301775e-06
3.409512982157723301e-05,-8.870297318641796254e-06
3.199509438149858936e-05,-1.111345119446963590e-05
3.199481508885365627e-05,-6.627236360463364736e-06
2.990209471117648900e-05,-8.870445361913060361e-06
2.782705162367753434e-05,-1.108575424745139610e-05
2.782647504570535938e-05,-6.655332826711357651e-06
2.584474504164165063e-05,-8.870165981190800475e-06
2.388408082696348331e-05,-1.105116320817426825e-05
2.388321310952720887e-05,-6.690827677714468780e-06
2.241974213611395240e-05,-9.038666477607923815e-06
2.094493274504251733e-05,-1.102002622042215125e-05
2.094368184122754481e-05,-6.722357620327716419e-06
1.883476395637744696e-05,-1.099531096155020449e-05
1.924000400228364797e-05,-9.597999856897519239e-06
1.883386079337004559e-05,-6.741001224305941224e-06
1.731504617893164628e-05,-6.759231617234863852e-06
-2.905235109690080634e-06,1.676841114671913587e-07
-2.962711348213992396e-06,3.057111510498655133e-07
-2.962484913179652111e-06,8.206166746248314865e-07
-2.905266014006460864e-06,9.570994385555580975e-07
1.731294178467849185e-05,-1.097921104414121277e-05
1.594408158213416393e-05,-1.088727789339481317e-05
1.700236763829213803e-05,-8.343196296222984092e-06
1.594224338522285157e-05,-6.657431044878182107e-06
-2.767766381023520744e-06,1.107349001738459948e-07
-2.628975460522730788e-06,6.755747679697017290e-07
-2.768698093970975494e-06,1.014286068228139685e-06
1.550660456439193310e-05,-9.589213627991894227e-06
1.460018850051125531e-05,-1.063866130518751109e-05
1.330244957752918178e-05,-1.024580489981698985e-05
1.509648758225771344e-05,-7.804708549235153699e-06
1.462559295516495390e-05,-6.324366330632565482e-06
-1.835310371653408478e-06,9.729919018585704557e-08
-1.834030366733002589e-06,1.032428038819680047e-06
-1.351151775581011827e-06,5.659667816457677029e-07
1.206649541838092481e-05,-9.707514744237580811e-06
1.312971097028060807e-05,-8.897740018484334774e-06
1.357943328540073075e-05,-7.200393735169880458e-06
1.339936660581960843e-05,-5.773429417717337750e-06
-8.270308185481586067e-07,1.223255533335077246e-08
-8.265660164436347996e-07,1.121598643491383333e-06
-2.296681284548671251e-07,5.679171258496678212e-07
1.090442756159528594e-05,-9.039317297848729093e-06
9.834516714042737781e-06,-8.249697430541812429e-06
1.200693564533006650e-05,-6.933482044231243662e-06
1.229821750918069853e-05,-5.021697140430146124e-06
4.563008811226607429e-07,-1.754995868068832781e-07
4.569295422322908272e-07,1.313415975404516706e-06
1.010562769315361434e-05,-7.023034677492362294e-06
8.868213058672096716e-06,-7.345993508837932648e-06
1.056123419713537286e-05,-5.629661093149724794e-06
1.135320090033522798e-05,-4.099960540514658206e-06
1.213798603802284241e-06,5.697327405780936273e-07
2.115127410276448674e-06,-4.481132636895681840e-07
2.114454520369696023e-06,1.591586238425036883e-06
8.012118681658160079e-06,-6.345218200490040528e-06
7.282426710673776222e-06,-5.264682599473877507e-06
6.682842980654943076e-06,-4.109637805785231971e-06
9.632035085361699548e-06,-4.367547415974300339e-06
1.059000083592226895e-05,-3.040855115093083727e-06
2.840379987288904601e-06,5.686995159533719958e-07
3.731206953324662728e-06,-7.175760711140888121e-07
3.731597193215585415e-06,1.874827993754084461e-06
7.903761764248148713e-06,-4.113545445908630962e-06
6.218551380174827896e-06,-2.896677683210931302e-06
5.213910090709676531e-06,-9.477743538444508572e-07
5.654747915727820368e-06,-1.173457259714758095e-06
5.900008890897895693e-06,-1.628073104222890556e-06
8.978948737664818155e-06,-2.883997179886855223e-06
1.002777975333772525e-05,-1.885935321994037348e-06
4.533065702704299583e-06,3.816945014601428606e-07
5.191351007191520729e-06,2.078001543341581744e-06
7.061557556049288906e-06,-2.032510542919289451e-06
5.670978098704978281e-06,-2.668660361905059953e-07
6.193273612067954968e-06,-1.014826678758686572e-06
8.498743104413170095e-06,-1.526196120563503070e-06
9.690249754562997231e-06,-6.778626288007392751e-07
5.677230056175271671e-06,1.202457747280668882e-06
5.596729053789361401e-06,2.301751314612372134e-06
7.307340954844309331e-06,1.630335079978420492e-08
9.590148334092404606e-06,5.521870088997885638e-07
9.773878875065148113e-06,1.791060000654254441e-06
6.535168740997583123e-06,1.996675118633757709e-06
5.826741956494118989e-06,2.792362044697145492e-06
6.097583661460212260e-06,4.168116951575231226e-06
8.510934525100638415e-06,1.931782562506936864e-06
6.530900320579125649e-06,5.544810159689716005e-06
1.022459905871894895e-05,3.057586665669962798e-06
7.319572224083397399e-06,4.202319003333547164e-06
9.168409576159271176e-06,4.310010548219677957e-06
7.154699831459820516e-06,6.877922506302717658e-06
1.093788692482813853e-05,4.313448950258287422e-06
1.039241244177962388e-05,5.590610058831241874e-06
9.055260468192547212e-06,6.406333045304673821e-06
7.945470298521600379e-06,8.189739170615412760e-06
8.936061687242225502e-06,9.442442957703957521e-06
1.192289889744429624e-05,5.497100190019382983e-06
1.123989815338833594e-05,7.070868740538740094e-06
1.042799046249008761e-05,8.954089354137164793e-06
1.007943463377932469e-05,1.061555993012552242e-05
1.314499645456854840e-05,6.562450449871541413e-06
1.278562480349082288e-05,8.953291187745127057e-06
1.139697538798940741e-05,1.165824689106674491e-05
1.288075653257680557e-05,1.257327222643845158e-05
1.448788647694836804e-05,1.334487977420012892e-05
1.460908470297011383e-05,9.477864878334213997e-06
1.459063485652754644e-05,7.462977038630820465e-06
1.424245470356897503e-05,1.152457786512460386e-05
1.622176678001259500e-05,1.391819234273108045e-05
1.805303147814923433e-05,1.430391843533669266e-05
1.609546678283376787e-05,9.931307352431898380e-06
1.623896495154766810e-05,8.122757128919795501e-06
1.993879399377173269e-05,1.447385539711213140e-05
1.781039409291660562e-05,1.164794151398149607e-05
1.803429524139192920e-05,8.506982377425778005e-06
2.034970006109239294e-05,1.194317812364975877e-05
2.207979801299975289e-05,1.454698185041518657e-05
1.991814811980772098e-05,8.610855145559153796e-06
2.508675599396747682e-05,1.462004547661646804e-05
2.268274326559517303e-05,1.048667035482890193e-05
2.207538915356596407e-05,8.539148406995487916e-06
2.936381721963391339e-05,1.473013701024134087e-05
2.721603434406750518e-05,1.129573036425338116e-05
2.508824243396391997e-05,8.446393712949657967e-06
3.520760924078984667e-05,1.484523369749604655e-05
3.225342105723210805e-05,1.154044608099723555e-05
2.936399654265702900e-05,8.342752692031313010e-06
4.147845443848257701e-05,1.493823462947238743e-05
3.831482882245053096e-05,1.154119324627546104e-05
3.520730737100192506e-05,8.235121956814625216e-06
4.789902725946122540e-05,1.501246652762166381e-05
4.466590257150362682e-05,1.154288427431912006e-05
4.147782763230644786e-05,8.145769510869137694e-06
5.443804688408762535e-05,1.507024177856769998e-05
5.115084352640466707e-05,1.154458939148171751e-05
4.789846460514502727e-05,8.075062411144267609e-06
6.106740509318469440e-05,1.511423810558451257e-05
5.773940969526429032e-05,1.154628322920958553e-05
5.443755657769816931e-05,8.020597845909851914e-06
6.776338707107923073e-05,1.514674076641956426e-05
6.440563886118535271e-05,1.154797906242209418e-05
6.106689680234585942e-05,7.980079548651001546e-06
7.450684277075080443e-05,1.516965321049223890e-05
7.112829643466117449e-05,1.154953977017704701e-05
6.776290502601702524e-05,7.950761034603808354e-06
8.128123148428098598e-05,1.518417595469188282e-05
7.788979516178475037e-05,1.155095620206912824e-05
7.450630728744784160e-05,7.930897647176089884e-06
8.807360475834416003e-05,1.519275777220133059e-05
8.467501920573177040e-05,1.155200586249904808e-05
8.128077410501242581e-05,7.918823283737328803e-06
1.026486139983734359e-04,1.479784090980755705e-05
1.016820779509791743e-04,1.519816805394888238e-05
9.111953441137774640e-05,1.155260968787136336e-05
9.487599295617758343e-05,1.519711930516887527e-05
8.807343968412744014e-05,7.911953745391439379e-06
1.030489708287769682e-04,1.383134425937021752e-05
1.007616748311220874e-04,1.155313801009362764e-05
9.487587497311443128e-05,7.908613205125797430e-06
1.030489960898766175e-04,9.274939899853857405e-06
1.016820607951873589e-04,7.908048986914201770e-06
1.026486288029297933e-04,8.308398672192615495e-06
