Size 192,2
7.674627724653965036e-05,-1.261778909058125237e-05
7.700773744716335586e-05,-1.198655981763092347e-05
7.700736253301383900e-05,-9.010835065779898616e-06
7.674585799993487840e-05,-8.379602671758649553e-06
7.611503828555892610e-05,-1.287924674997796512e-05
7.493077654532128047e-05,-1.049864892723132033e-05
7.611456944972237184e-05,-8.118146230131474363e-06
7.167046332744736871e-05,-1.287889026693154280e-05
7.166985389589474191e-05,-8.118607552063103052e-06
6.921680833377363742e-05,-1.049892141104745526e-05
6.722726161722839488e-05,-1.287780794620093188e-05
6.722671081336961359e-05,-8.120490421659591639e-06
6.500629764687162126e-05,-1.049910527826800363e-05
6.278805236195515390e-05,-1.287463505593526344e-05
6.278772731292567256e-05,-8.123864838398108854e-06
6.057049231962430849e-05,-1.049941206431336274e-05
5.835721537951315125e-05,-1.286959932752370542e-05
5.835635539614276020e-05,-8.129352902429251817e-06
5.614475376096680665e-05,-1.049963772933407507e-05
5.393789322648503444e-05,-1.286316565533723131e-05
5.393692071568221652e-05,-8.136320293142815848e-06
5.173219440772590524e-05,-1.049993835297428211e-05
4.953211427756736858e-05,-1.285669682793644289e-05
4.953126838126906931e-05,-8.143484860034932242e-06
4.733300750038651079e-05,-1.050019120609079551e-05
4.513854197472714889e-05,-1.285142039518123273e-05
4.513813933515085312e-05,-8.149374938386657618e-06
4.294479595850162477e-05,-1.050045035437590708e-05
4.075392034083327551e-05,-1.284830528658753021e-05
4.075390835588560716e-05,-8.153163262842426847e-06
3.856312573173358769e-05,-1.050069821930374231e-05
3.637295509256896036e-05,-1.284775115165421054e-05
3.637355015338837995e-05,-8.154375809002024445e-06
3.418308154706144273e-05,-1.050105904347002526e-05
3.199171361470459958e-05,-1.284905262950457873e-05
3.199262077725243233e-05,-8.153538773406922134e-06
2.988918417178213532e-05,-1.050146602524797319e-05
2.778428492859728408e-05,-1.285158754529466491e-05
2.778498501727020702e-05,-8.151620056538117415e-06
2.620640953018226707e-05,-1.068573331727996522e-05
2.459324534368454335e-05,-1.285408836282252089e-05
2.459351012786788868e-05,-8.149733593162656025e-06
2.226863866928757880e-05,-1.285599018757411756e-05
2.272423940285274072e-05,-1.130532359757169974e-05
2.226875174310195916e-05,-8.148844344353837576e-06
2.057777911605920823e-05,-8.147983237959836378e-06
-3.583151878961789378e-06,1.794289262594269294e-07
-3.654105052533162341e-06,3.498080566661737537e-07
-3.653783045209372436e-06,9.854292676926905128e-07
-3.583138721064108756e-06,1.153912242678579502e-06
2.057799107829525725e-05,-1.285722853503587372e-05
1.904025718958451041e-05,-1.277072509236071442e-05
2.023706625915298291e-05,-9.914575141279423722e-06
1.904431568132840098e-05,-8.013028778947421784e-06
-3.413444618386979782e-06,1.091290174196206708e-07
-3.242012820586768062e-06,8.063779778470286778e-07
-3.414533999670811413e-06,1.224508921523142743e-06
1.855373739209518620e-05,-1.131780296744792431e-05
1.752201849300295209e-05,-1.251023571627839057e-05
1.604260513027867650e-05,-1.207865292475611665e-05
1.809221111539222279e-05,-9.303187044980446715e-06
1.755656560218735195e-05,-7.613521420546012917e-06
-2.262050359310369324e-06,9.282334370196668028e-08
-2.260427297804341018e-06,1.246895818813755721e-06
-1.664579811510570334e-06,6.713041183814736144e-07
1.462123655212803529e-05,-1.148195914979832291e-05
1.585005042772412925e-05,-1.054996677562698995e-05
1.636441488116755885e-05,-8.609886132655917350e-06
1.616020318680576402e-05,-6.961439927596629314e-06
-1.018208589443476355e-06,-1.115514583901497096e-08
-1.017551055346551055e-06,1.356330599504129418e-06
-2.819176357813527649e-07,6.739757001471733210e-07
1.327659078721723749e-05,-1.072744879076933900e-05
1.202598033308089869e-05,-9.824836008158231373e-06
1.455663350339121040e-05,-8.300479422354768399e-06
1.489758523250438112e-05,-6.076576930364886059e-06
5.627504485963958622e-07,-2.406372412040301333e-07
5.636154687126809074e-07,1.591515860541138503e-06
1.234196376951133169e-05,-8.407530927481819902e-06
1.088547264540591342e-05,-8.786016394643509774e-06
1.287656760358926387e-05,-6.782109199495932556e-06
1.380717575038773361e-05,-4.985234923161243611e-06
1.494738801653126030e-06,6.765589595720102434e-07
2.602978244384226177e-06,-5.747599255898196259e-07
2.602288786110525763e-06,1.932898836171557381e-06
9.870183876157508657e-06,-7.624445274069752230e-06
8.991784450415961954e-06,-6.354114686887719312e-06
8.258795028603893609e-06,-4.989234844630483255e-06
1.178268026598434266e-05,-5.298420595537578163e-06
1.292241049551107321e-05,-3.721020308359247858e-06
3.494638604316517818e-06,6.756392152477256826e-07
4.589372250927999533e-06,-9.053843347977195063e-07
4.589785952918797337e-06,2.280340704304055032e-06
9.726133400162005182e-06,-4.997265072993736437e-06
7.686126824311361567e-06,-3.542754215385689491e-06
6.418424327486505314e-06,-1.188543977682924868e-06
6.966953820620750788e-06,-1.464156731087463302e-06
7.277393987849441362e-06,-2.016278173641530462e-06
1.101015802503995766e-05,-3.532781164594913320e-06
1.227283492015911777e-05,-2.330908394947658506e-06
5.575286011452617964e-06,4.465820708427067371e-07
6.375911350134427625e-06,2.528665288528389215e-06
8.697409448354934242e-06,-2.508697470205271386e-06
6.980023652176678277e-06,-3.531602146812627787e-07
7.629539847353488646e-06,-1.270568911192341007e-06
1.043530592874940242e-05,-1.896894689352413884e-06
1.188922493352736287e-05,-8.632223087877077963e-07
6.975187631469829127e-06,1.451220523490261808e-06
6.865932446097535789e-06,2.804039059541844947e-06
8.986510561171485992e-06,-1.692078401781669987e-08
1.178397537893041360e-05,6.411062971662929648e-07
1.203731775224959176e-05,2.169134121894362728e-06
8.022044587806192065e-06,2.423977030331836066e-06
7.140812570759979938e-06,3.413426846357339464e-06
7.458417590743330801e-06,5.132978193418878768e-06
1.046914401230614169e-05,2.335555733103191870e-06
7.979855477505679297e-06,6.872229165767497246e-06
1.262298333934204706e-05,3.737263370457200530e-06
8.979542989550619002e-06,5.169889664502456588e-06
1.130085383584392012e-05,5.304562864218826694e-06
8.750969976774325421e-06,8.563750453969492537e-06
1.354473612050237084e-05,5.308228835865028105e-06
1.285835175593954250e-05,6.922001918553186564e-06
1.115466520707290222e-05,7.960301360494669465e-06
9.738887099075187669e-06,1.024599263652749379e-05
1.099540197152271870e-05,1.186466873954344393e-05
1.482249394081364503e-05,6.797978717667921637e-06
1.394721177541750518e-05,8.810658964403807701e-06
1.290280493165893376e-05,1.123644123228907728e-05
1.245352153670685625e-05,1.339376357858862035e-05
1.641183179504155921e-05,8.148972499391185766e-06
1.594781578600486144e-05,1.123844577199543562e-05
1.414922495038044238e-05,1.475824964339106090e-05
1.607579129623200749e-05,1.596594572629609726e-05
1.817244735277524743e-05,1.699591331795852293e-05
1.832609875538915108e-05,1.192038298419774020e-05
1.830016152889906949e-05,9.299404187428288133e-06
1.784560422001617275e-05,1.459866777523340605e-05
2.044896084711661120e-05,1.776471664065222103e-05
2.286601989706516709e-05,1.829088449079792106e-05
2.027592574255145203e-05,1.251113577706596950e-05
2.046622951670580518e-05,1.014046699617258536e-05
2.536242446732602253e-05,1.853104564688084639e-05
2.253618398128908189e-05,1.477363420429323209e-05
2.283581277426507042e-05,1.062386047580266274e-05
2.590491681962957171e-05,1.516793869901541511e-05
2.821324743133179057e-05,1.864596730066056567e-05
2.533049344405056651e-05,1.074623661121097606e-05
3.223233651290763308e-05,1.876095970618249132e-05
2.901215056407656633e-05,1.322709026419269343e-05
2.820696348020193940e-05,1.063321675457484114e-05
3.798468842116815565e-05,1.893568884294898416e-05
3.508874132219555849e-05,1.430616429214305115e-05
3.223540866554863862e-05,1.048665018466353219e-05
4.589615944801880978e-05,1.912106662378606302e-05
4.188838123766129546e-05,1.463449806928357298e-05
3.798572788504838739e-05,1.032143939274980345e-05
5.443702774994593725e-05,1.927411847614939833e-05
5.011996130031278829e-05,1.463499934279662602e-05
4.589598663270166563e-05,1.014648103117488486e-05
6.323059339722503669e-05,1.939921136268923414e-05
5.879491021719392081e-05,1.463661165158885793e-05
5.443642201055400303e-05,9.997423314685014882e-06
7.222962526726122822e-05,1.949800858322733499e-05
6.769943338776671755e-05,1.463814273432713587e-05
6.323010599562662595e-05,9.875685563399739825e-06
8.138614892990428038e-05,1.957139575565565971e-05
7.678524030383991432e-05,1.463933536701588423e-05
7.222935558508850322e-05,9.779546787936948589e-06
9.065454198646778034e-05,1.962219133524098887e-05
8.600490932434973060e-05,1.464031189685848758e-05
8.138588620777518080e-05,9.708234644908591448e-06
9.999527932747690037e-05,1.965472813677876849e-05
9.531536214760317018e-05,1.464123729509735201e-05
9.065426198591451949e-05,9.659252536274379999e-06
1.093795160057531654e-04,1.967453926906212255e-05
1.046816454484746523e-04,1.464198853862455327e-05
9.999503965934744163e-05,9.628601341828406813e-06
1.187899432691317121e-04,1.968651982700554503e-05
1.140812657265401989e-04,1.464249837803599364e-05
1.093793094594573651e-04,9.610025280343347887e-06
1.389876445840648375e-04,1.913980721069344704e-05
1.376481487560108263e-04,1.969459819293341472e-05
1.230103783958994153e-04,1.464284337754156399e-05
1.282157709502845604e-04,1.969302206788741679e-05
1.187898242037787303e-04,9.598883745298866598e-06
1.395424894279630960e-04,1.780038398109602652e-05
1.363725446162707838e-04,1.464312813825921817e-05
1.282157185557341922e-04,9.592954426690502903e-06
1.395425160566593601e-04,1.148586819068931586e-05
1.376481552352604989e-04,9.591618714581813071e-06
1.389876668803570643e-04,1.014642140227257466e-05
