Size 192,2
5.167635037189973119e-05,-6.434467503709727570e-06
5.189415181454700560e-05,-5.908755472830687240e-06
5.189446584264444264e-05,-3.430269828488662025e-06
5.167670476408415967e-05,-2.904560380219456455e-06
5.115056913435156818e-05,-6.652212935556256318e-06
5.016436823634484819e-05,-4.669519786129286369e-06
5.115097110011869062e-05,-2.686809647373305842e-06
4.744798352144857025e-05,-6.651106268425313897e-06
4.744842346712787668e-05,-2.687322323452102844e-06
4.540494735607583047e-05,-4.668796923160805016e-06
4.374878206071584452e-05,-6.645781556842731266e-06
4.374907325818183965e-05,-2.690953067315366725e-06
4.190271636302114836e-05,-4.668063220683006102e-06
4.006219870350007550e-05,-6.634821490734330357e-06
4.006181378693140474e-05,-2.700152882458097832e-06
3.822560645269345030e-05,-4.666711726746638484e-06
3.639937339167429131e-05,-6.616045215661743710e-06
3.639914848640236786e-05,-2.716119805988284882e-06
3.457978394787410750e-05,-4.665199469141646260e-06
3.277682723007777207e-05,-6.586707818866635152e-06
3.277673551386000813e-05,-2.741973767127124810e-06
3.098416533372156713e-05,-4.663382113326511635e-06
2.921588911764390713e-05,-6.545304022237639557e-06
2.921585901085518505e-05,-2.779397828513250908e-06
2.746196398345623411e-05,-4.661420767972501830e-06
2.574055104457190855e-05,-6.492131579101994153e-06
2.574029488386957507e-05,-2.828352076107718138e-06
2.403648697360289628e-05,-4.659289205206123908e-06
2.237142253157951486e-05,-6.428979568360392384e-06
2.237070673525106177e-05,-2.886804404905133825e-06
2.072544973379853068e-05,-4.656809764324870472e-06
1.912393135243400379e-05,-6.357579818022992892e-06
1.912248116158844484e-05,-2.952837050495490407e-06
1.754288451760683542e-05,-4.653852188113395922e-06
1.601103936128861510e-05,-6.278466327418143361e-06
1.600893873846808975e-05,-3.026183548246966395e-06
1.456126871702721321e-05,-4.650045971316096127e-06
1.316263980366907011e-05,-6.193600452566478514e-06
1.316025644098496250e-05,-3.107356213939617434e-06
1.212577245130533603e-05,-4.763572949793087572e-06
1.111405113076072664e-05,-6.119287741454662202e-06
1.111059322649214538e-05,-3.178170039347140538e-06
9.689750447445516767e-06,-6.057981175145244406e-06
9.949185346653415999e-06,-5.133586887922223046e-06
9.685944424639778474e-06,-3.221009925938356712e-06
8.686317245189648071e-06,-3.265764580776061730e-06
-1.178795119699562417e-06,-2.980732215497328640e-10
-1.202549332118323876e-06,5.677060859142102886e-08
-1.202437053657050408e-06,2.696740114748099270e-07
-1.178782590501870406e-06,3.260907115254161406e-07
8.682761527727180323e-06,-6.016113480518554914e-06
7.804326814757377092e-06,-5.928573220334705204e-06
8.468976569366174631e-06,-4.299470957838932430e-06
7.790214407765782827e-06,-3.234935494420956681e-06
-1.121953320082668388e-06,-2.385917466873215251e-08
-1.064506088779769205e-06,2.096420448748882540e-07
-1.122321850661274276e-06,3.497081041480377255e-07
7.514858587689833429e-06,-5.088555462413290544e-06
6.958064619991889991e-06,-5.735630957210525956e-06
6.164370506144845345e-06,-5.464761203658365407e-06
7.251077425403862424e-06,-3.965643227578870773e-06
6.959320046391792222e-06,-3.067985296935022857e-06
-7.363053788552302899e-07,-2.930874015241885841e-08
-7.357600270321125649e-07,3.570795630317728625e-07
-5.360780199202547440e-07,1.643453418181502882e-07
5.434601405869051927e-06,-5.102709176405011039e-06
6.049756226799260611e-06,-4.627253266968977979e-06
6.319353400358096257e-06,-3.604900318975619413e-06
6.205095399566536328e-06,-2.779929828116639028e-06
-3.195480587811883339e-07,-6.395386336571184583e-08
-3.193929983242468321e-07,3.933359734245356168e-07
-7.321529237894329501e-08,1.650412791389989619e-07
4.764740252284645630e-06,-4.679106869616206357e-06
4.176125736708800450e-06,-4.201411041230158172e-06
5.388524526095804065e-06,-3.450888040493505208e-06
5.544942539136148151e-06,-2.380207276690931785e-06
2.088791367344937321e-07,-1.397448688314723524e-07
2.091397555825707488e-07,4.705588952014643130e-07
4.326282707340886329e-06,-3.492826335268879349e-06
3.670653413489741059e-06,-3.667046682188427917e-06
4.570238331735980272e-06,-2.723037294898339838e-06
4.991860607380037794e-06,-1.906438200285220715e-06
5.193047807487580933e-07,1.656422930050790206e-07
8.873870793303826591e-07,-2.490320282182432254e-07
8.867755501613315676e-07,5.817395671082420599e-07
3.233960454538323519e-06,-3.099071195241076499e-06
2.893117437268032911e-06,-2.524446204847685398e-06
2.640261374443459243e-06,-1.926978538304329837e-06
4.076400299561116949e-06,-2.050858241424844364e-06
4.553239833622736773e-06,-1.387269195763750337e-06
1.182840848801174453e-06,1.645657809431595024e-07
1.544356842484804309e-06,-3.565095182376087883e-07
1.544852662259168194e-06,6.948980579453958673e-07
3.213779081973388529e-06,-1.920953050976482086e-06
2.456457081983399495e-06,-1.330719937074620456e-06
2.128212096380120914e-06,-4.467439643908825922e-07
2.290512783939701552e-06,-5.415021359109618463e-07
2.368373614465884484e-06,-7.404047846137242092e-07
3.737119254080539641e-06,-1.312184764856733074e-06
4.223169558362330594e-06,-8.498604992464805243e-07
1.868548942140545067e-06,8.732901517548445003e-08
2.154251152575264233e-06,7.779159501233693360e-07
2.856059205976239559e-06,-9.144452793645390649e-07
2.313431335655406151e-06,-1.677237750700843577e-07
2.506432162757180366e-06,-4.738356816676388496e-07
3.504102288893098707e-06,-6.847312851822619757e-07
4.008080182627504142e-06,-3.218425090215629949e-07
2.345437587533626626e-06,4.280366843091299699e-07
2.336994415257132090e-06,8.659441464205677288e-07
2.984516420671315357e-06,-2.508680348229786188e-08
3.922089808033758057e-06,1.902610881401707580e-07
3.927672486466992170e-06,6.743943115778580132e-07
2.707930699025221700e-06,7.545191947044532648e-07
2.447665794063017229e-06,1.046727810089480296e-06
2.591148118004213473e-06,1.529703624633803795e-06
3.457951769985407667e-06,7.472357981719921213e-07
2.789129731257551027e-06,1.971191022611460497e-06
4.031971694875560722e-06,1.154183711953458393e-06
3.035711830084054823e-06,1.554782444869379769e-06
3.662881043678959653e-06,1.590441586782528770e-06
3.025556024766105327e-06,2.381488607594536504e-06
4.211984347546918738e-06,1.591370896376646550e-06
4.028999859197953615e-06,2.000172856612471876e-06
3.629749561929904378e-06,2.246164714791605538e-06
3.302131387938400001e-06,2.748063149790146261e-06
3.606731793285700557e-06,3.072356715980602220e-06
4.453241372912128838e-06,1.981361304141291469e-06
4.259083463368171613e-06,2.433520396866770459e-06
4.036075308297273830e-06,2.939083266340890123e-06
3.942450757347111496e-06,3.350894431128378633e-06
4.747531312180601768e-06,2.309374451765216802e-06
4.651155397716733364e-06,2.930863239801794953e-06
4.297137622064173975e-06,3.588006053754758060e-06
4.663945377565025294e-06,3.776983150614303526e-06
5.043411288361193631e-06,3.916259762443254492e-06
5.080926231157448915e-06,3.058188036720022487e-06
5.081351261939934969e-06,2.567856377680820578e-06
4.997878511471580209e-06,3.527055972320595226e-06
5.425400617855027864e-06,4.013927009451061826e-06
5.806979544732609771e-06,4.064955099878918557e-06
5.410777736461746096e-06,3.166057201924576829e-06
5.439646951890865353e-06,2.759128254833163395e-06
6.186988603568794976e-06,4.073560768444434206e-06
5.772916754964349371e-06,3.530236002213030521e-06
5.812983645791073653e-06,2.880468842892278105e-06
6.272437778396695919e-06,3.583603599623746076e-06
6.591175328838980168e-06,4.058524625357870623e-06
6.191184385628402428e-06,2.926765511273764877e-06
7.134539268322521961e-06,4.043726247786142241e-06
6.712040013466734268e-06,3.309618482553614764e-06
6.591727126037100323e-06,2.942071315397897948e-06
7.851752008803982835e-06,4.021041060635543637e-06
7.503169855903436900e-06,3.459499730407127817e-06
7.133912574158615899e-06,2.961424804023117131e-06
8.755967090575355970e-06,3.996183381504154562e-06
8.310692716710183921e-06,3.501372509661719676e-06
7.851186295276127918e-06,2.983062888429199137e-06
9.657211627288448159e-06,3.974188463884922607e-06
9.213150978994254887e-06,3.501502811350899902e-06
8.755639863631421501e-06,3.006976080007302924e-06
1.051986625473757051e-05,3.954192593165632107e-06
1.009478147286836211e-05,3.501523838591453172e-06
9.657014189211299724e-06,3.028748340800955546e-06
1.134664860849904053e-05,3.935255896040070942e-06
1.093923259566073566e-05,3.501552642939193956e-06
1.051999827752226830e-05,3.048803323199130055e-06
1.213858134810254077e-05,3.916851790701159857e-06
1.174846176544413786e-05,3.501728992289056346e-06
1.134672393156908906e-05,3.068022595555867075e-06
1.289588614566905998e-05,3.898756634829166347e-06
1.252297175450674511e-05,3.501865407838231287e-06
1.213856896187411140e-05,3.086855593959411981e-06
1.361947794605684612e-05,3.881881070742272964e-06
1.326300063457961139e-05,3.501783284236892254e-06
1.289572783425072345e-05,3.104957465496914943e-06
1.431394641542550594e-05,3.868038872858523416e-06
1.397107066396595123e-05,3.501489259171582148e-06
1.361946633618860763e-05,3.121345698152064906e-06
1.498715459721163181e-05,3.858608291736509866e-06
1.465342601987452066e-05,3.501112709092892060e-06
1.431409553563049013e-05,3.134538522752483312e-06
1.639856412507347523e-05,3.814059652162240906e-06
1.630514198742659789e-05,3.852786315799521385e-06
1.528453141024129614e-05,3.500679296202994481e-06
1.564817388835878335e-05,3.853867379216233112e-06
1.498734858363437707e-05,3.143116605760961287e-06
1.643725648752944257e-05,3.720592165706266935e-06
1.621645244458401773e-05,3.500441245398731852e-06
1.564821145864783982e-05,3.147214434193199923e-06
1.643723569345626332e-05,3.280298735619384719e-06
1.630513452653489797e-05,3.148128300974548822e-06
1.639854610653806408e-05,3.186847187156542163e-06
