Size 192,2
8.029442239357680836e-05,-1.077958105644521575e-05
8.061679644831507019e-05,-1.000151278194088120e-05
8.061716913639858939e-05,-6.333399880904381937e-06
8.029484234687539836e-05,-5.555356621876765790e-06
7.951620976828365113e-05,-1.110184136831172282e-05
7.805656159869860198e-05,-8.167515924276470601e-06
7.951669075057006693e-05,-5.233106609472822758e-06
7.403650072040302769e-05,-1.110018669477492530e-05
7.403715967440649187e-05,-5.234848848543005298e-06
7.101362907000576864e-05,-8.167430096149726464e-06
6.856379446196295959e-05,-1.109345757571710202e-05
6.856448941702324152e-05,-5.241354823831959610e-06
6.583258600953121340e-05,-8.167449372037524288e-06
6.310863994679186725e-05,-1.108123144696198107e-05
6.310910388259831924e-05,-5.253840417754138809e-06
6.038932370398780958e-05,-8.167363111803527273e-06
5.768139921054291763e-05,-1.106258662948656819e-05
5.768249343746993495e-05,-5.272588043010441443e-06
5.498068079531958572e-05,-8.167660302801903825e-06
5.229538224977713941e-05,-1.103719040938198498e-05
5.229653284742799395e-05,-5.298413667660939474e-06
4.961945991093019497e-05,-8.168025833095067997e-06
4.696333590731912867e-05,-1.100457334744234140e-05
4.696438282163002047e-05,-5.331627784178776368e-06
4.431911914912249416e-05,-8.168454969745423124e-06
4.169980615084065709e-05,-1.096363585429235701e-05
4.170052031202838401e-05,-5.373477611319719026e-06
3.909507907910255060e-05,-8.168988392831429203e-06
3.652149533307725361e-05,-1.091276570268556246e-05
3.652181699316007314e-05,-5.425400698131709772e-06
3.396559955505935147e-05,-8.169566972628742113e-06
3.144900930529376216e-05,-1.084931903234764778e-05
3.144871935036771925e-05,-5.490093062328694303e-06
2.895352968489417749e-05,-8.170102946589901931e-06
2.650778275917871840e-05,-1.076925045614592622e-05
2.650691913914297697e-05,-5.571878270947224365e-06
2.418462530472385060e-05,-8.169864150571662630e-06
2.192061962559418786e-05,-1.067089264100531986e-05
2.191968183224438649e-05,-5.675438849729101090e-06
2.023935524702741306e-05,-8.360025036264624292e-06
1.858427276511529080e-05,-1.057433880808542230e-05
1.858175326235761708e-05,-5.776452522584135966e-06
1.625119901296131014e-05,-1.048712341084070978e-05
1.667933029019043852e-05,-8.971796108655512953e-06
1.624704859754477987e-05,-5.843071754490997722e-06
1.460497644341729684e-05,-5.914971010977448694e-06
-2.070136083020438070e-06,-4.351038462000580121e-07
-2.111100666744610231e-06,-3.365368849699421864e-07
-2.110830273884617699e-06,3.043845409094317811e-08
-2.070069891496710320e-06,1.275541614744305457e-07
1.459772733246889844e-05,-1.042490397086745716e-05
1.315373910134763356e-05,-1.028569830526806871e-05
1.424849952995627851e-05,-7.610134361855693663e-06
1.313296713346154781e-05,-5.864739215475008873e-06
-1.972008424681992377e-06,-4.758979744246868904e-07
-1.873189202193664049e-06,-7.347766017760729980e-08
-1.972850303977170270e-06,1.680493858537879210e-07
1.267906950572587684e-05,-8.908158239815900596e-06
1.176261544825163567e-05,-9.972737926931610005e-06
1.045703946491933060e-05,-9.530904120380176553e-06
1.224611007829747445e-05,-7.065463772646800954e-06
1.176684570300969770e-05,-5.591786803756248025e-06
-1.307260446160061961e-06,-4.866795980601527184e-07
-1.306723914187165113e-06,1.796961665420007822e-07
-9.623818917630663028e-07,-1.532047946286510930e-07
9.255628700168396376e-06,-8.939231651988827575e-06
1.026927385914772193e-05,-8.155853497689387726e-06
1.071392373624125674e-05,-6.475459312484044478e-06
1.052724831248720118e-05,-5.119237189589940826e-06
-5.888439205207672408e-07,-5.479065457034536641e-07
-5.886109952295199196e-07,2.422514866736092834e-07
-1.633081174608857374e-07,-1.522918626048346232e-07
8.152342104105902111e-06,-8.246431207531722984e-06
7.181177982123141568e-06,-7.464190347307653661e-06
9.182360008028762002e-06,-6.225251768791530144e-06
9.443033421304351699e-06,-4.461713158610073437e-06
3.249780032532778308e-07,-6.809096583495860656e-07
3.254901098581107187e-07,3.777804059202052900e-07
7.429534173616909296e-06,-6.298861200332520382e-06
6.342548957331196104e-06,-6.588075375233211682e-06
7.835032411051656614e-06,-5.029279999522993972e-06
8.535511404625216328e-06,-3.678644802314345275e-06
8.636352615011479807e-07,-1.509501545536582564e-07
1.503657490927908560e-06,-8.726817623992456336e-07
1.503055413819892103e-06,5.741782109599686861e-07
5.616047929545991301e-06,-5.655978199069260129e-06
5.042315642413983730e-06,-4.707075568715052188e-06
4.607293140061041449e-06,-3.716023332042896728e-06
7.018124470084975850e-06,-3.920393754644795977e-06
7.817006901165709520e-06,-2.813718176937571584e-06
2.018190791427601031e-06,-1.517564452630117227e-07
2.648720615350779291e-06,-1.061117010751630324e-06
2.649958011829200235e-06,7.745428185004446982e-07
5.575615000371057839e-06,-3.707502912920024371e-06
4.286034518778608126e-06,-2.720432133694135265e-06
3.677171960340387874e-06,-1.220095612449343928e-06
3.968778256335795114e-06,-1.383849244629257499e-06
4.114775100517950341e-06,-1.723914208330339674e-06
6.456030054007314624e-06,-2.690354890451349292e-06
7.280581956747855121e-06,-1.908804298721191770e-06
3.215349987977139016e-06,-2.848274635987379430e-07
3.705570065085583235e-06,9.212550109538905306e-07
4.959557407560675770e-06,-2.022221317604387255e-06
4.001075449977833356e-06,-7.338739654607902408e-07
4.347590631839798539e-06,-1.266995351254399014e-06
6.065518757674756562e-06,-1.631066843917320419e-06
6.938297163222159063e-06,-1.006621455364829618e-06
4.042697851005852358e-06,3.074878211569591155e-07
4.015498825921209532e-06,1.077047639152589529e-06
5.172640312801797095e-06,-4.972106142665442688e-07
6.809276376180214764e-06,-1.198669942056516077e-07
6.853961480432361159e-06,7.347691325560224787e-07
4.669658338043309443e-06,8.761562689309168899e-07
4.200098764489348714e-06,1.403163061002629520e-06
4.433349777108505783e-06,2.287659435099454850e-06
6.009541695057428800e-06,8.538901565564631272e-07
4.767869277772090816e-06,3.122067998873950696e-06
7.077917812312988260e-06,1.591288300234075045e-06
5.238251823146079871e-06,2.325543161440924889e-06
6.400776230797797617e-06,2.392046935783099146e-06
5.190144981944456224e-06,3.909114232614586289e-06
7.451178183414133964e-06,2.393893037643818424e-06
7.110807432829634494e-06,3.167101384771477259e-06
6.335950474755488703e-06,3.642572514479604560e-06
5.697376407048465892e-06,4.638774319056172760e-06
6.282336644370587417e-06,5.304461556940224868e-06
7.957927578745462214e-06,3.124169234294401207e-06
7.574246328056202084e-06,4.014588115435156238e-06
7.127469576824377900e-06,5.036811890794387662e-06
6.938275631654566238e-06,5.896826479387396490e-06
8.580473356968398120e-06,3.754208653172931023e-06
8.386129661945081220e-06,5.027127495666146530e-06
7.655340146196562405e-06,6.410410960951442055e-06
8.422847797297393813e-06,6.837303122364113897e-06
9.231659254853167009e-06,7.171589276938201365e-06
9.303023144576879209e-06,5.295943328819944863e-06
9.299022501188885405e-06,4.264350216895416344e-06
9.123581343083590257e-06,6.307056672781938137e-06
1.007020423859578781e-05,7.412308187080144040e-06
1.092688657995753524e-05,7.554741072450779686e-06
1.002494834016796320e-05,5.525596895475603434e-06
1.009022115230427037e-05,4.641322278340693232e-06
1.179245381317253322e-05,7.599203224359634799e-06
1.083461972383995690e-05,6.337221674543369653e-06
1.093011263398432360e-05,4.874660164381390152e-06
1.198440654577289756e-05,6.465189999112722497e-06
1.273866700059303174e-05,7.593107765578737261e-06
1.179342809821189767e-05,4.956167459169291277e-06
1.403411264468294206e-05,7.587036741371314394e-06
1.301457757714146145e-05,5.823840172826043972e-06
1.273833996399562528e-05,4.963557218098958678e-06
1.579887108509102182e-05,7.577454083757294321e-06
1.492864636063816746e-05,6.178571581306486750e-06
1.403318008837590765e-05,4.973624277713243233e-06
1.810812303176591060e-05,7.569450223504576332e-06
1.695599754315540856e-05,6.281972321729986571e-06
1.579810856665500839e-05,4.985304078602224453e-06
2.050248528570245256e-05,7.567336470401432529e-06
1.930618938631139319e-05,6.283607756922174976e-06
1.810756873425989040e-05,4.996148134085145255e-06
2.289631383751996278e-05,7.571214299072976040e-06
2.169830286268011987e-05,6.284901367180711242e-06
2.050208236813889494e-05,5.001245293994961691e-06
2.530114478119139686e-05,7.580232084951105971e-06
2.409592650332108402e-05,6.286026358992150593e-06
2.289600750946718511e-05,4.999804002960546250e-06
2.772501850041960686e-05,7.592390800962556400e-06
2.650923145169173208e-05,6.286997896258778835e-06
2.530077138510723685e-05,4.992897354348382552e-06
3.017301657786422103e-05,7.606311971925796673e-06
2.894457988093927960e-05,6.287705045867707690e-06
2.772474777999982124e-05,4.982235180980141266e-06
3.264743634365101807e-05,7.620471334450963431e-06
3.140568710843436029e-05,6.288296916396704318e-06
3.017275736371855563e-05,4.969597543400169611e-06
3.514735613026257583e-05,7.633033239423140810e-06
3.389338774938955142e-05,6.288659554523777284e-06
3.264732978774245796e-05,4.956474762475506967e-06
3.766806114876549365e-05,7.642285385935383888e-06
3.640482388303511747e-05,6.288863694112444319e-06
3.514733865189050043e-05,4.944593960527655958e-06
4.310075065621374671e-05,7.499236710074334440e-06
4.274033499940665389e-05,7.648491756346743813e-06
3.880164871320627756e-05,6.289077343835811595e-06
4.020183284592040616e-05,7.647270923511511457e-06
3.766799991586001524e-05,4.935756398641216485e-06
4.325004348261745067e-05,7.138871910818331573e-06
4.239690970699397116e-05,6.289313800696153670e-06
4.020176417504620265e-05,4.931123940129784207e-06
4.325001323408491044e-05,5.439779195837009174e-06
4.274028966713077726e-05,4.930141227890085274e-06
4.310071505735010709e-05,5.079403118046694071e-06
