Size 192,2
8.260645360435286543e-05,-1.177535812130016727e-05
8.292827570920778654e-05,-1.099857076072121621e-05
8.292792794454778116e-05,-7.336113827003224889e-06
8.260605689063979724e-05,-6.559270446644518144e-06
8.182952784652556806e-05,-1.209707982651553311e-05
8.037157876335994399e-05,-9.167259204010339008e-06
8.182905614072885777e-05,-6.237522105278541733e-06
7.635858382282129434e-05,-1.209482660448143337e-05
7.635796638399386556e-05,-6.239434582654814290e-06
7.334040620387988489e-05,-9.167094530025641521e-06
7.089588339914270091e-05,-1.208703259812534006e-05
7.089523668545269519e-05,-6.246890065685477638e-06
6.817006738179627525e-05,-9.166707007150527443e-06
6.545286011612483097e-05,-1.207325306750197988e-05
6.545220534157600073e-05,-6.259445092541852311e-06
6.274011790913502353e-05,-9.166218492913748823e-06
6.003921604059204466e-05,-1.205466394383874741e-05
6.003765262920543293e-05,-6.276611399575548431e-06
5.734318976418252019e-05,-9.165288204713974374e-06
5.466302300671857506e-05,-1.203018089688894983e-05
5.466119404974076432e-05,-6.299342439069183407e-06
5.198926892438226761e-05,-9.164072115724371378e-06
4.933601906683386272e-05,-1.199812917790579990e-05
4.933464434315986124e-05,-6.329199765370521219e-06
4.669232585550949248e-05,-9.162670086635836794e-06
4.407457464211434091e-05,-1.195651980654980216e-05
4.407388121751162983e-05,-6.367856687150044004e-06
4.147020703486450015e-05,-9.161146939872842425e-06
3.889712005936712849e-05,-1.190532239799764218e-05
3.889669739789398609e-05,-6.415609867175935031e-06
3.634048996665468600e-05,-9.159416111622948288e-06
3.382065592757341709e-05,-1.184480738240436375e-05
3.382023812124366162e-05,-6.472427328015556704e-06
3.131965739903766195e-05,-9.157608031737416945e-06
2.886125388339373630e-05,-1.177448383621002003e-05
2.886059025110507758e-05,-6.539075788616182212e-06
2.652185594330930856e-05,-9.155254363376396856e-06
2.422967565123001026e-05,-1.169444662849568914e-05
2.422852303104777900e-05,-6.618394199164770618e-06
2.252319106438540377e-05,-9.347859760655207552e-06
2.082775678881500095e-05,-1.161967453184630783e-05
2.082501008811075787e-05,-6.692801007804890996e-06
1.842241154311938088e-05,-1.155415614149493267e-05
1.887210070757207105e-05,-9.979562473814080671e-06
1.841843471620363589e-05,-6.740481941787747117e-06
1.670890603576620842e-05,-6.792012683493109436e-06
-2.526326594385106465e-06,-3.368564481608939541e-07
-2.576877123601149417e-06,-2.152806968917334331e-07
-2.576576427845926898e-06,2.376080019685851890e-07
-2.526276325910836389e-06,3.575097883724978810e-07
1.670470844541823983e-05,-1.150782445733862879e-05
1.518589550422198399e-05,-1.137905532167595692e-05
1.634601742948331137e-05,-8.563458607316513054e-06
1.517081276324333510e-05,-6.713697393196698789e-06
-2.405276889978707177e-06,-3.871320808009388711e-07
-2.283225277145740606e-06,1.095436604164073812e-07
-2.406264130043297202e-06,4.075640098512509219e-07
1.469207378243640438e-05,-9.933885350753472536e-06
1.371158071796633878e-05,-1.107086904085254765e-05
1.231156889026199366e-05,-1.061672303753570848e-05
1.423596647105174670e-05,-7.979640410333679797e-06
1.372380688221065792e-05,-6.393060803331433876e-06
-1.584706595891694814e-06,-4.001247383972301763e-07
-1.584056911309559707e-06,4.219116545651140336e-07
-1.159220087523986411e-06,1.106367652584655041e-08
1.100609317365481923e-05,-1.000302119242069457e-05
1.211596512410327431e-05,-9.150642101805896202e-06
1.259519523755278609e-05,-7.338448607438163943e-06
1.239643240464776403e-05,-5.851219031288274203e-06
-6.986997497574238684e-07,-4.751734269023921349e-07
-6.987063184424431323e-07,4.974073489745686535e-07
-1.751748922188582892e-07,1.121879985284005942e-08
9.795636741386884889e-06,-9.267599389857408476e-06
8.711178582996023653e-06,-8.422603437384996083e-06
1.093157633485925436e-05,-7.061107437714960834e-06
1.122278416603387019e-05,-5.105035754444329908e-06
4.248694348203819327e-07,-6.379708341058132044e-07
4.249302455879713839e-07,6.606202795865011257e-07
8.986940139030105568e-06,-7.144695480032172093e-06
7.759210831989195759e-06,-7.468468738446625691e-06
9.441796109087839152e-06,-5.730233400756468852e-06
1.022994326725323619e-05,-4.207166658763119192e-06
1.084849498285995760e-06,1.122081565492829410e-08
1.868699915966668311e-06,-8.732530214243544154e-07
1.867402006288945150e-06,8.976163606628562650e-07
6.927410195560502642e-06,-6.437176188127314541e-06
6.251108054923667358e-06,-5.364146804438026122e-06
5.722933758713043917e-06,-4.234299590030332938e-06
8.518223269183955703e-06,-4.475997981444512925e-06
9.436929236997142412e-06,-3.201355147475376905e-06
2.498168336911971133e-06,8.558158790407761095e-09
3.269624547903273607e-06,-1.104680758602992021e-06
3.270147415420513725e-06,1.139350055273140632e-06
6.858353669207823578e-06,-4.229727160428321459e-06
5.325933809623285217e-06,-3.080075155245271238e-06
4.535729042121975858e-06,-1.300695436703822607e-06
4.900955785066201742e-06,-1.499098255931511030e-06
5.091673592152082031e-06,-1.906735791602367498e-06
7.877225650548242311e-06,-3.054767055023971020e-06
8.845940515245820807e-06,-2.133757346062070016e-06
3.962748497654663545e-06,-1.551843791637967367e-07
4.550854051273614718e-06,1.314725301970038723e-06
6.113379351256558598e-06,-2.266315016213495561e-06
4.931213156449830587e-06,-7.085343534262625217e-07
5.364572574268005559e-06,-1.358437274586309527e-06
7.422681428436648095e-06,-1.803653936336599423e-06
8.474112886380153731e-06,-1.051380205540665244e-06
4.965664084031782690e-06,5.623544830336975773e-07
4.919690797384977383e-06,1.505078243892564734e-06
6.354733292101995867e-06,-4.359540240832564252e-07
8.341399563413527928e-06,2.491008018299750944e-08
8.431599344781225301e-06,1.077419276270860692e-06
5.721946191590478276e-06,1.252961308087225280e-06
5.135665808416017978e-06,1.910896207835269457e-06
5.402557432542280141e-06,3.026083225882004133e-06
7.380941461472775968e-06,1.214805840506647895e-06
5.798334721342150582e-06,4.102226382038036509e-06
8.744207372171298990e-06,2.138402096491303796e-06
6.409119416238004710e-06,3.066315656327818072e-06
7.888419444963809521e-06,3.150802911409883526e-06
6.320522653824401705e-06,5.127601724076688401e-06
9.254602361146157939e-06,3.152757298617370990e-06
8.819913639098180504e-06,4.150458186596640744e-06
7.801819654523082582e-06,4.773763280328269027e-06
6.960349388417864319e-06,6.102081947473486587e-06
7.722111272749913375e-06,7.008608131214938071e-06
9.953591016128514698e-06,4.087547059395678699e-06
9.442646734938789840e-06,5.268457895116165363e-06
8.842340465504953357e-06,6.648550411770173994e-06
8.586679888353173970e-06,7.834537071121474289e-06
1.081714887236584750e-05,4.907194466440106717e-06
1.055365213632081572e-05,6.640220534899158213e-06
9.553099924344192898e-06,8.558956948242725575e-06
1.061138958585721383e-05,9.177057841015316518e-06
1.174122623175901891e-05,9.679874668253107283e-06
1.183450015539705577e-05,7.012093067974921906e-06
1.182596066806306159e-05,5.582417178478799312e-06
1.158015541267969326e-05,8.437581858308021364e-06
1.293463741185293769e-05,1.004821286618277073e-05
1.417479924505845535e-05,1.028263524651646879e-05
1.285964790436415535e-05,7.331553926789129963e-06
1.295587791473595479e-05,6.078814007410056934e-06
1.543986811642313376e-05,1.037338484159439693e-05
1.402556356219307584e-05,8.500508406927354934e-06
1.417113452495844576e-05,6.376937052536506466e-06
1.571790040283263791e-05,8.693003621488545668e-06
1.685145890091487258e-05,1.039581703326432162e-05
1.543378755197978312e-05,6.469793935090308112e-06
1.881221667091370945e-05,1.041901133778939029e-05
1.725535551585981350e-05,7.732905985670052306e-06
1.684996962966595115e-05,6.448432207567628546e-06
2.155344109742122829e-05,1.045599242850824305e-05
2.018655907987627283e-05,8.264272597148476646e-06
1.881263264516379736e-05,6.419654899078236733e-06
2.524099600481603635e-05,1.049777918223770431e-05
2.338536818529341122e-05,8.422159976199395040e-06
2.155339517532829741e-05,6.385369253308436088e-06
2.915337458188173447e-05,1.053488679678955466e-05
2.718580582902653807e-05,8.422543274762209689e-06
2.524083362393383467e-05,6.346504718437330410e-06
3.313001646079686023e-05,1.056789336260462686e-05
3.113134252236333423e-05,8.422963479902236466e-06
2.915319255893354056e-05,6.310603357313951475e-06
3.716396937921104699e-05,1.059630859445694561e-05
3.513805554254327654e-05,8.423250262730656220e-06
3.312992561502624327e-05,6.278351038519199381e-06
4.124621905797914458e-05,1.061932467553012484e-05
3.919784967744469300e-05,8.423418637932346374e-06
3.716396524249937608e-05,6.250382104625149065e-06
4.536614298903773028e-05,1.063684106821309979e-05
4.330077962845950342e-05,8.423656362986557290e-06
4.124619418883182829e-05,6.227728398807051715e-06
4.951216327723885285e-05,1.064882113184418788e-05
4.743557386017097354e-05,8.424038888094366858e-06
4.536601757876399139e-05,6.210841640845645680e-06
5.367436885017750768e-05,1.065607627845974074e-05
5.159113117253310958e-05,8.424499177238047026e-06
4.951198886353436554e-05,6.199749736682437624e-06
5.784555198566326530e-05,1.066029140756336763e-05
5.575881433590306895e-05,8.424958851068176555e-06
5.367416582511132743e-05,6.193400236037842335e-06
6.679258056026976011e-05,1.041713185536629496e-05
6.619925990569994277e-05,1.066288510890964455e-05
5.971550921709285612e-05,8.425236155403735924e-06
6.202134722395037875e-05,1.066246283943836111e-05
5.784547075019605292e-05,6.189948848392926699e-06
6.703834376177915139e-05,9.823825471411020658e-06
6.563429910469975039e-05,8.425345821896377405e-06
6.202133647307323438e-05,6.188145358237028290e-06
6.703835434071996448e-05,7.026861370344987054e-06
6.619926461856568767e-05,6.187791523860719440e-06
6.679258996340892965e-05,6.433548042106246624e-06
