Size 192,2
-1.387358539037604097e-04,1.854694628997674834e-05
-1.392959232184518828e-04,1.719492085502143867e-05
-1.392959529063545995e-04,1.082115426313484388e-05
-1.387358888200556338e-04,9.469146808067894846e-06
-1.373837532363394130e-04,1.910696018827875365e-05
-1.348474852776891046e-04,1.400806961108075163e-05
-1.373838001096490359e-04,8.909143939825118726e-06
-1.278628681094133102e-04,1.910587606313074165e-05
-1.278629838418015826e-04,8.910576641234058224e-06
-1.226075784168628550e-04,1.400840067950556265e-05
-1.183465196343346204e-04,1.909952200165389538e-05
-1.183465520884429231e-04,8.917429975183942893e-06
-1.135930567768412528e-04,1.400874285580185088e-05
-1.088487988544243956e-04,1.908360647504688963e-05
-1.088488611910630677e-04,8.933802859550662274e-06
-1.041111841375304254e-04,1.400894457798222116e-05
-9.939102673624379102e-05,1.905403932220888440e-05
-9.939133579496737766e-05,8.964074539560665017e-06
-9.468294896897627494e-05,1.400935447791972362e-05
-9.000305701389593597e-05,1.900733365612331213e-05
-9.000340887160435132e-05,9.012047519011565780e-06
-8.534112563545978060e-05,1.400987219105197725e-05
-8.072025275222758083e-05,1.894059773725806820e-05
-8.072039544018766108e-05,9.079830246712063862e-06
-7.612345134400407107e-05,1.401027108311504461e-05
-7.158230124744148189e-05,1.885156356314735760e-05
-7.158236434570937128e-05,9.169609150012178426e-06
-6.707200359467796534e-05,1.401069838414887157e-05
-6.263265636701054032e-05,1.873850967300638416e-05
-6.263270753500459003e-05,9.283137413457093900e-06
-5.823185455052600265e-05,1.401086769539775417e-05
-5.391773103206578605e-05,1.860045139930843310e-05
-5.391779937939770339e-05,9.421477151864967326e-06
-4.964961251366053807e-05,1.401092029502835486e-05
-4.548265369034137489e-05,1.843741990958890471e-05
-4.548215552720852577e-05,9.585084661494420839e-06
-4.153232474506363239e-05,1.400963962792277839e-05
-3.769185612286548025e-05,1.825369263947320122e-05
-3.769053253347900430e-05,9.775234009964833248e-06
-3.484235474914721558e-05,1.433132221935124649e-05
-3.203948097806820803e-05,1.808526872905460382e-05
-3.203476776415070903e-05,9.948698883675178862e-06
-2.808602911692146455e-05,1.793976948164774081e-05
-2.881285328022943054e-05,1.536797920666001170e-05
-2.807891545386862958e-05,1.005860434406757990e-05
-2.529311710709384494e-05,1.017515950329093439e-05
3.636352015090765646e-06,6.274131177338923831e-07
3.708844082486857591e-06,4.530059684971643371e-07
3.708388978224724168e-06,-1.965428011760047986e-07
3.636252226714143584e-06,-3.684828848315576628e-07
-2.528189843658445440e-05,1.783798981040120586e-05
-2.282758691751319996e-05,1.760582361825769620e-05
-2.469041153039730341e-05,1.305531071309072525e-05
-2.279407153294292181e-05,1.008211973003539305e-05
3.462725170466525776e-06,6.995696451836797757e-07
3.287744919610638209e-06,-1.276161855087118370e-08
3.464158260539086502e-06,-4.402438754934515946e-07
-2.202226522163214914e-05,1.526416778857043682e-05
-2.045896737586989610e-05,1.707994983675089522e-05
-1.823066481213581966e-05,1.633199614496910740e-05
-2.128623602694633532e-05,1.212490594530048707e-05
-2.046907413009238440e-05,9.606406040480536124e-06
2.285923174559876069e-06,7.183165127930230983e-07
2.284817336626280404e-06,-4.613071316422203953e-07
1.675045784488317578e-06,1.278784990064609942e-07
-1.617375842536445150e-05,1.532879495920845620e-05
-1.791222363363271738e-05,1.398707509971860737e-05
-1.867214152989925391e-05,1.111417785700633313e-05
-1.835404965460650425e-05,8.786629056147826118e-06
1.013876743848952709e-06,8.255676121498573006e-07
1.013581694481212339e-06,-5.710220113599088816e-07
2.618480855286761638e-07,1.264751819588388022e-07
-1.428069165347488100e-05,1.414821352977636728e-05
-1.260739745722141460e-05,1.280987542989761572e-05
-1.605022699537357188e-05,1.068321486703683099e-05
-1.649923750022631917e-05,7.648767778551119597e-06
-5.996471059242465978e-07,1.057862141281100015e-06
-6.003615943607594013e-07,-8.069973605079497953e-07
-1.303475930014920175e-05,1.080984461199302540e-05
-1.115733908059849250e-05,1.130823768942831261e-05
-1.373394906542544466e-05,8.623216001115628255e-06
-1.494253359240105524e-05,6.290732938136390536e-06
-1.547790177716722723e-06,1.246458956738628377e-07
-2.673016441149461819e-06,1.393364527970545850e-06
-2.671747430354792535e-06,-1.149184528944513666e-06
-9.898813006261152064e-06,9.704790274369880552e-06
-8.898716340433854944e-06,8.064713287587721086e-06
-8.136154363107047036e-06,6.349102411280797642e-06
-1.232244963410193895e-05,6.706295186222812618e-06
-1.370714623507982917e-05,4.786538730130647557e-06
-3.577029239744868586e-06,1.267198597144885208e-07
-4.684013741685365001e-06,1.723444538440030946e-06
-4.685785480732079507e-06,-1.498484569693258310e-06
-9.821440202062687674e-06,6.336012467479654851e-06
-7.571161295190767411e-06,4.619605006249913201e-06
-6.490799388819510806e-06,2.002277778302757891e-06
-7.004586112508998452e-06,2.289002800070657809e-06
-7.263918979153213384e-06,2.883458764813221433e-06
-1.134931118590221221e-05,4.570609634509363182e-06
-1.278456889912242454e-05,3.208766663082342162e-06
-5.678562101404776498e-06,3.608314245627648915e-07
-6.535647582936740267e-06,-1.753779896984345847e-06
-8.742722851698311905e-06,3.405547804928892779e-06
-7.058889364293797021e-06,1.149775119871376931e-06
-7.669138662091268475e-06,2.084552510287138889e-06
-1.067053220554504663e-05,2.723656213144879638e-06
-1.219683961818758581e-05,1.631059542851500756e-06
-7.127743766407396703e-06,-6.763793278099692930e-07
-7.076935554423609613e-06,-2.026684301506210313e-06
-9.111025247335514292e-06,7.390217584490952612e-07
-1.197695069975043207e-05,7.732464572264620714e-08
-1.206384037661621768e-05,-1.423688861466004450e-06
-8.224681760692880691e-06,-1.672552848156565292e-06
-7.398360157088915976e-06,-2.599997232047748312e-06
-7.803165484581932641e-06,-4.158753807049827281e-06
-1.057892433741484638e-05,-1.630704509976208921e-06
-8.386702498731694224e-06,-5.634750484306194136e-06
-1.246540022293254206e-05,-2.929143935726278517e-06
-9.219724386611984854e-06,-4.223795296146472318e-06
-1.127148173622252849e-05,-4.341214891141811058e-06
-9.128459797267989890e-06,-7.029336111008208595e-06
-1.313206002534771651e-05,-4.344439483675252589e-06
-1.253084117227277024e-05,-5.712398175770115986e-06
-1.115597055256947921e-05,-6.555646209953852889e-06
-1.002232616718393607e-05,-8.327769979940089431e-06
-1.105869134553335033e-05,-9.516438775277769000e-06
-1.403850868158653471e-05,-5.634884000745571550e-06
-1.335616950687036134e-05,-7.217463872788444691e-06
-1.256046242024262063e-05,-9.039715191972135243e-06
-1.222317791769229736e-05,-1.057841595580652760e-05
-1.515326918765464844e-05,-6.751396910239376884e-06
-1.480671198509391881e-05,-9.023886575855218903e-06
-1.350107620312846649e-05,-1.150101412459005127e-05
-1.487422503867486272e-05,-1.227136227613646622e-05
-1.632433135913237141e-05,-1.287846306082384274e-05
-1.645058505217934067e-05,-9.505483779644389219e-06
-1.644259873524307229e-05,-7.658217425330324007e-06
-1.612834558066540450e-05,-1.132108505941583561e-05
-1.783246503465590923e-05,-1.331696508979634695e-05
-1.937737911785203862e-05,-1.357996629962810398e-05
-1.774846777990978845e-05,-9.917294886753602866e-06
-1.786637408278304506e-05,-8.328078265823068028e-06
-2.094080346568073970e-05,-1.366596629261445487e-05
-1.920758016846997514e-05,-1.138017661208726576e-05
-1.938109307738300968e-05,-8.741090799949903639e-06
-2.128689868774405689e-05,-1.161285309395967585e-05
-2.265587968080193202e-05,-1.366192059577315799e-05
-2.094081933033225791e-05,-8.883274175516835106e-06
-2.500974366828251686e-05,-1.365835650077659594e-05
-2.315419227920814544e-05,-1.044995978976505926e-05
-2.265485016237393792e-05,-8.890270681687113214e-06
-2.823198325341186489e-05,-1.365316700280889141e-05
-2.663950742292055932e-05,-1.109417052586680283e-05
-2.500826512391446919e-05,-8.899703753670253843e-06
-3.247166936515406518e-05,-1.365108249114737501e-05
-3.035277584048795766e-05,-1.128319980344262220e-05
-2.823070127059185106e-05,-8.910129015456872995e-06
-3.688559182462211572e-05,-1.365427944870891561e-05
-3.467799287886623482e-05,-1.128672029933872754e-05
-3.247050858355612766e-05,-8.918900976290176975e-06
-4.130418089304901025e-05,-1.366095832605698665e-05
-3.909307414993657732e-05,-1.128997444257338428e-05
-3.688454573222423684e-05,-8.922471216698443357e-06
-4.573219156430815326e-05,-1.366874405602289512e-05
-4.351604257956985598e-05,-1.129291029867621160e-05
-4.130323651185067980e-05,-8.921980203128508191e-06
-5.017014046189732410e-05,-1.367610030401519287e-05
-4.794919633571920539e-05,-1.129551549472422437e-05
-4.573135415390036532e-05,-8.919736447838184934e-06
-5.461691286297501701e-05,-1.368260817857944666e-05
-5.239180448473334010e-05,-1.129778573940279604e-05
-5.016941082220843952e-05,-8.917255976416261338e-06
-5.907148664308061391e-05,-1.368824830667025566e-05
-5.684268301920005894e-05,-1.129971912637865054e-05
-5.461629123224171904e-05,-8.914952239661103552e-06
-6.353281097990078844e-05,-1.369280882308195799e-05
-6.130090918763855942e-05,-1.130130996892114861e-05
-5.907097465667135862e-05,-8.912837809866452728e-06
-6.799915219384057596e-05,-1.369597074794925427e-05
-6.576515590292673582e-05,-1.130254569484582820e-05
-6.353241294395938269e-05,-8.911106634397985456e-06
-7.757324328064938020e-05,-1.343517166811914350e-05
-7.693840316921655932e-05,-1.369812202007529786e-05
-7.000068516364406281e-05,-1.130337431585495372e-05
-7.246833831120687351e-05,-1.369766026727782948e-05
-6.799887247757325625e-05,-8.910048205033827619e-06
-7.783620372043157450e-05,-1.280034403437156915e-05
-7.633392791130997972e-05,-1.130396001147893572e-05
-7.246820119540676845e-05,-8.909701412523339355e-06
-7.783619712665919852e-05,-9.807593767551917209e-06
-7.693835538950958349e-05,-8.909756359947940403e-06
-7.757322515513848170e-05,-9.172727077757277246e-06
