Size 192,2
7.877657912043686003e-05,-1.315004139410459788e-05
7.904337928013650838e-05,-1.250595340895671923e-05
7.904370924052189827e-05,-9.469789095176823517e-06
7.877695386014773411e-05,-8.825738136876136474e-06
7.813248565151343326e-05,-1.341683269228945448e-05
7.692480192336913724e-05,-1.098795345353954655e-05
7.813292426526606462e-05,-8.558964325885547322e-06
7.359788838663504232e-05,-1.341708533159540072e-05
7.359845376095389645e-05,-8.558992820882587498e-06
7.109420626133724109e-05,-1.098808792894555656e-05
6.906204111013649163e-05,-1.341762036117200077e-05
6.906248644666446775e-05,-8.558696109734916353e-06
6.679376048200291413e-05,-1.098858352761938287e-05
6.452605275451534070e-05,-1.341745337007272107e-05
6.452604365844014284e-05,-8.560071284813195694e-06
6.225843376148987394e-05,-1.098910080356008869e-05
5.999292579023601481e-05,-1.341577400347414128e-05
5.999321684210528625e-05,-8.563106897748791677e-06
5.772807481234913272e-05,-1.098977041117231417e-05
5.546558319815086919e-05,-1.341376504830742347e-05
5.546601892223686550e-05,-8.566549362720560947e-06
5.320376547800644668e-05,-1.099048845677315357e-05
5.094341448806816587e-05,-1.341261112193578604e-05
5.094378259442433322e-05,-8.569077854623644277e-06
4.868313772912817957e-05,-1.099121371264511859e-05
4.642301019987105765e-05,-1.341274904831980107e-05
4.642350569571340534e-05,-8.570535691628115079e-06
4.416317141989278361e-05,-1.099198659947776062e-05
4.190313996138497217e-05,-1.341297857707594058e-05
4.190398662176590271e-05,-8.572048217996080402e-06
3.964422283826440376e-05,-1.099291544116818160e-05
3.738498413145551364e-05,-1.341296912777817645e-05
3.738602510937395523e-05,-8.573914598699949058e-06
3.512716910727103063e-05,-1.099401075116352462e-05
3.286867009153980319e-05,-1.341355234770335396e-05
3.286965927840872773e-05,-8.575667558622085729e-06
3.070262797568588844e-05,-1.099534006052273076e-05
2.853554781150515997e-05,-1.341501310213790435e-05
2.853637667049656071e-05,-8.576912341276483174e-06
2.691143067606774258e-05,-1.118580079873934737e-05
2.525163990950083154e-05,-1.341685229333165562e-05
2.525220669768045743e-05,-8.577348908849240298e-06
2.286073629591069042e-05,-1.341805239617723658e-05
2.332906996258917839e-05,-1.182368191450621591e-05
2.286124435560951118e-05,-8.577873976512174676e-06
2.112255718766482072e-05,-8.578441563476136699e-06
-3.684972248578434138e-06,-5.546426312633170235e-08
-3.758205862011912412e-06,1.205002480162425979e-07
-3.757855364255697144e-06,7.766270256666941218e-07
-3.684956632974282385e-06,9.504807892718040071e-07
2.112218198100817952e-05,-1.341863241830663462e-05
1.954211124060022424e-05,-1.332907639029624650e-05
2.077169141923698373e-05,-1.039439667582843959e-05
1.954616621317493294e-05,-8.441389517685651321e-06
-3.509736270143535770e-06,-1.281300530833673950e-07
-3.332838456009033436e-06,5.915455564269063517e-07
-3.510982048199226412e-06,1.023240313726317855e-06
1.904197985841998473e-05,-1.183616975468983934e-05
1.798258505685245692e-05,-1.306059940303529374e-05
1.646372965455645217e-05,-1.261678281261902689e-05
1.856779385050417926e-05,-9.767099900357778357e-06
1.801780303427276948e-05,-8.033033980491534085e-06
-2.321030896739657274e-06,-1.457177134221519295e-07
-2.319544986946147566e-06,1.045670156410661004e-06
-1.704043666641150275e-06,4.510940743574859736e-07
1.500552024496061404e-05,-1.200334580843656000e-05
1.626576853851122693e-05,-1.104721601197335990e-05
1.679374926312961840e-05,-9.056176207088821131e-06
1.658406541936674090e-05,-7.365849050370165792e-06
-1.036558828389675915e-06,-2.532306047173606923e-07
-1.036156302088711257e-06,1.157269648043114751e-06
-2.771199454501733895e-07,4.530182815255373312e-07
1.362661563240499024e-05,-1.122861310235247989e-05
1.234496600320488625e-05,-1.030262702430977692e-05
1.493901679767431560e-05,-8.739364709313595647e-06
1.528857996537141939e-05,-6.459901472673269241e-06
5.932119774432190168e-07,-4.885201823362475241e-07
5.939139950724203528e-07,1.396791364444284160e-06
1.266886668256290167e-05,-8.849326605810824801e-06
1.117661025699628926e-05,-9.237286349540319759e-06
1.321679576918370750e-05,-7.183554917753718685e-06
1.417052764427430655e-05,-5.342693884389960363e-06
1.551728753814926496e-06,4.549373122182345576e-07
2.690239322701475215e-06,-8.300805520666092643e-07
2.689392152981710280e-06,1.744505507861214769e-06
1.013674949790581042e-05,-8.046929332414297451e-06
9.237517715018822830e-06,-6.745685315266710182e-06
8.487216820899295150e-06,-5.347710987801199783e-06
1.209625640945380666e-05,-5.663972711825088979e-06
1.326379199876366876e-05,-4.048610518604105500e-06
3.605704604446508997e-06,4.534943894232290705e-07
4.728577677962235514e-06,-1.167812563165314791e-06
4.728737262278025857e-06,2.098661945291440997e-06
9.989793053207412691e-06,-5.355817247380344075e-06
7.901006265528480370e-06,-3.866629141025469542e-06
6.603024880928349562e-06,-1.456671148204918355e-06
7.164754775641211935e-06,-1.738553829978330128e-06
7.482569913895708293e-06,-2.303717329207569801e-06
1.130505220443981109e-05,-3.856121299962947384e-06
1.259822452861227773e-05,-2.625439443406806553e-06
5.739441745792657427e-06,2.183346932520156224e-07
6.559950436413922205e-06,2.351755197064663002e-06
8.936598445940366120e-06,-2.807826143333946659e-06
7.178369385730795432e-06,-6.007098234462460504e-07
7.843240603962218989e-06,-1.540073427342681515e-06
1.071642415653226827e-05,-2.181118526359777918e-06
1.220517828806757678e-05,-1.122527203649983384e-06
7.173898942870141505e-06,1.247639388073932924e-06
7.062509039179666704e-06,2.633474012863078747e-06
9.232921487890491516e-06,-2.558259552649033334e-07
1.209719464798494828e-05,4.183847418895111309e-07
1.235566101960888315e-05,1.983393161197396799e-06
8.246352285743428924e-06,2.244187960379558420e-06
7.344546650376147185e-06,3.257022721937613011e-06
7.671199245764618379e-06,5.016323060371142677e-06
1.075081285592352192e-05,2.154105268493624012e-06
8.206534841579940355e-06,6.794137203377561814e-06
1.295363328539853185e-05,3.589399103021092519e-06
9.227697696348650491e-06,5.054684218444804315e-06
1.160156955757482749e-05,5.193113173222888800e-06
8.996962326016985900e-06,8.522741030607067369e-06
1.389419236621843322e-05,5.197513142768728378e-06
1.319273287854698842e-05,6.847449948345999616e-06
1.145355797828725401e-05,7.907299284127879981e-06
1.000854863745100620e-05,1.023928095047683814e-05
1.129317490985263191e-05,1.188928868470917311e-05
1.519644487266906627e-05,6.722262310320875422e-06
1.430411182018335900e-05,8.776579243879931017e-06
1.324013783961520704e-05,1.124912940426882872e-05
1.278252748355832671e-05,1.344462395934044390e-05
1.681449238541306697e-05,8.104497452029359584e-06
1.634286704046531726e-05,1.125197283441294417e-05
1.451219851638576322e-05,1.483124963397570268e-05
1.647346958978233533e-05,1.605566953520283093e-05
1.860460253870581247e-05,1.709558331124044680e-05
1.876108083778472402e-05,1.194699778665504906e-05
1.873427930925775355e-05,9.280876812275987584e-06
1.827418140929420429e-05,1.466628881300409758e-05
2.091459074445980583e-05,1.787036198424648171e-05
2.336175099009426797e-05,1.839687221789735211e-05
2.074034626254300632e-05,1.254865774980115570e-05
2.093202445468081253e-05,1.014278753120293839e-05
2.588653289883199806e-05,1.863401010728270502e-05
2.303120267866400989e-05,1.484106387833910003e-05
2.333216832249224564e-05,1.064190752258028839e-05
2.643547835703566405e-05,1.523935592340018118e-05
2.876220980409426045e-05,1.874280117751580058e-05
2.585534888380409854e-05,1.077281197965936343e-05
3.280873309044436215e-05,1.885146358672856490e-05
2.956951317696914451e-05,1.328349513251291284e-05
2.875545165255761001e-05,1.066740338856778623e-05
3.858267523228098864e-05,1.901581090793093916e-05
3.567914414015865257e-05,1.437256186658857163e-05
3.281077878703797036e-05,1.053156027157472761e-05
4.650103315355790277e-05,1.919052203403419599e-05
4.249298236305761863e-05,1.470383877954815049e-05
3.858307468051484399e-05,1.037909900451418167e-05
5.503001161652480613e-05,1.933544798360821082e-05
5.072166726448901490e-05,1.470593272753006805e-05
4.650043336212680172e-05,1.021739406515544470e-05
6.379530419153042579e-05,1.945417380336727429e-05
5.937605492239953647e-05,1.470894127245861466e-05
5.502908214193695399e-05,1.007944612256522829e-05
7.275399903407465041e-05,1.955051608130875838e-05
6.824502045795714095e-05,1.471173198370355465e-05
6.379433723912070913e-05,9.966615150712013045e-06
8.186749831939224109e-05,1.962766370183061625e-05
7.728708915832280821e-05,1.471454136588225292e-05
7.275294198975541522e-05,9.875812282764567343e-06
9.110274117437583007e-05,1.968790151637888207e-05
8.646664871348877849e-05,1.471718370526893631e-05
8.186643542899791704e-05,9.804152617926954362e-06
1.004308220690602166e-04,1.973270121947889237e-05
9.575307393523670651e-05,1.471944623757145497e-05
9.110188311092732921e-05,9.748851534893864242e-06
1.098248384692483075e-04,1.976373317735777798e-05
1.051184429764405145e-04,1.472148283303860975e-05
1.004300236438203533e-04,9.708285879723537232e-06
1.192597886462948802e-04,1.978208488785396655e-05
1.145370280014718599e-04,1.472337835372328489e-05
1.098240572992024489e-04,9.681188272349373531e-06
1.395182130646871379e-04,1.923560022339003132e-05
1.381748481127528739e-04,1.979200777533663495e-05
1.234930127309625701e-04,1.472475919298853003e-05
1.287148797808392595e-04,1.979023480211514449e-05
1.192591891276311632e-04,9.666244503049534548e-06
1.400746544681142659e-04,1.789228096881050485e-05
1.368954722718121486e-04,1.472576767435979244e-05
1.287145775253950618e-04,9.660270884247127278e-06
1.400745487216035427e-04,1.155934523608520029e-05
1.381746642488318510e-04,9.659522575675930445e-06
1.395180815485360054e-04,1.021596461982246114e-05
