Size 192,2
5.937194058551986225e-05,-7.706922851697219765e-06
5.962583449632254069e-05,-7.093994468176579283e-06
5.962567527070785966e-05,-4.204577228921007223e-06
5.937175713507573629e-05,-3.591618178838623317e-06
5.875898858543337908e-05,-7.960801012894248198e-06
5.760915644879267226e-05,-5.649240682992225439e-06
5.875876608876426637e-05,-3.337725369520880211e-06
5.444293046640024964e-05,-7.960401984166416188e-06
5.444264173749187329e-05,-3.337971432072063635e-06
5.206015798157464662e-05,-5.649261993068899295e-06
5.012795603174934761e-05,-7.958443586325654771e-06
5.012743650442806501e-05,-3.339926472751349019e-06
4.797123618680655460e-05,-5.649254078760635509e-06
4.581818205624641507e-05,-7.952514912120971951e-06
4.581784104017010297e-05,-3.346012800570315411e-06
4.366724351543988252e-05,-5.649358845829111600e-06
4.152429475537309470e-05,-7.939486841969263170e-06
4.152409352403721275e-05,-3.359316963983822398e-06
3.938663199287017894e-05,-5.649345305024833076e-06
3.726278771024980755e-05,-7.916602103719913043e-06
3.726287952474562629e-05,-3.382133080456726432e-06
3.514772201744064127e-05,-5.649290690494528499e-06
3.305288568239820489e-05,-7.883163899022055664e-06
3.305304753931212394e-05,-3.415421382985899132e-06
3.096998385918437022e-05,-5.649124796385445305e-06
2.891521579863878531e-05,-7.837277364603460958e-06
2.891539825562976844e-05,-3.460738339337370697e-06
2.687619594295415483e-05,-5.648884184147373191e-06
2.487528512608222416e-05,-7.776096794738914260e-06
2.487523639891593694e-05,-3.521111353425711182e-06
2.289489494804197879e-05,-5.648502857070219762e-06
2.096372443803483132e-05,-7.697991248490049476e-06
2.096322596410222253e-05,-3.598439762645340596e-06
1.905815203342874000e-05,-5.648242403198864867e-06
1.721221281976802103e-05,-7.602558887560201655e-06
1.721134697874024307e-05,-3.694215286089532125e-06
1.546899260664596099e-05,-5.647454134359144925e-06
1.379283379452458516e-05,-7.491110572178403740e-06
1.379169642650386854e-05,-3.810142819120495260e-06
1.255416187309730046e-05,-5.785363719503112917e-06
1.135617687765057010e-05,-7.386196772224241221e-06
1.135314998288858587e-05,-3.918735368021169718e-06
9.683730554877511532e-06,-7.293809730470992547e-06
9.981059380430236478e-06,-6.220350289052815224e-06
9.679116927895686833e-06,-3.988653663685091866e-06
8.519719087649101918e-06,-4.063509386649240687e-06
-9.882988002812230020e-07,-1.042356250944485015e-06
-1.008089681728966802e-06,-9.944270282412965624e-07
-1.007862851811730883e-06,-8.173215990848628472e-07
-9.882444880567522017e-07,-7.707178905449314248e-07
8.512452257508409665e-06,-7.228456177306819129e-06
7.508955393807160450e-06,-7.111642440249440638e-06
8.259585468554464264e-06,-5.254218834781568259e-06
7.485780697459878898e-06,-4.054433914845028529e-06
-9.406589576762706109e-07,-1.062390782238775415e-06
-8.932430967131152690e-07,-8.683789825025671047e-07
-9.415357296777849820e-07,-7.516438499278066034e-07
7.172912872118268320e-06,-6.149470268521413458e-06
6.553744890170663193e-06,-6.870617934257790202e-06
5.674575182483329521e-06,-6.550734751286854674e-06
6.871926948848093578e-06,-4.885208535664782355e-06
6.546671964054625877e-06,-3.899186559675422300e-06
-6.196049182737051598e-07,-1.070516784327850522e-06
-6.204941353705312118e-07,-7.494270999930045898e-07
-4.540040837435723760e-07,-9.118912693734604188e-07
4.884930537136265304e-06,-6.128392383111971464e-06
5.541587248066242135e-06,-5.615294331925249795e-06
5.837423427072776826e-06,-4.495513642548046121e-06
5.709146498354639150e-06,-3.618277933825201564e-06
-2.736941275737259080e-07,-1.103656047499234686e-06
-2.749784314829524222e-07,-7.244107867037051841e-07
-7.030711187083544772e-08,-9.162648001856415857e-07
4.172434056242624054e-06,-5.651713641623769742e-06
3.567127359057737520e-06,-5.129891109369386455e-06
4.829343993018245404e-06,-4.334976736035468124e-06
4.989822213492587845e-06,-3.220677269727951925e-06
1.641743120365678865e-07,-1.171555298254586109e-06
1.629094975062941145e-07,-6.655202829451475366e-07
3.723082071285954358e-06,-4.376471643175407068e-06
3.064666152645743717e-06,-4.554594440274729772e-06
3.971588714776153810e-06,-3.582349793593928157e-06
4.398501100645965615e-06,-2.759745743566964510e-06
4.207680544925161582e-07,-9.207187526166141257e-07
7.268453804464606341e-07,-1.267014028928083374e-06
7.248591129517410974e-07,-5.777032645588044433e-07
2.638435602602253331e-06,-3.961057115967131675e-06
2.327188314742268201e-06,-3.385724456810411296e-06
2.113434659311234215e-06,-2.797477977487238710e-06
3.476544112249093770e-06,-2.909637345041894148e-06
3.937512170250886807e-06,-2.270392622442612857e-06
9.712737326679904313e-07,-9.257356284804586332e-07
1.271794908506742752e-06,-1.359093285509726356e-06
1.271355896774607090e-06,-4.866377781895619056e-07
2.643780156054071206e-06,-2.785863349597187250e-06
1.966018361654400194e-06,-2.231512772360079952e-06
1.746186462579622235e-06,-1.434828749004233053e-06
1.870920400849196106e-06,-1.516203394028816499e-06
1.921588781641013586e-06,-1.690771059249481189e-06
3.142610095335060904e-06,-2.203210380193501178e-06
3.589817175161083713e-06,-1.781078729757916617e-06
1.539847742960283822e-06,-9.931153443130015834e-07
1.788605120663154224e-06,-4.183000055643071652e-07
2.338196106749176471e-06,-1.840998238954217974e-06
1.900168810644197116e-06,-1.201352462730122685e-06
2.049403654378877137e-06,-1.458006627266115793e-06
2.923363237297447673e-06,-1.633408826990213851e-06
3.358125378753160127e-06,-1.320704259759150743e-06
1.944707225761588122e-06,-7.062018555061812410e-07
1.951394156905614640e-06,-3.472738335839187253e-07
2.466244034282876032e-06,-1.066123316411362324e-06
3.258234579807336074e-06,-8.893043701954010504e-07
3.223812639857464745e-06,-4.995189219016196339e-07
2.255605890919984539e-06,-4.335889569603435934e-07
2.053440487688660778e-06,-2.078863395481823577e-07
2.191216169432995172e-06,1.512855363107650128e-07
2.854898085503875458e-06,-4.302340182301750348e-07
2.367180121624480719e-06,4.567090635614927480e-07
3.269491327373478193e-06,-1.216704386749867162e-07
2.534299672037167068e-06,1.774739923071675141e-07
2.993449630599597089e-06,2.014100118738637367e-07
2.554319297756090682e-06,7.294326323033528389e-07
3.364553058992457616e-06,2.009780892904715991e-07
3.232477870345673670e-06,4.833483471501201086e-07
2.971972089780686508e-06,6.448658246297403781e-07
2.761108856327916589e-06,9.507197743418830446e-07
2.965697852308373016e-06,1.128986403881544909e-06
3.488063188044739841e-06,4.764373993487884060e-07
3.368172136781649557e-06,7.583214643634692959e-07
3.235381592864018190e-06,1.050114079271411006e-06
3.181323586399704412e-06,1.263471814835516144e-06
3.635588646080984473e-06,6.951266774571764191e-07
3.580643071595934830e-06,1.039154364355831327e-06
3.388651303539591660e-06,1.369283121091856100e-06
3.579984163371253978e-06,1.436960539304155629e-06
3.763206515142182365e-06,1.466425767806732000e-06
3.788120661151396212e-06,1.102815394771160598e-06
3.791405239400520669e-06,8.561789397124981718e-07
3.751691392136690068e-06,1.314835117160387497e-06
3.924923917809427799e-06,1.479732484225307681e-06
4.064480010929371240e-06,1.467058491517860050e-06
3.930275483564734216e-06,1.155050288245569300e-06
3.939252386244545604e-06,9.775165342810734918e-07
4.190443580250438682e-06,1.440860044557421742e-06
4.069244980101746491e-06,1.293089076622298090e-06
4.076609419344647155e-06,1.062822171924845494e-06
4.222002204569804498e-06,1.303124117682876682e-06
4.293465991471486954e-06,1.400683360580002825e-06
4.201166514987130482e-06,1.105196008889959672e-06
4.400934715353385017e-06,1.359289540665027394e-06
4.333729765421900318e-06,1.235337376784262201e-06
4.296076390824162581e-06,1.143336695637421034e-06
4.464685494357294489e-06,1.294221199768959551e-06
4.451936431562161590e-06,1.268144795349007805e-06
4.400254174274542045e-06,1.194576081530569916e-06
4.427394660476361018e-06,1.222754752801357483e-06
4.466160759291333771e-06,1.271722731406073751e-06
4.464643886371747252e-06,1.254647345792785919e-06
4.273766615398900190e-06,1.162835581515943557e-06
4.368807688873899496e-06,1.270224251438353649e-06
4.427756586438980802e-06,1.319839604121301826e-06
4.023909938983025753e-06,1.115649988844123201e-06
4.163424515184213481e-06,1.268183379796180841e-06
4.274391547861052231e-06,1.375578375487452871e-06
3.701957228776188111e-06,1.081958547448766796e-06
3.873221031031583514e-06,1.266208516521617101e-06
4.024603908247729782e-06,1.418697992749376176e-06
3.333679063744260659e-06,1.061043941010756398e-06
3.523890228598208513e-06,1.264304970373339871e-06
3.702650092712835342e-06,1.448613531122140083e-06
2.941933866281241172e-06,1.050920484238981821e-06
3.140386877092769350e-06,1.262528373460532969e-06
3.334209762563364399e-06,1.465728923629882704e-06
2.543336869452860746e-06,1.047787707806401552e-06
2.743074301329605397e-06,1.260915577719272361e-06
2.942359595351733453e-06,1.472431191693390742e-06
2.147196914002158649e-06,1.048299775352712475e-06
2.344702072975415267e-06,1.259503869557634110e-06
2.543803304998916353e-06,1.472536629709212087e-06
1.756428349728998329e-06,1.049752450331454137e-06
1.951168672678378015e-06,1.258452178609433914e-06
2.147624210212559883e-06,1.469652256382417283e-06
9.287710178874075216e-07,1.073500211667546873e-06
9.835717971952125791e-07,1.050797653462033201e-06
1.582653728050467465e-06,1.257938155919558533e-06
1.369214173519524495e-06,1.050704591570323995e-06
1.756585764447340832e-06,1.466622962638714655e-06
9.060720606331472495e-07,1.128307640170989521e-06
1.035693819337045859e-06,1.257505337436474186e-06
1.369315793580660535e-06,1.464769357227544446e-06
9.060645205198063716e-07,1.386686611611569884e-06
9.836003073750280147e-07,1.464251062661506725e-06
9.287729424753644217e-07,1.441529978348407089e-06
