Size 192,2
4.554272218707063524e-05,-5.732428455702290204e-06
4.574317967037375875e-05,-5.248496331733567959e-06
4.574301781758873230e-05,-2.967092118082080810e-06
4.554253679233636888e-05,-2.483125961211294527e-06
4.505877306991030724e-05,-5.932875327374609163e-06
4.415083297483093211e-05,-4.107741915742718484e-06
4.505854956533529115e-05,-2.282660860356758925e-06
4.165087606645854958e-05,-5.932361312228678989e-06
4.165047275033610696e-05,-2.282745534257198565e-06
3.976942730712707864e-05,-4.107410918517082121e-06
3.824427011578247890e-05,-5.929856936535680819e-06
3.824353135313667424e-05,-2.284313752132544778e-06
3.654185689852602783e-05,-4.106886743325913179e-06
3.484350698483840690e-05,-5.924118989591358504e-06
3.484222718800935448e-05,-2.288685032129314528e-06
3.314541388519712635e-05,-4.106153369217760634e-06
3.145487580667340037e-05,-5.913904461141209093e-06
3.145327649668752342e-05,-2.297478234949366018e-06
2.976544409242022737e-05,-4.105245050123963948e-06
2.808825743982867727e-05,-5.896315798447171256e-06
2.808681518103540775e-05,-2.313495719142969625e-06
2.641501088556022497e-05,-4.104337713968332022e-06
2.476043193913134353e-05,-5.867862613229220646e-06
2.475938261076839005e-05,-2.340349664235564959e-06
2.311466082457378196e-05,-4.103576292615311790e-06
2.149555711811326964e-05,-5.825784253204409096e-06
2.149500329029514683e-05,-2.380922747735764132e-06
1.989079794366913152e-05,-4.102815930527924191e-06
1.832140106921660496e-05,-5.768727434873748072e-06
1.832124771738178338e-05,-2.436265036257594243e-06
1.677143080630572828e-05,-4.102028799231524422e-06
1.526617218906756217e-05,-5.696382699403424245e-06
1.526618201375083491e-05,-2.507020310633629850e-06
1.378514247323935009e-05,-4.101215798463546123e-06
1.235848991884988277e-05,-5.608055629498302301e-06
1.235795241937502932e-05,-2.593917334089877653e-06
1.101555342415224281e-05,-4.099708165133537897e-06
9.733825819762308097e-06,-5.505829917642725926e-06
9.732544862877481973e-06,-2.698264991069007161e-06
8.789141469226732748e-06,-4.203238491421717186e-06
7.885046809382518140e-06,-5.410718467021528081e-06
7.881890337854723024e-06,-2.794837088861956162e-06
6.629739465465198685e-06,-5.328400257471321392e-06
6.848859515557395510e-06,-4.527629930353253829e-06
6.625392928024916206e-06,-2.856100735588560292e-06
5.762777743122879449e-06,-2.921183799351435108e-06
-5.882242572687123545e-07,-9.704249918130478444e-07
-6.005835297761699444e-07,-9.403720520453829415e-07
-6.004313450117046114e-07,-8.296439998718348235e-07
-5.881917736551471101e-07,-8.005707021838093591e-07
5.756676419649442596e-06,-5.270893825830449474e-06
5.016099193558209179e-06,-5.176591004478277679e-06
5.565960998865914926e-06,-3.805538254817550154e-06
4.995838280151995444e-06,-2.924134286461224424e-06
-5.583766583304581001e-07,-9.830641233471093806e-07
-5.287302375280780420e-07,-8.619107032741160901e-07
-5.590476138714883667e-07,-7.887811013447751492e-07
4.765712383682415997e-06,-4.464076937262961214e-06
4.315439971106405605e-06,-4.989558300528212691e-06
3.677272738590788466e-06,-4.748791085582009804e-06
4.544006534751032156e-06,-3.536204511476160920e-06
4.307220024545312856e-06,-2.821532103195295403e-06
-3.572926030541265281e-07,-9.886388479264979159e-07
-3.579324609851548575e-07,-7.881451928215089354e-07
-2.536373890253765164e-07,-8.896217282111178431e-07
3.110502897818647113e-06,-4.433302088490208808e-06
3.578469638392957958e-06,-4.065460490658395229e-06
3.792271823345567901e-06,-3.255367925525409670e-06
3.698548468486662664e-06,-2.629919157231743073e-06
-1.415688866005780691e-07,-1.007473117886171890e-06
-1.422402226758552845e-07,-7.740938875511194296e-07
-1.642565351205924914e-08,-8.919051133414074336e-07
2.603661695751377321e-06,-4.083351382035561596e-06
2.180628346950561597e-06,-3.705642384630008018e-06
3.068529399866750980e-06,-3.141211505060731635e-06
3.180288645493829168e-06,-2.355748268023629174e-06
1.257213292688671505e-07,-1.044677789971870497e-06
1.251728493361765904e-07,-7.412361780265383278e-07
2.290255340908388314e-06,-3.168491699137053624e-06
1.836468901943742156e-06,-3.292279571328706722e-06
2.462605918305808556e-06,-2.611445796510971565e-06
2.757713109637799600e-06,-2.042267522966844110e-06
2.789267505600372602e-07,-8.939299616504188943e-07
4.593029906821361038e-07,-1.096998815648661516e-06
4.583624195382453093e-07,-6.918218733592221484e-07
1.547873327987175344e-06,-2.871829117328238218e-06
1.346819756425459409e-06,-2.474343643193691229e-06
1.218391116296673096e-06,-2.072703281957353498e-06
2.121214173620368383e-06,-2.146433891327783662e-06
2.430223321663329119e-06,-1.716788229861114437e-06
6.029078280447215391e-07,-8.962320981045387543e-07
7.774119243261274996e-07,-1.147697162300470871e-06
7.778187009695731594e-07,-6.396589861848014921e-07
1.562750174693304498e-06,-2.062386791968288241e-06
1.135022390952479069e-06,-1.695369742800950157e-06
1.044700061502112701e-06,-1.189149194235874660e-06
1.109286014125886244e-06,-1.237693987956464652e-06
1.128479571596427222e-06,-1.345833866678791369e-06
1.893196206197506630e-06,-1.672647633574866414e-06
2.181300208258280771e-06,-1.400475734829606979e-06
9.328409022013338257e-07,-9.350799390214745317e-07
1.086280674217547780e-06,-5.988175238265306463e-07
1.378066768538870430e-06,-1.437832727242528241e-06
1.134082084808735296e-06,-1.051931529565763969e-06
1.211668022846600346e-06,-1.202181068777435683e-06
1.748309685979015648e-06,-1.305678522725858811e-06
2.010574322823376685e-06,-1.114847569831011931e-06
1.174023065959832564e-06,-7.637946724771583746e-07
1.189570612887948795e-06,-5.583243450866030024e-07
1.465944627596573787e-06,-9.596789435819934316e-07
1.931290775606255927e-06,-8.571381946425763174e-07
1.878051381595203056e-06,-6.382172046329916676e-07
1.361650032133982008e-06,-6.023074853157495112e-07
1.257287998110266002e-06,-4.853223993120606768e-07
1.354052754337010073e-06,-3.115009215208461800e-07
1.684323290059570034e-06,-5.902888422923372836e-07
1.468077906625731271e-06,-1.911462185716463166e-07
1.865720622714013239e-06,-4.329769609082337118e-07
1.528705322064948481e-06,-2.902979971612320190e-07
1.734488987751028797e-06,-2.791069822333420392e-07
1.569824396242524984e-06,-9.664816018753804866e-08
1.865441057960672717e-06,-2.786275642184729369e-07
1.807610408816444810e-06,-1.676912204048583692e-07
1.729202606724504155e-06,-1.169894278261104162e-07
1.668930664043029568e-06,-5.184685461615483500e-08
1.739300368193648542e-06,-4.245379371035530163e-08
1.854952318977567992e-06,-1.606343202967196156e-07
1.828106498813748342e-06,-9.097820366446501856e-08
1.806333482105023914e-06,-5.449791427950210725e-08
1.799701028456073904e-06,-6.769204977201656019e-08
1.834427291562518355e-06,-8.334653873083364901e-08
1.828672859219343282e-06,-6.385166697933630502e-08
1.827338445989410160e-06,-1.042073633030271697e-07
1.814476397980118961e-06,-1.624380074804370487e-07
1.775676711446476264e-06,-2.398905555287348147e-07
1.784028644841422756e-06,-7.045232817880056847e-08
1.790114652830990799e-06,-4.193019095884859527e-08
1.798578564955612812e-06,-1.398602509175704001e-07
1.696042638698237872e-06,-3.055995706062967724e-07
1.580515544085111568e-06,-3.705818964216050074e-07
1.719323995539241191e-06,-7.925353007751045494e-08
1.708271570732462438e-06,-7.740016567717602865e-09
1.442990888738900269e-06,-4.182801009595029377e-07
1.618795305243272818e-06,-1.771584312029311797e-07
1.594690638366903206e-06,2.723434201331190764e-08
1.416287757371990455e-06,-2.061264758674269114e-07
1.248118268562615535e-06,-4.641506733046428010e-07
1.455605233204087839e-06,5.660506252168318124e-08
9.398973007971614921e-07,-5.082316936626442963e-07
1.202269261150201915e-06,-7.190131816709381087e-08
1.249595180787875483e-06,1.045672432068298622e-07
4.271546688320773654e-07,-5.713929777767855230e-07
6.989186327414707532e-07,-1.468347301403550312e-07
9.376952613914362659e-07,1.647481718111526569e-07
-3.613050610350641742e-07,-6.300737586827356639e-07
4.932692703991769369e-08,-1.721360136738953840e-07
4.256232114659050431e-07,2.285872408908899354e-07
-1.270625370239893577e-06,-6.692475538882362345e-07
-8.040062591482560639e-07,-1.693392166853240554e-07
-3.622888869880880527e-07,2.893256120613490891e-07
-2.239728659989613379e-06,-6.940126078034046485e-07
-1.747460337293993711e-06,-1.670893398176351935e-07
-1.271345334069095787e-06,3.328725972037018280e-07
-3.247103527767224221e-06,-7.092890253490686609e-07
-2.738594054505837226e-06,-1.650861529685423073e-07
-2.240355777318500653e-06,3.618879822818351306e-07
-4.278328854354590049e-06,-7.181438981237119699e-07
-3.759850348808328709e-06,-1.634211598247236999e-07
-3.247593483515405374e-06,3.808377758820246092e-07
-5.323262839842231870e-06,-7.226799285790579942e-07
-4.799378877575368817e-06,-1.620435705594088482e-07
-4.278777386576835721e-06,3.927547917767190300e-07
-6.375391154981517082e-06,-7.252831622498691895e-07
-5.848552903717556489e-06,-1.608916374175197607e-07
-5.323685686559205555e-06,3.998016533321631042e-07
-7.432892452463187006e-06,-7.278992612842384416e-07
-6.903252918325451375e-06,-1.600739690218788623e-07
-6.375650256697383164e-06,4.043563522053137497e-07
-8.497148150870279657e-06,-7.312954207236753036e-07
-7.963816198382194379e-06,-1.595836629873902767e-07
-7.433014330301781662e-06,4.082844483594618194e-07
-1.079725526850994675e-05,-6.721447479263658379e-07
-1.064450364307783649e-05,-7.353845390033520392e-07
-8.976133234318807512e-06,-1.593955701195740615e-07
-9.568625411301223679e-06,-7.344481199142857434e-07
-8.497176324164343685e-06,4.124068707783188816e-07
-1.086053154270451785e-05,-5.194410422914115931e-07
-1.049887956493314015e-05,-1.593901330188637472e-07
-9.568631260614314521e-06,4.156806739374086430e-07
-1.086054052001191527e-05,2.006631715952364025e-07
-1.064451358025175347e-05,4.166082843243905291e-07
-1.079726494793451107e-05,3.533679191915327995e-07
