Size 192,2
8.482457846441601593e-05,-1.231642336008912774e-05
8.514301610121580047e-05,-1.154766059272540810e-05
8.514282724427178750e-05,-7.923557694869247121e-06
8.482436363259964417e-05,-7.154774450019377519e-06
8.405579833661358036e-05,-1.263484976691958898e-05
8.261366976319664838e-05,-9.735575147139440431e-06
8.405554653889417307e-05,-6.836339490647775202e-06
7.864258133404379342e-05,-1.263443945057503146e-05
7.864227202144445606e-05,-6.836683337734024485e-06
7.565362344968968981e-05,-9.735556555495746854e-06
7.322983735118987795e-05,-1.263191225148412570e-05
7.322937595709843336e-05,-6.838767350337349507e-06
7.052477476912349540e-05,-9.735111717187461329e-06
6.782476474700055479e-05,-1.262388087169900390e-05
6.782435642140629802e-05,-6.845510082396605262e-06
6.512705262450355212e-05,-9.734515309624536115e-06
6.243938284427839067e-05,-1.260887106470028254e-05
6.243855872324478146e-05,-6.858925751084214995e-06
5.975574581921747378e-05,-9.733589029108388223e-06
5.708679409543036451e-05,-1.258746337137895617e-05
5.708554346178248653e-05,-6.878383922223787786e-06
5.442326628472099573e-05,-9.732358885665490093e-06
5.177819725398338845e-05,-1.256002994672762165e-05
5.177658465721168927e-05,-6.903244802630432993e-06
4.913987818337789653e-05,-9.730748555054603044e-06
4.652303876305999031e-05,-1.252685252815756426e-05
4.652152204067597755e-05,-6.933243664832801901e-06
4.391498501525778860e-05,-9.728933590691156246e-06
4.133158633403957651e-05,-1.248750292254350937e-05
4.133057625953974619e-05,-6.968963046922842072e-06
3.875963563216479487e-05,-9.727044117409248256e-06
3.621613991110034464e-05,-1.244098540125182190e-05
3.621567171515219441e-05,-7.011414251196561232e-06
3.368685425281628713e-05,-9.725131635955129545e-06
3.119014143349897739e-05,-1.238655005526241748e-05
3.118974874797883598e-05,-7.061823878511786088e-06
2.880960073445919833e-05,-9.722816508487725447e-06
2.646488802616605917e-05,-1.232509205647575378e-05
2.646409972054650000e-05,-7.121642785661433855e-06
2.471635859845025578e-05,-9.921484375385787477e-06
2.296620414403036128e-05,-1.226863673670009730e-05
2.296414768673113644e-05,-7.177381120268809510e-06
2.047270901074425308e-05,-1.221937125665149219e-05
2.094494544208493314e-05,-1.057863635026821612e-05
2.046974266629679045e-05,-7.213014502918515434e-06
1.868647370797747026e-05,-7.251463412731707499e-06
-2.960789223951140568e-06,8.316346427366348488e-08
-3.019831253937662139e-06,2.250364573305676781e-07
-3.019611735976068853e-06,7.539707017330575929e-07
-2.960867421376576639e-06,8.941370747532962167e-07
1.868330755953993301e-05,-1.218467271109546252e-05
1.708859690275798114e-05,-1.206238162782975122e-05
1.831330710874582565e-05,-9.103904841291858197e-06
1.707856520494034023e-05,-7.152575877625945047e-06
-2.819534118740569540e-06,2.459139646070028246e-08
-2.677076166811798391e-06,6.048796241612300877e-07
-2.820640676348070721e-06,9.528426814594123918e-07
1.657408725054175335e-05,-1.054777602237329980e-05
1.553277751456277984e-05,-1.175416355741847312e-05
1.404401439650243945e-05,-1.128571021598349980e-05
1.609528927341490493e-05,-8.484580203550559047e-06
1.555234633861585342e-05,-6.793167987864318823e-06
-1.861330337917261200e-06,9.706336030451337971e-09
-1.860263355004841803e-06,9.711884255193618059e-07
-1.363185668733747824e-06,4.909006484455745383e-07
1.264313117972437817e-05,-1.064865574544345148e-05
1.384029702243954304e-05,-9.732737914624982521e-06
1.435233399544310450e-05,-7.797770367197877787e-06
1.414281680408121765e-05,-6.192753064545589399e-06
-8.232732328364266231e-07,-7.967976207285424979e-08
-8.234231981007510795e-07,1.061441626195866763e-06
-2.086778640883039728e-07,4.907052143132884575e-07
1.133615296312137276e-05,-9.873396784944915621e-06
1.015117132733746742e-05,-8.971829568752963074e-06
1.256835083559427183e-05,-7.497799024042779695e-06
1.288832529889472005e-05,-5.369923614362550787e-06
4.966372858223123737e-07,-2.730213354732465896e-07
4.964223185399501374e-07,1.253652133224500221e-06
1.045198299980711811e-05,-7.592436281635187611e-06
9.097837009724391312e-06,-7.947856620406475376e-06
1.095228860908272952e-05,-6.048432172799902130e-06
1.182034215229702963e-05,-4.371612523271102637e-06
1.272845352686517126e-06,4.895874163724297217e-07
2.195478777577389300e-06,-5.518816019980771595e-07
2.193508348148978321e-06,1.531577770728564713e-06
8.171740947923117289e-06,-6.829323482351182655e-06
7.402507772034995683e-06,-5.646578860191813406e-06
6.787286349549681755e-06,-4.392835892590074353e-06
9.934302193179264914e-06,-4.666344697313837082e-06
1.096298768161809815e-05,-3.240374496857748921e-06
2.936069090524676388e-06,4.852140043996613864e-07
3.844523369164347854e-06,-8.258936230428685022e-07
3.844137640244526897e-06,1.814312385741074070e-06
8.076615408857197218e-06,-4.391922988601388518e-06
6.318121448575739726e-06,-3.096122657448837904e-06
5.343801053116595662e-06,-1.058291133480998898e-06
5.782600833398590275e-06,-1.289693068727094314e-06
6.019179679572187257e-06,-1.760527144395107537e-06
9.223627845637343356e-06,-3.074272278330779036e-06
1.032699997339877907e-05,-2.024803447705779598e-06
4.660615488063184599e-06,2.917950744161237591e-07
5.341294984768399934e-06,2.017485054654091071e-06
7.210410324449555326e-06,-2.177440762433801948e-06
5.808848056645256168e-06,-3.637772558642971074e-07
6.328972297968822390e-06,-1.126279099255085466e-06
8.711389864298532326e-06,-1.647694374781905686e-06
9.934596319070384648e-06,-7.745454647289730920e-07
5.832552939519809224e-06,1.129805651439962072e-06
5.764637378417910492e-06,2.241649296123588406e-06
7.477532693902455892e-06,-5.974141502153468971e-08
9.804253281963053299e-06,4.821863669452716215e-07
9.949394770157146914e-06,1.728216348513485389e-06
6.712667526996770856e-06,1.937707498390579155e-06
6.008403249598146896e-06,2.727455904326635661e-06
6.302088920835502943e-06,4.078265657257930663e-06
8.691108331579885891e-06,1.880686111723183987e-06
6.752837716802138484e-06,5.409497271488104847e-06
1.036192441157895590e-05,2.991647936545979764e-06
7.513270326708986755e-06,4.118455720357834078e-06
9.322287329937727066e-06,4.220873711104863246e-06
7.374004606865924344e-06,6.689157462066503425e-06
1.102622600699398224e-05,4.222322427944222714e-06
1.049323089401057204e-05,5.456724298523875096e-06
9.211634127087533922e-06,6.239617934436970309e-06
8.149816470231772053e-06,7.932490531831236976e-06
9.101018988791289324e-06,9.108305585857062595e-06
1.194332799382800591e-05,5.369789245336165014e-06
1.129266629262541399e-05,6.867544340757200244e-06
1.052200669492971792e-05,8.645551835402852842e-06
1.019229343348609190e-05,1.020067323599233892e-05
1.308183476110807552e-05,6.390823148662203985e-06
1.274100418297809329e-05,8.639220645720271550e-06
1.143586968840068831e-05,1.116761659008352408e-05
1.282439171779024861e-05,1.200958680075484076e-05
1.432271003232527258e-05,1.271371186324179686e-05
1.443951168869614295e-05,9.127609094569326235e-06
1.442494120285595973e-05,7.245105207610397598e-06
1.409827861092650782e-05,1.103050048040074033e-05
1.592962256261049584e-05,1.323513030202323638e-05
1.762027027859955412e-05,1.358159721600060031e-05
1.581732167995105931e-05,9.549229390575431068e-06
1.595004186996962732e-05,7.870314486567447790e-06
1.935729229252014147e-05,1.372974499443508311e-05
1.740149407985982778e-05,1.113511509165059004e-05
1.760688536542408578e-05,8.236215534546548686e-06
1.973701306540417061e-05,1.140376996132300730e-05
2.132167798632394765e-05,1.378750820005301052e-05
1.934184475349378640e-05,8.338032177048137499e-06
2.407375600933638621e-05,1.384475173576138598e-05
2.187784986269119479e-05,1.006588255263417343e-05
2.131937136639251259e-05,8.279101518329554964e-06
2.797301921584498442e-05,1.393161368793670826e-05
2.601887018768961991e-05,1.080492961179064727e-05
2.407631581916056874e-05,8.202567729086461916e-06
3.328215413244820967e-05,1.402198677810628216e-05
3.060186345410224515e-05,1.102512634348910230e-05
2.797478257822931419e-05,8.115911085067842215e-06
3.896344656110241323e-05,1.409385985508699073e-05
3.610039901329323487e-05,1.102197203739677118e-05
3.328333327786124764e-05,8.024259885494907423e-06
4.476600953138061979e-05,1.414898146693579340e-05
4.184721142278324617e-05,1.101926544464717140e-05
3.896435920683621342e-05,7.947367777729557765e-06
5.066170410597749696e-05,1.418992654386133988e-05
4.770073874590738400e-05,1.101649946814721144e-05
4.476687041864077363e-05,7.886874723810037653e-06
5.662654771187575480e-05,1.421958948150626529e-05
5.363458626339871662e-05,1.101378395527718120e-05
5.066250353799694707e-05,7.840348371959470164e-06
6.264145839524205134e-05,1.424010395815348449e-05
5.962734190467714731e-05,1.101123630914877289e-05
5.662735629911748697e-05,7.805428475929422050e-06
6.869128875346334324e-05,1.425348404742564531e-05
6.566201220531649228e-05,1.100898516938791722e-05
6.264228489687653106e-05,7.780051913883353514e-06
7.476289595224502556e-05,1.426096181301382166e-05
7.172467797037892687e-05,1.100729569969475952e-05
6.869194145138094810e-05,7.762726051637802228e-06
8.084511499435502403e-05,1.426374101659853300e-05
7.780314381127633719e-05,1.100603585005375481e-05
7.476333030052990361e-05,7.752292164441512785e-06
9.387872011581051290e-05,1.390546421031362123e-05
9.301461731220320042e-05,1.426340273026015859e-05
8.357096987261345593e-05,1.100519677633144595e-05
8.693044651283425767e-05,1.426377202120628361e-05
8.084541006725122188e-05,7.747386118874382343e-06
9.423664133132620432e-05,1.304133978034709532e-05
9.219201880344626843e-05,1.100464514502731197e-05
8.693056747484631161e-05,7.746016264177887673e-06
9.423664936684776616e-05,8.967937852125042203e-06
9.301465932856605573e-05,7.745924092338956718e-06
9.387873778894483120e-05,8.103845664089217844e-06
