Size 192,2
7.589195145484556987e-05,-1.295824135378869891e-05
7.613660250354219248e-05,-1.236738129111115567e-05
7.613671309010298872e-05,-9.582661570739861996e-06
7.589207711937621752e-05,-8.991816652742206568e-06
7.530126557888713195e-05,-1.320302302338620025e-05
7.419407281630543635e-05,-1.097505299055372503e-05
7.530141310582240714e-05,-8.747043441607740841e-06
7.114301858964499367e-05,-1.320569312627628043e-05
7.114329636826795960e-05,-8.744695100983971824e-06
6.884447212316791942e-05,-1.097538245643746867e-05
6.697447119449332134e-05,-1.321528887297478902e-05
6.697460329506441741e-05,-8.735601958742524712e-06
6.488304930507299978e-05,-1.097585004435783909e-05
6.278179152874728444e-05,-1.323182033235400953e-05
6.278180264688165170e-05,-8.720250844143206332e-06
6.067417268818249505e-05,-1.097642629676873338e-05
5.855372038465299892e-05,-1.325335875841644431e-05
5.855368434234859044e-05,-8.699910723813495905e-06
5.642515946311639990e-05,-1.097688764130758334e-05
5.428186318540785321e-05,-1.327815075949808331e-05
5.428160825726936523e-05,-8.675894653598548419e-06
5.212959583634022297e-05,-1.097710032372503385e-05
4.996210560867678588e-05,-1.330371682776175996e-05
4.996172618715519334e-05,-8.650672784599244879e-06
4.778573375213894070e-05,-1.097713783251562063e-05
4.559438354914801265e-05,-1.332804577861260552e-05
4.559414356912668416e-05,-8.626502992397514429e-06
4.339512370292696448e-05,-1.097704352937308575e-05
4.118228194119329886e-05,-1.334890416765826380e-05
4.118245966155184969e-05,-8.605296081885755992e-06
3.896372113348196901e-05,-1.097681847502666701e-05
3.673505536489463482e-05,-1.336357760569757930e-05
3.673569861936293481e-05,-8.590001709383894896e-06
3.450356668392644635e-05,-1.097658407436219013e-05
3.226680390027195192e-05,-1.337056359770270989e-05
3.226759573904659605e-05,-8.582201490819053622e-06
3.012032351717500370e-05,-1.097627628419193703e-05
2.797300862497645665e-05,-1.337078216105258967e-05
2.797351716616888623e-05,-8.581386826422156115e-06
2.636389225506630455e-05,-1.116305415926902883e-05
2.472238009038703246e-05,-1.336786993200855263e-05
2.472239508931520818e-05,-8.583961152001273092e-06
2.236021364401000067e-05,-1.336436154949737824e-05
2.282141833937487420e-05,-1.179133528628270526e-05
2.235993117996955512e-05,-8.586423300004251147e-06
2.064492512735182836e-05,-8.589545186795592528e-06
-3.567819619883590971e-06,-2.644077102809934670e-07
-3.638907141577029731e-06,-9.349296465141938729e-08
-3.638554252301672742e-06,5.433660349291334032e-07
-3.567821594821759754e-06,7.120380039039858783e-07
2.064481535763664332e-05,-1.336163054191534852e-05
1.908841018636619729e-05,-1.327046402280423023e-05
2.029794193179883745e-05,-1.037993511480567279e-05
1.909096737463850219e-05,-8.457209994702217143e-06
-3.397652571395539077e-06,-3.350446322975173931e-07
-3.226098931778488027e-06,3.634883560186001551e-07
-3.399032967020481501e-06,7.825410701178007183e-07
1.859490571825401611e-05,-1.179897776539021680e-05
1.755369255268996281e-05,-1.300272771755507307e-05
1.606114085774540057e-05,-1.256384126918430461e-05
1.812787728793331595e-05,-9.762445539805929861e-06
1.758725143551151331e-05,-8.058446949087288177e-06
-2.243886388554430906e-06,-3.532308097230490459e-07
-2.242793272082911918e-06,8.035580742978508559e-07
-1.644895481385005840e-06,2.256274920753460132e-07
1.462997814469359719e-05,-1.195822792970255211e-05
1.586595054051667057e-05,-1.101993245582482442e-05
1.638455244188053179e-05,-9.064045612146043543e-06
1.617847580325760620e-05,-7.405876057260382557e-06
-9.963153754988505999e-07,-4.593585744489391822e-07
-9.962738274713330973e-07,9.111102866758237549e-07
-2.585437532542196738e-07,2.261770426043398441e-07
1.327793277413836712e-05,-1.119566363605245848e-05
1.202302856414079697e-05,-1.028590880982539479e-05
1.456442555281120366e-05,-8.753146479335118248e-06
1.490682543034209148e-05,-6.519218295613937278e-06
5.875308091822411939e-07,-6.896983751741492030e-07
5.877689769580070940e-07,1.142743400062425454e-06
1.234041911722822989e-05,-8.860315009871494649e-06
1.088042859457838566e-05,-9.240060541219418552e-06
1.287681654601543102e-05,-7.228438360391056828e-06
1.381020869148865565e-05,-5.426690827641722258e-06
1.519099971738067020e-06,2.265886985998395714e-07
2.626121821890302780e-06,-1.023317154856750513e-06
2.624794117709836472e-06,1.479458655828897580e-06
9.864132339089503245e-06,-8.072950285893875998e-06
8.987043916434799961e-06,-6.799470268280394174e-06
8.256689342423541628e-06,-5.432264518277803828e-06
1.178054459621649029e-05,-5.741120835114691072e-06
1.292122773993332696e-05,-4.162487072024874041e-06
3.515804194877344064e-06,2.239320398556496072e-07
4.607606545777715229e-06,-1.352840010985555729e-06
4.607476484145457758e-06,1.823002043008844988e-06
9.722706218733071016e-06,-5.439755580034570175e-06
7.686783164455897858e-06,-3.985363422808978800e-06
6.429132592392701048e-06,-1.634616964632159648e-06
6.974431708104682174e-06,-1.909342942799077966e-06
7.282246782867921630e-06,-2.460248731289778468e-06
1.100691641351620618e-05,-3.974447584103945595e-06
1.226818750836871907e-05,-2.773842444427867510e-06
5.590214685230489605e-06,-5.617460166732272507e-09
6.388980114466963139e-06,2.068565891897674106e-06
8.697533918801819765e-06,-2.951385653111350707e-06
6.988567758658476244e-06,-8.021436314674968571e-07
7.634215040415174078e-06,-1.716270813151294576e-06
1.043225398612943998e-05,-2.340406103947322789e-06
1.188136349274820495e-05,-1.309632460068996271e-06
6.985754339036925295e-06,9.952253470045231107e-07
6.878599723398630262e-06,2.342085272346087000e-06
8.987332860386647347e-06,-4.655633882742126785e-07
1.177358810851303079e-05,1.895559685491291534e-07
1.202118832341223260e-05,1.709911134274596727e-06
8.029308858061327817e-06,1.964004147056658529e-06
7.153628985494383490e-06,2.947102728243050031e-06
7.472359073918745194e-06,4.653463781191083233e-06
1.046266877787524627e-05,1.876770545901676692e-06
7.992992501230612522e-06,6.377022863990731795e-06
1.259901085232061295e-05,3.268626000605809620e-06
8.983364674196076913e-06,4.690896176937972048e-06
1.128658952731134844e-05,4.824090040679127704e-06
8.759416537505622448e-06,8.052169244841611502e-06
1.350955871127061183e-05,4.827445370421745095e-06
1.282871155087931873e-05,6.426586833658297492e-06
1.114165727973074138e-05,7.454903041764701237e-06
9.739879463941894132e-06,9.716243118748926373e-06
1.098421818603062735e-05,1.131604446053641630e-05
1.477168117727345630e-05,6.303973944372915196e-06
1.390536899705087107e-05,8.295576367037302658e-06
1.287191007589776913e-05,1.069450192998649053e-05
1.242744145709959133e-05,1.282651685617535878e-05
1.634158364865740041e-05,7.641327384929961946e-06
1.588230297420168739e-05,1.069561907263764754e-05
1.410411067512745820e-05,1.417399816355491114e-05
1.600792192373573164e-05,1.536610219007213739e-05
1.807945717780263514e-05,1.638256303627799433e-05
1.823182354318912386e-05,1.136902440614972803e-05
1.820669917847503967e-05,8.779111277926062473e-06
1.775690866434062696e-05,1.401495171382977394e-05
2.032775922581094025e-05,1.714129917672949281e-05
2.271482424243726237e-05,1.766068390422073447e-05
2.015737989314693240e-05,1.195229420653330322e-05
2.034562732401872290e-05,9.610483372123561742e-06
2.517989333615017181e-05,1.789786716876630023e-05
2.238920811187719342e-05,1.418670930651775115e-05
2.268545221464550812e-05,1.008777099128381842e-05
2.571554261522586706e-05,1.457564246808329314e-05
2.799534830569658684e-05,1.801202075526359633e-05
2.514871499972959624e-05,1.020802409223495262e-05
3.196549902829832866e-05,1.812659485655226314e-05
2.878418419466480789e-05,1.265742818804220036e-05
2.798942869574075706e-05,1.009513534645719219e-05
3.765268338408949518e-05,1.830304385993566298e-05
3.478832760399564800e-05,1.372247649466208328e-05
3.196897938287541363e-05,9.947476987170999544e-06
4.548808133517355669e-05,1.849376662994837688e-05
4.151650594184285109e-05,1.404580661531592404e-05
3.765435583598703462e-05,9.778222052287476826e-06
5.396653437551949948e-05,1.865510652046638423e-05
4.967776847378670651e-05,1.404461778061619686e-05
4.548864678073320783e-05,9.594846298308545347e-06
6.271827694324804304e-05,1.878963587253930435e-05
5.830020299360978302e-05,1.404453375862207859e-05
5.396659247605569532e-05,9.434050651335315615e-06
7.169663315173049336e-05,1.889863463752758290e-05
6.717328213802584852e-05,1.404475760750104438e-05
6.271811165865808684e-05,9.299724685686603799e-06
8.085358787378099307e-05,1.898291127832037710e-05
7.624884418987735090e-05,1.404512106148691737e-05
7.169635074283416272e-05,9.191218950530836084e-06
9.014407577515212678e-05,1.904472489478541876e-05
8.547966332403386983e-05,1.404574698377584312e-05
8.085322452732891904e-05,9.107894971780813756e-06
9.952775259551888847e-05,1.908661629799464926e-05
9.482310538074985860e-05,1.404663679433587542e-05
9.014361286024614778e-05,9.047583717607544235e-06
1.089694836893483326e-04,1.911142397607730979e-05
1.042412172334496873e-04,1.404750971053460785e-05
9.952735409440288520e-05,9.007594633566080872e-06
1.184405593923621683e-04,1.912309901996034887e-05
1.137018530259311424e-04,1.404825559718191176e-05
1.089691233617304510e-04,8.984351550577101880e-06
1.387486793195624149e-04,1.856939786891094490e-05
1.374022140862765759e-04,1.912712291568417013e-05
1.226865637946149680e-04,1.404890930896985671e-05
1.279212549913663708e-04,1.912667192864301490e-05
1.184401659443837473e-04,8.974150177126049077e-06
1.393064012340183518e-04,1.722292971663725984e-05
1.361201877859057128e-04,1.404919794898665348e-05
1.279211377759641101e-04,8.971438998945840607e-06
1.393063305189794925e-04,1.087550988616623950e-05
1.374021179759905592e-04,8.971294286283809191e-06
1.387485985876805690e-04,9.529027863287872313e-06
