Size 192,2
5.886513403212055958e-05,-8.848662669816869766e-06
5.908442082967879498e-05,-8.319267540582352626e-06
5.908408341870195106e-05,-5.823297575980482985e-06
5.886474477444145057e-05,-5.293847779571202415e-06
5.833571411505171560e-05,-9.067936638612030599e-06
5.734223747751761161e-05,-7.071219303169888113e-06
5.833524427271628133e-05,-5.074550356669344489e-06
5.460759531027572589e-05,-9.067438117319568473e-06
5.460695088304380493e-05,-5.075027357609571215e-06
5.254988606907077804e-05,-7.071351630018306762e-06
5.088129869286803610e-05,-9.066275543960015102e-06
5.088111234679564714e-05,-5.077010330898800045e-06
4.901969575858223708e-05,-7.071502689444901395e-06
4.715902978462450121e-05,-9.064131055124667008e-06
4.715939623836179023e-05,-5.079532206756289850e-06
4.529989050465746192e-05,-7.072008698441556803e-06
4.344175372338658040e-05,-9.061670264947973563e-06
4.344179736838859446e-05,-5.082838639801517570e-06
4.158480653371837227e-05,-7.072610083091946377e-06
3.972984627736998438e-05,-9.058210740894641642e-06
3.972985387964999594e-05,-5.087917898457561632e-06
3.787665577729786275e-05,-7.073603435693733739e-06
3.602751461172267323e-05,-9.051858229825199495e-06
3.602775329252259689e-05,-5.096714112694390195e-06
3.418160672214063739e-05,-7.075004279582801001e-06
3.234287961024805223e-05,-9.040622922980902511e-06
3.234336144896008910e-05,-5.110931923348917780e-06
3.050940534514239542e-05,-7.076531906019392228e-06
2.868765023027239466e-05,-9.022672821298842127e-06
2.868815984101717904e-05,-5.132075408759355832e-06
2.687331505766641306e-05,-7.078058961256923452e-06
2.507537479245116672e-05,-8.997255593816365677e-06
2.507630434725524802e-05,-5.160799580388409030e-06
2.328740272567847810e-05,-7.079668252690401928e-06
2.152051201278360542e-05,-8.963182054489973323e-06
2.152158223148221367e-05,-5.198022973983672324e-06
1.983670590635197204e-05,-7.080934214852303251e-06
1.817799642746286128e-05,-8.920728854999060797e-06
1.817860692431859029e-05,-5.245226943231344385e-06
1.694219363222200305e-05,-7.223331594962215017e-06
1.570723858954542595e-05,-8.878094657485956524e-06
1.570652071519970005e-05,-5.291427944001141378e-06
1.395189772865011431e-05,-8.838634284453365727e-06
1.428243554114030328e-05,-7.686976282471036281e-06
1.394999805785881634e-05,-5.322342988877029281e-06
1.269877203194222182e-05,-5.355942399757307596e-06
-1.988901509157628593e-06,-4.009014480451126124e-07
-2.027884370364994485e-06,-3.070880433187232255e-07
-2.027635678679234776e-06,4.204078193033816651e-08
-1.988863226890203185e-06,1.344288869975961264e-07
1.269542802480520100e-05,-8.810188947130452158e-06
1.158072531647593327e-05,-8.720452125997796828e-06
1.243464654765015528e-05,-6.653299330991554772e-06
1.157212606867131409e-05,-5.294193267549596792e-06
-1.895529190968880020e-06,-4.397308458996583388e-07
-1.801632410319207199e-06,-5.679758028695457459e-08
-1.896386465013870473e-06,1.729706434200818571e-07
1.121972261944329926e-05,-7.661205005763333244e-06
1.049647802276319056e-05,-8.499637317391660050e-06
9.463511291065057729e-06,-8.169703402904062993e-06
1.088539065062966626e-05,-6.224183714905722648e-06
1.050834352158955997e-05,-5.052790632625658385e-06
-1.263161768234629871e-06,-4.505271423814624595e-07
-1.262694803701792094e-06,1.843072544408616227e-07
-9.347444777492029766e-07,-1.330985162204670432e-07
8.496018135420080786e-06,-7.722529384358784563e-06
9.320729166931172643e-06,-7.090117955861494456e-06
9.675618867111124893e-06,-5.750506347591252381e-06
9.530145243131742778e-06,-4.645901444028240510e-06
-5.780378481042699498e-07,-5.111714749475245563e-07
-5.781948625486013487e-07,2.446651197561475915e-07
-1.709691354351255504e-07,-1.333677595733424203e-07
7.596460126125432467e-06,-7.183193686818533960e-06
6.785745362314789745e-06,-6.559882485958465600e-06
8.443663402560516593e-06,-5.545305423113786127e-06
8.663146481300562502e-06,-4.086034122540152313e-06
2.975340070644000422e-07,-6.418562074039688691e-07
2.975527832313894410e-07,3.749864289510889441e-07
6.992190365934745154e-06,-5.610506028397578798e-06
6.068249537358980398e-06,-5.853832188201294890e-06
7.334725599434403869e-06,-4.552899534418984281e-06
7.928183865567415496e-06,-3.408540323296649898e-06
8.149621357066782136e-07,-1.336464568546701049e-07
1.431462929350136175e-06,-8.302029377252930004e-07
1.430371145136966856e-06,5.640871922190484862e-07
5.438878904946975480e-06,-5.086665980721075530e-06
4.919869271411749622e-06,-4.280577379980608707e-06
4.506748367962700582e-06,-3.427604180070777580e-06
6.640957620118685865e-06,-3.611152393148171723e-06
7.340391394852539477e-06,-2.643035721562760879e-06
1.926958462603672147e-06,-1.359215936331639544e-07
2.536054088283895435e-06,-1.015375689516000675e-06
2.536104968919250103e-06,7.567002989496166992e-07
5.379052936044491508e-06,-3.425918377837537023e-06
4.192505841536430624e-06,-2.548987862865820016e-06
3.542293106228028186e-06,-1.172753435729435534e-06
3.836626020122673856e-06,-1.328851377255644506e-06
3.994541629055442290e-06,-1.646285639768200772e-06
6.158157924301110063e-06,-2.531832662026302651e-06
6.905251242604535602e-06,-1.822621448232035368e-06
3.083553435272764693e-06,-2.652866922577025541e-07
3.541858615878799473e-06,8.956921858971703962e-07
4.796806943963059367e-06,-1.926894010184965532e-06
3.854936534172517637e-06,-7.058880440716208990e-07
4.204188989164044970e-06,-1.218937223748299736e-06
5.811757140529383679e-06,-1.568923476509708805e-06
6.637355021891566097e-06,-9.807335208937174113e-07
3.871996833885053076e-06,2.990296669800957395e-07
3.826859274830146516e-06,1.047355348090735588e-06
4.979425730570077819e-06,-5.002329598610175805e-07
6.548713338728909517e-06,-1.351000622898894810e-07
6.646119580206145872e-06,7.034791630107847722e-07
4.465482155516839622e-06,8.434245223521819629e-07
3.991383721554458604e-06,1.375176134359996852e-06
4.189932982305590749e-06,2.285461255631184102e-06
5.798377450589204144e-06,8.060749870453215591e-07
4.494505315136527128e-06,3.181732434420950055e-06
6.924154998371891660e-06,1.554675145997231013e-06
5.006112762821533595e-06,2.312812109881606605e-06
6.224387853171316596e-06,2.382349354341246844e-06
4.913912470997010507e-06,4.043109183412895791e-06
7.371462759649445329e-06,2.383792677391152572e-06
7.012977774996588976e-06,3.214823180221318623e-06
6.151075143911468018e-06,3.741091849835735256e-06
5.437301301500384685e-06,4.878754916493189301e-06
6.078342842580512420e-06,5.668217211410417179e-06
7.987941785427147342e-06,3.157079974970499655e-06
7.551098001872885512e-06,4.164021014613060913e-06
7.034093092298855303e-06,5.357630484158501253e-06
6.813039453514962681e-06,6.399697661656557887e-06
8.752141359487487180e-06,3.845222478681256377e-06
8.524311712075434200e-06,5.353749725739354673e-06
7.649256713729669512e-06,7.046412833807470855e-06
8.580817269594260459e-06,7.607777244322092182e-06
9.583985859077490498e-06,8.074276773600980308e-06
9.662151349659967438e-06,5.681426928317355922e-06
9.651882582672779209e-06,4.420702252798918931e-06
9.434791392164049081e-06,6.952674846941754064e-06
1.065779862098443219e-05,8.418437806207651686e-06
1.178347070438050452e-05,8.643897560755173058e-06
1.058342244470122116e-05,5.964096582340610462e-06
1.067095891030519212e-05,4.843047551747497533e-06
1.293842140857496535e-05,8.737116470799054024e-06
1.164046524916265173e-05,7.020123322629280713e-06
1.177538685809928785e-05,5.092911537840403014e-06
1.319155583172734255e-05,7.197644051436128946e-06
1.423826388797568167e-05,8.767840337059733014e-06
1.292931205984562840e-05,5.165685267889846617e-06
1.605209069691975002e-05,8.796962318902766561e-06
1.460837673394828044e-05,6.314849783314087378e-06
1.423699903074678945e-05,5.134073585618071368e-06
1.860041447406222688e-05,8.837326652308760219e-06
1.732835508093130984e-05,6.803110246810277046e-06
1.605325673037891643e-05,5.095788966281910756e-06
2.203106616981407009e-05,8.874431286066650790e-06
2.030571841034159135e-05,6.948235340917941996e-06
1.860106984007594619e-05,5.056890542673869364e-06
2.565889729531975252e-05,8.899555391822097099e-06
2.383764651174365184e-05,6.948004264322522639e-06
2.203134558918535068e-05,5.021286234266864013e-06
2.932223183657875484e-05,8.915758096733887000e-06
2.748588020111164846e-05,6.948112035343912477e-06
2.565904503127379056e-05,4.996519743736017081e-06
3.300845029578321812e-05,8.926771118003342677e-06
3.116217248003289844e-05,6.948173780342475743e-06
2.932231378899981066e-05,4.980565780749006004e-06
3.671137328038174440e-05,8.936226668085661982e-06
3.485703869376015937e-05,6.948227823951543736e-06
3.300826527148573983e-05,4.969723352384071041e-06
4.043145187307580195e-05,8.946249355094549620e-06
3.856818074386826427e-05,6.948259610029393582e-06
3.671110594736945671e-05,4.960249220784875757e-06
4.417201767451513439e-05,8.957187055109587141e-06
4.229815695476992805e-05,6.948134564767444924e-06
4.043145391908373019e-05,4.950060452970807703e-06
4.793426697329127836e-05,8.967351033481366746e-06
4.604989713486093292e-05,6.947976534143720331e-06
4.417230061036037868e-05,4.938745063561931319e-06
5.171389597897009847e-05,8.974393699405313853e-06
4.982189869635283936e-05,6.947767206071427369e-06
4.793459753266016398e-05,4.928335347552108251e-06
5.983389419261381508e-05,8.755210865138214992e-06
5.929540979585049974e-05,8.978241791739580409e-06
5.341039750568669724e-05,6.947623642123828786e-06
5.550335318719764168e-05,8.977572097500578820e-06
5.171393954447348290e-05,4.921049837349035412e-06
6.005694169197352018e-05,8.216750282269974498e-06
5.878253687214824005e-05,6.947481306830487565e-06
5.550329570012695524e-05,4.917454538089127323e-06
6.005685521187999388e-05,5.678262464334880951e-06
5.929531486131687677e-05,4.916779084828735366e-06
5.983380163459724573e-05,5.139808084252567863e-06
