Size 192,2
-4.396514746836665015e-05,8.111772396380617027e-06
-4.411159839413865457e-05,7.758412724414304258e-06
-4.411163462772711762e-05,6.092272337708134809e-06
-4.396518553625392576e-05,5.738906595599092546e-06
-4.361163405879191381e-05,8.258104204584956057e-06
-4.294831049911000773e-05,6.925356454666606899e-06
-4.361167106262197441e-05,5.592572534634667531e-06
-4.112263071129034772e-05,8.255983955225916130e-06
-4.112266100154460708e-05,5.594669835681235499e-06
-3.975096053192280968e-05,6.925250075873479702e-06
-3.864181651130288393e-05,8.248988332510243066e-06
-3.864171479726369481e-05,5.601136396152485342e-06
-3.740633466452750926e-05,6.925016058964822402e-06
-3.617810527575776824e-05,8.238529887795320396e-06
-3.617775397758129298e-05,5.610975807939884015e-06
-3.495285730141574365e-05,6.924720495442326826e-06
-3.373580156630772852e-05,8.227297627731373940e-06
-3.373515474888867893e-05,5.621735767234872644e-06
-3.252118097420036335e-05,6.924491290365906271e-06
-3.131388551924320840e-05,8.217664459200451236e-06
-3.131321098853206199e-05,5.631142234164349659e-06
-3.010837906935746378e-05,6.924360036251133005e-06
-2.890838144997269114e-05,8.210892671319808950e-06
-2.890779698039580841e-05,5.637821407813115085e-06
-2.770923706168181350e-05,6.924329971092180385e-06
-2.651261177610909065e-05,8.208949555240382614e-06
-2.651206357078710580e-05,5.639740498221321796e-06
-2.531502846412337946e-05,6.924361374028516212e-06
-2.411494475672007061e-05,8.214361503519259443e-06
-2.411464973204031527e-05,5.634593313292610079e-06
-2.291148504781749480e-05,6.924475016672760520e-06
-2.169913118124602817e-05,8.228398638522724571e-06
-2.169936684432265659e-05,5.621063147048230582e-06
-2.048130122212323258e-05,6.924758473446104079e-06
-1.924940433745922722e-05,8.249319971287087915e-06
-1.924989326954854463e-05,5.600542073220173129e-06
-1.806097881144685886e-05,6.925129736879038366e-06
-1.685750580622886243e-05,8.272569821949624631e-06
-1.685800422353277861e-05,5.576857946868581933e-06
-1.595163661446002436e-05,7.031663609852653405e-06
-1.501429651753978396e-05,8.291355183807427051e-06
-1.501477705960471684e-05,5.557823082829751831e-06
-1.365602285583153033e-05,8.305138382645995613e-06
-1.392615363393555002e-05,7.394561116834219331e-06
-1.365627331911513412e-05,5.547329606656087425e-06
-1.266073777887125406e-05,5.537324434968769183e-06
2.231563316139256310e-06,4.035124490611343196e-07
2.277062459971951734e-06,2.940205940310305946e-07
2.276816668209112382e-06,-1.137393574098064859e-07
2.231556953970532009e-06,-2.216733685145796232e-07
-1.266206920636266284e-05,8.313740386280513047e-06
-1.175117390815439043e-05,8.269207459109963103e-06
-1.246342841619939465e-05,6.578319071796562083e-06
-1.175605527523746023e-05,5.448316196337171507e-06
2.122562841990952320e-06,4.488230295089428641e-07
2.012655253277966577e-06,1.696262505070081001e-09
2.123541642176949573e-06,-2.666886839153693435e-07
-1.146499490787479845e-05,7.410663020837952910e-06
-1.084833159183410119e-05,8.122442638545596181e-06
-9.963105935070334639e-06,7.870473725779887533e-06
-1.119124146096870387e-05,6.212995278144982902e-06
-1.087096411440562103e-05,5.200551205757116742e-06
1.383423530034379350e-06,4.608831747464966026e-07
1.382979504524951965e-06,-2.790172157568205787e-07
1.000229366220482021e-06,9.109247020835181800e-08
-9.107777280295599278e-06,7.519872812811908866e-06
-9.849552804684647418e-06,6.958913154492849139e-06
-1.015770598771562084e-05,5.795679846652651801e-06
-1.003552619676700913e-05,4.800103103024080229e-06
5.860637548264514301e-07,5.275685178683697856e-07
5.863550692448303974e-07,-3.446479239904184087e-07
1.168507536681573063e-07,9.184606882673273977e-08
-8.295222178576207279e-06,7.070534750224692810e-06
-7.534650217041247309e-06,6.528509518152208701e-06
-9.069596635758794270e-06,5.607705891513667027e-06
-9.276265216339902938e-06,4.258986362865970573e-06
-4.195218652697812405e-07,6.709356951205044116e-07
-4.193326779496347958e-07,-4.864374443170975829e-07
-7.726157124204308300e-06,5.672517488930716647e-06
-6.837753964960533106e-06,5.902532976935098119e-06
-8.050998174258447562e-06,4.685340844214089473e-06
-8.617314891898015413e-06,3.589798468146306597e-06
-1.007324134385417313e-06,9.280582063290149572e-08
-1.703303143330375809e-06,8.771838154280610095e-07
-1.702110010504767338e-06,-6.919806004585224783e-07
-6.215880703971944949e-06,5.198011158765380733e-06
-5.674324312356701803e-06,4.422400435685207506e-06
-5.220793963212126135e-06,3.587641143011323587e-06
-7.382781494241649035e-06,3.779210155573478843e-06
-8.080177868930383449e-06,2.812360028036163027e-06
-2.261568586477491796e-06,9.553128690533707261e-08
-2.943889411045974526e-06,1.079539504070357460e-06
-2.943280691286567546e-06,-9.005713131053614970e-07
-6.122884817123424290e-06,3.593547422976896498e-06
-4.865881030117864929e-06,2.699420663387964844e-06
-4.079211194368044710e-06,1.251245406316851040e-06
-4.418713836383290394e-06,1.420353079397418259e-06
-4.611181267430032611e-06,1.760315533761775929e-06
-6.909330757228035394e-06,2.695357462728860543e-06
-7.684762876031990002e-06,1.955584141986241891e-06
-3.557288779261102853e-06,2.393404813871846586e-07
-4.052978770217617009e-06,-1.048183298057878561e-06
-5.487048290381615223e-06,2.064084485136782912e-06
-4.426834353706749160e-06,7.339122645006304515e-07
-4.827790756589134811e-06,1.300254501955822770e-06
-6.555658739994319389e-06,1.687229177160840102e-06
-7.450218539326562395e-06,1.049502668259927741e-06
-4.424014269814733359e-06,-3.809814288550563141e-07
-4.357185186858144136e-06,-1.216053245158296276e-06
-5.663446606243147303e-06,5.262173464613237536e-07
-7.384826661328780971e-06,1.205622256321067941e-07
-7.538185395059361501e-06,-8.216296003334288130e-07
-5.069559795707590656e-06,-9.805576533207485039e-07
-4.527482692459342326e-06,-1.588943140377669274e-06
-4.725003357092401844e-06,-2.642806141120277477e-06
-6.574469279386602308e-06,-9.252149218221670987e-07
-5.046965304414119120e-06,-3.707784276258926562e-06
-7.894742954554383646e-06,-1.785803334205663557e-06
-5.659082263344115061e-06,-2.665865733124110935e-06
-7.083063615850656385e-06,-2.747683370052172988e-06
-5.520484316085262532e-06,-4.742808503415673550e-06
-8.457003018924774717e-06,-2.749413208747235040e-06
-8.035894486816518706e-06,-3.737692107937917544e-06
-6.992887573955183089e-06,-4.373495857693160346e-06
-6.126233497922255150e-06,-5.771450592035054516e-06
-6.895003593425489065e-06,-6.760597349302090628e-06
-9.236921879873590696e-06,-3.661585438158524044e-06
-8.701126922253689378e-06,-4.892728091964017636e-06
-8.061839003735870641e-06,-6.376185395709081456e-06
-7.786881429790727503e-06,-7.695263865599790315e-06
-1.020768220018968236e-05,-4.487749621489641519e-06
-9.923346067594362023e-06,-6.376775897859328268e-06
-8.823348337129325184e-06,-8.529340615701753526e-06
-1.000084751107823292e-05,-9.267820737573860337e-06
-1.128275090479841875e-05,-9.898449974152459343e-06
-1.137697860248306773e-05,-6.793380873912074501e-06
-1.136155876819483550e-05,-5.190766439252868391e-06
-1.108280460228549539e-05,-8.431581643441450163e-06
-1.267469474882236647e-05,-1.036961810505954189e-05
-1.415382285200780732e-05,-1.069323591453788710e-05
-1.256892326928472385e-05,-7.154327076664678415e-06
-1.268575968902735444e-05,-5.704202591433739453e-06
-1.568181255630957165e-05,-1.084205906813542711e-05
-1.395117246635360598e-05,-8.538959145424024092e-06
-1.413520995511572291e-05,-5.998265605436858389e-06
-1.601358582245141849e-05,-8.780697378833099331e-06
-1.742893854857440245e-05,-1.091533978167737618e-05
-1.566193786019470200e-05,-6.071506265136197372e-06
-1.989465400530575877e-05,-1.098939373024895494e-05
-1.791763927951881536e-05,-7.590100802955008176e-06
-1.742489107920018455e-05,-5.999701443763758349e-06
-2.343284001584376120e-05,-1.110414847563197202e-05
-2.164926754217757598e-05,-8.252078973413407142e-06
-1.989655592725650710e-05,-5.905207907138169504e-06
-2.831649749976907054e-05,-1.122831036459372905e-05
-2.583959455587890315e-05,-8.453919056542075837e-06
-2.343359976053076732e-05,-5.796258701677325551e-06
-3.360761991126634763e-05,-1.133276298428550910e-05
-3.093007497741620646e-05,-8.454165859818354336e-06
-2.831641253156707446e-05,-5.678551564978088630e-06
-3.907287683493177133e-05,-1.141936584196295571e-05
-3.631330043503839524e-05,-8.455163396854135054e-06
-3.360720633305099210e-05,-5.576403155993733331e-06
-4.468195584146839516e-05,-1.148955918158070135e-05
-4.185563378609136257e-05,-8.456034663606778058e-06
-3.907257553131747679e-05,-5.491779811353521286e-06
-5.040605214100470104e-05,-1.154490151576806818e-05
-4.752690971754792038e-05,-8.456691615784635033e-06
-4.468182269784530178e-05,-5.423153684909979495e-06
-5.621850062355942200e-05,-1.158615785299999960e-05
-5.329958791932486964e-05,-8.457203731643182803e-06
-5.040604022217916216e-05,-5.369136410463306397e-06
-6.209437332073442525e-05,-1.161488012903659244e-05
-5.914768368357358250e-05,-8.457586564042455086e-06
-5.621850364795935958e-05,-5.328815533197915214e-06
-6.801209153774160515e-05,-1.163313606853017870e-05
-6.504772288557824961e-05,-8.457785503313138101e-06
-6.209435481157076820e-05,-5.300651962192608454e-06
-7.395428359887157679e-05,-1.164348250976157703e-05
-7.098016497289355597e-05,-8.457983794667193065e-06
-6.801197245234707849e-05,-5.282632506964934011e-06
-8.671412381792058071e-05,-1.129869998292495496e-05
-8.586794307505585635e-05,-1.164917549200388516e-05
-7.662048937185400219e-05,-8.458033873598749493e-06
-7.990923720474332520e-05,-1.164825181648637357e-05
-7.395427082185240157e-05,-5.272445364147904166e-06
-8.706462831876858783e-05,-1.045255798377060372e-05
-8.506214636378002980e-05,-8.458065995177758292e-06
-7.990927570978282766e-05,-5.267854470916616076e-06
-8.706469061331266338e-05,-6.463543574525030746e-06
-8.586800581597541242e-05,-5.266914387781449003e-06
-8.671418892273955045e-05,-5.617393006878554467e-06
