Size 192,2
-1.144076939945724933e-04,1.612582888691708999e-05
-1.148503587567146025e-04,1.505720391777166410e-05
-1.148504486453394256e-04,1.001966692220336080e-05
-1.144078004923866008e-04,8.951087962242742599e-06
-1.133390258457923102e-04,1.656846115145379288e-05
-1.113346589789434497e-04,1.253849215394478745e-05
-1.133391672968411958e-04,8.508481162092849210e-06
-1.058145679263617278e-04,1.656807508104194036e-05
-1.058148483741906416e-04,8.509543304846534017e-06
-1.016615452601319416e-04,1.253911201046661276e-05
-9.829281613044146685e-05,1.656573402670810010e-05
-9.829363017100694537e-05,8.513469764752560720e-06
-9.453455942447130575e-05,1.254011601074878121e-05
-9.077880899157378088e-05,1.656064224366297981e-05
-9.077985796032801908e-05,8.520754378583444879e-06
-8.702662721155404605e-05,1.254152734488910443e-05
-8.327943579038626703e-05,1.655121914123979662e-05
-8.328043545239496978e-05,8.533175102241538634e-06
-7.953782962368147419e-05,1.254321534135876514e-05
-7.580577556133395538e-05,1.653461596665869914e-05
-7.580627369930853683e-05,8.553219774615760404e-06
-7.208146172836104714e-05,1.254494955787391866e-05
-6.837393318230352971e-05,1.650757432784799843e-05
-6.837391034908638760e-05,8.583529135908302631e-06
-6.467696363604314184e-05,1.254639861971307048e-05
-6.100617240889681593e-05,1.646696432936532419e-05
-6.100557151206953123e-05,8.626813404212158097e-06
-5.734954419488480932e-05,1.254755321556441464e-05
-5.372978609403066924e-05,1.641024937704275896e-05
-5.372920555007525177e-05,8.686119861126445594e-06
-5.012921180814034985e-05,1.254863802434204068e-05
-4.657631338680613225e-05,1.633573680262416717e-05
-4.657634215097039370e-05,8.763003792061676694e-06
-4.304891578890674932e-05,1.254968147043395129e-05
-3.958009863805255017e-05,1.624123205161731755e-05
-3.958044555837205499e-05,8.859910793622936142e-06
-3.628071350012522538e-05,1.254993786358528000e-05
-3.304927769882756461e-05,1.612653287231083263e-05
-3.304906504122296512e-05,8.981018292037487070e-06
-3.064577195153933483e-05,1.282371576547602579e-05
-2.826225866961978958e-05,1.601488559540215951e-05
-2.825933817911589730e-05,9.098521106118046233e-06
-2.488816993158981898e-05,1.591304123981088765e-05
-2.551514642843093325e-05,1.371109588019159143e-05
-2.488278172187882812e-05,9.176469869781854618e-06
-2.249254048205670409e-05,9.261452840054059546e-06
3.317761675082170473e-06,6.825517516624892765e-07
3.383751987359580001e-06,5.237556031782226779e-07
3.383340757989938212e-06,-6.740462598014494582e-08
3.317695469902249745e-06,-2.238495122765884836e-07
-2.248470779505595040e-05,1.583957512853336174e-05
-2.036967759357188648e-05,1.565145296324054098e-05
-2.198061661594167608e-05,1.173309592568049090e-05
-2.034498522455436507e-05,9.167330208787509169e-06
3.159682800859238983e-06,7.482761795916231691e-07
3.000496984188893402e-06,9.999724037266597801e-08
3.161096104621046627e-06,-2.890834731933760242e-07
-1.967912367857093059e-05,1.363805789018801871e-05
-1.832322947168837270e-05,1.521114480254204818e-05
-1.638919639799716116e-05,1.457308844444203460e-05
-1.904415982939871492e-05,1.092781113932596842e-05
-1.833550363678251963e-05,8.741427161437474329e-06
2.088576696672404781e-06,7.659693029564419481e-07
2.087847482035614582e-06,-3.075118023067368923e-07
1.533029867993785221e-06,2.292094958425495425e-07
-1.459632920852602396e-05,1.371377075482020095e-05
-1.611561878646977430e-05,1.254393309336648570e-05
-1.677615711217562874e-05,1.004824170388663594e-05
-1.650067970496311490e-05,8.015021557762599515e-06
9.312139730174645995e-07,8.652784356980348926e-07
9.313860873544746303e-07,-4.065108004911656024e-07
2.466960639007644470e-07,2.294827112154395493e-07
-1.294082253614999710e-05,1.269423838897459046e-05
-1.146915258582412121e-05,1.153189269431979013e-05
-1.449095919938618239e-05,9.671398064155735502e-06
-1.488623961693242701e-05,7.010462948276868710e-06
-5.389712874768483925e-07,1.080518285187426808e-06
-5.390285241263076168e-07,-6.215122258374278940e-07
-1.184428910486864468e-05,9.784874788762835894e-06
-1.018596745496710015e-05,1.022402362953642504e-05
-1.246068149567275452e-05,7.864305238078402190e-06
-1.352724431042170198e-05,5.806850225789322485e-06
-1.404423482793164302e-06,2.297093514733524894e-07
-2.433355068870088260e-06,1.390988745741192201e-06
-2.431684132158363378e-06,-9.342567489749594978e-07
-9.068644441583193663e-06,8.820366009357003334e-06
-8.170593056927385428e-06,7.373163022207018127e-06
-7.476173750541954080e-06,5.853958368337232562e-06
-1.121401417263719310e-05,6.173113073426690852e-06
-1.244652183748595009e-05,4.465722413500573774e-06
-3.259953494261783778e-06,2.331353836891417070e-07
-4.273731174452309722e-06,1.695872008198972946e-06
-4.274567645696953917e-06,-1.253335922735505392e-06
-8.987978564498845573e-06,5.844933689594994333e-06
-6.956941090718312759e-06,4.312461172994679235e-06
-5.935185831552557180e-06,1.953614367772140776e-06
-6.412496927107023021e-06,2.215098035784392685e-06
-6.658890597553813415e-06,2.753537214506639712e-06
-1.035202000444279609e-05,4.272735615002895051e-06
-1.164165248288216116e-05,3.049381181464663430e-06
-5.184522918891655063e-06,4.483564725065292359e-07
-5.961196906756346413e-06,-1.485296469970947086e-06
-8.006435257464570896e-06,3.227412550118390859e-06
-6.455362215830438623e-06,1.174495387692183926e-06
-7.022146120314381021e-06,2.029423637818861990e-06
-9.745393247398636226e-06,2.613146067227378739e-06
-1.113423649405978579e-05,1.621035314618330462e-06
-6.505953407109324125e-06,-4.968674455156731532e-07
-6.448976745184674602e-06,-1.735499081509776083e-06
-8.331721928324160485e-06,8.106059336304834102e-07
-1.095087035065001040e-05,2.051750086258973263e-07
-1.105908267842098954e-05,-1.175094212645644037e-06
-7.503768568792288743e-06,-1.405639009134883946e-06
-6.735618829658309718e-06,-2.267029163907811028e-06
-7.090851450878953400e-06,-3.724302505409428355e-06
-9.681538812461325637e-06,-1.357967519807576223e-06
-7.613803631562987219e-06,-5.126318104932478215e-06
-1.146075841436281952e-05,-2.565293332288542813e-06
-8.409260642342219371e-06,-3.778278688225363366e-06
-1.034161917849453269e-05,-3.887747334519015235e-06
-8.298075022144457694e-06,-6.459997366774518414e-06
-1.212043566841876317e-05,-3.889763157491681961e-06
-1.155287615431187802e-05,-5.189288917851678867e-06
-1.022841951038209150e-05,-6.000199355010130565e-06
-9.134268816405679978e-06,-7.724434787656411766e-06
-1.012571749184043828e-05,-8.898225318861408296e-06
-1.302413289767985296e-05,-5.107891176181551359e-06
-1.236036800679710252e-05,-6.641545319541807620e-06
-1.158111037942109102e-05,-8.430980807101985926e-06
-1.124956636510834621e-05,-9.965682832579442237e-06
-1.414095153118687691e-05,-6.173808311251943439e-06
-1.379914731082807427e-05,-8.418966940166254910e-06
-1.250297471589351160e-05,-1.090101166782950823e-05
-1.387299463245389362e-05,-1.169742510014336965e-05
-1.533408978278991228e-05,-1.234327823689601547e-05
-1.545536799261208402e-05,-8.899734770306504190e-06
-1.544465541281920808e-05,-7.050317677640451493e-06
-1.512687490631040135e-05,-1.074108447369337298e-05
-1.687526975998613536e-05,-1.281555331850807749e-05
-1.847418111051056389e-05,-1.311405705404302060e-05
-1.677939431599770025e-05,-9.312679976348500695e-06
-1.690318865845778017e-05,-7.695003898640230246e-06
-2.010412355937563449e-05,-1.322729820761618548e-05
-1.828366181427865662e-05,-1.081976949400156598e-05
-1.847034860966679327e-05,-8.083491402248747028e-06
-2.046291390658902887e-05,-1.106671931310904822e-05
-2.191879866014839076e-05,-1.325095682492380709e-05
-2.009731789853538768e-05,-8.206211877230215170e-06
-2.443465713232948136e-05,-1.327463824359605269e-05
-2.243965316958945988e-05,-9.833658425063717030e-06
-2.191737457335655808e-05,-8.183369482703136782e-06
-2.793743611282006181e-05,-1.331048400092097581e-05
-2.619429048584074815e-05,-1.051570068231557113e-05
-2.443503313787864344e-05,-8.154124325686483391e-06
-3.262485500159521736e-05,-1.334899130780671537e-05
-3.027049560214253960e-05,-1.071747903909453922e-05
-2.793748349275559109e-05,-8.121390697700843001e-06
-3.757087549575324721e-05,-1.338226914805362658e-05
-3.508789543197003821e-05,-1.071825818521541803e-05
-3.262469399384334759e-05,-8.086371111485621049e-06
-4.257256407138232721e-05,-1.341135849950686912e-05
-4.006274050107720155e-05,-1.071926210666246657e-05
-3.757059670004836156e-05,-8.055294016119324158e-06
-4.762326092521606608e-05,-1.343637727239242226e-05
-4.509022459247846195e-05,-1.072014957937580610e-05
-4.257234581941656497e-05,-8.028061538645119222e-06
-5.271530261371042261e-05,-1.345730119535017368e-05
-5.016291441400840554e-05,-1.072104674686156918e-05
-4.762305375157059893e-05,-8.004705402758311857e-06
-5.784045422516774797e-05,-1.347396542194064608e-05
-5.527299316564131628e-05,-1.072190294431397339e-05
-5.271526211957775127e-05,-7.985558176439644981e-06
-6.299157582301532132e-05,-1.348743101307446731e-05
-6.041210716845877616e-05,-1.072267474847860764e-05
-5.784049400403148364e-05,-7.970618698143500333e-06
-6.816373629972105434e-05,-1.349833353843341946e-05
-6.557445183868326885e-05,-1.072351945973370701e-05
-6.299154207425788411e-05,-7.958825372475214347e-06
-7.335250350358073256e-05,-1.350648398273130358e-05
-7.075568244950154197e-05,-1.072421334053151430e-05
-6.816360089043314592e-05,-7.949509580766522780e-06
-8.449781335424581244e-05,-1.320652283526913332e-05
-8.375861124979091545e-05,-1.351267102727895110e-05
-7.568072686706369735e-05,-1.072463300164670071e-05
-7.855310740298921725e-05,-1.351142244224984319e-05
-7.335253543054611716e-05,-7.942424573932878529e-06
-8.480400944726261656e-05,-1.246738344651896664e-05
-8.305462580715480315e-05,-1.072505026235462159e-05
-7.855308886854594998e-05,-7.938307042016068857e-06
-8.480411303278039762e-05,-8.982674134741769589e-06
-8.375869162032110635e-05,-7.937331452658980162e-06
-8.449791507677832290e-05,-8.243497009445494849e-06
