Size 192,2
-6.521397605217591875e-05,1.028347661662096131e-05
-6.545032443308051724e-05,9.712890708908765943e-06
-6.545021902645528947e-05,7.023140030965766940e-06
-6.521386321225445713e-05,6.452572601520348314e-06
-6.464337763911051833e-05,1.051981743498310793e-05
-6.357312056599202755e-05,8.368011880728382342e-06
-6.464326507234929462e-05,6.216242076257728875e-06
-6.062595092090313290e-05,1.051965729959548158e-05
-6.062591133597815469e-05,6.216466125393674177e-06
-5.840846570622780000e-05,8.368037024230181857e-06
-5.660926793462666735e-05,1.051959702133158644e-05
-5.660923453745511023e-05,6.216369716379012668e-06
-5.460089537854447966e-05,8.367998025852061892e-06
-5.259222032338249078e-05,1.052043628072668862e-05
-5.259197279941240667e-05,6.215248522853282201e-06
-5.058241348808339738e-05,8.367940051290343075e-06
-4.857219031619039413e-05,1.052265201147117621e-05
-4.857128263110137680e-05,6.212823218533480186e-06
-4.655935137001517514e-05,8.367769283124669081e-06
-4.454628880058652364e-05,1.052535032253719428e-05
-4.454542143771929801e-05,6.210211139228939582e-06
-4.253059537515170075e-05,8.367613678499326773e-06
-4.051479696576954078e-05,1.052655217238848984e-05
-4.051447731859686419e-05,6.208706067792445526e-06
-3.849807280070512394e-05,8.367322674964391272e-06
-3.648272042299337682e-05,1.052394616960559491e-05
-3.648272458664915901e-05,6.210652902528692696e-06
-3.446842921690714971e-05,8.367013685865671150e-06
-3.245864506945499845e-05,1.051570104477039504e-05
-3.245855244986889165e-05,6.218297096443059942e-06
-3.045206816919437907e-05,8.366793839310110914e-06
-2.845565262344384010e-05,1.049878932914198719e-05
-2.845548332353077233e-05,6.234893597155578538e-06
-2.646542342456235128e-05,8.366688303843343593e-06
-2.449249364323957865e-05,1.047042009302392497e-05
-2.449233839010364616e-05,6.263230499355383908e-06
-2.260849641576628938e-05,8.366383912572758743e-06
-2.074866548260062091e-05,1.042970138526018704e-05
-2.074837721986336618e-05,6.305718006400111180e-06
-1.936125646447871938e-05,8.525130028647117921e-06
-1.797200044749780939e-05,1.038679069946538579e-05
-1.797073261946551619e-05,6.350484778568557379e-06
-1.599410770395537988e-05,1.034678019942089114e-05
-1.636806866149545812e-05,9.047074950656532839e-06
-1.599192291287914591e-05,6.380870837548347273e-06
-1.457894300280210146e-05,6.414263328799390415e-06
2.307997555466693017e-06,6.904684469184287082e-07
2.353204082362049793e-06,5.816213887401355317e-07
2.352880603478624437e-06,1.767874799228718012e-07
2.307922404030328777e-06,6.972298980602021564e-08
-1.457580054406839846e-05,1.031773750036378413e-05
-1.331434291594945075e-05,1.021914619155675610e-05
-1.428220798766364321e-05,7.880110881698139939e-06
-1.330579019008453890e-05,6.339818829396783547e-06
2.199661395165485379e-06,7.355663088972636580e-07
2.090790213641729024e-06,2.916455142409943470e-07
2.200724700508695568e-06,2.516434997228352217e-08
-1.290673749454590117e-05,9.021243754562250543e-06
-1.208552833991860400e-05,9.972781577325385191e-06
-1.091211742878712422e-05,9.601268341058082019e-06
-1.252827710559156975e-05,7.392628058453983494e-06
-1.210021398526649182e-05,6.060996109704992554e-06
1.466454624850281739e-06,7.483917756015214269e-07
1.466145551680067498e-06,1.301822773147289481e-08
1.086300814700500345e-06,3.809366575467151046e-07
-9.810273363739084476e-06,9.096782941259492502e-06
-1.075082514902885260e-05,8.376447849264177930e-06
-1.115426690793215256e-05,6.853227046477454627e-06
-1.098914509800345787e-05,5.593192553712489878e-06
6.737118224217117714e-07,8.181268664876557089e-07
6.738598560974830969e-07,-5.581569625932249584e-08
2.032520387749614331e-07,3.812278921416842693e-07
-8.783880188525006695e-06,8.485419627168961309e-06
-7.855727042804193903e-06,7.776537246319830966e-06
-9.751166720943496764e-06,6.618760095024061490e-06
-1.000225855643524105e-05,4.950686422965083896e-06
-3.381691910687613871e-07,9.690751991303885405e-07
-3.383142146195123834e-07,-2.068504306822742666e-07
-8.091676589191252900e-06,6.693653567906430904e-06
-7.031875109037696128e-06,6.972321222343709287e-06
-8.483897122807905673e-06,5.483810029878912489e-06
-9.164038892078426674e-06,4.171733039202507267e-06
-9.363897910357615909e-07,3.810884168624883913e-07
-1.649573619038493802e-06,1.187365926145840348e-06
-1.648609508062257298e-06,-4.273463306313580829e-07
-6.308097423668285571e-06,6.096004138468918427e-06
-5.708071381084081446e-06,5.171378684131518296e-06
-5.227979118545615025e-06,4.191431346961291978e-06
-7.687889595405507880e-06,4.403607834703993548e-06
-8.492720267660938067e-06,3.289505951947322604e-06
-2.223277378690362615e-06,3.829760538562750640e-07
-2.929229731634280091e-06,1.402786001044437548e-06
-2.929546049102849426e-06,-6.528421901360820547e-07
-6.235471948913234656e-06,4.190342040579826625e-06
-4.861658693131882556e-06,3.179015376354273915e-06
-4.098400072011825277e-06,1.586550275626120317e-06
-4.441817546972972656e-06,1.767969588173929596e-06
-4.627394070648694075e-06,2.135964302025279127e-06
-7.133004215557378044e-06,3.160915280455600853e-06
-7.996004125528060464e-06,2.341478463536196694e-06
-3.564244533333223375e-06,5.322548651082784820e-07
-4.094494467601245033e-06,-8.159732405644837407e-07
-5.559037637324809711e-06,2.461599013475293890e-06
-4.461451079012563689e-06,1.044633144003363224e-06
-4.869299735077891990e-06,1.640699987281526091e-06
-6.733196266094256107e-06,2.047906467745140146e-06
-7.691201228036886542e-06,1.365806864241389810e-06
-4.478245938235862410e-06,-1.228811627713465092e-07
-4.423243771712016659e-06,-9.930853279110403651e-07
-5.767960632379648641e-06,8.082359055618967340e-07
-7.591774893348998935e-06,3.838713966643122611e-07
-7.711101926079983794e-06,-5.925362012796341308e-07
-5.166330496311236823e-06,-7.553238994740456668e-07
-4.612434743838672325e-06,-1.376654925645384638e-06
-4.839073614257035715e-06,-2.443417278401337734e-06
-6.721141538667425988e-06,-7.103350460002135275e-07
-5.190299773205448701e-06,-3.497930891202086747e-06
-8.041705771238336742e-06,-1.585752975055694865e-06
-5.793065222193536769e-06,-2.474035517167033978e-06
-7.221704665675666445e-06,-2.555630625746034604e-06
-5.678967489478421447e-06,-4.513215490894487454e-06
-8.572354931047762033e-06,-2.557203720234199313e-06
-8.151289674009323097e-06,-3.534958538710695987e-06
-7.134315061000664000e-06,-4.156024230230133465e-06
-6.291383019623546631e-06,-5.502461101227480515e-06
-7.046009013807602234e-06,-6.440061770808257042e-06
-9.305070818846028244e-06,-3.465581558812593144e-06
-8.788073746467785837e-06,-4.656173108895567784e-06
-8.175285726916031820e-06,-6.071946125692060406e-06
-7.912917422236086682e-06,-7.312552357585566533e-06
-1.021444759531267369e-05,-4.276150385892014360e-06
-9.943445968712850483e-06,-6.068084430249938281e-06
-8.903311845516133211e-06,-8.085550909127651087e-06
-1.001108679061995813e-05,-8.759748811930685386e-06
-1.120730172679299304e-05,-9.324461927515272059e-06
-1.129983194565728735e-05,-6.458305105326140564e-06
-1.128768502841444290e-05,-4.955931061837702217e-06
-1.102740017455618435e-05,-7.978363197126730460e-06
-1.249168937926675173e-05,-9.742972426561736439e-06
-1.384407049160811199e-05,-1.002189583180406164e-05
-1.240110123756780164e-05,-6.795248688385540786e-06
-1.250718157351487940e-05,-5.453664033867481439e-06
-1.523418938293323507e-05,-1.014209060223232786e-05
-1.366813962851727351e-05,-8.063859955493556458e-06
-1.383257550526533805e-05,-5.744784364622532863e-06
-1.553777132560191408e-05,-8.279743673860443206e-06
-1.680768288164784222e-05,-1.019032619771239338e-05
-1.522099778410421390e-05,-5.825467064697786081e-06
-1.901341902754374478e-05,-1.023846173868742844e-05
-1.725245539870595853e-05,-7.208699225051567529e-06
-1.680525036314680891e-05,-5.777376178348819743e-06
-2.214126764542002451e-05,-1.031150073929369820e-05
-2.057278803139534509e-05,-7.802062384820309207e-06
-1.901488931751649014e-05,-5.714989117729037589e-06
-2.640350091712025026e-05,-1.038847125840248578e-05
-2.425072801144028924e-05,-7.980281513361868381e-06
-2.214190096592421516e-05,-5.644795662589525907e-06
-3.096900776590431480e-05,-1.045195555848735818e-05
-2.866689791549791231e-05,-7.979714605926288502e-06
-2.640370621936656361e-05,-5.570701918261830010e-06
-3.564098386251738032e-05,-1.050482188115984937e-05
-3.328850235933811908e-05,-7.979556275109647256e-06
-3.096904117329190242e-05,-5.507278379326650006e-06
-4.040321838530311306e-05,-1.054872509724901603e-05
-3.800829510597433130e-05,-7.979257599194853175e-06
-3.564107262932327745e-05,-5.454023883945527766e-06
-4.524039005574145004e-05,-1.058406093185171097e-05
-4.281061000924182782e-05,-7.978717738207384284e-06
-4.040340175680972467e-05,-5.409283512106767169e-06
-5.013674132362288584e-05,-1.061075344770806313e-05
-4.768011008559924394e-05,-7.978060309105744250e-06
-4.524061243953602962e-05,-5.372721443801400950e-06
-5.507566616092915733e-05,-1.062904750801011545e-05
-5.260049189182322381e-05,-7.977431352633294632e-06
-5.013693879081524346e-05,-5.344733048602047588e-06
-6.004214749586975783e-05,-1.064043064865840804e-05
-5.755540984210261835e-05,-7.976810700640687114e-06
-5.507586607094768904e-05,-5.325194251506592475e-06
-6.502516318445219264e-05,-1.064704256136461931e-05
-6.253165899247373704e-05,-7.976230426440408016e-06
-6.004234762700411945e-05,-5.312590293347315707e-06
-7.572265032488957929e-05,-1.035737717036961565e-05
-7.501319665844582974e-05,-1.065121832549931498e-05
-6.726044477824619206e-05,-7.975875116003055347e-06
-7.001743444835087436e-05,-1.065042238050128341e-05
-6.502528489777112733e-05,-5.305006077943087276e-06
-7.601651884643232868e-05,-9.647960538401161999e-06
-7.433757630374774174e-05,-7.975744408715131154e-06
-7.001745237836037514e-05,-5.301158243224028776e-06
-7.601651567928396816e-05,-6.303531445846109165e-06
-7.501319901742543211e-05,-5.300282106292040855e-06
-7.572264857233994935e-05,-5.594120477568753822e-06
