Size 192,2
1.890182962394584316e-05,-8.932034513849193023e-07
1.900937414710382250e-05,-6.336214003039032204e-07
1.900897417389157401e-05,5.903263374858357776e-07
1.890137308113413282e-05,8.499479850600928653e-07
1.864219170278110644e-05,-1.000710156617208559e-06
1.815471615025429828e-05,-2.160279946180155591e-08
1.864165534221634890e-05,9.574684483778025736e-07
1.681375017242780156e-05,-9.997243064287426776e-07
1.681305995105349024e-05,9.562130842499745381e-07
1.580459453057783456e-05,-2.204679152276392132e-08
1.498887055621772653e-05,-9.956402210650728245e-07
1.498835581326757861e-05,9.508958298944649745e-07
1.407957294797777340e-05,-2.243749222050926408e-08
1.317711851313900079e-05,-9.859600576364000110e-07
1.317714868616161326e-05,9.402832238386607062e-07
1.227826501543648928e-05,-2.319737418313097427e-08
1.139026374993778461e-05,-9.701756934293930455e-07
1.138978655062420686e-05,9.232477241102794689e-07
1.050726211278597369e-05,-2.391313728633229907e-08
9.639060471662603418e-06,-9.488071849970488743e-07
9.638397098542458716e-06,9.003080248260674774e-07
8.777525613154931516e-06,-2.481481906297301128e-08
7.934610243979359198e-06,-9.213095381802999104e-07
7.934087405671563223e-06,8.704781439502967293e-07
7.100564391406600739e-06,-2.600247731130401710e-08
6.289413284205204521e-06,-8.859224268247436925e-07
6.289311663377087771e-06,8.323445686336793777e-07
5.490624682122498710e-06,-2.737525512996328316e-08
4.720684612250309298e-06,-8.400780954299655317e-07
4.721068245741516678e-06,7.835046940190930512e-07
3.967566839420228734e-06,-2.883088989084634807e-08
3.251303679399148191e-06,-7.807927402664798794e-07
3.252299035915149397e-06,7.212247973073915713e-07
2.557017089158105355e-06,-3.025789572198424403e-08
1.908489826709555863e-06,-7.057939972159687475e-07
1.909552444024213040e-06,6.433532262043940295e-07
1.310623771769416499e-06,-3.111649276462062866e-08
7.653643510727372335e-07,-6.170944187458088714e-07
7.660168310234178325e-07,5.482690102794434029e-07
3.726787839185689082e-07,-7.329286986661654207e-08
2.474850588788622956e-08,-5.334554816289773704e-07
2.327432421407126661e-08,4.592522135428986408e-07
-4.324319369483767304e-07,-4.599454161379401431e-07
-3.669736388002884528e-07,-1.883015872072734075e-07
-4.355524855075622264e-07,4.017778588466588769e-07
-7.221703409174984949e-07,3.406362740033809800e-07
4.763283742897989909e-07,-2.743485016225667084e-07
4.867478831474999727e-07,-2.992828565952483283e-07
4.867412930519429272e-07,-3.927889525199633728e-07
4.763479187775803404e-07,-4.176424641378894109e-07
-7.285734250842075175e-07,-4.084085385023518743e-07
-9.488448095887914937e-07,-3.490328878946139508e-07
-8.013175537296074949e-07,5.674599436992703711e-08
-9.678337647981864104e-07,2.964071815861474182e-07
4.514527712088786713e-07,-2.641175584591589263e-07
4.260200815038546124e-07,-3.666622072860711780e-07
4.514908255082215185e-07,-4.281168700683128627e-07
-1.032984007284507573e-06,-1.297143113735539797e-07
-1.138630270850780326e-06,-2.566664704520535309e-07
-1.282883502493268057e-06,-1.661826806484956280e-07
-1.098136375894018121e-06,1.196412447681191665e-07
-1.154884289409569464e-06,2.703415085447478938e-07
2.819046680313839956e-07,-2.626940096391644074e-07
2.815739368262105845e-07,-4.313567279491295920e-07
1.942896831347919689e-07,-3.474136456086173652e-07
-1.379923482412451433e-06,-5.662615364351899405e-08
-1.315569104834714864e-06,4.113119976025399507e-09
-1.271785444050778115e-06,1.688766922123064046e-07
-1.295770398521900756e-06,2.516781835996327958e-07
1.006369975309135467e-07,-2.500094652114467585e-07
1.004913948944820616e-07,-4.453498441572460194e-07
-4.401846209570009107e-09,-3.478411772665209860e-07
-1.445084936114492311e-06,3.724350227012841467e-08
-1.462720337234435601e-06,1.128707613723017500e-07
-1.396998240986281667e-06,1.797640299223498929e-07
-1.393475593697208869e-06,2.405739659608949007e-07
-1.229635752187201415e-07,-2.211226991139537321e-07
-1.229062415617965375e-07,-4.745332989202990743e-07
-1.455174002151434865e-06,1.837962144132744909e-07
-1.443819457075864092e-06,1.811589141024852362e-07
-1.453132107130015755e-06,2.137410168041932896e-07
-1.454528660178855240e-06,2.065912145950167256e-07
-2.512505717429687921e-07,-3.477274428703813999e-07
-4.015422057741894232e-07,-1.789027470430653845e-07
-4.013360121481943485e-07,-5.161680602404065846e-07
-1.411904318248456340e-06,2.201449532065821030e-07
-1.343633243206923512e-06,2.097202561705296262e-07
-1.255820278862854657e-06,1.779378483770114724e-07
-1.443692135321004306e-06,2.016340081140797143e-07
-1.489401536692328252e-06,1.370678159432109287e-07
-5.217568340172191588e-07,-3.471897025100396236e-07
-6.675852082389185522e-07,-1.367786187741524597e-07
-6.666461575497644445e-07,-5.574274538944946465e-07
-1.359918332109764354e-06,1.888947568818272476e-07
-1.174205783037629260e-06,1.038076366037331377e-07
-9.251150199124959931e-07,-9.981282902281819102e-08
-1.013003718715068409e-06,-6.830432822644730951e-08
-1.075888706991894903e-06,-1.226383791531427738e-08
-1.425449367696154968e-06,1.216175544812200052e-07
-1.519827740132942329e-06,2.793347874848836942e-08
-7.991704341080783482e-07,-3.172425831157330233e-07
-8.842361741522040651e-07,-5.839168981958635849e-07
-1.241047948374664411e-06,4.168110348948205379e-08
-9.980575944874013253e-07,-2.056237171887939242e-07
-1.100540347663005743e-06,-9.017872074535182319e-08
-1.391698698899673176e-06,-1.043131078129545520e-08
-1.553689636290809427e-06,-1.246337743225413884e-07
-9.676841116448984113e-07,-4.386056816165707781e-07
-9.301671959696043451e-07,-6.203305823756506321e-07
-1.244847686368635201e-06,-2.205484298160712379e-07
-1.585421554209956112e-06,-3.067670473578821885e-07
-1.682881570767662436e-06,-5.214770003996343845e-07
-1.086356619914455459e-06,-5.588407065425505564e-07
-9.485666086067009081e-07,-7.138668992838016183e-07
-9.572330214716202715e-07,-1.001933975943740597e-06
-1.444281454845050619e-06,-5.283248960092267110e-07
-1.002424340036499834e-06,-1.331353169591382020e-06
-1.829313916984453539e-06,-7.536697968916681949e-07
-1.197543898533721145e-06,-9.961385328967223287e-07
-1.605842496506791181e-06,-1.020472771822809524e-06
-1.115416665761629094e-06,-1.667271457625483451e-06
-2.046394443936644658e-06,-1.021220579565617968e-06
-1.923234177075309549e-06,-1.327804358063524663e-06
-1.574633892106918264e-06,-1.538663790453779821e-06
-1.281394662011008714e-06,-2.034165624546154315e-06
-1.529823531757408041e-06,-2.409629132453860992e-06
-2.353742043228594874e-06,-1.294078822818133950e-06
-2.165399387723567361e-06,-1.722111538910283148e-06
-1.933942781751263903e-06,-2.269719694651424373e-06
-1.832390939566503553e-06,-2.787315071292842280e-06
-2.740904232571244510e-06,-1.561193325932508746e-06
-2.635019528025358765e-06,-2.276715081706343863e-06
-2.212518306662569617e-06,-3.133882219427957630e-06
-2.673894718726181713e-06,-3.458287000383567279e-06
-3.193106114478976719e-06,-3.754654271834286427e-06
-3.224175349495469195e-06,-2.442208987340283821e-06
-3.214493262280050064e-06,-1.804887484265193935e-06
-3.100754629260630852e-06,-3.121057387197702328e-06
-3.781820481048938192e-06,-3.982096328672011142e-06
-4.430038195432501481e-06,-4.153385453545939389e-06
-3.725996456015902032e-06,-2.587607949356774452e-06
-3.778872732178538577e-06,-1.980083056332862191e-06
-5.111873324222660750e-06,-4.246147820516469156e-06
-4.325108851236791789e-06,-3.188845638229782280e-06
-4.413008811724878749e-06,-2.069211691627485161e-06
-5.257022579379182430e-06,-3.303144388773567509e-06
-5.919932903991876733e-06,-4.311051736036643861e-06
-5.094743072146995870e-06,-2.076362813889447942e-06
-7.086905456791073885e-06,-4.377841663872793630e-06
-6.137628311466891551e-06,-2.749868265482775003e-06
-5.916084089647239239e-06,-2.012810331935488511e-06
-8.828567577720448182e-06,-4.483858574345252574e-06
-7.936019276936925968e-06,-3.059580429289246875e-06
-7.088598226959595484e-06,-1.927215064516172094e-06
-1.133005978775547216e-05,-4.602291828576943330e-06
-1.004533900551916017e-05,-3.158145530317342672e-06
-8.828853301865855057e-06,-1.825725431759464114e-06
-1.413502299934865261e-05,-4.705029854739891682e-06
-1.270082136582254174e-05,-3.158006706180399868e-06
-1.132995655555868769e-05,-1.712477799452714496e-06
-1.711410287019673844e-05,-4.791532677129736273e-06
-1.559754029318741081e-05,-3.158839534029257139e-06
-1.413463825990775772e-05,-1.611563680569116058e-06
-2.023755028066006489e-05,-4.861640322599938732e-06
-1.865408561978498892e-05,-3.159760235551878888e-06
-1.711387051511657846e-05,-1.526902167437655432e-06
-2.347473031849766571e-05,-4.915742064007442369e-06
-2.183939452717092089e-05,-3.160711025737053498e-06
-2.023734529044984729e-05,-1.458883812049926937e-06
-2.679585474727883882e-05,-4.954971429677105016e-06
-2.512327375723662635e-05,-3.161802519611603404e-06
-2.347427929157692200e-05,-1.406828881388012104e-06
-3.017427213404683670e-05,-4.981266078185932245e-06
-2.847711764517873328e-05,-3.162891181358465949e-06
-2.679533247397809719e-05,-1.369767943044496830e-06
-3.358845201970582246e-05,-4.997507281296768638e-06
-3.187666275011953907e-05,-3.163900682814610684e-06
-3.017385315396293655e-05,-1.345388987425955965e-06
-3.702296142142820647e-05,-5.006613790210235166e-06
-3.530320159138371330e-05,-3.164647695005972067e-06
-3.358828309026577204e-05,-1.331041916920158838e-06
-4.440340829896282423e-05,-4.808677475932528154e-06
-4.391400197876137949e-05,-5.011385771013607739e-06
-3.856481656204683943e-05,-3.165173908455116733e-06
-4.046725861582067748e-05,-5.010583646845019665e-06
-3.702281438420353219e-05,-1.323296755423588980e-06
-4.460612751540352279e-05,-4.319287165961474946e-06
-4.344785239591545431e-05,-3.165665867748908402e-06
-4.046710451860776193e-05,-1.320248593035575236e-06
-4.460608300717263422e-05,-2.012081938931286564e-06
-4.391391751303817928e-05,-1.319933412048366352e-06
-4.440335097530669420e-05,-1.522659338583847884e-06
