Size 192,2
-1.375099145037958655e-04,1.905802133158331928e-05
-1.380719246591495953e-04,1.770142355360507019e-05
-1.380718656773865995e-04,1.130564070044984189e-05
-1.375098449872253598e-04,9.949037189142015308e-06
-1.361531501746684320e-04,1.961990860264046919e-05
-1.336076254866610787e-04,1.450353822375840321e-05
-1.361530649105295295e-04,9.387149470834142345e-06
-1.265986059147714644e-04,1.961727459587183709e-05
-1.265984787359758664e-04,9.389930134916695396e-06
-1.213258991801798530e-04,1.450365189404617847e-05
-1.170538264568515689e-04,1.960429124749203612e-05
-1.170540253058784672e-04,9.403106421326040893e-06
-1.122914383471981928e-04,1.450372224702366574e-05
-1.075461631366070097e-04,1.957499476736935460e-05
-1.075464326893091902e-04,9.432375455392267845e-06
-1.028131029120316997e-04,1.450386476554001584e-05
-9.811025302318811606e-05,1.952642073543078092e-05
-9.810996906144085219e-05,9.481037152971110178e-06
-9.342551501125470593e-05,1.450393535889326813e-05
-8.878336387291866022e-05,1.945954262698644952e-05
-8.878237616853844837e-05,9.547888339898064820e-06
-8.416379171737174323e-05,1.450368692213611432e-05
-7.959745829105880635e-05,1.937604049663349087e-05
-7.959618806828485109e-05,9.630830794960451376e-06
-7.505789018124602746e-05,1.450316277629114722e-05
-7.058112669522900891e-05,1.927653168144301268e-05
-7.057986110403771446e-05,9.729032620088650152e-06
-6.613577726569820462e-05,1.450227096764758917e-05
-6.176346383346057031e-05,1.915984913313788189e-05
-6.176236216081371750e-05,9.843806512461267461e-06
-5.742851702321963352e-05,1.450113744105114526e-05
-5.317861114036562725e-05,1.902335340537751338e-05
-5.317807750860387617e-05,9.978038310908956418e-06
-4.897275174939817575e-05,1.449987775267666376e-05
-4.486428243192996463e-05,1.886470844863211288e-05
-4.486361180423181538e-05,1.013457402674585310e-05
-4.096814759081911477e-05,1.449738014189416965e-05
-3.717797084167456269e-05,1.868608349600454769e-05
-3.717648945450288580e-05,1.031666809945726846e-05
-3.436489602625309093e-05,1.481395409569603237e-05
-3.159575264065301253e-05,1.852224158705869733e-05
-3.159073086652669667e-05,1.048331626947689533e-05
-2.768810487035274111e-05,1.838005100053896338e-05
-2.840708233347349868e-05,1.583758882781856334e-05
-2.768050790847705894e-05,1.058928243557895582e-05
-2.492510801991374610e-05,1.070258941465915147e-05
3.549738821984308380e-06,1.297828795319283185e-06
3.621048145228119297e-06,1.126003741731841776e-06
3.620539864321342360e-06,4.871629036968143788e-07
3.549646624611901267e-06,3.182683779578198731e-07
-2.491496314812285032e-05,1.828005841304283988e-05
-2.248650539051343331e-05,1.805082263786033294e-05
-2.432963612788726049e-05,1.355056114205594164e-05
-2.245264748394509941e-05,1.060923859414513235e-05
3.378747466735832307e-06,1.369083201744680973e-06
3.206853004880004066e-06,6.686643431058632214e-07
3.380561183375697851e-06,2.480659360641571858e-07
-2.168971434340970315e-05,1.573457996493791687e-05
-2.014288702423312234e-05,1.753069532830101658e-05
-1.793776896223708397e-05,1.679012924797504788e-05
-2.096065525807241033e-05,1.262955574220487687e-05
-2.015133591854215925e-05,1.013824951656003555e-05
2.220927817368401937e-06,1.389961556667391149e-06
2.220760690101390165e-06,2.300793845315678561e-07
1.620730937453838022e-06,8.110714728607895188e-07
-1.590351450511247143e-05,1.579657390074727731e-05
-1.762226830082796414e-05,1.447017706145688160e-05
-1.837331416236549328e-05,1.162924989064737278e-05
-1.805764733498725977e-05,9.328403789199487693e-06
9.702699690280978420e-07,1.498502188011855100e-06
9.711378138531323856e-07,1.262939005874299886e-07
2.319421452710496662e-07,8.136519492218550938e-07
-1.403167172736586941e-05,1.462732477059659281e-05
-1.237914320349862956e-05,1.330295361333020025e-05
-1.577972100287289672e-05,1.120240015014234262e-05
-1.622205023025733640e-05,8.205422311761993774e-06
-6.145814400095537084e-07,1.729714299069581665e-06
-6.140235478550492051e-07,-1.000986815102329236e-07
-1.280094123510600225e-05,1.132616378607207637e-05
-1.094948444690855598e-05,1.181772443067195489e-05
-1.349031775950282076e-05,9.167515841259037999e-06
-1.468197462632720826e-05,6.867152807090901555e-06
-1.544423644728274261e-06,8.161203702172239258e-07
-2.648401993544439163e-06,2.061296133384981891e-06
-2.645802515591543728e-06,-4.297205943020022883e-07
-9.709618607917005085e-06,1.023319975862691184e-05
-8.727466776222115387e-06,8.615838621840404038e-06
-7.981513486048823561e-06,6.925590842704004494e-06
-1.209780084523066573e-05,7.276844676891091583e-06
-1.346015299879675251e-05,5.387545562646277225e-06
-3.533917043490708470e-06,8.219230491527570846e-07
-4.618216376321447521e-06,2.385522156649443641e-06
-4.618803931320513567e-06,-7.661300731552589079e-07
-9.636395783689242806e-06,6.911956107367997886e-06
-7.430173256104484902e-06,5.224569767988582363e-06
-6.383473616457566311e-06,2.657951127514177440e-06
-6.883819834432277132e-06,2.938369872102387310e-06
-7.134802511446447528e-06,3.520501900850773143e-06
-1.113841209826502687e-05,5.175206205259304289e-06
-1.254683975244349044e-05,3.838710285697059116e-06
-5.591154727549087973e-06,1.053798179647236124e-06
-6.430803520448656805e-06,-1.011268793853602685e-06
-8.580909424816488690e-06,4.031379657047947423e-06
-6.938722781894244553e-06,1.824573994648816830e-06
-7.532786041017118305e-06,2.738231468080317471e-06
-1.047087347708804253e-05,3.362658247907093363e-06
-1.196318460219704265e-05,2.293883207945833342e-06
-7.009269795990740320e-06,4.124097165378160529e-08
-6.962201174364839368e-06,-1.275663028441143496e-06
-8.943954912750217258e-06,1.420934216329146256e-06
-1.174267807486591343e-05,7.763483412255879595e-07
-1.181954290853887843e-05,-6.852758496593482169e-07
-8.081760837275476700e-06,-9.300841617560712774e-07
-7.277967049885150102e-06,-1.831068906272455982e-06
-7.676329607823735332e-06,-3.340856125210882449e-06
-1.037492670432675129e-05,-8.892208390597739410e-07
-8.246619112707723805e-06,-4.768903911747934844e-06
-1.220377313738970060e-05,-2.147523686218034254e-06
-9.053018701934204863e-06,-3.404596517671152007e-06
-1.104433999912916682e-05,-3.516288735953460109e-06
-8.966786540069244250e-06,-6.116549100861045869e-06
-1.284610863841946164e-05,-3.517906814846281805e-06
-1.226286760613520886e-05,-4.841123186006452007e-06
-1.093106590740486178e-05,-5.657776182254477136e-06
-9.833454370689858601e-06,-7.371218136369057735e-06
-1.083609833030157081e-05,-8.519211613824663004e-06
-1.372150806251424605e-05,-4.764843902834657699e-06
-1.306051811243155417e-05,-6.294800587190427377e-06
-1.228931221916811717e-05,-8.057304609022625960e-06
-1.196266503330949011e-05,-9.546429252990853642e-06
-1.480006690204080621e-05,-5.841934977208422683e-06
-1.446357549717122120e-05,-8.039692479492219112e-06
-1.319862798794248522e-05,-1.043921861166101159e-05
-1.452815965474551653e-05,-1.118604368379900394e-05
-1.593381972673017078e-05,-1.177690965741466121e-05
-1.605647676942473814e-05,-8.503954191679679328e-06
-1.604926557673876041e-05,-6.715831158914469353e-06
-1.574309284434265190e-05,-1.026447456123347540e-05
-1.739760594009986692e-05,-1.220427991432464482e-05
-1.890001522480015862e-05,-1.246243518423770798e-05
-1.731575664239612378e-05,-8.901233954512425005e-06
-1.743124007742178226e-05,-7.359759936345978833e-06
-2.042202828335214007e-05,-1.254823985315786410e-05
-1.873334678270352729e-05,-1.032122414494496000e-05
-1.890388667688820798e-05,-7.754290830325854853e-06
-2.075929775859969016e-05,-1.054636263077171617e-05
-2.209576405046735561e-05,-1.254684773964902581e-05
-2.042238922611534302e-05,-7.887301195815485264e-06
-2.439724541294856588e-05,-1.254507721862594434e-05
-2.258217764737547646e-05,-9.409452032967505523e-06
-2.209617583584054382e-05,-7.887842808661162959e-06
-2.755613063945656026e-05,-1.254120814625899303e-05
-2.599448841805518506e-05,-1.003475571322406204e-05
-2.439768098453135885e-05,-7.889076170654695636e-06
-3.171730895987711995e-05,-1.253483805354051174e-05
-2.963860427704342868e-05,-1.021572830851681722e-05
-2.755670108083612110e-05,-7.891469997078370100e-06
-3.604222313581604935e-05,-1.252717814839602436e-05
-3.388218086590684462e-05,-1.021458140440656003e-05
-3.171784092788332548e-05,-7.895604555627777575e-06
-4.035449564148668164e-05,-1.251983290245307379e-05
-3.820063906970306102e-05,-1.021337973615549629e-05
-3.604276468400989091e-05,-7.900887112115207356e-06
-4.465593253965376548e-05,-1.251400601839468980e-05
-4.250693185073049275e-05,-1.021241558498353531e-05
-4.035480650550308807e-05,-7.906032252421797723e-06
-4.894940986393168882e-05,-1.250992019360379997e-05
-4.680382456436873507e-05,-1.021168645311408928e-05
-4.465612673222542264e-05,-7.910066587574232332e-06
-5.323808305333858752e-05,-1.250761147347093329e-05
-5.109435355928472304e-05,-1.021108818982666158e-05
-4.894953009754583029e-05,-7.912704913805190362e-06
-5.752506283929170841e-05,-1.250677375351431271e-05
-5.538184914481041922e-05,-1.021070686992874257e-05
-5.323831031694915334e-05,-7.913986649174100120e-06
-6.181204486216245744e-05,-1.250687909167066049e-05
-5.966862758554329236e-05,-1.021047528229969616e-05
-5.752534785354534807e-05,-7.914303143750244023e-06
-6.609996532887150403e-05,-1.250743979920389687e-05
-6.395589746161864527e-05,-1.021037590210340551e-05
-6.181230525882377644e-05,-7.914004219664550827e-06
-7.528792851505311978e-05,-1.225603190883968342e-05
-7.467863961433673383e-05,-1.250839507065129430e-05
-6.802089291993170894e-05,-1.021053601293800142e-05
-7.038879934165000402e-05,-1.250810751624570763e-05
-6.609991068872734241e-05,-7.913560477713999243e-06
-7.554030551651245073e-05,-1.164676049348260864e-05
-7.409852912411119235e-05,-1.021064887527149912e-05
-7.038876042701290700e-05,-7.913105634343244426e-06
-7.554029485524063148e-05,-8.774539620153505828e-06
-7.467862256942539372e-05,-7.912897827581366074e-06
-7.528791560997705060e-05,-8.165263542914966344e-06
