Size 192,2
-1.109295477675296938e-04,1.555272002125358035e-05
-1.113667189898329932e-04,1.449726975660490527e-05
-1.113666950935880115e-04,9.521700245129072334e-06
-1.109295200950077864e-04,8.466247668463233904e-06
-1.098741142188254635e-04,1.598990516019877669e-05
-1.078944601343680745e-04,1.200948926565154736e-05
-1.098740814415933496e-04,8.029061372706267909e-06
-1.024425567210538661e-04,1.598988331956156098e-05
-1.024424128056303153e-04,8.029031485152976147e-06
-9.833935418702840169e-05,1.200943910347260523e-05
-9.501034897055762407e-05,1.598849911577349500e-05
-9.501013094668695185e-05,8.030181510583813068e-06
-9.129512400231804296e-05,1.200931853151928280e-05
-8.758246440324160022e-05,1.598317528160154939e-05
-8.758205675718481087e-05,8.034941803396298822e-06
-8.387185776661871715e-05,1.200915535761019734e-05
-8.016820784127112601e-05,1.597151907010843232e-05
-8.016742639220120344e-05,8.046247377478111509e-06
-7.646854017313651347e-05,1.200893411791780541e-05
-7.278182498544361349e-05,1.595083287937971319e-05
-7.278079886911375520e-05,8.066871468742487961e-06
-6.910196425141767291e-05,1.200876526600324679e-05
-6.544267528981564431e-05,1.591782667584434931e-05
-6.544179351750467415e-05,8.100022947659960503e-06
-6.179471704105820055e-05,1.200870902370143404e-05
-5.817777122180851776e-05,1.586769770326595263e-05
-5.817743569456011726e-05,8.150292869198124386e-06
-5.457862415222075023e-05,1.200871984431250888e-05
-5.102406207926261336e-05,1.579581713080200437e-05
-5.102431828849086470e-05,8.222192866181623328e-06
-4.749511238692665421e-05,1.200888744259824952e-05
-4.402626460234960174e-05,1.569974318194716881e-05
-4.402687574521172841e-05,8.318599408350910331e-06
-4.059100390646359067e-05,1.200916981810296081e-05
-3.723091144892866111e-05,1.557884423789589922e-05
-3.723105356766594475e-05,8.440144226831534794e-06
-3.404366118336993503e-05,1.200843359444374508e-05
-3.094086123444983661e-05,1.543803467572087579e-05
-3.094026193894538600e-05,8.586395499511921669e-06
-2.863803495011720142e-05,1.226903482620765996e-05
-2.636938348514939842e-05,1.530773157852042719e-05
-2.636594694639949726e-05,8.721161543380263981e-06
-2.316691165982862026e-05,1.519519795049551786e-05
-2.375738227837882621e-05,1.310961540136296387e-05
-2.316163874845329036e-05,8.806569479242757552e-06
-2.090190456925767557e-05,8.897066080847877123e-06
3.056514037377878627e-06,9.323621369889400147e-07
3.116680944918409942e-06,7.874616167023158568e-07
3.116229158838496141e-06,2.485827009320068891e-07
3.056395951961899405e-06,1.060791423501344943e-07
-2.089303941823124355e-05,1.511660650836059096e-05
-1.889930466404430450e-05,1.493184969466875959e-05
-2.041444573209129663e-05,1.123460762256456090e-05
-1.887381920225560873e-05,8.817089555647513650e-06
2.912309790993351314e-06,9.924061902205998053e-07
2.767387243415755069e-06,4.014703174668348961e-07
2.913729766526489770e-06,4.676957483098951899e-08
-1.824627616838454201e-05,1.303052705045289124e-05
-1.697298237393095725e-05,1.450921199487571944e-05
-1.515760869498369655e-05,1.390430609414913824e-05
-1.764850880038861219e-05,1.047734059981244948e-05
-1.698350699356139095e-05,8.424679545942507762e-06
1.936171196930516835e-06,1.009673174795619676e-06
1.935813955333977542e-06,3.060423733632407338e-08
1.429770255303272784e-06,5.206314189369259924e-07
-1.347810627461196126e-05,1.309185611776758879e-05
-1.489953422174074532e-05,1.199573878937862984e-05
-1.551969512908424277e-05,9.653020034417385002e-06
-1.526158505722872603e-05,7.750108916600461945e-06
8.801770180247748864e-07,1.102629074005543457e-06
8.806151235858528764e-07,-6.013694860567190261e-08
2.543736854197063018e-07,5.217405093011458409e-07
-1.193012057856549130e-05,1.213274666514443021e-05
-1.055730817300925089e-05,1.104236985659896269e-05
-1.337968894970773375e-05,9.301128888076458650e-06
-1.374955567415691409e-05,6.814474609359906255e-06
-4.651311142336378400e-07,1.302416330676996973e-06
-4.650790784501674357e-07,-2.583751627854127706e-07
-1.090806950800191826e-05,9.407106336304544989e-06
-9.362455131249001125e-06,9.817042639796566271e-06
-1.148379094377297424e-05,7.613216852498051083e-06
-1.247909199852383193e-05,5.694336954107206270e-06
-1.258690049916053767e-06,5.224027415466532096e-07
-2.203979198750232879e-06,1.590726416155991890e-06
-2.202348905138369525e-06,-5.482429610932033616e-07
-8.323199093929027625e-06,8.505193385617982048e-06
-7.490503923837875299e-06,7.156052531711483795e-06
-6.848218602418532808e-06,5.740842962611887223e-06
-1.032290479494645186e-05,6.036700662001717164e-06
-1.147032239521539638e-05,4.447793592384755028e-06
-2.963740412968128325e-06,5.257738601282042089e-07
-3.897871891356090301e-06,1.874823478669718954e-06
-3.898617103694603577e-06,-8.457478863715909922e-07
-8.252261273646523498e-06,5.731761072781094125e-06
-6.368852450935177959e-06,4.307197248906644795e-06
-5.430073480087634289e-06,2.115964751823586525e-06
-5.870146385302812526e-06,2.359042009612607700e-06
-6.096432664129583857e-06,2.858925586980741459e-06
-9.521328843706340270e-06,4.269015614755723019e-06
-1.071945452203596885e-05,3.132956748803569701e-06
-4.737240070924446699e-06,7.245694052902827385e-07
-5.455943868056992644e-06,-1.063217842953575260e-06
-7.344285977935363647e-06,3.298390255281962825e-06
-5.910655263819952494e-06,1.396011401840302865e-06
-6.433946209328848416e-06,2.187573021015297303e-06
-8.958267145268789805e-06,2.728407928981207584e-06
-1.024605246642835407e-05,1.808840520510828600e-06
-5.959020648269723640e-06,-1.500168344808073131e-07
-5.907505966094564050e-06,-1.295776812305518964e-06
-7.647941616861715685e-06,1.058210945064729713e-06
-1.007490311981430685e-05,4.974719863409574675e-07
-1.017348825501552563e-05,-7.798110497343625168e-07
-6.883633052399839870e-06,-9.917823621621993411e-07
-6.173561103469813281e-06,-1.788444921080450874e-06
-6.504035477962474806e-06,-3.136856382857549653e-06
-8.898867059423533926e-06,-9.493525036107908406e-07
-6.989947226676079447e-06,-4.431667596464937277e-06
-1.054370341625497053e-05,-2.066827963896692538e-06
-7.723762790424640884e-06,-3.187557699089563736e-06
-9.509539434936918254e-06,-3.289519606434025808e-06
-7.624408098791649434e-06,-5.662665735388794809e-06
-1.115124183778306597e-05,-3.291956656754881577e-06
-1.062732584297532818e-05,-4.492118488683812968e-06
-9.406587426393690524e-06,-5.239475029854936112e-06
-8.398496171834658554e-06,-6.826811879490616740e-06
-9.314170627251935525e-06,-7.905603173489400952e-06
-1.198189922240528699e-05,-4.418352695672550034e-06
-1.137130930840271945e-05,-5.831154188324267517e-06
-1.065521914900416737e-05,-7.476089892891072364e-06
-1.035069355510928957e-05,-8.883275604140828706e-06
-1.300663852414750200e-05,-5.403125811334813192e-06
-1.269341371703584642e-05,-7.465117776370091570e-06
-1.150413014827929661e-05,-9.738557348687005655e-06
-1.276099109424509615e-05,-1.046398646550965170e-05
-1.409847427751509467e-05,-1.104837007865394506e-05
-1.421009986619077453e-05,-7.906171443259225607e-06
-1.420020941227801639e-05,-6.211753587928446216e-06
-1.391054226917799208e-05,-9.588695274635828454e-06
-1.550543923599587352e-05,-1.147427482234555209e-05
-1.696039674707052356e-05,-1.173981515789399547e-05
-1.541946846533392388e-05,-8.284589599152357000e-06
-1.553146480073475330e-05,-6.807529271762729903e-06
-1.844115177786919516e-05,-1.183697510141969690e-05
-1.679027213820304855e-05,-9.656869913478110550e-06
-1.695833794546073830e-05,-7.169052658801843425e-06
-1.876758730497881116e-05,-9.879945893066121492e-06
-2.008316638951619648e-05,-1.185121746565337693e-05
-1.843643704326264121e-05,-7.286184997017791406e-06
-2.235337630923561118e-05,-1.186490649135859864e-05
-2.055623475082240617e-05,-8.765249076335186282e-06
-2.008209435907966424e-05,-7.272533784463232984e-06
-2.549770976121095863e-05,-1.188379727442270640e-05
-2.393682156813696648e-05,-9.381527100174268910e-06
-2.235351713111540309e-05,-7.256148333386541543e-06
-2.967756711376316384e-05,-1.190079234274094462e-05
-2.758322340387684248e-05,-9.562868519904650882e-06
-2.549776925284187950e-05,-7.239820094566166944e-06
-3.405472429597492472e-05,-1.191097882148874914e-05
-3.186339416256759883e-05,-9.563820648056362591e-06
-2.967748680930520878e-05,-7.225689752855734734e-06
-3.844233302555652204e-05,-1.191510274460093543e-05
-3.624753134002108138e-05,-9.564900064453202351e-06
-3.405456022319230892e-05,-7.217841532974944289e-06
-4.283023204824800247e-05,-1.191482615739665934e-05
-4.063662939521692246e-05,-9.566040386437471492e-06
-3.844188736261650534e-05,-7.215943115441374083e-06
-4.721144106173413168e-05,-1.191203370266339208e-05
-4.502196950526471988e-05,-9.567220236416916173e-06
-4.282960492701833451e-05,-7.218463609188971385e-06
-5.158372547299206839e-05,-1.190895613251725796e-05
-4.939875991245931024e-05,-9.568433161572185218e-06
-4.721083808838155493e-05,-7.223546946297578980e-06
-5.594837349752032667e-05,-1.190646531063199585e-05
-5.376699729168119658e-05,-9.569704888864487741e-06
-5.158326955024446756e-05,-7.229156607628210452e-06
-6.030688769405370258e-05,-1.190425472965161746e-05
-5.812848059279147769e-05,-9.570760769238839796e-06
-5.594809517254304424e-05,-7.234044142798225150e-06
-6.466003961895047561e-05,-1.190222666027740741e-05
-6.248419811834625252e-05,-9.571498868489412555e-06
-6.030669213260292106e-05,-7.238054227856547959e-06
-7.397161210060632596e-05,-1.164478309911597795e-05
-7.335430835264113939e-05,-1.190048712328674671e-05
-6.660824179800537499e-05,-9.572118368820080295e-06
-6.900825581271009975e-05,-1.190075837965513377e-05
-6.465968783479344117e-05,-7.241450646775958356e-06
-7.422730429361552547e-05,-1.102746394275127645e-05
-7.276666332849589193e-05,-9.572447406172149544e-06
-6.900812601979090311e-05,-7.243812660944071344e-06
-7.422721789362395344e-05,-8.117483003801153474e-06
-7.335419590014654408e-05,-7.244438382318055940e-06
-7.397151486277209990e-05,-7.500150959718404510e-06
