Size 192,2
7.540454430565012446e-05,-1.061020665898661877e-05
7.569887311533885085e-05,-9.899633323305133365e-06
7.569889923726678157e-05,-6.549965338442349632e-06
7.540457257814585140e-05,-5.839387185778728150e-06
7.469397428577331300e-05,-1.090453729019313528e-05
7.336128293489479655e-05,-8.224805342814471001e-06
7.469400263604290043e-05,-5.545054927773292103e-06
6.969083303987104417e-05,-1.090454401294339601e-05
6.969092850871857971e-05,-5.545178724110990305e-06
6.692850633195289412e-05,-8.224907480790832992e-06
6.468738384785347167e-05,-1.090358820459796468e-05
6.468752771594407593e-05,-5.546372071587413083e-06
6.218639108903567189e-05,-8.224823131386135806e-06
5.968716324904125138e-05,-1.089948657154000732e-05
5.968772558275831823e-05,-5.550342622289822339e-06
5.719039264747300668e-05,-8.224735534876600055e-06
5.469774726950614289e-05,-1.089059039598819730e-05
5.469878162156854525e-05,-5.558721332837624651e-06
5.220984449094952191e-05,-8.224527362712248546e-06
4.972919101052162666e-05,-1.087582866608591681e-05
4.973019890816435338e-05,-5.572477014759023109e-06
4.725514996796629580e-05,-8.224152010055633282e-06
4.479327924459060209e-05,-1.085388202973778041e-05
4.479367156544533977e-05,-5.593313912396906879e-06
4.233950497251690856e-05,-8.223541773031223259e-06
3.990412278911102830e-05,-1.082312132978830429e-05
3.990389721534625588e-05,-5.623079667084198926e-06
3.747909550051720784e-05,-8.222868467045296506e-06
3.507995888145773640e-05,-1.078119061731293840e-05
3.507968448303885965e-05,-5.664266435844487218e-06
3.269502034909756079e-05,-8.222483385640998771e-06
3.034469199105376249e-05,-1.072525737579643935e-05
3.034480272797246479e-05,-5.719690460992821049e-06
2.801362616242830856e-05,-8.222348561387279880e-06
2.572671344129554721e-05,-1.065357384887954033e-05
2.572661236710623568e-05,-5.791309544733724326e-06
2.355422892279122727e-05,-8.221782047276929363e-06
2.143301429820359836e-05,-1.056787379429684745e-05
2.143245569262873984e-05,-5.880385877713117007e-06
1.985680686507220702e-05,-8.400508950778429144e-06
1.829885524792568188e-05,-1.048684196189779751e-05
1.829671235323734361e-05,-5.964721984239949142e-06
1.609632458480911697e-05,-1.041542673098225882e-05
1.650419563264527619e-05,-8.979298086679758116e-06
1.609287834825335044e-05,-6.019321624419630920e-06
1.453538303276327839e-05,-6.077930406488827208e-06
-2.150839773233273276e-06,-5.158244046401778767e-07
-2.192868515860685882e-06,-4.146569892189739699e-07
-2.192613087206638894e-06,-3.829465880568041161e-08
-2.150821881295136646e-06,6.127244506045366185e-08
1.452965256994445464e-05,-1.036484912543894736e-05
1.315314254627130325e-05,-1.024030710079008856e-05
1.420069155146618385e-05,-7.688923446657511772e-06
1.313664986620765688e-05,-6.019370876497964888e-06
-2.050153199382701379e-06,-5.577161888377652782e-07
-1.948972401951240912e-06,-1.449667875995824612e-07
-2.051156365293018714e-06,1.027504189323533960e-07
1.270314093331410154e-05,-8.928965501597593265e-06
1.182198602222201577e-05,-9.951666805568196178e-06
1.056539757046363446e-05,-9.535638311270718058e-06
1.229023819085627780e-05,-7.165513872874374081e-06
1.182991500906024325e-05,-5.744831693971529975e-06
-1.368523401866423838e-06,-5.696356301648101526e-07
-1.368229049062947791e-06,1.141962453502737739e-07
-1.014900863103465150e-06,-2.279981843799892044e-07
9.401240888491647535e-06,-8.975953184757362352e-06
1.038734120645282236e-05,-8.216239028209023921e-06
1.081662135784854679e-05,-6.594534887231888137e-06
1.063776540943990849e-05,-5.274914613733654684e-06
-6.311964570613596487e-07,-6.344054351809706390e-07
-6.314593712584459641e-07,1.776367623370104029e-07
-1.942928723891741750e-07,-2.287465782441684781e-07
8.326948495008766051e-06,-8.313126002626084572e-06
7.372730262738633510e-06,-7.558250315248211562e-06
9.332937492026730758e-06,-6.350365058808581350e-06
9.589585536213439276e-06,-4.624238753819093556e-06
3.084044412068737138e-07,-7.746612117676595827e-07
3.082362697814257765e-07,3.164754139127891962e-07
7.616185576922996775e-06,-6.424304091684177487e-06
6.541067406107552505e-06,-6.709233219753399783e-06
8.016149134510224629e-06,-5.178578797940700303e-06
8.707956545024305310e-06,-3.844737681104107557e-06
8.631941898194155877e-07,-2.295557152967570595e-07
1.524690568005537768e-06,-9.775557995503105635e-07
1.523393853595272665e-06,5.195441580754126676e-07
5.817109198501202395e-06,-5.798902278743630213e-06
5.235570104523629286e-06,-4.860960796469862101e-06
4.785708903600840685e-06,-3.876356937146240897e-06
7.208315083534765629e-06,-4.082629757930834935e-06
8.007436063780988769e-06,-2.976268235195433224e-06
2.056359942165531070e-06,-2.323575682543680338e-07
2.710752681354738386e-06,-1.177597717410219790e-06
2.711049103638267167e-06,7.279321265576245699e-07
5.765547748072073284e-06,-3.870398801289807691e-06
4.449231420842905938e-06,-2.877666041233314746e-06
3.785625640901341376e-06,-1.347544761424545692e-06
4.095360593290234449e-06,-1.517894604857054849e-06
4.255570469149216596e-06,-1.867310191165201191e-06
6.650119320353342192e-06,-2.851656296500289863e-06
7.486370329274481301e-06,-2.059077322457315642e-06
3.298738267800436259e-06,-3.719914255395714409e-07
3.800708456823938232e-06,8.799081529727624571e-07
5.129587143587498276e-06,-2.174598930373653378e-06
4.122438887357357953e-06,-8.433656705731358740e-07
4.490930939737484653e-06,-1.398065174864470273e-06
6.257335984816733186e-06,-1.776858877705871618e-06
7.158937742506866297e-06,-1.134025927245178126e-06
4.153851564575280430e-06,2.397365960772266291e-07
4.115380016517730202e-06,1.042793612925276248e-06
5.340534332639260393e-06,-6.091351825647334425e-07
7.041898766321877016e-06,-2.168292063720645641e-07
7.117027218363999760e-06,6.787164425903321906e-07
4.800542699863038503e-06,8.284168018680299860e-07
4.300028455554139865e-06,1.389272203756685921e-06
4.527464430406147421e-06,2.340732804016931213e-06
6.219099740157968891e-06,7.960527534381178579e-07
4.864389921267048877e-06,3.261087805601130090e-06
7.384953024035453704e-06,1.582131208158552902e-06
5.387552537988932118e-06,2.374497845350772442e-06
6.653352188065771579e-06,2.445617613043018449e-06
5.309398124338514931e-06,4.138450007125551328e-06
7.824482453493901511e-06,2.446446937255101653e-06
7.452811091177315896e-06,3.299422127837324706e-06
6.578497044476586121e-06,3.834184226979030985e-06
5.855934248298389225e-06,4.975721252292771933e-06
6.509319372870566119e-06,5.756781879447177177e-06
8.428719478942221674e-06,3.244058833271659614e-06
7.989391910181796764e-06,4.258078523213029698e-06
7.472355186318052915e-06,5.446535808384907600e-06
7.252178853424989512e-06,6.470985275791013169e-06
9.176616607173245494e-06,3.945233998395700568e-06
8.949822935398933174e-06,5.439406054820822472e-06
8.085505104250864701e-06,7.098334092490320138e-06
9.001367733133019394e-06,7.635331725152637213e-06
9.980384613271337015e-06,8.073149911154869115e-06
1.006014891272847207e-05,5.760536586424773995e-06
1.005185135059536016e-05,4.524687237711354610e-06
9.839793438676446783e-06,6.995142066913870702e-06
1.101726732363993054e-05,8.393609806818950187e-06
1.209504817207892745e-05,8.597069824512021296e-06
1.095082343979107990e-05,6.036693279952098089e-06
1.103414864342959087e-05,4.950995697608276877e-06
1.319544933294266098e-05,8.674933081202289875e-06
1.196507700966339106e-05,7.050345160679768071e-06
1.209150556797950949e-05,5.207284931075516977e-06
1.343776642751634005e-05,7.216697592042491860e-06
1.442232281846713141e-05,8.691449544487430678e-06
1.319041746962103069e-05,5.287180854406377789e-06
1.612380738400917527e-05,8.706385682663206181e-06
1.477475881938722640e-05,6.383640291943748760e-06
1.442191225485423751e-05,5.269301435905755107e-06
1.849020448566535675e-05,8.725784329626289987e-06
1.731402053835074821e-05,6.842631543108691374e-06
1.612467473362080622e-05,5.248355836109710146e-06
2.164512995047050657e-05,8.741291462828047770e-06
2.006342871787104626e-05,6.976762002487688400e-06
1.849095524161444387e-05,5.227975257481496825e-06
2.495449111167562413e-05,8.749642408982848476e-06
2.329727139659127359e-05,6.975027147299166568e-06
2.164569963769179253e-05,5.210270761224052956e-06
2.827665919394438279e-05,8.754204841972148247e-06
2.661413074373079979e-05,6.973441335317449875e-06
2.495500168263732019e-05,5.198802094000126490e-06
3.160747482918355145e-05,8.757839425320216150e-06
2.994089667930946883e-05,6.971968788551740511e-06
2.827714921782655168e-05,5.191170051343825333e-06
3.494752846425009188e-05,8.762668677224400799e-06
3.327585505583381106e-05,6.970794563802076781e-06
3.160784788688584851e-05,5.184871805298122784e-06
3.829975358734558853e-05,8.769041055489676292e-06
3.662149831507979970e-05,6.969905206947323767e-06
3.494781048919722277e-05,5.177988975749885621e-06
4.166684209257621573e-05,8.776885016435982732e-06
3.998069577849633468e-05,6.969308892016228291e-06
3.829996676046293038e-05,5.170107037988069720e-06
4.504991511894130646e-05,8.785016701241811049e-06
4.335573299765960653e-05,6.969181552481595946e-06
4.166686207941737734e-05,5.161539405266344587e-06
4.844740274786451698e-05,8.791836506572382000e-06
4.674649451016612200e-05,6.969314563780754225e-06
4.504986270516966678e-05,5.153455254546462009e-06
5.575188592730215623e-05,8.596451197025512295e-06
5.526740138477631879e-05,8.797108907919863629e-06
4.997277386836338137e-05,6.969541604433949881e-06
5.185542870085402208e-05,8.796057677562968638e-06
4.844733219505348705e-05,5.147015137147527069e-06
5.595256866087313307e-05,8.111999740899761505e-06
5.480591248986190406e-05,6.969978727062310909e-06
5.185529722750118083e-05,5.143403849702519437e-06
5.595255071193926962e-05,5.827989821970859174e-06
5.526734405530600553e-05,5.142825297696537097e-06
5.575185655723201891e-05,5.343502296575364522e-06
