Size 192,2
7.770292176893644359e-05,-1.290727472000007693e-05
7.796080542884062565e-05,-1.228470818942135595e-05
7.796101023532779780e-05,-9.349904594781054568e-06
7.770315819662510903e-05,-8.727376573988691701e-06
7.708034670753366859e-05,-1.316515078943324535e-05
7.591281477412497355e-05,-1.081735951473662333e-05
7.708063341277480041e-05,-8.469519426205824694e-06
7.269694604013201211e-05,-1.316525598666422225e-05
7.269743919987720342e-05,-8.469732022364351960e-06
7.027780232686001128e-05,-1.081754848826348305e-05
6.831420408808956462e-05,-1.316562830279351588e-05
6.831493135787973156e-05,-8.469745473887663932e-06
6.612317437622712525e-05,-1.081790581283761788e-05
6.393032060371652762e-05,-1.316768178155797197e-05
6.393096963146902207e-05,-8.468443813930090987e-06
6.173775397388202150e-05,-1.081825917369374059e-05
5.954156049954922387e-05,-1.317237660605507274e-05
5.954236881321954799e-05,-8.464720607043746216e-06
5.734488729877023662e-05,-1.081883723110861983e-05
5.514247951790187524e-05,-1.318012741938774189e-05
5.514350532605190097e-05,-8.458509182253614423e-06
5.293884264073693145e-05,-1.081964110766175451e-05
5.072733123020036953e-05,-1.319081009931888872e-05
5.072882034155851020e-05,-8.449550559705220438e-06
4.851414063138513480e-05,-1.082073352263445463e-05
4.629118063227251415e-05,-1.320427666747976973e-05
4.629239837868610836e-05,-8.437898082965725725e-06
4.406558710273478794e-05,-1.082190920841247205e-05
4.182967395101987179e-05,-1.321928150624358152e-05
4.183019078475799134e-05,-8.425170930818972898e-06
3.959003870691664466e-05,-1.082314982747164170e-05
3.734114008578346848e-05,-1.323403863600424937e-05
3.734097510533394636e-05,-8.413138681109440039e-06
3.508808702870401346e-05,-1.082439910497845117e-05
3.282813153808649206e-05,-1.324657906056279177e-05
3.282778452585658055e-05,-8.403455363733108773e-06
3.065624944192511559e-05,-1.082563315752523333e-05
2.848077964686750762e-05,-1.325425306733578630e-05
2.848068568675415988e-05,-8.398526568950806298e-06
2.684850989182718705e-05,-1.101656668964604080e-05
2.518085807190513837e-05,-1.325659992796120420e-05
2.518106453692352964e-05,-8.398624902678522791e-06
2.277977439883732561e-05,-1.325565590865553206e-05
2.324916660305115590e-05,-1.165647253870120207e-05
2.277997867179157329e-05,-8.400690492094827578e-06
2.103620053512118607e-05,-8.403628633830428026e-06
-3.644088276586623052e-06,4.536142198571838976e-08
-3.716894775954010392e-06,2.202881855736681279e-07
-3.716535199984322808e-06,8.726952513995802267e-07
-3.644051927347029159e-06,1.045568923611228526e-06
2.103539151743199427e-05,-1.325410434687407973e-05
1.945258145508903933e-05,-1.316219034471948045e-05
2.068342674901783553e-05,-1.022342007190759399e-05
1.945595865455323776e-05,-8.269176662914399809e-06
-3.469886066492564562e-06,-2.685390310160128005e-08
-3.293965822994706828e-06,6.887753923700808354e-07
-3.471063506089951584e-06,1.117947897667736106e-06
1.895096396958185781e-05,-1.166649910808597106e-05
1.789204901454389944e-05,-1.289048982234283426e-05
1.637456189229148366e-05,-1.244462309940245105e-05
1.847625172475693853e-05,-9.596384050311000522e-06
1.792653990598652025e-05,-7.864383206330192817e-06
-2.288210537095294558e-06,-4.408386255421881426e-08
-2.286699778016855847e-06,1.140472142086353827e-06
-1.674696715151419292e-06,5.493455290761864445e-07
1.491967265872062025e-05,-1.182919999231372506e-05
1.617612983843063837e-05,-1.087528241382661133e-05
1.670340297824518007e-05,-8.887048725669625531e-06
1.649368847800700589e-05,-7.201826505555540247e-06
-1.010889000056891226e-06,-1.511048872358824391e-07
-1.010508157874312648e-06,1.251559691476482512e-06
-2.556106225122440520e-07,5.511736783501882285e-07
1.354518491624008074e-05,-1.105424444031848040e-05
1.226957690218159506e-05,-1.012986764129716290e-05
1.485272554430178897e-05,-8.571616840953164812e-06
1.520050715907834781e-05,-6.301390685823863543e-06
6.099572018882116144e-07,-3.849751192655580898e-07
6.106034731488650084e-07,1.489429153203451452e-06
1.259210148390383633e-05,-8.681134899987746564e-06
1.110827352800173104e-05,-9.067266750916704238e-06
1.313721559126429767e-05,-7.022742223479192871e-06
1.408584895095525474e-05,-5.192041231574368563e-06
1.563171037975302102e-06,5.530388317176756395e-07
2.694619143980311556e-06,-7.231535333499811146e-07
2.693767644556871531e-06,1.833754852083633324e-06
1.007532543631359644e-05,-7.881759606960766473e-06
9.183469194487719128e-06,-6.587900206847525248e-06
8.440449884234224742e-06,-5.198662891286242976e-06
1.202313695436959958e-05,-5.512028611683653463e-06
1.318261561348617276e-05,-3.907871651917290167e-06
3.604227376101058163e-06,5.516416021909335839e-07
4.718814378320539177e-06,-1.056703083333413813e-06
4.718911793242763607e-06,2.183317185743264103e-06
9.931134770901846364e-06,-5.206237034412559784e-06
7.860389808705038497e-06,-3.728649762965243658e-06
6.577370353218428030e-06,-1.341064545079154582e-06
7.133566221833696362e-06,-1.619699865895486585e-06
7.447685781791655472e-06,-2.179175889121783776e-06
1.123706077911452021e-05,-3.717263059391198680e-06
1.251971972195683005e-05,-2.496996647123653885e-06
5.722023388631070194e-06,3.182932033385904608e-07
6.536000296292835374e-06,2.432341402277664214e-06
8.887953543771906210e-06,-2.678142758006845003e-06
7.147714613925164692e-06,-4.926033449253022965e-07
7.805557935002254639e-06,-1.422679128053239877e-06
1.065294371428704683e-05,-2.056664653109630348e-06
1.212775265603900285e-05,-1.008138681033385122e-06
7.144401019442506252e-06,1.338250018309013417e-06
7.034803177730780168e-06,2.710502491852079531e-06
9.182903612106117736e-06,-1.498504524259206777e-07
1.201927246841606082e-05,5.174835499834298772e-07
1.227272632673718234e-05,2.065865604195927771e-06
8.206897911522725083e-06,2.324858182354682020e-06
7.314666954254272317e-06,3.326312861449809422e-06
7.638816836116709398e-06,5.064196088616306190e-06
1.068531213402846981e-05,2.235493888018940382e-06
8.168608730408331853e-06,6.820820892303193710e-06
1.286242472848562919e-05,3.653023807919423847e-06
9.178148802407000233e-06,5.102014614930119566e-06
1.152533971110485692e-05,5.237599407483842704e-06
8.949463565676301919e-06,8.528491654288584300e-06
1.379176974958606134e-05,5.240991896996352703e-06
1.309809816700928499e-05,6.870955502090525475e-06
1.137792142633639612e-05,7.919380135970881425e-06
9.948842933944843369e-06,1.022553884738794338e-05
1.121806813341065822e-05,1.185745903274412439e-05
1.508024891386865593e-05,6.745805369109851870e-06
1.419693642455090384e-05,8.776851606480372484e-06
1.314336357198642525e-05,1.122359260075934624e-05
1.269029631641885615e-05,1.339836569194201379e-05
1.668293710661416718e-05,8.109523012039245650e-06
1.621505270735015881e-05,1.122514483049674045e-05
1.440131522075024188e-05,1.477303081379110306e-05
1.634421849310986377e-05,1.598902745164859884e-05
1.845765927437679983e-05,1.702478239079381291e-05
1.861295618378705656e-05,1.191245439075770381e-05
1.858675176410249481e-05,9.270419734614609661e-06
1.812877648795526334e-05,1.461091526596777151e-05
2.075141392845288965e-05,1.779730938920453550e-05
2.318526232634322335e-05,1.832450723710842144e-05
2.057793686731737727e-05,1.250783464357440894e-05
2.076934099121484194e-05,1.011965361164205969e-05
2.569824882427121566e-05,1.856356917983488790e-05
2.285452592777022487e-05,1.478545794928655799e-05
2.315566082029800888e-05,1.060887433305544015e-05
2.624465154711517800e-05,1.518148316761068690e-05
2.856503523270599603e-05,1.867549599859014083e-05
2.566680065986452037e-05,1.073400400683369936e-05
3.260322656986166032e-05,1.878675100574873848e-05
2.936918367766951934e-05,1.323058521508897091e-05
2.855882260537472378e-05,1.062315330214842770e-05
3.837355710323835128e-05,1.895392888717223418e-05
3.547073473553135161e-05,1.431432532835800174e-05
3.260606988788504267e-05,1.048042555922849108e-05
4.629276706607004854e-05,1.912883989991631995e-05
4.228395524041010265e-05,1.464300691849406598e-05
3.837441260545159099e-05,1.032134815255744926e-05
5.482354119960921614e-05,1.927122620710503475e-05
5.051478445178251447e-05,1.464275278318265518e-05
4.629270889400020591e-05,1.015494502310669769e-05
6.358873595247740117e-05,1.938698811770749955e-05
5.917023243441769850e-05,1.464363202945634906e-05
5.482318712197047940e-05,1.001497237477569053e-05
7.254468130744454516e-05,1.947930607816369020e-05
6.803810589644858039e-05,1.464442448002607061e-05
6.358854210577779057e-05,9.901055050026046425e-06
8.165030816494864329e-05,1.955070073362325433e-05
7.707537583988496052e-05,1.464507617083419143e-05
7.254443761511074969e-05,9.810273790304343083e-06
9.086965616540129730e-05,1.960405314708795466e-05
8.624346502464594094e-05,1.464546232610135568e-05
8.165010598031346609e-05,9.740007353690708586e-06
1.001720957586862206e-04,1.964223807681098429e-05
9.550906509764934052e-05,1.464564508123859855e-05
9.086944432895439449e-05,9.687164219075181044e-06
1.095327288081347539e-04,1.966803095977374824e-05
1.048444263704711977e-04,1.464562568035218020e-05
1.001720282403171239e-04,9.649100424184483274e-06
1.189310140707573125e-04,1.968395500481310903e-05
1.142270941022086533e-04,1.464547839049300914e-05
1.095327403228821750e-04,9.623042973058856879e-06
1.391147185343495564e-04,1.913895866127719822e-05
1.377761687172825936e-04,1.969336312225550330e-05
1.231480494898618688e-04,1.464545736591117371e-05
1.283500530319394383e-04,1.969177522537206377e-05
1.189310181664076857e-04,9.606964551484001758e-06
1.396691704324767055e-04,1.780047514642258593e-05
1.365014161590189477e-04,1.464544910826887732e-05
1.283500474952855663e-04,9.599128010275408411e-06
1.396691770439031455e-04,1.149041856331220261e-05
1.377761718148536485e-04,9.597525819343168379e-06
1.391147244146574615e-04,1.015193157626901463e-05
