Size 192,2
-7.857678482913984293e-05,1.127224412290284311e-05
-7.886841847517593010e-05,1.056801765731340417e-05
-7.886816026940781635e-05,7.248502394847594674e-06
-7.857649380737537605e-05,6.544252380675096076e-06
-7.787267043854000082e-05,1.156396603108738486e-05
-7.655213554185471235e-05,8.908215029482413101e-06
-7.787233544046447012e-05,6.252519549124184704e-06
-7.291525556363544192e-05,1.156519639608639216e-05
-7.291475948640445826e-05,6.251071398456925114e-06
-7.017647662186624231e-05,8.908099783905073393e-06
-6.795222345939993950e-05,1.156957492344797956e-05
-6.795168454740143033e-05,6.246529794150888449e-06
-6.546679873855064174e-05,8.907982449545912159e-06
-6.297740588455058249e-05,1.157587412858196389e-05
-6.297691431339322722e-05,6.239764987238961655e-06
-6.048474451644470981e-05,8.907826688526546076e-06
-5.798903647047544668e-05,1.158106923645998269e-05
-5.798816378431712385e-05,6.234131811491697164e-06
-5.549031336740864717e-05,8.907426064146265799e-06
-5.299237337743654350e-05,1.158053867119944038e-05
-5.299191483017704065e-05,6.234328077578370892e-06
-5.049429513609559071e-05,8.907144389766752650e-06
-4.800277640580932601e-05,1.157009613884480075e-05
-4.800297614994127971e-05,6.244493853250199697e-06
-4.551594956607079364e-05,8.907009026332069886e-06
-4.304295661262132319e-05,1.154720261104811359e-05
-4.304348738495212054e-05,6.267096358054610140e-06
-4.057963892295979904e-05,8.906974583046560804e-06
-3.813858551346079490e-05,1.151056357711839390e-05
-3.813905616837331947e-05,6.303440728548170934e-06
-3.571166206511042825e-05,8.906870233339927160e-06
-3.331528345137970662e-05,1.146107571072904171e-05
-3.331554610293431919e-05,6.352582348874570715e-06
-3.093646515224078434e-05,8.906712561151584095e-06
-2.859519526576165914e-05,1.140003970825616283e-05
-2.859524801226736291e-05,6.413379683706596970e-06
-2.636732449541378870e-05,8.906098780292670607e-06
-2.418112638050097510e-05,1.133015624789361781e-05
-2.418063760403382607e-05,6.485119747375039634e-06
-2.255359097995438838e-05,9.091575267158292329e-06
-2.093198256297104930e-05,1.126660678211650100e-05
-2.093006046751948149e-05,6.550052812687544804e-06
-1.862713649554979708e-05,1.121268631983062703e-05
-1.906096720138742868e-05,9.699152587924107322e-06
-1.862459599522397111e-05,6.590524099073582714e-06
-1.698197129084860846e-05,6.632861921837470677e-06
2.694383417960880817e-06,-3.453974452443026641e-08
2.747213191171501119e-06,-1.614598634042623002e-07
2.746927814473091835e-06,-6.346954036437669430e-07
2.694335476527996001e-06,-7.600864414512906633e-07
-1.697768305977655700e-05,1.117555398747484185e-05
-1.551279379156172088e-05,1.105876224302403312e-05
-1.663585763604461269e-05,8.339026093994885734e-06
-1.550260803533553945e-05,6.548328388602808476e-06
2.568000403223540993e-06,1.785358068375608118e-08
2.440521984576914447e-06,-5.013294864946764442e-07
2.568857357695618486e-06,-8.126065236811854930e-07
-1.503892045585006988e-05,9.665662855888242043e-06
-1.408572115591173722e-05,1.077091373058582505e-05
-1.272381821621990082e-05,1.033883749673983042e-05
-1.459996645787425717e-05,7.772257945234126172e-06
-1.410365304772618993e-05,6.225029895256254817e-06
1.711077983314513798e-06,3.065431426070756135e-08
1.709947348370292044e-06,-8.294880163839244607e-07
1.265652821145741200e-06,-4.002665656992960583e-07
-1.144431385268000114e-05,9.752733685777759980e-06
-1.253674461099174472e-05,8.915801319659266558e-06
-1.300566239921291563e-05,7.145546600287435633e-06
-1.281468014962207644e-05,5.680918325631189877e-06
7.827045914471065184e-07,1.104936171800018040e-07
7.824245112698088917e-07,-9.123002638664317333e-07
2.317321813318514894e-07,-4.015418033836450016e-07
-1.025240939832838184e-05,9.042914229744930017e-06
-9.173421020265212512e-06,8.219318572526909813e-06
-1.137685842855416437e-05,6.873122164659188814e-06
-1.166960112379271187e-05,4.932857753981336145e-06
-4.013916581047805188e-07,2.849491156182824748e-07
-4.018362489268619897e-07,-1.089409049182515487e-06
-9.448007190665882286e-06,6.960452485399641165e-06
-8.214629062566036389e-06,7.284716689043756642e-06
-9.904751892573498899e-06,5.552771714686305165e-06
-1.069660099185372461e-05,4.024930796500211607e-06
-1.100371410283288401e-06,-4.026596736771819422e-07
-1.932992240653957053e-06,5.385613229950048428e-07
-1.931956558323446364e-06,-1.346859185655502108e-06
-7.371947451640336537e-06,6.265719094318520826e-06
-6.671925685014982656e-06,5.188648134108365244e-06
-6.111121779127567549e-06,4.046569485549519072e-06
-8.978753629120036153e-06,4.294621967790877303e-06
-9.916853848364062549e-06,2.995429770181184942e-06
-2.602701878125575509e-06,-4.007836436300610103e-07
-3.426750379994591647e-06,7.899455800831059065e-07
-3.427128812901588317e-06,-1.610403118544375319e-06
-7.286468458116588331e-06,4.045659582063682687e-06
-5.683128751771340876e-06,2.865222179604607664e-06
-4.791680509565453497e-06,1.004876058638152164e-06
-5.192540139228570850e-06,1.216959448504656535e-06
-5.409178802406173258e-06,1.647125545682707807e-06
-8.332794562570529674e-06,2.844938169401538018e-06
-9.339670562096108025e-06,1.888131456402272829e-06
-4.168061107697956426e-06,-2.264916403350160942e-07
-4.787688864233626266e-06,-1.801366037433374627e-06
-6.496850609098314569e-06,2.027871972695356100e-06
-5.215598027677932375e-06,3.719847527469823212e-07
-5.691572374179227737e-06,1.068388196042906633e-06
-7.866788192601842480e-06,1.544908851104873104e-06
-8.985247598966299463e-06,7.477061319456210813e-07
-5.235627689880716344e-06,-9.918938163586292984e-07
-5.172215076953394299e-06,-2.008519801404200371e-06
-6.740452846268898587e-06,9.573883930413527235e-08
-8.869450736073538949e-06,-4.006035863093261741e-07
-9.007562490257907178e-06,-1.542034595440747285e-06
-6.039646736286620570e-06,-1.731394536909537346e-06
-5.393851044208403997e-06,-2.456505571034825011e-06
-5.660461163705661555e-06,-3.700923052887894858e-06
-7.853015225020135338e-06,-1.680067185570377469e-06
-6.072712560700805556e-06,-4.927599064913935042e-06
-9.390617634648337384e-06,-2.702753857478060730e-06
-6.772860162080743520e-06,-3.737656806393442178e-06
-8.435663281385571592e-06,-3.833670993930029840e-06
-6.644092836806352816e-06,-6.107657708170385220e-06
-1.000428669453419095e-05,-3.836225480107560376e-06
-9.514397911364203477e-06,-4.973709853612230731e-06
-8.335320824075865135e-06,-5.694126807126085704e-06
-7.358190360016586483e-06,-7.253308644891566646e-06
-8.234622794793173720e-06,-8.336618941755632095e-06
-1.084952054910451365e-05,-4.894755878998873298e-06
-1.025115020958477155e-05,-6.274589625882593913e-06
-9.542928789687325596e-06,-7.911176708027741554e-06
-9.239801655530475348e-06,-9.341295188070450003e-06
-1.189704925944274650e-05,-5.837464970914317219e-06
-1.158439508806782994e-05,-7.906830135004018313e-06
-1.038491762103724971e-05,-1.023009425669755537e-05
-1.166171153620034024e-05,-1.100269119871144178e-05
-1.303782057620613142e-05,-1.164661559123894199e-05
-1.314498777903834959e-05,-8.357173014101737919e-06
-1.313118670377083333e-05,-6.626408590995151715e-06
-1.283247588725444515e-05,-1.010380810313039479e-05
-1.451177553269656463e-05,-1.212285347225109551e-05
-1.605998261191408672e-05,-1.243755688381592282e-05
-1.440929726678985344e-05,-8.745691014316292038e-06
-1.453016181616138837e-05,-7.205069255900496629e-06
-1.764952076709681058e-05,-1.257068037113690322e-05
-1.586117764960662000e-05,-1.019952781563623114e-05
-1.604782045330593166e-05,-7.545988536868568090e-06
-1.799693945513658331e-05,-1.044604916103573584e-05
-1.944331168546076959e-05,-1.262016079099785241e-05
-1.763531989082337733e-05,-7.643605334960682792e-06
-2.195238411694223571e-05,-1.266917009366781561e-05
-1.995156829460559731e-05,-9.226623993646756238e-06
-1.944028929723348766e-05,-7.595340997453055372e-06
-2.549603951265299771e-05,-1.274216254338699487e-05
-2.372196433366742909e-05,-9.903515893518144534e-06
-2.195328282962687703e-05,-7.533667281252680699e-06
-3.030242603463752270e-05,-1.281750868103428041e-05
-2.787826162199554491e-05,-1.010693720540923288e-05
-2.549610142554289911e-05,-7.465949001444980437e-06
-3.542796327541457790e-05,-1.287770264049042849e-05
-3.284706832876501520e-05,-1.010783125164836221e-05
-3.030215728163148054e-05,-7.396334023157267852e-06
-4.064938497127090208e-05,-1.292498598918764895e-05
-3.802413748573067287e-05,-1.010912985400376463e-05
-3.542758884763623115e-05,-7.339210595159977809e-06
-4.594534716107228392e-05,-1.296054007747206782e-05
-4.328637481756841999e-05,-1.011015728254556888e-05
-4.064899977827233780e-05,-7.294422134324318776e-06
-5.129585847806684187e-05,-1.298565176294559896e-05
-4.861277424935836684e-05,-1.011076947339963983e-05
-4.594494609989960147e-05,-7.260593139319872025e-06
-5.668327501553961038e-05,-1.300200872656787279e-05
-5.398448930824763703e-05,-1.011106432655375630e-05
-5.129543929749232680e-05,-7.236293947219944630e-06
-6.209364850146311787e-05,-1.301178605138958009e-05
-5.938541994620273221e-05,-1.011106758599796247e-05
-5.668301579983310042e-05,-7.220154101780548667e-06
-6.751710887378380588e-05,-1.301684139217321808e-05
-6.480381011630908757e-05,-1.011084059887997567e-05
-6.209355635888058633e-05,-7.210072513597441493e-06
-7.294691636700211174e-05,-1.301870701634183921e-05
-7.023146620798665697e-05,-1.011048417279194170e-05
-6.751724755926551082e-05,-7.204463500326805174e-06
-8.457954502643140764e-05,-1.269896484974440448e-05
-8.380829717907252322e-05,-1.301843484948240755e-05
-7.537967476867901305e-05,-1.011019419120094754e-05
-7.837791307964055447e-05,-1.301858321831722408e-05
-7.294685741158223361e-05,-7.202006418240684436e-06
-8.489900060389284596e-05,-1.192770119090506872e-05
-8.307398177099338250e-05,-1.010983167755155545e-05
-7.837788105540785576e-05,-7.201384998385791525e-06
-8.489883809134197133e-05,-8.292039127745744461e-06
-8.380815086222021231e-05,-7.201361830793093062e-06
-8.457937993972814816e-05,-7.520814899303059919e-06
