Size 192,2
2.448666543795060093e-06,1.199366433851904449e-06
2.487693294987943596e-06,1.293456056551835854e-06
2.487809852409766038e-06,1.737229190121977058e-06
2.448796835233266327e-06,1.831316238954116522e-06
2.354482417377318162e-06,1.160412418001791563e-06
2.177713395415840995e-06,1.515319824801931026e-06
2.354628334712438089e-06,1.870268962556546781e-06
1.691312293858995622e-06,1.161438306540443283e-06
1.691521395747669656e-06,1.869108750757856688e-06
1.326959123687358992e-06,1.515121609615334328e-06
1.033076511293378259e-06,1.164587190046128513e-06
1.032982647171711309e-06,1.865848379690537090e-06
7.061508603913990520e-07,1.514684251217284726e-06
3.820679356403532614e-07,1.168091982478355732e-06
3.813607634650041308e-07,1.861518082064663805e-06
5.848826816896500083e-08,1.514177662230824432e-06
-2.619911745198315337e-07,1.171583563361434379e-06
-2.630343302485596254e-07,1.856350960847303056e-06
-5.821496621945060283e-07,1.513457251353224632e-06
-8.979933265075074708e-07,1.177168255931952310e-06
-8.988567666593470276e-07,1.848575260770921754e-06
-1.212240583804498504e-06,1.512372050455620247e-06
-1.518667897183888815e-06,1.188377975160904461e-06
-1.519105722701882412e-06,1.834572063642082064e-06
-1.820678466357579845e-06,1.511074276257682342e-06
-2.109127852141034457e-06,1.209171002053273981e-06
-2.108826723664540641e-06,1.810939651755023404e-06
-2.388985270104164354e-06,1.509544700104404069e-06
-2.647965139507758727e-06,1.242015163389716025e-06
-2.647348943546188684e-06,1.775268896810125822e-06
-2.893986070788828893e-06,1.507925687580770154e-06
-3.110699406406191571e-06,1.288220306878219405e-06
-3.110107756891832368e-06,1.726115446642493124e-06
-3.310275039202330412e-06,1.506289612712878062e-06
-3.472424035712223882e-06,1.347882558307031958e-06
-3.472116668773886227e-06,1.662984275935694032e-06
-3.608773274863533896e-06,1.505114101495907519e-06
-3.701691221695469832e-06,1.419451867628961474e-06
-3.701672402927100547e-06,1.585249936125891294e-06
-3.758629494843552011e-06,1.501121621164669017e-06
-3.773175084552019812e-06,1.487098321521544516e-06
-3.774491091345398019e-06,1.512768957396272600e-06
-3.758809964441708678e-06,1.545888779274543018e-06
-3.780815940190044639e-06,1.510084365561056716e-06
-3.760926819893254103e-06,1.466452291932638443e-06
-3.713527009310654558e-06,1.417942861215181049e-06
9.164319219578861490e-07,-3.533621974701423663e-07
9.349388894143193628e-07,-3.976955246246298723e-07
9.348991664708300195e-07,-5.635344178652175794e-07
9.164590201198776422e-07,-6.075703641996460665e-07
-3.719091436338829650e-06,1.586668413505606956e-06
-3.644269266698755269e-06,1.619157815439084585e-06
-3.720916740771714754e-06,1.478900753700105997e-06
-3.659211085269995907e-06,1.361643595046175233e-06
8.722414259397661290e-07,-3.351401510423019244e-07
8.273834048282389283e-07,-5.171111730273541577e-07
8.724102560788707750e-07,-6.261125785025811965e-07
-3.631811896070142014e-06,1.557593798902569165e-06
-3.549094295774242100e-06,1.649183802187873948e-06
-3.424819709094805898e-06,1.650093393919817377e-06
-3.608242538203746116e-06,1.430003300528989201e-06
-3.566423279963546265e-06,1.277863614743093127e-06
5.717825919894060873e-07,-3.316131533661935640e-07
5.712910399221407741e-07,-6.321537229237256475e-07
4.160563018682333978e-07,-4.821942927984666822e-07
-3.274063626076500311e-06,1.639211891950429785e-06
-3.419213941350278490e-06,1.538349140839011662e-06
-3.466927612819681409e-06,1.357638935855467940e-06
-3.452527549720207408e-06,1.160433349552779308e-06
2.479804284846748383e-07,-3.052545833715511732e-07
2.480866547125477053e-07,-6.591131436866867482e-07
5.770124768685147071e-08,-4.820858141970905974e-07
-3.111127070140666231e-06,1.591084616945633928e-06
-2.927496288497334135e-06,1.505776356370327719e-06
-3.276364412518537220e-06,1.316658334915487057e-06
-3.326972740335931446e-06,1.012555104770806159e-06
-1.596956656956645648e-07,-2.474229194593221730e-07
-1.596285972790850478e-07,-7.164585262284504483e-07
-2.971455451656133025e-06,1.336080962001778960e-06
-2.734090900910817733e-06,1.393452823493795800e-06
-3.053717492324420830e-06,1.103001741220002123e-06
-3.200672145604085877e-06,8.153224941555744541e-07
-3.977447697191964600e-07,-4.817076579459849387e-07
-6.796023401096028230e-07,-1.636381353012675561e-07
-6.791131903456054058e-07,-7.995103919405771808e-07
-2.550685190700456279e-06,1.239533554394682953e-06
-2.362110674004895615e-06,1.031853279782245569e-06
-2.182554563071237695e-06,7.937099849017630543e-07
-2.874291899540327503e-06,8.603647525966669376e-07
-3.086674872197635163e-06,5.646879010818755997e-07
-9.056668453130542448e-07,-4.805125038158907551e-07
-1.182485380197361237e-06,-8.047688449828680092e-08
-1.181612681068847038e-06,-8.835438219980479364e-07
-2.489406686636618685e-06,8.030889018745586168e-07
-2.033003279584807207e-06,5.113469669184659772e-07
-1.654684612766080412e-06,-8.461487978306459370e-09
-1.803973978250584166e-06,5.804783745427110410e-08
-1.897907296676483569e-06,1.859848410317666866e-07
-2.738774350205857233e-06,5.231886590836096373e-07
-3.005812203950971504e-06,2.656100358772020129e-07
-1.431691222992312984e-06,-4.223890505527172751e-07
-1.618833224242590123e-06,-9.415101073876482637e-07
-2.240876926678004510e-06,3.029273060857499048e-07
-1.795389111134891892e-06,-2.159712729533003536e-07
-1.971275261353574867e-06,1.195855090975655118e-08
-2.623284933904103721e-06,1.689302950002551713e-07
-2.968834884341048258e-06,-7.649685069950770552e-08
-1.772989366092551240e-06,-6.675713959144836296e-07
-1.729106301070919506e-06,-1.011009039495047565e-06
-2.288769043089374307e-06,-2.796206190513611470e-07
-2.974204479048121304e-06,-4.450140576491825004e-07
-3.082947701935963234e-06,-8.400146547985275100e-07
-2.023197542665209849e-06,-9.071515016553926021e-07
-1.785786913370085189e-06,-1.174005199536801006e-06
-1.842394842662410745e-06,-1.650902395280449696e-06
-2.665036434492852184e-06,-8.714757560544975467e-07
-1.957211523659759104e-06,-2.159836645037892339e-06
-3.279020728677537932e-06,-1.253628418293318313e-06
-2.253824764157470589e-06,-1.652730879976326560e-06
-2.910918906494736828e-06,-1.691295258064145555e-06
-2.159392398290527409e-06,-2.665682710531825215e-06
-3.578300209065981667e-06,-1.692337611785550467e-06
-3.382141775570490463e-06,-2.165202049872428008e-06
-2.865361190311103931e-06,-2.479031221982876670e-06
-2.433355477605550660e-06,-3.191937447714323514e-06
-2.808197789741909369e-06,-3.714228745943427342e-06
-3.997930609459762547e-06,-2.121688993588083688e-06
-3.725851075417807746e-06,-2.743673703713693540e-06
-3.396422544997360370e-06,-3.515690249364292943e-06
-3.253324157608431081e-06,-4.223901601429491975e-06
-4.523554369487548932e-06,-2.525039634668097191e-06
-4.375048074579656137e-06,-3.521122005774234424e-06
-3.791039485739184242e-06,-4.685453658765301573e-06
-4.422826252208322005e-06,-5.106386443513992286e-06
-5.122480939354483367e-06,-5.479252178654356832e-06
-5.168676613155578704e-06,-3.746445761627190326e-06
-5.157719393708540644e-06,-2.880039583583691326e-06
-5.005320399741563105e-06,-4.651142464620671983e-06
-5.899800391104207153e-06,-5.761948030450310458e-06
-6.741263707343196470e-06,-5.966415874130305796e-06
-5.832644962167887974e-06,-3.943032500744181052e-06
-5.900155232851013244e-06,-3.137475331669509676e-06
-7.619080161571020443e-06,-6.070029670554428552e-06
-6.614751963322940724e-06,-4.726982136029719222e-06
-6.724316650101218089e-06,-3.277282591597397942e-06
-7.807710212970573550e-06,-4.870302029451811011e-06
-8.642217850217443715e-06,-6.134010538230208262e-06
-7.601928096814192071e-06,-3.301860291973634036e-06
-1.010423096681795903e-05,-6.199166922978350107e-06
-8.922927283145763060e-06,-4.171496206137827295e-06
-8.638603685172728967e-06,-3.239217392047943580e-06
-1.224642033151766368e-05,-6.301184388369954798e-06
-1.115709768784808587e-05,-4.561523165916444265e-06
-1.010596894247805829e-05,-3.155889358379879320e-06
-1.526623719160983785e-05,-6.413317584607405965e-06
-1.372450033048478553e-05,-4.683076413488783739e-06
-1.224704738451083345e-05,-3.058534894759513450e-06
-1.859874781654943823e-05,-6.509628228008841981e-06
-1.690289365633696860e-05,-4.682814981926652673e-06
-1.526635983386901297e-05,-2.951453210727891331e-06
-2.209489385587930346e-05,-6.591049499419930312e-06
-2.032138061452494457e-05,-4.683132981969647949e-06
-1.859863774462719552e-05,-2.856248121082556738e-06
-2.572870062846908853e-05,-6.658575808898514331e-06
-2.389077877445700085e-05,-4.683509502444986305e-06
-2.209477131376886557e-05,-2.775580486576852193e-06
-2.947520087413163048e-05,-6.713491923906646066e-06
-2.758487225726739009e-05,-4.683926315174384617e-06
-2.572857103937007813e-05,-2.708850895722307218e-06
-3.331191952208018925e-05,-6.756729746362676796e-06
-3.138010997103040457e-05,-4.684406695182441399e-06
-2.947504095014193346e-05,-2.654833840004200347e-06
-3.721771385258367275e-05,-6.788727296343187919e-06
-3.525488013332433318e-05,-4.684904180066028917e-06
-3.331176102850001773e-05,-2.612579352417070809e-06
-4.117149957485746411e-05,-6.809755778368466846e-06
-3.918820795008913976e-05,-4.685423005953828111e-06
-3.721754868800441416e-05,-2.581594913986418206e-06
-4.515298784559733885e-05,-6.821185985732647392e-06
-4.315899351372107673e-05,-4.685944749631566307e-06
-4.117131841997732526e-05,-2.561623957035570452e-06
-5.371041375714071735e-05,-6.591429895949956588e-06
-5.314296790808765026e-05,-6.826460534284314207e-06
-4.694085346635358731e-05,-4.686293895133840429e-06
-4.914676280884011428e-05,-6.825704508911745817e-06
-4.515286811244555339e-05,-2.551101426623182791e-06
-5.394545937965543553e-05,-6.024005207110512586e-06
-5.260254352740188066e-05,-4.686475184891672981e-06
-4.914672754430407200e-05,-2.547090760972034764e-06
-5.394545944735995130e-05,-3.348947135990449407e-06
-5.314295729749968726e-05,-2.546476189518955079e-06
-5.371041089079744621e-05,-2.781512133406750130e-06
