Size 192,2
-6.329819853190868904e-05,9.518831676457365130e-06
-6.352540744937388141e-05,8.970164797296997908e-06
-6.352505530142707880e-05,6.383683342110319581e-06
-6.329779344690945333e-05,5.834955941692535182e-06
-6.274961911251479996e-05,9.746111167513126752e-06
-6.172055985649801979e-05,7.676840580465083932e-06
-6.274913095823234132e-05,5.607648750678393262e-06
-5.888703414951137810e-05,9.746978487846172802e-06
-5.888639628629790349e-05,5.606540446536793570e-06
-5.675282985891004576e-05,7.676815263641627369e-06
-5.501962666742926900e-05,9.750321388044020865e-06
-5.501902367801103188e-05,5.603242818283127629e-06
-5.308310121901493352e-05,7.676701284995195650e-06
-5.114378376142215157e-05,9.754072575197481141e-06
-5.114357500056287812e-05,5.599254573370804104e-06
-4.920311603244680357e-05,7.676851701093973388e-06
-4.726150827410655324e-05,9.755298089929476953e-06
-4.726071961579446205e-05,5.598227708321306027e-06
-4.531944827077608729e-05,7.676890805028820856e-06
-4.338058177401099314e-05,9.751065972712746386e-06
-4.337948369154364493e-05,5.602591614002552760e-06
-4.144300602933180826e-05,7.676692947437253287e-06
-3.951338654842601191e-05,9.739555839414390008e-06
-3.951234075609556513e-05,5.613659470602327537e-06
-3.758736341825897817e-05,7.676090630296650603e-06
-3.567437336032541490e-05,9.719688406619506304e-06
-3.567353638071178056e-05,5.631989319703748364e-06
-3.376730192207703110e-05,7.675117189024599525e-06
-3.187826128055527874e-05,9.691985014210602645e-06
-3.187772165977838988e-05,5.657440794158999727e-06
-2.999767147867911124e-05,7.673885658832961805e-06
-2.813888627733948926e-05,9.657870706507768019e-06
-2.813863776879024027e-05,5.688779337518387942e-06
-2.629048694917407892e-05,7.672507329611076281e-06
-2.446563262711005064e-05,9.619566696814402357e-06
-2.446560979381208465e-05,5.724135145538832255e-06
-2.272528065494595225e-05,7.670892093062830062e-06
-2.100773949469451107e-05,9.580530523783595135e-06
-2.100760277909530504e-05,5.761395062478587692e-06
-1.972637825124331923e-05,7.817402306731668332e-06
-1.843784636403505270e-05,9.548731018535393665e-06
-1.843676720468200071e-05,5.791825426522121995e-06
-1.659526342730692806e-05,9.524799795367694516e-06
-1.694856443810381467e-05,8.304976258644255121e-06
-1.659417435423184839e-05,5.808962431739014622e-06
-1.526859150294072379e-05,5.825772861385205917e-06
2.582855076412275036e-06,-2.168896503263106346e-07
2.635528638170599555e-06,-3.433601576292892705e-07
2.635300682512728663e-06,-8.154957410417400621e-07
2.582844493077626763e-06,-9.406721958462848981e-07
-1.526701295530761800e-05,9.509526086756562354e-06
-1.407310939784650703e-05,9.428427645964122152e-06
-1.499542759495931095e-05,7.208536089580227351e-06
-1.407098777728409958e-05,5.737639388018619553e-06
2.456858060552396396e-06,-1.647220073589954427e-07
2.329255249794355185e-06,-6.825480172231846456e-07
2.457591347661364637e-06,-9.931296521987826000e-07
-1.369128785329369807e-05,8.295539443485885691e-06
-1.290098950340949591e-05,9.210896283511601490e-06
-1.176944938709389109e-05,8.868069479203722212e-06
-1.333367944418321523e-05,6.738538461606089783e-06
-1.292337575976574876e-05,5.447424475813321550e-06
1.601010120542477248e-06,-1.533270899705735884e-07
1.599839375992500394e-06,-1.009176513724300670e-06
1.157593655029608991e-06,-5.822619983220532777e-07
-1.069148592527146444e-05,8.398560995094731750e-06
-1.161891697642288671e-05,7.692092274033681567e-06
-1.201134607304476425e-05,6.211488676137701886e-06
-1.185473381203636018e-05,4.966620907159623936e-06
6.795188030726806529e-07,-7.954740436344296532e-08
6.790756899620189360e-07,-1.086621146805168926e-06
1.376204234440248717e-07,-5.839358790733676179e-07
-9.677997823085748285e-06,7.815976604037889103e-06
-8.744338499052204622e-06,7.127312462525478943e-06
-1.064033680478368304e-05,5.978682378970088473e-06
-1.089513275462974454e-05,4.310244480341870366e-06
-4.809189147286584243e-07,8.303967000129782832e-08
-4.814145558063991095e-07,-1.252606416619535634e-06
-8.981143880274947117e-06,6.056980805638110921e-06
-7.900375809618680076e-06,6.338990684980096191e-06
-9.379338639776345728e-06,4.840782028905746642e-06
-1.007132867127878222e-05,3.504747657848618233e-06
-1.159504919538880061e-06,-5.853940245685820511e-07
-1.962382546910254267e-06,3.187823623219475799e-07
-1.961647330995056132e-06,-1.492724883641687670e-06
-7.152420929031924162e-06,5.465734837999947048e-06
-6.514050359229634072e-06,4.521920431916288859e-06
-5.988826678664907046e-06,3.512602267676792360e-06
-8.567900594910766237e-06,3.738375971719387455e-06
-9.405547746743609557e-06,2.578156295793095272e-06
-2.606967119806855245e-06,-5.842775143092559872e-07
-3.394034963345106967e-06,5.507556520813556552e-07
-3.394433021646972966e-06,-1.736185187612840985e-06
-7.056958732423350623e-06,3.516236353300477260e-06
-5.581861294308729392e-06,2.451657836360009023e-06
-4.699872607044286209e-06,7.478780549981295224e-07
-5.086881668523881774e-06,9.442591398907071437e-07
-5.302063816165988445e-06,1.341661023943408955e-06
-7.997039261802872732e-06,2.440712408824623310e-06
-8.914642826385603576e-06,1.566707013676783873e-06
-4.102108360766761240e-06,-4.195788288684340149e-07
-4.681263999726471286e-06,-1.910140435346198849e-06
-6.319250505510645805e-06,1.695541635864643877e-06
-5.101642310956739757e-06,1.489926905984183778e-07
-5.558868954576273867e-06,8.042926384056372473e-07
-7.576834069284213278e-06,1.251370195637153622e-06
-8.619128964011749851e-06,5.077391332602385884e-07
-5.108107034319826253e-06,-1.140516157934363931e-06
-5.038634438237464112e-06,-2.104744911786679216e-06
-6.534304233807805008e-06,-1.007706583887803801e-07
-8.530575413058616132e-06,-5.707247979034501607e-07
-8.687998356928587867e-06,-1.656087202859594727e-06
-5.860173240126555767e-06,-1.836855491894412741e-06
-5.241377002445240881e-06,-2.532148107932615027e-06
-5.481714257922945641e-06,-3.730866902422827559e-06
-7.585643373454090501e-06,-1.780422567692274467e-06
-5.863523493089739167e-06,-4.926629716513215767e-06
-9.076860734535094794e-06,-2.763849052194029167e-06
-6.547737954014866529e-06,-3.761856483444883877e-06
-8.156751705146573993e-06,-3.855840573879880994e-06
-6.409036262151044187e-06,-6.083111912979550671e-06
-9.691830917199568932e-06,-3.859147050084253761e-06
-9.217181426798928031e-06,-4.968753906630120569e-06
-8.059000631290262634e-06,-5.675423225828091365e-06
-7.098146085337604518e-06,-7.217057769491664847e-06
-7.957124880856095411e-06,-8.297250482420368795e-06
-1.053921396193854974e-05,-4.889092364773573333e-06
-9.948716506443855940e-06,-6.250670311604389894e-06
-9.247629029512778012e-06,-7.875778938328262203e-06
-8.946871825749253600e-06,-9.305655440580446947e-06
-1.158971707305765729e-05,-5.813891738217668655e-06
-1.127988004478676594e-05,-7.874721005868193558e-06
-1.008400310013029755e-05,-1.020066844650663297e-05
-1.136075265246139019e-05,-1.098368179273896805e-05
-1.274138146582603298e-05,-1.164134579890992021e-05
-1.284601441957979344e-05,-8.326355353013124516e-06
-1.283046152404795477e-05,-6.593558009426710952e-06
-1.253199387846741106e-05,-1.008266032509333203e-05
-1.422743003658531548e-05,-1.212930446930915016e-05
-1.579363257068461783e-05,-1.245572149788025313e-05
-1.412015367474608548e-05,-8.716492755376906344e-06
-1.424244832495379442e-05,-7.165372854565289495e-06
-1.740486851816196916e-05,-1.259787394578275664e-05
-1.558806372893899660e-05,-1.018640359252354588e-05
-1.577823718789858452e-05,-7.500142604933866901e-06
-1.775622852930780666e-05,-1.043849578349188446e-05
-1.923045144990525408e-05,-1.265653962544876052e-05
-1.738797738212308883e-05,-7.592999248607158936e-06
-2.179062667849737415e-05,-1.271524112822632121e-05
-1.974562657149677914e-05,-9.197342437080824421e-06
-1.922673733473190103e-05,-7.536593127714974718e-06
-2.542287008599223975e-05,-1.280381321569101403e-05
-2.360072741812360093e-05,-9.888008876152950047e-06
-2.179160263315845148e-05,-7.464013306656559603e-06
-3.037578799514961689e-05,-1.289837919715912685e-05
-2.787308065221989707e-05,-1.009711979840824901e-05
-2.542298276773913811e-05,-7.382948315895079304e-06
-3.568713651565921574e-05,-1.297890748846665967e-05
-3.300723568652671618e-05,-1.009890888836741583e-05
-3.037525697523710638e-05,-7.296601170055940126e-06
-4.113176236435093852e-05,-1.304807284306187863e-05
-3.838808581494111005e-05,-1.010116650477574368e-05
-3.568635461849440353e-05,-7.221162894295883716e-06
-4.669200821266014537e-05,-1.310705392493538567e-05
-4.389367948570939220e-05,-1.010328161803105257e-05
-4.113102811673749091e-05,-7.156324812595391528e-06
-5.234896939596335745e-05,-1.315530699104544556e-05
-4.950563052852267838e-05,-1.010517888012162110e-05
-4.669140877670121322e-05,-7.101422070001800061e-06
-5.808262818692256854e-05,-1.319265021395463371e-05
-5.520450225676839726e-05,-1.010679426971515142e-05
-5.234861794490511272e-05,-7.056630363358239501e-06
-6.387316480444972630e-05,-1.322010363601494666e-05
-6.096967623402974273e-05,-1.010808764571669217e-05
-5.808237754934191200e-05,-7.022368357510910135e-06
-6.970459039863920680e-05,-1.323997653579857460e-05
-6.678288464371613588e-05,-1.010911255249342053e-05
-6.387285068058210251e-05,-6.997198949625643100e-06
-7.556467197924291736e-05,-1.325351722124557934e-05
-7.263052887470196816e-05,-1.011006366487483288e-05
-6.970414635539685900e-05,-6.979271024069790600e-06
-8.816492515681166543e-05,-1.291687228252553903e-05
-8.732911372133079066e-05,-1.326301901938909090e-05
-7.819576280397507470e-05,-1.011066946611231532e-05
-8.144309529956649603e-05,-1.326114780275447548e-05
-7.556441978855155952e-05,-6.967172188399593180e-06
-8.851113842021617333e-05,-1.208114935357367258e-05
-8.653298721496792672e-05,-1.011108843157170205e-05
-8.144305823240891159e-05,-6.960666291886244562e-06
-8.851116816572358144e-05,-8.141020096530290602e-06
-8.732912812715493979e-05,-6.959118123060012061e-06
-8.816495209103477357e-05,-7.305275930223679271e-06
