Size 192,2
-1.142139913659312130e-04,1.589996230758027854e-05
-1.146686029439190294e-04,1.480251127223231950e-05
-1.146688055027355376e-04,9.628913433029189775e-06
-1.142142269825193428e-04,8.531516852080987476e-06
-1.131164880717777150e-04,1.635453437839317221e-05
-1.110579358920391909e-04,1.221578682882182109e-05
-1.131167814066154446e-04,8.076972899592118352e-06
-1.053884101268549774e-04,1.635386561976591021e-05
-1.053888939678442781e-04,8.078208007582202103e-06
-1.011229962231700912e-04,1.221627674766549586e-05
-9.766386021421649829e-05,1.634909887572952251e-05
-9.766414089087162027e-05,8.083845283969840492e-06
-9.380547216357917732e-05,1.221708754894752454e-05
-8.995416920020830084e-05,1.633751876633819522e-05
-8.995385287671503645e-05,8.097532675179585409e-06
-8.610771993325158483e-05,1.221805727432533496e-05
-8.227519845747587014e-05,1.631624538398453576e-05
-8.227507755075056468e-05,8.121377287215055901e-06
-7.845115006412246275e-05,1.221940097097911268e-05
-7.464860056801847380e-05,1.628298302903435137e-05
-7.464885023589146521e-05,8.157566764248790276e-06
-7.085889016686223747e-05,1.222114687362753523e-05
-6.709889898665431101e-05,1.623644647099274665e-05
-6.709942510778671627e-05,8.207681418100757462e-06
-6.335624164958947964e-05,1.222327506624261174e-05
-5.965227527574919382e-05,1.617601176491505701e-05
-5.965259448070074768e-05,8.272440512554722072e-06
-5.596976633722966878e-05,1.222547817470367253e-05
-5.233589833584174260e-05,1.610029369516547247e-05
-5.233606750057858754e-05,8.352773425402651875e-06
-4.872786551163339487e-05,1.222773457952858330e-05
-4.517944636665268765e-05,1.600718713197811705e-05
-4.517963596741057884e-05,8.450476660158674110e-06
-4.166243066015074486e-05,1.222993159294256962e-05
-3.821679419009618912e-05,1.589395558228352714e-05
-3.821653854448942749e-05,8.568784854853862920e-06
-3.494476621241897492e-05,1.223116995941074901e-05
-3.175328658081148271e-05,1.576093005839817042e-05
-3.175250334279609675e-05,8.711483616041083863e-06
-2.938261805296162756e-05,1.250118052250451328e-05
-2.704297305642091670e-05,1.563411433192841201e-05
-2.703976408391341928e-05,8.845958369483262532e-06
-2.373886065696512147e-05,1.552095209326709733e-05
-2.434856983090135841e-05,1.336975109655677163e-05
-2.373352156672430333e-05,8.933590634161962880e-06
-2.140143894843280506e-05,9.027609553260280522e-06
3.116471579860979415e-06,9.068536850012026520e-07
3.177962457814420037e-06,7.587967816591919709e-07
3.177585446753618565e-06,2.081156064048997837e-07
3.116445631677925325e-06,6.246180368700929296e-08
-2.139192756891570462e-05,1.544039860123449251e-05
-1.933495255251313616e-05,1.524949118095155093e-05
-2.089808221393764899e-05,1.143762272656454412e-05
-1.930860867930740850e-05,8.947018793493926025e-06
2.969111451140963023e-06,9.681961600032974407e-07
2.821021389060125099e-06,3.643630935272979264e-07
2.970631736865233902e-06,1.845579759056984237e-09
-1.866102604667724220e-05,1.328905337345096935e-05
-1.734906770307192145e-05,1.481226024070784534e-05
-1.547914360222295955e-05,1.418764318839273347e-05
-1.804437253046654285e-05,1.065863966499726758e-05
-1.735885109863627188e-05,8.545997455664346344e-06
1.971547261136563217e-06,9.858543408098407071e-07
1.971225125203961988e-06,-1.428452705281663517e-08
1.454271036377105802e-06,4.864101958025290341e-07
-1.375150361649096227e-05,1.334899747408691951e-05
-1.521260510420903644e-05,1.222181737297102623e-05
-1.585083040371189413e-05,9.811106909346614712e-06
-1.558440432293400844e-05,7.856038756816844927e-06
8.932766616993415562e-07,1.080263173493830355e-06
8.938071093077711975e-07,-1.058761468371218559e-07
2.549632636891594319e-07,4.879297573847004155e-07
-1.216045239632005350e-05,1.236063107973325064e-05
-1.075227803998571513e-05,1.123883173283788943e-05
-1.364895358672556596e-05,9.450114212513100208e-06
-1.402787024284947519e-05,6.898526217322602472e-06
-4.787773401949072994e-07,1.283825700552852417e-06
-4.785134027927294207e-07,-3.067934906534632776e-07
-1.111206502409095445e-05,9.558867649760976874e-06
-9.528987335668888430e-06,9.979181678090078486e-06
-1.170189732084047369e-05,7.718990527479862126e-06
-1.272149611227119238e-05,5.753666216504098022e-06
-1.287397387377642120e-06,4.892309844645571953e-07
-2.250260593312769419e-06,1.577093745909545648e-06
-2.248308360767470269e-06,-6.001749411339518387e-07
-8.465980078057750569e-06,8.632754683761055504e-06
-7.617053988583586058e-06,7.251391614189823481e-06
-6.964459676853061100e-06,5.803726645047844658e-06
-1.051271302174543374e-05,6.105010668307526475e-06
-1.168529267451006382e-05,4.481663386850868913e-06
-3.023700194459351916e-06,4.934239864647622009e-07
-3.973996788527446759e-06,1.865337729634162682e-06
-3.974609928441325808e-06,-9.007413227401514536e-07
-8.396364812911529031e-06,5.793675885077737069e-06
-6.478305512173717105e-06,4.340117931724952730e-06
-5.530463809860170572e-06,2.109192655865125781e-06
-5.976460507917415742e-06,2.355940668808655896e-06
-6.204803912656072840e-06,2.864214726948422673e-06
-9.692443867344341485e-06,4.299721447576168830e-06
-1.091399083039001379e-05,3.142025693548945614e-06
-4.827594259132252955e-06,6.960175654912769550e-07
-5.559072054935492318e-06,-1.120206518097065759e-06
-7.473346985415588837e-06,3.310864470781203669e-06
-6.018788320755828528e-06,1.377495075639687932e-06
-6.549017534390106712e-06,2.181394527321201813e-06
-9.117742660552239354e-06,2.730234374028379093e-06
-1.042715030610574087e-05,1.795524879556660461e-06
-6.069958794989515468e-06,-1.926665125256930164e-07
-6.019121552575925587e-06,-1.355655025440930210e-06
-7.784218117107290609e-06,1.032474766626099025e-06
-1.025001034027336965e-05,4.635583152908231297e-07
-1.034542801698089217e-05,-8.316663367868018954e-07
-7.009934792016604814e-06,-1.047316632367379678e-06
-6.290420104780098739e-06,-1.854165044641844306e-06
-6.627819917768981008e-06,-3.217917648843202449e-06
-9.053660211104635680e-06,-1.004879513154551765e-06
-7.121956855305649764e-06,-4.526023457128916104e-06
-1.071663887310352257e-05,-2.135530055944476041e-06
-7.863217639480672228e-06,-3.269800664303427839e-06
-9.669864080459797102e-06,-3.372340969008583569e-06
-7.764664310121298385e-06,-5.768720058934882177e-06
-1.132793845378398240e-05,-3.374424170388658999e-06
-1.079810693619075496e-05,-4.586811882053044989e-06
-9.565578958499833779e-06,-5.341556302816198315e-06
-8.547847140734000671e-06,-6.942608350166783578e-06
-9.472477235067028309e-06,-8.029355847532572996e-06
-1.216422071979084059e-05,-4.512410109526992900e-06
-1.154813261724713676e-05,-5.937663253648171131e-06
-1.082572970692674503e-05,-7.596045848858713606e-06
-1.051859478151413035e-05,-9.013657165193813983e-06
-1.319604330622822596e-05,-5.506210127083589341e-06
-1.288006988914313509e-05,-7.584288589387603511e-06
-1.168144588647782430e-05,-9.874418468397211371e-06
-1.294760911824185137e-05,-1.060399653786363063e-05
-1.429451615574629145e-05,-1.119117315489327790e-05
-1.440739665554171627e-05,-8.028365648313412335e-06
-1.439765964811160715e-05,-6.321600465936806641e-06
-1.410566296528032441e-05,-9.722396679765015379e-06
-1.571064351142583475e-05,-1.161890946810645074e-05
-1.717460563873250920e-05,-1.188509432606598968e-05
-1.562478417760972352e-05,-8.409378367718538358e-06
-1.573750400819943202e-05,-6.922442002743540446e-06
-1.866419827156609598e-05,-1.198192906701128088e-05
-1.700401121874005691e-05,-9.790013004226436920e-06
-1.717311732797695745e-05,-7.287313046273003572e-06
-1.899275182443166008e-05,-1.001415934962804572e-05
-2.031538997216695270e-05,-1.199511377465228475e-05
-1.865983799219270869e-05,-7.405811621085038730e-06
-2.259730652122563844e-05,-1.200730220673694912e-05
-2.079145772612556170e-05,-8.893694027211935805e-06
-2.031442854532770556e-05,-7.393127040377813366e-06
-2.575386224451095470e-05,-1.202291733798442445e-05
-2.418775896308597575e-05,-9.513114981986521115e-06
-2.259723168974225529e-05,-7.378552997596241346e-06
-2.994131529891648898e-05,-1.203524620896582201e-05
-2.784443476362111715e-05,-9.695347754142574661e-06
-2.575338680973319902e-05,-7.365482625359076756e-06
-3.431718200194918013e-05,-1.204109510988271987e-05
-3.212776331645671299e-05,-9.696531820837947730e-06
-2.994077591293954545e-05,-7.356369316879088554e-06
-3.869593597750473117e-05,-1.204257655774505960e-05
-3.650642013835111039e-05,-9.697737073775104219e-06
-3.431669238210883539e-05,-7.353129241087039028e-06
-4.307154841325355868e-05,-1.204160260088580519e-05
-4.088441099160754455e-05,-9.698961794010614083e-06
-3.869556310073689803e-05,-7.354082717492095135e-06
-4.744130660520004571e-05,-1.203979241338461206e-05
-4.525738740636260209e-05,-9.700135910283128092e-06
-4.307131782165143078e-05,-7.357459855584667910e-06
-5.180611015210207827e-05,-1.203846650851836476e-05
-4.962432242420768510e-05,-9.700988354825421597e-06
-4.744126333630359110e-05,-7.361359785766138405e-06
-5.616786000075137781e-05,-1.203732584908848698e-05
-5.398736863361872372e-05,-9.701651571851844502e-06
-5.180599898600883406e-05,-7.364232226911185901e-06
-6.052640438036829140e-05,-1.203575724472473192e-05
-5.834765315217599639e-05,-9.702159916799969161e-06
-5.616766779901806201e-05,-7.366557124826850500e-06
-6.488079962529711754e-05,-1.203381163136113529e-05
-6.270433063974819373e-05,-9.702483423011212566e-06
-6.052628222982881157e-05,-7.368919388060115095e-06
-7.419677148048826356e-05,-1.177594258288281233e-05
-7.357916285712613551e-05,-1.203177168697651351e-05
-6.683001068800986655e-05,-9.702604681500498647e-06
-6.923094812069962624e-05,-1.203220700492243939e-05
-6.488089614705139761e-05,-7.371294288964745622e-06
-7.445259573422212352e-05,-1.115832657878528088e-05
-7.299133093530879894e-05,-9.702664459279488062e-06
-6.923102470903553282e-05,-7.373145149869893476e-06
-7.445271492273246251e-05,-8.246931130258173769e-06
-7.357928941191756221e-05,-7.373473796000433709e-06
-7.419689772763230938e-05,-7.629305251305742095e-06
