Size 192,2
-3.380501387575164131e-05,6.686046836741385157e-06
-3.390873133085509523e-05,6.435657604480649701e-06
-3.390839000720432839e-05,5.255069929794434279e-06
-3.380462636077031526e-05,5.004641007453909398e-06
-3.355460379413603152e-05,6.789753031687421623e-06
-3.308451228382860190e-05,5.845276349240970112e-06
-3.355415026031422561e-05,4.900915718101784143e-06
-3.179114360948941364e-05,6.789142119737701258e-06
-3.179055925561649290e-05,4.901257711133403875e-06
-3.081836674292618420e-05,5.845169135609127559e-06
-3.003033655549949534e-05,6.787824120742914684e-06
-3.002989895592705549e-05,4.902491118151383674e-06
-2.915102721844569045e-05,5.844741142027458775e-06
-2.827209213748530718e-05,6.787303212202306633e-06
-2.827214267964191824e-05,4.901995938623590014e-06
-2.739288688589828659e-05,5.844339861651176655e-06
-2.651195703456448924e-05,6.789623252262516087e-06
-2.651181171764415082e-05,4.898495018507372011e-06
-2.562911707852513955e-05,5.843803195995174464e-06
-2.474274059923321005e-05,6.795092662941248656e-06
-2.474239259130450196e-05,4.892005144582339330e-06
-2.385339947538281323e-05,5.843263092160349240e-06
-2.295974845169971047e-05,6.802080737128505446e-06
-2.295934197113729178e-05,4.883936627869589366e-06
-2.206298421346135401e-05,5.842707152478651209e-06
-2.116206698807063355e-05,6.809243010618915029e-06
-2.116194649757784354e-05,4.875684272776937033e-06
-2.025818682012859602e-05,5.842265643250150793e-06
-1.934983389961636560e-05,6.817400793214072289e-06
-1.934994193546715581e-05,4.866784060222168190e-06
-1.843834310048623947e-05,5.841935733737645259e-06
-1.752080668245676624e-05,6.827794958248232119e-06
-1.752107203533153393e-05,4.855891875739206314e-06
-1.659958841609432704e-05,5.841633928671663610e-06
-1.566988567918594144e-05,6.841332269562739145e-06
-1.567032672652410872e-05,4.841730143232708248e-06
-1.477405330166238107e-05,5.841529918543456549e-06
-1.386742242429491614e-05,6.858788090687942454e-06
-1.386781476817423194e-05,4.822961193685941226e-06
-1.318511387809301430e-05,5.921979239464975327e-06
-1.247665038200856278e-05,6.876953598711237469e-06
-1.247717935661920969e-05,4.803330618563569272e-06
-1.144592677896318691e-05,6.894766832491587006e-06
-1.165364974675796525e-05,6.198500706022217513e-06
-1.144707297699008270e-05,4.789704450798431796e-06
-1.068680283442618951e-05,4.774061616161600599e-06
1.998500061687371172e-06,3.751818421325554285e-07
2.038850535495533654e-06,2.780971475690944472e-07
2.038589918781145126e-06,-8.348999427928344520e-08
1.998437963737703403e-06,-1.791947228546741455e-07
-1.068823999467417176e-05,6.908292645903361374e-06
-9.986405614367116829e-06,6.881097138460903299e-06
-1.053899851134647334e-05,5.573989611071075405e-06
-9.994074296028997845e-06,4.695512830260177537e-06
1.901839156614040969e-06,4.153542007359334712e-07
1.804359389791211993e-06,1.885861672491397751e-08
1.902640461745387856e-06,-2.191126274785901141e-07
-9.768251329536731831e-06,6.219956016259736154e-06
-9.285476419429475756e-06,6.777221904837062455e-06
-8.591312991603864636e-06,6.588720313041694784e-06
-9.558110932685532003e-06,5.287639407635016688e-06
-9.308866091598321055e-06,4.489175133751711719e-06
1.246543620375576202e-06,4.257739052327309952e-07
1.246053550558390249e-06,-2.303555889948915372e-07
9.067119493543841592e-07,9.756823745703481475e-08
-7.910958802584635265e-06,6.324114563997165021e-06
-8.505382653078976069e-06,5.876532040220051273e-06
-8.749685775574207890e-06,4.956590229927368231e-06
-8.656278758878777890e-06,4.157328932076074055e-06
5.392329814382924927e-07,4.848619572284397769e-07
5.391960072321882267e-07,-2.899402373740191243e-07
1.221177595186060943e-07,9.724042978597076261e-08
-7.259371158353701575e-06,5.976817429848088891e-06
-6.638875707576011361e-06,5.549548350480326368e-06
-7.885967817260806535e-06,4.805898988549181590e-06
-8.057346150378945427e-06,3.710044726882958458e-06
-3.547521754762437174e-07,6.118739729122896837e-07
-3.549975706650460280e-07,-4.181550938098339281e-07
-6.795353693028743885e-06,4.862082565583407249e-06
-6.059893166831776381e-06,5.051540948606399920e-06
-7.064081104974845889e-06,4.055815506918738853e-06
-7.532966927804556480e-06,3.150213725188006218e-06
-8.781998405595657055e-07,9.653447802670072467e-08
-1.498001135077606728e-06,7.948778345245768869e-07
-1.497549777189941737e-06,-6.040944074561468332e-07
-5.539069583307744358e-06,4.482278320890051606e-06
-5.073271817173263904e-06,3.840295494417401170e-06
-4.672675108095236234e-06,3.142735464629385184e-06
-6.512455778445299833e-06,3.306387898618985579e-06
-7.102709289036789937e-06,2.489548198542947037e-06
-1.995770587450475145e-06,9.727813543914990197e-08
-2.604244280786582422e-06,9.752777811696191743e-07
-2.604135111926291697e-06,-7.926286791252342416e-07
-5.448569670680456406e-06,3.150787535019441700e-06
-4.354787762998074673e-06,2.388289506307062058e-06
-3.623948009338142037e-06,1.129430213727100230e-06
-3.932984424654047195e-06,1.279228410299806574e-06
-4.112587567900172959e-06,1.577559946969252299e-06
-6.118723170846977412e-06,2.389483915510481287e-06
-6.789019128062497122e-06,1.749837865979463361e-06
-3.152123606678592971e-06,2.241218988661295704e-07
-3.588361147301040179e-06,-9.260211662587026267e-07
-4.888143358186645186e-06,1.845227181320886314e-06
-3.934429297796907070e-06,6.684210881483757956e-07
-4.299056308990429231e-06,1.173163027952535427e-06
-5.818200276491359778e-06,1.517406128960060246e-06
-6.610075838681671209e-06,9.540837209918949824e-07
-3.921653476559945824e-06,-3.280616373322051538e-07
-3.853675676837482134e-06,-1.077841722979405795e-06
-5.035981336616881175e-06,4.925160858076492555e-07
-6.569662495705072738e-06,1.280579906031446177e-07
-6.732562771709985004e-06,-7.218802647230935058e-07
-4.493838715115810588e-06,-8.635295503449063231e-07
-3.999999127516505167e-06,-1.418577377829457704e-06
-4.165768472018854082e-06,-2.388514724843125719e-06
-5.856302811874820157e-06,-8.085849421414761929e-07
-4.447509344862601620e-06,-3.380814018613783493e-06
-7.079176802538143158e-06,-1.597573036161918798e-06
-5.019029452714992622e-06,-2.405862200763745268e-06
-6.333749459711466141e-06,-2.483222291680339692e-06
-4.878608004087384148e-06,-4.350744779302255692e-06
-7.618477048629826333e-06,-2.486062531669369412e-06
-7.229450471569556384e-06,-3.407281748915540803e-06
-6.250888131891778291e-06,-4.002978992943677360e-06
-5.436872278806315237e-06,-5.323725399824515290e-06
-6.157522959011713490e-06,-6.265862721422914435e-06
-8.366086760873883547e-06,-3.334502203293209406e-06
-7.861349859860164644e-06,-4.495507287383257267e-06
-7.257534586255857595e-06,-5.902297609538679411e-06
-6.997258361618998921e-06,-7.160428619341673432e-06
-9.295855011205411182e-06,-4.109906119181213478e-06
-9.027541727265383709e-06,-5.906132228071623937e-06
-7.981102760761265327e-06,-7.960696336485773518e-06
-9.105217902142088521e-06,-8.672371565705650707e-06
-1.033142957065652189e-05,-9.282131317359333851e-06
-1.041915432210673232e-05,-6.305084315439807410e-06
-1.040252636734921090e-05,-4.774800675973007519e-06
-1.013802812320360027e-05,-7.873550666548156384e-06
-1.166776539538241108e-05,-9.737995917381910314e-06
-1.308941491886733347e-05,-1.005178970729583905e-05
-1.156354106866997491e-05,-6.650984539171023010e-06
-1.167524908133211918e-05,-5.261293050730041515e-06
-1.455960440062899754e-05,-1.019682964514238645e-05
-1.289295496607990185e-05,-7.980954650278087627e-06
-1.306964283506798947e-05,-5.540111391479289397e-06
-1.487856254360936685e-05,-8.214488911050328143e-06
-1.624151268636766981e-05,-1.026834955401072385e-05
-1.453922229765748768e-05,-5.609381071325699918e-06
-1.861504700562253937e-05,-1.033991603126857309e-05
-1.671173603695548141e-05,-7.070088988685391688e-06
-1.623719202842178306e-05,-5.539786043961748495e-06
-2.201775685770789086e-05,-1.044834169575407757e-05
-2.030340060719312823e-05,-7.707687896876924791e-06
-1.861659854940909522e-05,-5.449847436576243737e-06
-2.670614795445254777e-05,-1.056490630019720350e-05
-2.432939917845393992e-05,-7.902521012183469590e-06
-2.201815852133881841e-05,-5.348549041573277016e-06
-3.177985516424708883e-05,-1.066431481841487068e-05
-2.921292552379105403e-05,-7.903509010346286635e-06
-2.670604184852445057e-05,-5.239896606843263842e-06
-3.701996756762381967e-05,-1.074893046919747218e-05
-3.437370656167196780e-05,-7.905035511999223042e-06
-3.177952937232016471e-05,-5.144318263167889443e-06
-4.240256170697703829e-05,-1.081995742592783628e-05
-3.968920274222860343e-05,-7.906436816754730868e-06
-3.701959384426695908e-05,-5.062705600786209863e-06
-4.790244369992192679e-05,-1.087765217177716997e-05
-4.513456235073319155e-05,-7.907661719497048521e-06
-4.240203437295421532e-05,-4.994286447679908527e-06
-5.349616208341320315e-05,-1.092338998383504243e-05
-5.068508152749127391e-05,-7.908670301299996125e-06
-4.790190055860560071e-05,-4.938601070865706948e-06
-5.916308024313529982e-05,-1.095822887287448198e-05
-5.631886192769343548e-05,-7.909458482862166242e-06
-5.349583464312322625e-05,-4.894573845160176046e-06
-6.488399721259235009e-05,-1.098284972494449814e-05
-6.201606292808007519e-05,-7.910079349779563625e-06
-5.916301393066987979e-05,-4.861177756644948174e-06
-7.064027890684991431e-05,-1.099757508905978286e-05
-6.775782293566497442e-05,-7.910314618453536778e-06
-6.488418936113061444e-05,-4.837647989872279163e-06
-8.301500743787994642e-05,-1.066571113486138439e-05
-8.219431571724094469e-05,-1.100561503581230008e-05
-7.322511243162514456e-05,-7.910485341624956139e-06
-7.641474769186106561e-05,-1.100415157113071265e-05
-7.064023884498904894e-05,-4.823417534176285903e-06
-8.335495097105517315e-05,-9.845074072031014906e-06
-8.141258322897833592e-05,-7.910598748815583699e-06
-7.641463262132724846e-05,-4.816903572977577911e-06
-8.335483858908859323e-05,-5.976187361760591385e-06
-8.219418585743944379e-05,-4.815643647999378323e-06
-8.301488544300234050e-05,-5.155549994724417202e-06
