Size 192,2
4.602214231014363705e-05,-4.914921771910334723e-06
4.622408355529978094e-05,-4.427491514097980419e-06
4.622455322056332995e-05,-2.129765262091464216e-06
4.602268143406066200e-05,-1.642406851141958606e-06
4.553465655291087590e-05,-5.116816382485979436e-06
4.462057892770625994e-05,-3.278717603094340049e-06
4.553530164296997119e-05,-1.440543992539199716e-06
4.210210362212667151e-05,-5.116317831684311596e-06
4.210299539115877106e-05,-1.441282649602236323e-06
4.020836735270842492e-05,-3.278855063372920024e-06
3.867254873879330128e-05,-5.113193380123638581e-06
3.867319160372460649e-05,-1.444510788360807722e-06
3.696008102063950285e-05,-3.279472619855224598e-06
3.525132315864335739e-05,-5.107180872865619454e-06
3.525128211975506632e-05,-1.452001439591215720e-06
3.354486695823404648e-05,-3.279944619255829679e-06
3.184569884460932874e-05,-5.096204321649486564e-06
3.184627369843627662e-05,-1.464626635788659118e-06
3.015087258848630418e-05,-3.280762453531697465e-06
2.846752713403197818e-05,-5.077870197546727905e-06
2.846862857552003297e-05,-1.484849276319064373e-06
2.679151401443841945e-05,-3.281610564956395750e-06
2.513255724935022607e-05,-5.049754710541022552e-06
2.513395865446148259e-05,-1.514486692411053094e-06
2.348498116086858304e-05,-3.282491179571876196e-06
2.186133365182442692e-05,-5.010420091816076918e-06
2.186243915058596387e-05,-1.555230445383070396e-06
2.025285992454973496e-05,-3.283208387359040962e-06
1.867634259590952942e-05,-4.958503240156519769e-06
1.867699988205660241e-05,-1.608395182635139419e-06
1.711830684681074830e-05,-3.283948929281549041e-06
1.560086820831917544e-05,-4.893566011077467609e-06
1.560089520937371505e-05,-1.674666088990459604e-06
1.410505631462878007e-05,-3.284653222051406015e-06
1.265901412884253589e-05,-4.814186291418900075e-06
1.265839552072107540e-05,-1.756020309233034943e-06
1.129489537015754727e-05,-3.284697229226598338e-06
9.988067022557696809e-06,-4.719593942659565852e-06
9.987074765599675928e-06,-1.855961841981238183e-06
9.023560484668730506e-06,-3.391972214689926642e-06
8.096957655162460881e-06,-4.628699504470361780e-06
8.094394693107999321e-06,-1.951281985103365589e-06
6.809290886992864433e-06,-4.547757167417366221e-06
7.034878277134840078e-06,-3.726222263326391838e-06
6.805469565743187478e-06,-2.013374845940979682e-06
5.919364570890311713e-06,-2.079960432980896370e-06
-6.201613088311240233e-07,-8.380476825787590566e-08
-6.321399154605450522e-07,-5.500506180353158316e-08
-6.320586040463410947e-07,5.230347683478315819e-08
-6.201309289658883585e-07,8.072443153089438093e-08
5.912593048840743012e-06,-4.490270021709424408e-06
5.151858586677264757e-06,-4.394416253888719037e-06
5.717249834150761077e-06,-2.987191521245113562e-06
5.131447567127621584e-06,-2.083561183204809768e-06
-5.914864858441102261e-07,-9.571226058093423205e-08
-5.625777822075791881e-07,2.197773313208901532e-08
-5.916862416440765962e-07,9.260635320959938697e-08
4.894853107935246950e-06,-3.663546256463835060e-06
4.432333309286472814e-06,-4.203016159252872470e-06
3.777024127073601622e-06,-3.956255110007520522e-06
4.667035306024167034e-06,-2.711980682901265557e-06
4.423925187618556927e-06,-1.979799088608321017e-06
-3.970736586424469382e-07,-9.858458014166647629e-08
-3.967512267938183169e-07,9.645370092096528663e-08
-2.959404288371202323e-07,-6.643577218056331682e-10
3.195761582234344098e-06,-3.632683135836097207e-06
3.675467514856936355e-06,-3.255479146049201554e-06
3.895059877573621958e-06,-2.425278221766409785e-06
3.798965259838856370e-06,-1.785427924379347895e-06
-1.866799751534833395e-07,-1.157008914447302284e-07
-1.863527975170296581e-07,1.153971826364694333e-07
-6.219460280129832400e-08,4.115334698815684410e-10
2.676353425636290981e-06,-3.274376048653906345e-06
2.243315062219142227e-06,-2.888325768533551801e-06
3.152727148732862348e-06,-2.309664437014816034e-06
3.267626488552238175e-06,-1.506581094289209798e-06
8.035935532496882487e-08,-1.537453619918783512e-07
8.074675124532202163e-08,1.558183805494300667e-07
2.355587400173031021e-06,-2.338913215766020532e-06
1.890766154832389873e-06,-2.466070408752223071e-06
2.532567055481512115e-06,-1.769464209006286929e-06
2.835591168826198210e-06,-1.187713254135044035e-06
2.376653862342647773e-07,1.600643255190863747e-09
4.246435793368560915e-07,-2.094453951124635395e-07
4.246268079488939226e-07,2.146875810714657433e-07
1.594976472674781776e-06,-2.037709638193839689e-06
1.387737069500514488e-06,-1.632404678861427275e-06
1.252724811256002783e-06,-1.221962135276549991e-06
2.183709991640018814e-06,-1.295872687627880618e-06
2.502180440762687244e-06,-8.556862318780065541e-07
5.752268303871561403e-07,1.824799306236848895e-09
7.602462121823851113e-07,-2.648892456515251426e-07
7.612441218709884941e-07,2.758505913791769970e-07
1.609097815679893221e-06,-1.211499521657500668e-06
1.163190192307583640e-06,-8.359473836661480563e-07
1.050097707444193560e-06,-3.109250200806187758e-07
1.123319805021145182e-06,-3.625118817072233059e-07
1.148579138711897127e-06,-4.754178132710119626e-07
1.950942969222874851e-06,-8.119155895438102073e-07
2.250789111528160728e-06,-5.307623574367097493e-07
9.261951951054534402e-07,-3.770359463208453384e-08
1.086793089306342106e-06,3.228921144070384472e-07
1.414288279207157893e-06,-5.715857374112906045e-07
1.146242222421294269e-06,-1.644749285349683002e-07
1.234378552158061120e-06,-3.251190917697701226e-07
1.802136739889002204e-06,-4.340651286793165365e-07
2.081851050715838576e-06,-2.334536934777438855e-07
1.182369221996694509e-06,1.451160917730037498e-07
1.192943114810539334e-06,3.680577641192615146e-07
1.504231618680496804e-06,-7.125364176623953547e-08
2.006718637726646634e-06,3.952244753037141536e-08
1.967351734576262389e-06,2.789178315184096067e-07
1.381594751666186067e-06,3.180544707800226170e-07
1.261373868422401329e-06,4.524004292880269054e-07
1.356122455220275214e-06,6.610579793706318052e-07
1.745813459159368708e-06,3.262208122345937153e-07
1.472462289852056894e-06,8.246742328758910797e-07
1.976594245435427067e-06,5.084016698995023955e-07
1.559505652629802266e-06,6.804911131810399929e-07
1.817716562389217485e-06,6.940063058090043927e-07
1.586373178825520505e-06,9.642541645226218555e-07
2.009060797736982984e-06,6.938779629955049411e-07
1.935559147057355438e-06,8.447248778132195698e-07
1.807671692302962599e-06,9.251142180254622916e-07
1.705717853303499843e-06,1.062063645269946339e-06
1.810363481363382475e-06,1.127986587124623731e-06
2.046947913536200968e-06,8.454706988483071004e-07
1.992500406185776320e-06,9.763332779285854752e-07
1.935982708546468949e-06,1.094792809520304755e-06
1.914089309148075008e-06,1.162387431020752644e-06
2.088795036840574754e-06,9.577390880473951717e-07
2.067042707080902537e-06,1.086211630494405422e-06
1.999425773341079068e-06,1.181491054134783045e-06
2.060448337801829029e-06,1.177140247291588459e-06
2.106273129291227604e-06,1.149952374726389654e-06
2.118843750366220661e-06,1.104963056290799365e-06
2.122605945406792318e-06,1.032961496070972871e-06
2.113071368157845060e-06,1.145301996016247263e-06
2.125741325286643696e-06,1.122328814507677407e-06
2.119429445121104925e-06,1.084940594563425204e-06
2.138572477847221151e-06,1.118832125052930612e-06
2.136122822077193248e-06,1.091362017390636995e-06
2.098069753875966054e-06,1.050521834019125523e-06
2.140166991927581621e-06,1.119172018869262636e-06
2.130727998417333463e-06,1.138563282749291903e-06
2.096965781520526586e-06,1.107912982235397752e-06
2.038903768236518052e-06,1.009928810949908238e-06
2.108376250209389125e-06,1.168656010617966455e-06
1.922623664926904233e-06,9.674236965903053376e-07
2.032200407605980599e-06,1.151832929439050894e-06
2.041165630849091326e-06,1.208025847539166721e-06
1.673200496949692308e-06,8.979156180353924468e-07
1.816779297002681797e-06,1.124630372200980860e-06
1.921256253236403243e-06,1.262263661611234612e-06
1.207093180420870011e-06,8.176304221627275680e-07
1.463151908133165923e-06,1.111243591312240372e-06
1.672609919747155445e-06,1.328847178577519264e-06
5.845156960897196887e-07,7.462954532250265601e-07
9.178869944907148501e-07,1.111146379463195349e-06
1.206994539867489889e-06,1.405416784905922094e-06
-1.596916323548914921e-07,6.870049300901461571e-07
2.310808903837020616e-07,1.110657274965174593e-06
5.846656562508229979e-07,1.475417711613574859e-06
-1.002542681909262830e-06,6.405064952866718429e-07
-5.665800844141110947e-07,1.110351577428651601e-06
-1.595558208190722689e-07,1.533988867626950289e-06
-1.919737235688383344e-06,6.062378818967653192e-07
-1.450557131934309484e-06,1.110210874585375186e-06
-1.002461144663965211e-06,1.580132492698897938e-06
-2.888815168250758331e-06,5.833066220512198460e-07
-2.397262488667919558e-06,1.110079743244838545e-06
-1.919701544010018818e-06,1.614082700908245330e-06
-3.891064866711233375e-06,5.694139921908747884e-07
-3.385764164572727543e-06,1.110135500549000164e-06
-2.888878224532822880e-06,1.636948512061601271e-06
-4.911468860974585541e-06,5.621312808692481360e-07
-4.399254430487864334e-06,1.110085060739191872e-06
-3.891100023037995019e-06,1.650840227817428782e-06
-5.938875294997694235e-06,5.596675928828648578e-07
-5.424647555486000762e-06,1.109944024838709562e-06
-4.911473730263440485e-06,1.657879915027249185e-06
-8.140298034805195531e-06,6.201684775934677134e-07
-7.994431505188083983e-06,5.597413994503213084e-07
-6.399589029151383010e-06,1.109883088676873148e-06
-6.967292294116570770e-06,5.596311917553729394e-07
-5.938873395437769664e-06,1.660086427204162463e-06
-8.200715726410920858e-06,7.660471856366878922e-07
-7.855559085166758271e-06,1.109886127403821397e-06
-6.967263572659330209e-06,1.660155024581426616e-06
-8.200676949103262025e-06,1.453701967791561384e-06
-7.994388096583106033e-06,1.660006085503507445e-06
-8.140256319636851313e-06,1.599579101264032665e-06
