Size 192,2
-1.346205753618662595e-04,1.882935170982449143e-05
-1.351601479224294325e-04,1.752693897208023539e-05
-1.351600647050956111e-04,1.138670278612964296e-05
-1.346204731535132046e-04,1.008423855525184507e-05
-1.333179856086920303e-04,1.936878956693020693e-05
-1.308742940853851750e-04,1.445677793400202188e-05
-1.333178418907488309e-04,9.544774626147160688e-06
-1.241458159721372547e-04,1.936612852224943329e-05
-1.241455610013432920e-04,9.547098873337025172e-06
-1.190843826449523179e-04,1.445648626784654066e-05
-1.149828724038210907e-04,1.935582885423587675e-05
-1.149828103673509322e-04,9.557034777466862947e-06
-1.104089248555300819e-04,1.445606425662888756e-05
-1.058471275802541596e-04,1.933492690165620597e-05
-1.058475206693697252e-04,9.576854436772040086e-06
-1.012933718043039185e-04,1.445539532223899743e-05
-9.675912781658886923e-05,1.930132165133083841e-05
-9.676002513626632065e-05,9.608807769269926458e-06
-9.223772204764238425e-05,1.445460370322212173e-05
-8.774417234033252155e-05,1.925369264026354114e-05
-8.774513161888717011e-05,9.654445130999496621e-06
-8.326808634744993162e-05,1.445361270777639847e-05
-7.883016600610918436e-05,1.918996784174908861e-05
-7.883047397902892019e-05,9.715674033922547771e-06
-7.441415484629647988e-05,1.445213732719003996e-05
-7.004828571643128556e-05,1.910813373451206512e-05
-7.004799951398179615e-05,9.794168970294700612e-06
-6.570919903719954058e-05,1.445035746727545992e-05
-6.143243022108521502e-05,1.900796480753053557e-05
-6.143183015091838672e-05,9.890667060760119280e-06
-5.718782048979072642e-05,1.444837169870708453e-05
-5.301756735843707742e-05,1.888866946731878295e-05
-5.301663517347480635e-05,1.000592379205712740e-05
-4.888465272420178416e-05,1.444618137784530115e-05
-4.483744640426680746e-05,1.874915431039307628e-05
-4.483593033777713311e-05,1.014161726684255233e-05
-4.099305766718778257e-05,1.444289388673063652e-05
-3.724290220578800397e-05,1.859033352476417933e-05
-3.724073658017319370e-05,1.030205607526580658e-05
-3.445560927338193747e-05,1.475645985548407069e-05
-3.170301567326948348e-05,1.844179794676704015e-05
-3.169822706010103444e-05,1.045231074774598360e-05
-2.781251097156302893e-05,1.831000209883119916e-05
-2.853131829590669613e-05,1.577576774064623795e-05
-2.780501593028608426e-05,1.054965789995015565e-05
-2.505590098565866274e-05,1.065521688415668491e-05
3.575891225317183952e-06,1.165763576905673812e-06
3.648191949730847537e-06,9.916307987323348155e-07
3.647729962813265431e-06,3.439141455287637203e-07
3.575845129134863997e-06,1.726250291058564321e-07
-2.504676761401189498e-05,1.821598931459007253e-05
-2.261995418655484712e-05,1.799166188114891278e-05
-2.446428583826769227e-05,1.349641503512538510e-05
-2.258757291021546627e-05,1.055523856694816667e-05
3.402560947641393402e-06,1.237937369898491646e-06
3.228128483551710825e-06,5.278403282908060173e-07
3.404360509405631127e-06,1.014130198043524913e-07
-2.182508187226817311e-05,1.567892237648860481e-05
-2.027582866659028405e-05,1.747686328123985899e-05
-1.806644210325395518e-05,1.673878210887953322e-05
-2.109585149625148930e-05,1.257391955943799091e-05
-2.028472840542994076e-05,1.007752663631135928e-05
2.228446740772942823e-06,1.258597897525333436e-06
2.228372652505592722e-06,8.385567284687171447e-08
1.620717837093068604e-06,6.725903845002273568e-07
-1.602588615297475356e-05,1.574714220544499391e-05
-1.775116875193885493e-05,1.441688040432589979e-05
-1.850338197449873532e-05,1.157014483511645230e-05
-1.818664312606260635e-05,9.260401710879722438e-06
9.628755941252097952e-07,1.367406440466733038e-06
9.641004501897463404e-07,-1.851208747312942859e-08
2.177986244168524316e-07,6.764123230147435772e-07
-1.414621419749253178e-05,1.457678444974516427e-05
-1.248417062031276563e-05,1.324876511277015345e-05
-1.590120615791222283e-05,1.114063999695201541e-05
-1.634489516944833426e-05,8.129429381152720254e-06
-6.360965294771730928e-07,1.600700032855480291e-06
-6.350124338247776375e-07,-2.438175745988086283e-07
-1.290769264979769329e-05,1.126440312475049575e-05
-1.104515970337266123e-05,1.175835709801927419e-05
-1.360011362122128629e-05,9.094921787216052157e-06
-1.479770658045640544e-05,6.781129588772003975e-06
-1.572865591613061717e-06,6.806373607896068573e-07
-2.685211009963100339e-06,1.935703610439511547e-06
-2.681962459981235354e-06,-5.730544465817780094e-07
-9.796539344504562839e-06,1.016587500947700811e-05
-8.806115653762498408e-06,8.538202362979663632e-06
-8.053929543814027672e-06,6.836923175616750552e-06
-1.219828279867033449e-05,7.192036615795915642e-06
-1.356875094389741874e-05,5.290083984919720973e-06
-3.576790531332107493e-06,6.882232899197759489e-07
-4.668804904659034076e-06,2.263053630524430408e-06
-4.668612184388890417e-06,-9.093569566682201170e-07
-9.720470954993268767e-06,6.823603878424543152e-06
-7.498047474059647305e-06,5.123622492342241350e-06
-6.445044358108415445e-06,2.537886331816175909e-06
-6.948242955645504213e-06,2.820494049750125016e-06
-7.200611497326947755e-06,3.407079774376193656e-06
-1.123158037950584748e-05,5.075152199355385434e-06
-1.264891871856795725e-05,3.729303659655478412e-06
-5.647922824502187577e-06,9.231076456201766583e-07
-6.492959191034130569e-06,-1.154175239478080818e-06
-8.656577193640362848e-06,3.921973970846783193e-06
-7.003695591621744373e-06,1.699207663020515693e-06
-7.601297251619568019e-06,2.619166463973260604e-06
-1.055868384159638442e-05,3.249080681832101089e-06
-1.205994191139995162e-05,2.173170768592201871e-06
-7.075001964322780488e-06,-9.511133809783730060e-08
-7.028100260273999261e-06,-1.419472532047433439e-06
-9.021059961828275229e-06,1.293124142363600187e-06
-1.183619486611410135e-05,6.453433590106150590e-07
-1.191065017168349961e-05,-8.244750649720440748e-07
-8.153825291484572430e-06,-1.071771848969116443e-06
-7.346039782937530951e-06,-1.976998843344207104e-06
-7.747149207698851521e-06,-3.492618231517618008e-06
-1.045891835460188321e-05,-1.030400895930433379e-06
-8.320566653767606305e-06,-4.925591316501983229e-06
-1.229406532074686467e-05,-2.293809394642785295e-06
-9.129891391598018218e-06,-3.556816511314078810e-06
-1.112925662417705243e-05,-3.668313284248506342e-06
-9.043499001824403593e-06,-6.277428915223405990e-06
-1.293676826903899268e-05,-3.669444454272753580e-06
-1.235092737782119027e-05,-4.997226854376255838e-06
-1.101461512223228267e-05,-5.816991463113599411e-06
-9.913122828961580830e-06,-7.535859354081638593e-06
-1.091832595725707891e-05,-8.687063384916527304e-06
-1.381362645127701503e-05,-4.920310480225082103e-06
-1.315012966990554476e-05,-6.455066839749620690e-06
-1.237584623256362265e-05,-8.223452737510073172e-06
-1.204784832870009142e-05,-9.717953376459336889e-06
-1.489483938101822870e-05,-5.999999912586928444e-06
-1.455642107586250441e-05,-8.205116362616264188e-06
-1.328682197198687869e-05,-1.061422681128086417e-05
-1.462029463296020970e-05,-1.136477938656035252e-05
-1.603132428516468612e-05,-1.196046847654545669e-05
-1.615479473457556107e-05,-8.670545039139536652e-06
-1.614814227871940019e-05,-6.875640508722520647e-06
-1.583934854682472870e-05,-1.043932398736036681e-05
-1.750181461564798534e-05,-1.239212807684934376e-05
-1.901370141704748987e-05,-1.265496423638270413e-05
-1.741938938304858810e-05,-9.068962706911925771e-06
-1.753617284728250687e-05,-7.519927457944804860e-06
-2.054649977829250797e-05,-1.274440429741954149e-05
-1.884436909961344008e-05,-1.049747530820553559e-05
-1.901715868631200974e-05,-7.913059838189243989e-06
-2.088582496868947544e-05,-1.072482179978433492e-05
-2.223589693079254976e-05,-1.274714776649531877e-05
-2.054611176353844285e-05,-8.043897882114295150e-06
-2.456297100787523712e-05,-1.274968021375233148e-05
-2.272579346006818081e-05,-9.576466281372155465e-06
-2.223615803331097749e-05,-8.040315446585569374e-06
-2.776675398872028317e-05,-1.275291800372341155e-05
-2.618063864524691943e-05,-1.020819665063294481e-05
-2.456343928180005802e-05,-8.035663340276078098e-06
-3.200070847258199073e-05,-1.275414306413937751e-05
-2.988340152831108352e-05,-1.039175623396877797e-05
-2.776715325673910034e-05,-8.031198264477402936e-06
-3.641266594863628615e-05,-1.275248599133720634e-05
-3.420730852635816795e-05,-1.039100104988634799e-05
-3.200097725903056062e-05,-8.028566685671956158e-06
-4.081994849885800438e-05,-1.274986985475938178e-05
-3.861719491171927839e-05,-1.039032522874441141e-05
-3.641283105974357450e-05,-8.028834413926251177e-06
-4.522402964103563089e-05,-1.274848913331354986e-05
-4.302233823216396560e-05,-1.038959253198606380e-05
-4.082018453683490164e-05,-8.030036248788688868e-06
-4.962887672674740725e-05,-1.274906277946861782e-05
-4.742611363133099149e-05,-1.038882522539037619e-05
-4.522428920271675970e-05,-8.029940432453240662e-06
-5.403789289620907594e-05,-1.275084492100211903e-05
-5.183265145759604660e-05,-1.038813028595959195e-05
-4.962912280115267828e-05,-8.027882237699759837e-06
-5.845159773654318424e-05,-1.275288014246966757e-05
-5.624406031189913019e-05,-1.038769852315974228e-05
-5.403801257519321962e-05,-8.024947792661050520e-06
-6.287020178932602502e-05,-1.275569054957752912e-05
-6.065999459659098903e-05,-1.038745277643692741e-05
-5.845168133094450993e-05,-8.022230732599376738e-06
-6.729489287035334639e-05,-1.275895389895616933e-05
-6.508146093291398450e-05,-1.038737481602970712e-05
-6.287022085720336123e-05,-8.019121651697632314e-06
-7.679073533490408010e-05,-1.250153693394363759e-05
-7.616088289933288340e-05,-1.276239507982987336e-05
-6.927890504849043942e-05,-1.038732327050447035e-05
-7.172595009843081950e-05,-1.276155951583381809e-05
-6.729489747135322534e-05,-8.015755410523591945e-06
-7.705163347698394064e-05,-1.187173658038730614e-05
-7.556106565946932047e-05,-1.038716325225303028e-05
-7.172600392628740668e-05,-8.012951486066917898e-06
-7.705165004915978254e-05,-8.902573045410514999e-06
-7.616091412735028843e-05,-8.011933323685437028e-06
-7.679075657872976197e-05,-8.272784763659205628e-06
