Size 192,2
-1.123124047914340060e-04,1.571576456062036834e-05
-1.127569015458914237e-04,1.464279678322933384e-05
-1.127567641357371916e-04,9.584398540217842772e-06
-1.123122513389815060e-04,8.511423699273601849e-06
-1.112393242296336572e-04,1.616017735717619112e-05
-1.092262014429122786e-04,1.211356718540101104e-05
-1.112391510324965238e-04,8.067007889664391617e-06
-1.036831322925393126e-04,1.615837617543796752e-05
-1.036829775702776307e-04,8.068836535725941765e-06
-9.951311491382718651e-05,1.211370177369479839e-05
-9.613378541951479522e-05,1.615049827856871454e-05
-9.613368279670835655e-05,8.077212262276439522e-06
-9.236520615025550416e-05,1.211387510853944827e-05
-8.860643735893823495e-05,1.613398185437299568e-05
-8.860679202938613933e-05,8.094364945503019151e-06
-8.485487686069512181e-05,1.211431697280230743e-05
-8.111879819551801431e-05,1.610754212461766856e-05
-8.111949379824153438e-05,8.121625006329015293e-06
-7.739392073220020861e-05,1.211475953199016318e-05
-7.369086355556275889e-05,1.607030753890039955e-05
-7.369177504815104787e-05,8.159696036371310031e-06
-7.000268218427505061e-05,1.211527235739668105e-05
-6.634433181617619346e-05,1.602073843180365888e-05
-6.634495546810590695e-05,8.210086007671798904e-06
-6.270413438686848312e-05,1.211565284437146835e-05
-5.910291774821916044e-05,1.595768719747671835e-05
-5.910318899031453412e-05,8.273758893270948212e-06
-5.552347603786484499e-05,1.211588780975581305e-05
-5.199207731315655455e-05,1.588080187088373644e-05
-5.199216901568765519e-05,8.350853619749675353e-06
-4.848647944680028440e-05,1.211596387603118389e-05
-4.503792736592365938e-05,1.578978242208535718e-05
-4.503764251619604600e-05,8.441796498969411430e-06
-4.161883082690397237e-05,1.211578966615233940e-05
-3.826545443862046256e-05,1.568375092840544794e-05
-3.826465962755161405e-05,8.547966619995515575e-06
-3.507809055350129398e-05,1.211475359962231210e-05
-3.196255936784572689e-05,1.556357900383309556e-05
-3.196126285851964692e-05,8.672129639832769753e-06
-2.964563710318523254e-05,1.237731029865699681e-05
-2.735075348550822705e-05,1.545127488075312677e-05
-2.734751596850306876e-05,8.787605097337096780e-06
-2.410207176650130151e-05,1.535164466336765341e-05
-2.470561527604120411e-05,1.323075915479959601e-05
-2.409679190672367225e-05,8.862403222881607234e-06
-2.179546103081335940e-05,8.943245852179784519e-06
3.234246876220788127e-06,6.223767918838508734e-07
3.299029180490117468e-06,4.664932698564834428e-07
3.298655438184752914e-06,-1.138479125129144748e-07
3.234220665264590424e-06,-2.674294409587143869e-07
-2.178797504199073040e-05,1.528067278956398201e-05
-1.975089038467488359e-05,1.509961129263027818e-05
-2.130287182611678961e-05,1.132439791228535989e-05
-1.972747602243878176e-05,8.850828237675401912e-06
3.079063316251753229e-06,6.868881765481197113e-07
2.922775564142481185e-06,5.049277848844325264e-08
3.080494362104329120e-06,-3.314476825047942900e-07
-1.908595082204726741e-05,1.315979983080331101e-05
-1.777901105012602453e-05,1.467614872823025206e-05
-1.591447356470137301e-05,1.406194294576456437e-05
-1.847447293964753730e-05,1.054714161932378055e-05
-1.779142216411123487e-05,8.437787399691217479e-06
2.027594496982697361e-06,7.044548414517376754e-07
2.027107665286519692e-06,-3.487928057852236818e-07
1.482586025443139709e-06,1.782922105315023616e-07
-1.418443991837439984e-05,1.323465615129178376e-05
-1.565112894751755665e-05,1.210565544660045778e-05
-1.628808149414158490e-05,9.697801387143933536e-06
-1.602258527583117371e-05,7.734113092174155739e-06
8.923383153552753543e-07,8.019201573545547144e-07
8.929326653236568693e-07,-4.437009075668208335e-07
2.221658958784737732e-07,1.799732225176015360e-07
-1.258602177866269939e-05,1.225185791545047613e-05
-1.116354417162249824e-05,1.113016208392305877e-05
-1.408316249599764399e-05,9.333296084451071989e-06
-1.446525364934170846e-05,6.761619938905251103e-06
-5.463289142250020473e-07,1.011803945015292767e-06
-5.458782605382096610e-07,-6.501882731974861116e-07
-1.152611856944975118e-05,9.442869248802556183e-06
-9.922023872818118022e-06,9.867391882239072244e-06
-1.212212088128763904e-05,7.586128581111537626e-06
-1.315349425720389455e-05,5.595747679531205180e-06
-1.390812592869466857e-06,1.817592811179863097e-07
-2.393691170259001498e-06,1.313289794306245632e-06
-2.391642878578733148e-06,-9.509122272866063708e-07
-8.840478328964404236e-06,8.510627853300696289e-06
-7.969851277259225851e-06,7.110072683501274970e-06
-7.295922674259082581e-06,5.639312630114603368e-06
-1.091620834305604062e-05,5.949356324881130805e-06
-1.210950627750506252e-05,4.295620868828312565e-06
-3.198482863281338758e-06,1.863731329990924870e-07
-4.184459606913421408e-06,1.608836799760488343e-06
-4.184861503495588978e-06,-1.257870781453653536e-06
-8.760997816945245755e-06,5.630979811609525429e-06
-6.791799600733851724e-06,4.145597656558625566e-06
-5.798820251233672830e-06,1.858242929869125293e-06
-6.262317613123625728e-06,2.111775275379863824e-06
-6.501723869907826217e-06,2.634096599020388460e-06
-1.008197869052050744e-05,4.107993939173903092e-06
-1.133175768174308314e-05,2.921736440789856489e-06
-5.069824439160532616e-06,3.964388628282129037e-07
-5.823942951656414007e-06,-1.480763549533650334e-06
-7.808896352794802566e-06,3.093971272454775714e-06
-6.303893697051203367e-06,1.101646935033916331e-06
-6.853925342102492212e-06,1.931465532246013058e-06
-9.494447647115225109e-06,2.498316738463960410e-06
-1.084126616637804960e-05,1.535597136893411971e-06
-6.352974611488540130e-06,-5.207481893697212485e-07
-6.297844778769782364e-06,-1.722816808044927719e-06
-8.123987845377065518e-06,7.487604148195448311e-07
-1.066387459592679798e-05,1.613269268461159502e-07
-1.076873779581646173e-05,-1.178019986774567226e-06
-7.321052139788970755e-06,-1.402315498246293888e-06
-6.576174115756561406e-06,-2.237538016270866750e-06
-6.921353488342885046e-06,-3.649473207338225617e-06
-9.432994152289511737e-06,-1.355610799897418160e-06
-7.428844480941250454e-06,-5.007924124798202130e-06
-1.115778226929454817e-05,-2.525837836138301054e-06
-8.199518480840117059e-06,-3.701868078555101888e-06
-1.007290072181723530e-05,-3.807644566668295721e-06
-8.092384717287744031e-06,-6.300032878143921775e-06
-1.179694283129522626e-05,-3.809339788887170465e-06
-1.124690357938718237e-05,-5.068513807688300297e-06
-9.963287454708698475e-06,-5.854444671380356077e-06
-8.902999703533090789e-06,-7.524943232816996166e-06
-9.863821556786505837e-06,-8.661951812589786009e-06
-1.267276474693106607e-05,-4.989402560129512190e-06
-1.202951591006163614e-05,-6.475264113662377455e-06
-1.127424399020012689e-05,-8.209052248111353803e-06
-1.095293342690426496e-05,-9.696138923740051904e-06
-1.375520347564561363e-05,-6.021652512667120593e-06
-1.342389083506363952e-05,-8.196950423567230735e-06
-1.216755377304196805e-05,-1.060233446612334366e-05
-1.349549960648280058e-05,-1.137415785376191522e-05
-1.491187456017728013e-05,-1.200019362475911141e-05
-1.502943766160379788e-05,-8.662519909208176745e-06
-1.501901770760342592e-05,-6.870381499995922090e-06
-1.471091840196242190e-05,-1.044712876874799580e-05
-1.640623545767136754e-05,-1.245785087911248003e-05
-1.795658649136515291e-05,-1.274681346102537128e-05
-1.631324911267320929e-05,-9.062482199378896856e-06
-1.643327078834545157e-05,-7.494569920698999900e-06
-1.953724175855276181e-05,-1.285594707273894444e-05
-1.777197736511691194e-05,-1.052296719805143322e-05
-1.795305823382445921e-05,-7.870709174000295100e-06
-1.988537047649932874e-05,-1.076186043092326005e-05
-2.129674589234560700e-05,-1.287761896555911738e-05
-1.953086390139080732e-05,-7.989454148326234338e-06
-2.373543796215183411e-05,-1.289833714384582294e-05
-2.180229299665240091e-05,-9.566677694176458144e-06
-2.129572651218016361e-05,-7.967418259823863633e-06
-2.712595897056681329e-05,-1.292713371608094097e-05
-2.544037943956458731e-05,-1.022671228867064888e-05
-2.373608638655165054e-05,-7.940453755346925740e-06
-3.164901907936909460e-05,-1.295343086554719936e-05
-2.938028989960732393e-05,-1.042096722313698137e-05
-2.712629502698581354e-05,-7.913104950894934408e-06
-3.639954934896144346e-05,-1.297076066454261609e-05
-3.401915854153139180e-05,-1.042079028553247334e-05
-3.164909528098002703e-05,-7.887970195965349153e-06
-4.117404889993104975e-05,-1.298099922692827552e-05
-3.878371135885944971e-05,-1.042101870580364732e-05
-3.639946989809232837e-05,-7.871000965073662761e-06
-4.596031400100244590e-05,-1.298528885471188674e-05
-4.356607389903451131e-05,-1.042149721842421183e-05
-4.117387431907985689e-05,-7.861449169922369519e-06
-5.074780683693753285e-05,-1.298527039240464560e-05
-4.835438693672858718e-05,-1.042207933292137757e-05
-4.596012668153369885e-05,-7.858294380607335486e-06
-5.553082076322203396e-05,-1.298346285156371091e-05
-5.314012059142604860e-05,-1.042254885419568846e-05
-5.074765191753326937e-05,-7.859387542154214629e-06
-6.030936563729129925e-05,-1.298227000777433331e-05
-5.792057435413266211e-05,-1.042287925857577797e-05
-5.553070544966970054e-05,-7.861994423923404041e-06
-6.508695706749621117e-05,-1.298295796033793227e-05
-6.269793090937795718e-05,-1.042302711063827010e-05
-6.030932525920747460e-05,-7.863655987565231327e-06
-6.986756652619954225e-05,-1.298490347814576684e-05
-6.747656560698781609e-05,-1.042308936832558397e-05
-6.508696202296318327e-05,-7.863158483067521031e-06
-8.011940194096977533e-05,-1.270578203353449040e-05
-7.943950925187264172e-05,-1.298737695799574536e-05
-7.201023340829176866e-05,-1.042325875203244315e-05
-7.465222180331109944e-05,-1.298672866998990562e-05
-6.986748141581002167e-05,-7.861440089099997185e-06
-8.040102640389594740e-05,-1.202592813010009611e-05
-7.879209176009199756e-05,-1.042340055644823451e-05
-7.465219221992479455e-05,-7.859947643595385436e-06
-8.040103567576794099e-05,-8.820868564489152638e-06
-7.943950962617907609e-05,-7.859404866220871626e-06
-8.011940915946650396e-05,-8.141004687236906879e-06
