Size 192,2
2.458472721800914257e-05,-1.683731494981599559e-06
2.470897438554614718e-05,-1.383866062652686239e-06
2.470891411158806779e-05,3.007480419925010131e-08
2.458465306013487713e-05,3.299641725846945791e-07
2.428478607051205392e-05,-1.807923775782327294e-06
2.372186313761006642e-05,-6.768944280592378219e-07
2.428468509326953245e-05,4.541656287536544130e-07
2.217244334268206861e-05,-1.806973989223719194e-06
2.217230691635765159e-05,4.530511753620945389e-07
2.100757217576751753e-05,-6.770936656778938519e-07
2.006430876277842638e-05,-1.803604046983570678e-06
2.006455530254173855e-05,4.488874385041830893e-07
1.901324785615748914e-05,-6.773601424599209016e-07
1.796543221186949630e-05,-1.797733591900629746e-06
1.796665544878311968e-05,4.422599836196274002e-07
1.692052427274229223e-05,-6.777998777590169844e-07
1.588030814296834280e-05,-1.788982825692356684e-06
1.588191626678083803e-05,4.328059884365242269e-07
1.484382465429077026e-05,-6.783571419626952956e-07
1.381484578815084549e-05,-1.775755650755562981e-06
1.381645615938280180e-05,4.184045072548429169e-07
1.279145994061747283e-05,-6.791949363746822126e-07
1.178031209814689600e-05,-1.755247144337349573e-06
1.178142445374808516e-05,3.961913954113094392e-07
1.077760962536974219e-05,-6.800804091322155304e-07
9.793848440018336252e-06,-1.724422259668387684e-06
9.794609774333197652e-06,3.634871106446291633e-07
8.822029407705394676e-06,-6.811411888939495114e-07
7.876563128559054637e-06,-1.682252240682432150e-06
7.876919493401337983e-06,3.191117314045900875e-07
6.946450974586094006e-06,-6.821996997918701127e-07
6.051285084040378569e-06,-1.626724395427500393e-06
6.051252741241263328e-06,2.614753495539820990e-07
5.175270386394613344e-06,-6.831272374595049838e-07
4.343741094525140742e-06,-1.555553500424053565e-06
4.343566535385831614e-06,1.880392244448321098e-07
3.567849897647214923e-06,-6.834084970468431492e-07
2.844076283744733447e-06,-1.468704676925278712e-06
2.843815552987699148e-06,9.593620173174797213e-08
2.316243598958216526e-06,-7.405601442083656597e-07
1.830702981104151187e-06,-1.384991082601503424e-06
1.828740867529354164e-06,8.005965156419828472e-09
1.175061026647916099e-06,-1.310685579450547091e-06
1.279143547901250104e-06,-9.074361270817783420e-07
1.171704934703463240e-06,-4.903897096552496555e-08
7.406074034895536124e-07,-1.100965508420583809e-07
2.789449443337276157e-07,-1.722139379104603286e-07
2.845431880792089123e-07,-1.855888319210074621e-07
2.845634853204620422e-07,-2.357400076234876026e-07
2.789830320390537389e-07,-2.490832715713156345e-07
7.345351225307582018e-07,-1.258031500268231179e-06
3.836844493696836096e-07,-1.190011888375402639e-06
6.322405693644394740e-07,-5.436803773993067364e-07
3.638244715086394241e-07,-1.435789192447108778e-07
2.655997823511000264e-07,-1.667331762559703835e-07
2.520076940687701724e-07,-2.217519310449770795e-07
2.656369619436561949e-07,-2.547210540358605219e-07
2.577674108427818870e-07,-8.474948823294641604e-07
6.590062999269081718e-08,-1.073687924957951503e-06
-2.021738432554487328e-07,-9.447416943345976864e-07
1.525893395650083805e-07,-4.290061589567450892e-07
5.004117289484316589e-08,-1.380335692286382555e-07
1.747318900759179787e-07,-1.659248251594688538e-07
1.745180006284103568e-07,-2.566192508129266463e-07
1.277800661759812571e-07,-2.114902216094434919e-07
-4.152985051662278300e-07,-7.823444125361157064e-07
-2.519860111509476281e-07,-6.463483985951091224e-07
-1.666106128922033921e-07,-3.219852824384828823e-07
-2.090776229411690058e-07,-1.063606605653199197e-07
7.728529643223787748e-08,-1.584459454216350022e-07
7.725336402487549869e-08,-2.647560578317058201e-07
2.007325859802117903e-08,-2.116574652810348844e-07
-5.890680384245458271e-07,-6.232256400999258162e-07
-7.046092750755563694e-07,-4.718581598224558464e-07
-4.407033228322344900e-07,-2.851788356513702679e-07
-4.127613394435132654e-07,-4.986967712460561611e-08
-4.527048448732362087e-08,-1.411755278361909498e-07
-4.524820552400406032e-08,-2.821392698843184963e-07
-6.730159935026488828e-07,-2.870071964826566515e-07
-7.703128563344056471e-07,-3.179520255856752654e-07
-6.318152571942800321e-07,-1.313928288220335396e-07
-5.646297874199701742e-07,-3.802345161577815331e-09
-1.167847941695745968e-07,-2.116460356641760132e-07
-2.014221095743770785e-07,-1.159082607713891445e-07
-2.015019294104798761e-07,-3.072855244363378095e-07
-8.119371437789330492e-07,-1.859743501254362826e-07
-8.017558431920993523e-07,-1.010960098235980606e-07
-7.568617343551402742e-07,-3.375106142683136207e-08
-7.053381705618760437e-07,-3.165745352368860729e-08
-6.726340538986421288e-07,1.380266717333637331e-08
-2.695192194866456472e-07,-2.117960478680265905e-07
-3.531041179812005416e-07,-9.043883278299183620e-08
-3.523454162330672529e-07,-3.324129756565574609e-07
-7.652797983378230928e-07,-2.202471774259466115e-08
-7.064857210332943351e-07,-8.596962447199922087e-09
-5.119902652104978278e-07,-6.686433214122107414e-08
-5.729416362963726982e-07,-5.050523092270210799e-08
-6.229700228066953321e-07,-2.703043964645681472e-08
-7.447111882947493315e-07,1.149836651953123228e-08
-7.590433478710915062e-07,-5.597003906371131204e-09
-4.292090529877047568e-07,-1.954460640248309917e-07
-4.663580839196613996e-07,-3.476476096074398595e-07
-7.072643315970546606e-07,-1.792014274610478185e-09
-5.539560769201869727e-07,-1.259380924399523162e-07
-6.247995835141822508e-07,-6.086089025469510735e-08
-7.507806330813809372e-07,-1.596180501562042737e-08
-8.305722967936912816e-07,-7.044099198260480136e-08
-5.179250962679271403e-07,-2.605497465463909563e-07
-4.814793995375575861e-07,-3.707119992472198146e-07
-6.905620027356556525e-07,-1.167352163929889782e-07
-8.785476846679111067e-07,-1.684005659520126066e-07
-9.782143560994613563e-07,-3.051277400651575735e-07
-5.774382108305143022e-07,-3.278769176002162104e-07
-4.815280040797351390e-07,-4.364693628401078228e-07
-4.667109598122604047e-07,-6.497810718708557022e-07
-8.146243375053397315e-07,-2.992826603631671014e-07
-4.804918622001967809e-07,-9.106370000276424737e-07
-1.110628853952740073e-06,-4.617099690447732251e-07
-6.367259338290795829e-07,-6.401508818477711806e-07
-9.460505391972236552e-07,-6.601607817473464644e-07
-5.571191328463512741e-07,-1.183173370408820156e-06
-1.300923153229230549e-06,-6.616284829449050915e-07
-1.206993760632991392e-06,-9.046647498448790723e-07
-9.216233468161999731e-07,-1.076337505213091007e-06
-6.804446911976304619e-07,-1.492320645153615906e-06
-8.820192460440614072e-07,-1.816247950702238121e-06
-1.570661412013699961e-06,-8.747999338008276641e-07
-1.413651088348289716e-06,-1.231632910336023839e-06
-1.218608990061547816e-06,-1.697991114005223696e-06
-1.132396182020412934e-06,-2.147648853782430233e-06
-1.910293064498354785e-06,-1.092095425356319781e-06
-1.820859467621370704e-06,-1.707081445443954172e-06
-1.456631592457038007e-06,-2.454009546666909945e-06
-1.858192742797411413e-06,-2.744531650283760672e-06
-2.313590689868204289e-06,-3.012879441212724967e-06
-2.338190299005999509e-06,-1.852215365252441408e-06
-2.328029898940766694e-06,-1.296475877501385111e-06
-2.229917662027163011e-06,-2.449759706187241695e-06
-2.835864964975013476e-06,-3.219363425591102187e-06
-3.413610932925361550e-06,-3.376161880340169876e-06
-2.783059197548593792e-06,-1.980116560469591083e-06
-2.829814996743211878e-06,-1.443662865539494039e-06
-4.023603266224099182e-06,-3.462208342090956143e-06
-3.317558855973747956e-06,-2.515046327044149556e-06
-3.396196857027980587e-06,-1.517334737624477555e-06
-4.153164287959667200e-06,-2.618453466992586637e-06
-4.749154375013672357e-06,-3.522664302476428141e-06
-4.006769929215036240e-06,-1.521202831268388466e-06
-5.798232168037080174e-06,-3.583563287037861315e-06
-4.944429606005771337e-06,-2.123411503522101136e-06
-4.745468630674958682e-06,-1.462510244545443554e-06
-7.361372978603820529e-06,-3.676720056650341099e-06
-6.561248312535078214e-06,-2.402042148369408900e-06
-5.799456910460671454e-06,-1.385837486145415188e-06
-9.595513083985749832e-06,-3.776456266285804729e-06
-8.450386692056334492e-06,-2.490975428546569364e-06
-7.361669508693753122e-06,-1.298467354889053924e-06
-1.208389057202842615e-05,-3.859459244477033737e-06
-1.081442946429618911e-05,-2.491513878197882500e-06
-9.595398225563968387e-06,-1.205007749169369269e-06
-1.470929944868674429e-05,-3.927607200886049148e-06
-1.337542378664129751e-05,-2.492557381798610988e-06
-1.208351200050815701e-05,-1.124567584524807785e-06
-1.744706201702796476e-05,-3.981730609179440435e-06
-1.606131569144268411e-05,-2.493301803332863826e-06
-1.470905630612862451e-05,-1.058312932263100292e-06
-2.027259056349965145e-05,-4.022603056611522533e-06
-1.884706654900519235e-05,-2.493669733003061759e-06
-1.744694327879735897e-05,-1.005287760394303576e-06
-2.316155189988633060e-05,-4.050546541104538017e-06
-2.170845220438631523e-05,-2.493742832990661668e-06
-2.027259761438032681e-05,-9.648488439331849851e-07
-2.609062458876762399e-05,-4.067315142876550438e-06
-2.462103265802304854e-05,-2.493723401603214958e-06
-2.316152723914414245e-05,-9.369431084329873300e-07
-2.904148552740951525e-05,-4.075627742714865780e-06
-2.756366690606254328e-05,-2.493508836181349547e-06
-2.609072936005958084e-05,-9.199255139582906009e-07
-3.200129286447472393e-05,-4.078797669772556447e-06
-3.052060270838610783e-05,-2.493395136750786563e-06
-2.904152501498061598e-05,-9.112444909918778917e-07
-3.834403198575619742e-05,-3.905121292578274309e-06
-3.792358094809711961e-05,-4.079286624241821796e-06
-3.332789021243259955e-05,-2.493469472173416593e-06
-3.496292968632179097e-05,-4.079344750040187449e-06
-3.200125197314050062e-05,-9.080469566395718185e-07
-3.851818745914585513e-05,-3.484658209621826142e-06
-3.752329301899056123e-05,-2.493625742393543083e-06
-3.496288639664769948e-05,-9.077364051901938728e-07
-3.851818190184003925e-05,-1.502603150341910156e-06
-3.792356280095763460e-05,-9.079566635556708225e-07
-3.834402279011086038e-05,-1.082128321060349311e-06
