Size 192,2
-1.100127219592612844e-04,1.491081453965133270e-05
-1.104556383944058458e-04,1.384159459858459065e-05
-1.104552779161284366e-04,8.801003170705915094e-06
-1.100123187329865403e-04,7.731783226508566373e-06
-1.089434307349182500e-04,1.535368257129333391e-05
-1.069373745105059231e-04,1.132126314226289685e-05
-1.089429798750779976e-04,7.288919797500981370e-06
-1.014140261674533649e-04,1.535266409538205026e-05
-1.014135365921465566e-04,7.290401377233500646e-06
-9.725794503288965145e-05,1.132194030065936776e-05
-9.388909768876017945e-05,1.534809905432607446e-05
-9.388857103845749293e-05,7.296473312326902312e-06
-9.013012284045390657e-05,1.132250452316835628e-05
-8.637877124676446978e-05,1.533696541399004310e-05
-8.637859666733455077e-05,7.308951140496390137e-06
-8.263111420818239643e-05,1.132334244445303291e-05
-7.889663412431597547e-05,1.531650647915626669e-05
-7.889637168584476582e-05,7.330915961505450144e-06
-7.516916805441453936e-05,1.132412735922783276e-05
-7.146297088137848117e-05,1.528316763295158642e-05
-7.146254909153038331e-05,7.365723053256795117e-06
-6.776848269929590428e-05,1.132484895488789371e-05
-6.410700898376634177e-05,1.523176296152552148e-05
-6.410624813648181999e-05,7.418463051538475051e-06
-6.046345646351623001e-05,1.132546819546361434e-05
-5.686642420317407343e-05,1.515924801662572035e-05
-5.686581271074796142e-05,7.492542136082851054e-06
-5.329465975655703255e-05,1.132605613345255772e-05
-4.978246386112279004e-05,1.506551482928349040e-05
-4.978263460752740157e-05,7.587830890262529011e-06
-4.630327240750850407e-05,1.132669227679004949e-05
-4.289533757159960865e-05,1.495157906179339997e-05
-4.289626096704862051e-05,7.702842847857347550e-06
-3.952656452195730462e-05,1.132713975888045343e-05
-3.623917360156805385e-05,1.481879276407537313e-05
-3.623980745852104938e-05,7.836539877697408789e-06
-3.312498051592547519e-05,1.132656447557782819e-05
-3.009811195324567717e-05,1.467175549057210720e-05
-3.009768908320903518e-05,7.989042428164176414e-06
-2.785330566309400339e-05,1.158040519704468037e-05
-2.564489339141174965e-05,1.453925972716115394e-05
-2.564143760650299959e-05,8.125686239469981028e-06
-2.252931492503726802e-05,1.442633135061817466e-05
-2.310279832781082364e-05,1.239799643662549732e-05
-2.252398893871876182e-05,8.211191352925055074e-06
-2.032734330020960351e-05,8.301267108036149828e-06
2.979316644602404566e-06,5.959301892450587157e-07
3.038805261044233278e-06,4.527951631445533802e-07
3.038465806009051026e-06,-8.014117446236254144e-08
2.979287098587998837e-06,-2.212020400831716314e-07
-2.031852007742416809e-05,1.434799955839555166e-05
-1.838157001281163583e-05,1.416695845171975375e-05
-1.985279843136358532e-05,1.057400222089080158e-05
-1.835645999853737409e-05,8.225159346706682292e-06
2.836817273651891348e-06,6.551689053413304100e-07
2.693254659743301553e-06,7.077567538462332489e-08
2.838092251408266847e-06,-2.800268458427015288e-07
-1.774673789604726284e-05,1.231894085768190747e-05
-1.651049675625886875e-05,1.375493606841366313e-05
-1.474812828839186243e-05,1.316679267656563588e-05
-1.716631603767640739e-05,9.838445168642945499e-06
-1.652084383405805294e-05,7.845009987806468726e-06
1.870993995025274920e-06,6.709314817154334207e-07
1.870283162412662406e-06,-2.965416824900088187e-07
1.370239639719008927e-06,1.870621516399612937e-07
-1.311775633690174197e-05,1.237726750649203861e-05
-1.449749751785832209e-05,1.131307701983999401e-05
-1.509968258467330730e-05,9.037973479147312316e-06
-1.484922901002097174e-05,7.190355175593028452e-06
8.283861566084735826e-07,7.590047195419888800e-07
8.284167791216269083e-07,-3.850101238789921363e-07
2.126859357955164351e-07,1.867720673457024201e-07
-1.161528334277234531e-05,1.144565688463213416e-05
-1.028303565225163972e-05,1.038667226439338093e-05
-1.302246583846107751e-05,8.696217436001005423e-06
-1.338164655895083645e-05,6.282022676587166461e-06
-4.927017035420139427e-07,9.496944405053962255e-07
-4.930939370139795554e-07,-5.770921647036732591e-07
-1.062359639499837536e-05,8.798870710905866581e-06
-9.123522303299006961e-06,9.196671616456664184e-06
-1.118236619476195849e-05,7.057297928958127531e-06
-1.214829332170705485e-05,5.194430720710058645e-06
-1.268733167524031709e-06,1.860107790003696798e-07
-2.190033373404122844e-06,1.225244467437575298e-06
-2.188789302371004305e-06,-8.566748570203980858e-07
-8.115080625766897643e-06,7.922509667660761486e-06
-7.307517356124825322e-06,6.612335700362735614e-06
-6.685722257211759881e-06,5.238462346335650680e-06
-1.005534607693274755e-05,5.526268835388582778e-06
-1.116827304316569067e-05,3.984155727153935454e-06
-2.930033288672973555e-06,1.881794896737883795e-07
-3.836526441659073071e-06,1.496113761211055417e-06
-3.837728959418459929e-06,-1.142473585702260478e-06
-8.046704220413625701e-06,5.229589896007831308e-06
-6.222303594387307330e-06,3.847006006870547164e-06
-5.319796828629275399e-06,1.725283138761578178e-06
-5.744140894049301649e-06,1.959399143617233541e-06
-5.961327651388719970e-06,2.442972897475460337e-06
-9.276940871149659488e-06,3.810086582997470216e-06
-1.043783630967644193e-05,2.708262009558580233e-06
-4.651069936638623485e-06,3.799406876947148274e-07
-5.348830779749106925e-06,-1.351102588157103793e-06
-7.167938771953747819e-06,2.868294212549890715e-06
-5.784988498467466558e-06,1.027863845318651007e-06
-6.288712071306269204e-06,1.792774617146555915e-06
-8.730719620163032376e-06,2.315445547214596688e-06
-9.975554740228334224e-06,1.424754274274717179e-06
-5.834989284525539604e-06,-4.675586937036350433e-07
-5.788320914181551745e-06,-1.575171092081955870e-06
-7.463122079033667765e-06,6.977712909174517211e-07
-9.806426418881761028e-06,1.550758121409534406e-07
-9.893347478394268706e-06,-1.078564464341401696e-06
-6.730244673828278060e-06,-1.282530364612253448e-06
-6.048004414879513773e-06,-2.048618135920251740e-06
-6.373134066923641710e-06,-3.341252992255072788e-06
-8.668503792779172357e-06,-1.244503624294740490e-06
-6.847273237320938109e-06,-4.574112392323835118e-06
-1.023927637996007916e-05,-2.319387983756879744e-06
-7.544054587382538735e-06,-3.392479945633983952e-06
-9.249683576332373466e-06,-3.491096333219202021e-06
-7.459305677648157278e-06,-5.743054779655760715e-06
-1.080777327676587717e-05,-3.494486545412612579e-06
-1.030790235688350925e-05,-4.637417268983075140e-06
-9.153769332516331441e-06,-5.344460117337011846e-06
-8.201374681126810895e-06,-6.839019315452689084e-06
-9.070457539081882721e-06,-7.848036618655063654e-06
-1.158109785569823670e-05,-4.571078710889575401e-06
-1.100666224633378483e-05,-5.903826162051786695e-06
-1.033518089026457125e-05,-7.445411854686032226e-06
-1.005002695082998731e-05,-8.754020736830348307e-06
-1.253184227206236709e-05,-5.507822161557858698e-06
-1.223936416755088758e-05,-7.434490991673848343e-06
-1.113153725336432369e-05,-9.543162672641507678e-06
-1.229947913178998056e-05,-1.020569476298180163e-05
-1.353602336493328983e-05,-1.073169578529268583e-05
-1.364148640016269594e-05,-7.845085736858666518e-06
-1.363337642605560393e-05,-6.272609512744243461e-06
-1.336648462635906127e-05,-9.395973095280133104e-06
-1.482705773685402509e-05,-1.111294244442621868e-05
-1.615356701555421885e-05,-1.134508528155803916e-05
-1.475215946520053907e-05,-8.196463096105126281e-06
-1.485345883419036359e-05,-6.837514272691650118e-06
-1.749828320837537186e-05,-1.142495621187155409e-05
-1.600426527300089356e-05,-9.451919102984068612e-06
-1.615439949295655953e-05,-7.184308115699414460e-06
-1.779516300389869353e-05,-9.653883389958352351e-06
-1.897942201145619864e-05,-1.142882899966280880e-05
-1.749624646793968859e-05,-7.301641877388017191e-06
-2.101854127572904584e-05,-1.143366436932158467e-05
-1.940782477149685946e-05,-8.649124880287031045e-06
-1.897788310799270297e-05,-7.301380398908791315e-06
-2.382578353471247372e-05,-1.144203043943159450e-05
-2.243475778487118787e-05,-9.207394837124514630e-06
-2.101727691763507518e-05,-7.300698300434035366e-06
-2.754318211563904699e-05,-1.145430983622945642e-05
-2.568156805527565644e-05,-9.372756245161430779e-06
-2.382481026086599854e-05,-7.298970066332033062e-06
-3.143436118985709382e-05,-1.146861518779993359e-05
-2.948497460792650547e-05,-9.376775980358760231e-06
-2.754213774680609291e-05,-7.295174966301282080e-06
-3.534646730275647122e-05,-1.148365918023627095e-05
-3.338613765750479532e-05,-9.380470562155117099e-06
-3.143330255212083027e-05,-7.288776666019614159e-06
-3.928147633070488580e-05,-1.149872462534527814e-05
-3.730949963808663934e-05,-9.383923964759428732e-06
-3.534524112770075438e-05,-7.280840672063019220e-06
-4.323800174544912390e-05,-1.151181207567187534e-05
-4.125598455919969544e-05,-9.387131724164269093e-06
-3.928034297586597298e-05,-7.272321935453833766e-06
-4.721092052993809321e-05,-1.152117415298964890e-05
-4.522195552603677294e-05,-9.389812148751351147e-06
-4.323719851318038752e-05,-7.265085548872209094e-06
-5.119315899824918720e-05,-1.152669434793735296e-05
-4.920079877185715313e-05,-9.392005634722988289e-06
-4.721036630414825202e-05,-7.260703980289920145e-06
-5.517922619270930571e-05,-1.153016830107853292e-05
-5.318552237795842822e-05,-9.393794995728364807e-06
-5.119269372225447346e-05,-7.259166997605772894e-06
-5.916736979349912387e-05,-1.153262201859120651e-05
-5.717274527812939947e-05,-9.395337619174915533e-06
-5.517875819024683164e-05,-7.259054010090751450e-06
-6.771505050840329813e-05,-1.130008569714365141e-05
-6.714821681268954819e-05,-1.153485528177292537e-05
-6.095426392223936171e-05,-9.396446583389478073e-06
-6.315735248611777325e-05,-1.153420756037426483e-05
-5.916697082129613146e-05,-7.259293188888953838e-06
-6.794984191366294074e-05,-1.073327736221551826e-05
-6.660847396866224738e-05,-9.397164186144406304e-06
-6.315719100265095671e-05,-7.259462835242888904e-06
-6.794981589989157640e-05,-8.061078837579293443e-06
-6.714814587264186167e-05,-7.259438569066076137e-06
-6.771501112162197256e-05,-7.494229936924850214e-06
