Size 192,2
1.419507390306391428e-05,-7.486878285746013419e-07
1.428261434045983066e-05,-5.374179929410241428e-07
1.428302060355040939e-05,4.584131890913359473e-07
1.419553739267301678e-05,6.696274053697440740e-07
1.398376828114050019e-05,-8.361981991703790512e-07
1.358769348602417414e-05,-3.960437802614716248e-08
1.398431644031844078e-05,7.571107284777226400e-07
1.249569415157510924e-05,-8.361781234866134214e-07
1.249649464915869510e-05,7.566002591201565720e-07
1.167452239235039604e-05,-3.991839849166502720e-08
1.100848038021124167e-05,-8.341729892769506051e-07
1.100907295080342737e-05,7.541417290429907077e-07
1.026640057834568416e-05,-4.046390373108904232e-08
9.528135378198242657e-06,-8.275806572675190020e-07
9.528106752422381683e-06,7.461994580291661940e-07
8.793063590201975844e-06,-4.084633811020591737e-08
8.067024708855962648e-06,-8.131053217471959536e-07
8.067441127931401499e-06,7.305358683792731059e-07
7.347603932067931234e-06,-4.144422612184130506e-08
6.642194467444445870e-06,-7.900823131985410991e-07
6.642887443550652562e-06,7.064468383397752966e-07
5.946165331595908481e-06,-4.201672527773262060e-08
5.268927272805118689e-06,-7.589420297002809356e-07
5.269395813900683863e-06,6.746280289660414932e-07
4.603168587309302453e-06,-4.238453584832855630e-08
3.961301061482821505e-06,-7.193925246437195584e-07
3.961574521105898295e-06,6.346259851292399228e-07
3.333634123331562525e-06,-4.262506180315187845e-08
2.736623301028091332e-06,-6.691246277348569344e-07
2.736549926408413479e-06,5.843480596776640655e-07
2.157381853454768189e-06,-4.250803931958941053e-08
1.616966797595255243e-06,-6.068992677617255620e-07
1.616416289480071596e-06,5.224843895142268104e-07
1.097096054631869773e-06,-4.203344420618873628e-08
6.230785660476372167e-07,-5.340163266484167709e-07
6.220275594830173136e-07,4.500136446303200188e-07
1.889657441271004145e-07,-4.109825745594426414e-08
-1.961299159133418687e-07,-4.538202056210347887e-07
-1.974415398075898761e-07,3.676359295539415790e-07
-4.725693859233244057e-07,-6.873579648426667123e-08
-7.092501880932705783e-07,-3.823204405419221038e-07
-7.114365223477958637e-07,2.948470926974598023e-07
-1.015711793347419219e-06,-3.219143462816274875e-07
-9.751041542288378328e-07,-1.435114634320155550e-07
-1.018757387520856861e-06,2.498006411516895414e-07
-1.205400715858668090e-06,2.024044242207731224e-07
5.340954385109636983e-07,-5.778972899585495126e-07
5.440040485911514614e-07,-6.014754062294960808e-07
5.440359149773191556e-07,-6.901118497076330962e-07
5.341479182665454594e-07,-7.137591704009274420e-07
-1.209916239621659913e-06,-2.800614828711262274e-07
-1.348013400478249159e-06,-2.342895932225215323e-07
-1.259638924369674119e-06,1.915517447271238644e-08
-1.363958868526879337e-06,1.655260176205453152e-07
5.105623110948914129e-07,-5.682995167764301748e-07
4.865783343867746181e-07,-6.657048026256572741e-07
5.105123571246571608e-07,-7.238661699072131120e-07
-1.403332089432835121e-06,-9.444623802070513863e-08
-1.462597108776516897e-06,-1.665079613793395913e-07
-1.542350314251379491e-06,-1.036744906526372280e-07
-1.444769346539433881e-06,5.619239817685834095e-08
-1.477960401553772254e-06,1.365577307255736083e-07
3.501624904294234033e-07,-5.671506826043797978e-07
3.495842700073109156e-07,-7.283723594001119848e-07
2.666262927880657380e-07,-6.484265423707227560e-07
-1.585016502097629234e-06,-2.919255825574529318e-08
-1.564255394204017388e-06,-4.191638605268269668e-09
-1.542776036557270568e-06,8.024955777252274280e-08
-1.558404731376097969e-06,1.063199214129767167e-07
1.759701639414171560e-07,-5.522971701990547479e-07
1.757294299117595978e-07,-7.455659762629496652e-07
7.184830043037156311e-08,-6.493935366362311520e-07
-1.604144076471625859e-06,2.974803526268244722e-08
-1.586154645368867457e-06,7.013428320293223831e-08
-1.599713288003724442e-06,8.314234436973555405e-08
-1.608063351322044726e-06,7.508586526509142957e-08
-4.849782257907644814e-08,-5.180120348077751779e-07
-4.871980662814922432e-08,-7.815335517783370942e-07
-1.589000156119754456e-06,9.191329056884023921e-08
-1.538411432395184415e-06,1.008588675756320343e-07
-1.603739729241653850e-06,7.316199605852476441e-08
-1.632693495904969858e-06,1.750302588032309503e-08
-1.826816540866398335e-07,-6.500233885722839948e-07
-3.439841203773296763e-07,-4.663015305516042446e-07
-3.440669785639233344e-07,-8.343522881872047020e-07
-1.482619554314743461e-06,1.045674666847034195e-07
-1.397630580895972964e-06,6.178249590703574140e-08
-1.296535664456275879e-06,-3.583490250028446820e-09
-1.566735667163555144e-06,2.385120700362885733e-08
-1.641651116039282435e-06,-7.787870652757695704e-08
-4.744289163936324952e-07,-6.502479364643559221e-07
-6.371517861723712359e-07,-4.135416556531855438e-07
-6.364804195403829629e-07,-8.886178767814504653e-07
-1.433129399919525745e-06,6.369309269695792393e-09
-1.204608228635582040e-06,-1.095569396730430989e-07
-9.287104503123491172e-07,-3.658814896566703320e-07
-1.028575197775391652e-06,-3.271650148144587629e-07
-1.098445079256231366e-06,-2.588681289592472634e-07
-1.530958288054985279e-06,-9.514141510429704749e-08
-1.655136162072918880e-06,-2.146502959041807426e-07
-7.847738637347558079e-07,-6.168967585580878444e-07
-8.844445933959147757e-07,-9.255808092976395726e-07
-1.294661706762179167e-06,-1.947400551315132171e-07
-1.012903795037338456e-06,-4.878251935962205898e-07
-1.130854862325528525e-06,-3.523249423831303676e-07
-1.485446307845182552e-06,-2.602319083564708323e-07
-1.681757902721159304e-06,-3.959253138889386488e-07
-9.804717785181506823e-07,-7.586849099241858246e-07
-9.381247894105299698e-07,-9.699250917345466383e-07
-1.306503441213686290e-06,-5.078772002664835795e-07
-1.714457636460203709e-06,-6.084885721093948603e-07
-1.826426717327494945e-06,-8.576100779185451623e-07
-1.122056670201071402e-06,-8.997887108781293976e-07
-9.606392988745659642e-07,-1.080974573962182937e-06
-9.717215654075055735e-07,-1.419622535294515301e-06
-1.545067465480779362e-06,-8.657428303722771915e-07
-1.025468296456123586e-06,-1.806868463323378189e-06
-1.998902548779292298e-06,-1.128868914403782724e-06
-1.255030742722200382e-06,-1.412863684525509018e-06
-1.736176464114364440e-06,-1.441130798072428276e-06
-1.158328059677606476e-06,-2.201541960928539296e-06
-2.255766787720905057e-06,-1.441652317944555486e-06
-2.111194847013553639e-06,-1.801534850202532807e-06
-1.699638077476062113e-06,-2.049818992650684480e-06
-1.353725112091828843e-06,-2.633917527938633677e-06
-1.647221872961595652e-06,-3.077245343656319030e-06
-2.620242577236465440e-06,-1.761298122540104146e-06
-2.398157521388935224e-06,-2.265650518362740207e-06
-2.124757193876799390e-06,-2.911913457446028095e-06
-2.004959091781148832e-06,-3.523473471896189475e-06
-3.079643010643896315e-06,-2.075356490313102760e-06
-2.955313876240495778e-06,-2.920137410478875341e-06
-2.455422895154053237e-06,-3.932873777492933498e-06
-3.002610032488473976e-06,-4.315829384951803415e-06
-3.617716980900058350e-06,-4.664295427288994935e-06
-3.653649530094532628e-06,-3.115615975451194023e-06
-3.641299719923832698e-06,-2.362733737357067730e-06
-3.508427565849693992e-06,-3.916970612893549090e-06
-4.315366899627049706e-06,-4.930612953795656735e-06
-5.080386525771688334e-06,-5.128670380506979117e-06
-4.248533899906299316e-06,-3.287380517812751422e-06
-4.310194386078997264e-06,-2.570056536773308953e-06
-5.884687599766291411e-06,-5.233407456001392197e-06
-4.958195687746346505e-06,-3.995457666584698871e-06
-5.060670423018366703e-06,-2.677296894755306196e-06
-6.056869078026713979e-06,-4.128312182086796598e-06
-6.832841626422240895e-06,-5.302034511762303980e-06
-5.865840452322450633e-06,-2.688322179104306857e-06
-8.195868130741469740e-06,-5.369803639424315219e-06
-7.091352042134696745e-06,-3.481234099527196210e-06
-6.829801439290651790e-06,-2.618832092847602336e-06
-1.020593519426497092e-05,-5.471368066789252412e-06
-9.182424171798413330e-06,-3.841294494216381876e-06
-8.198534906088893285e-06,-2.529511699606740148e-06
-1.304537154276779552e-05,-5.576277329247715322e-06
-1.159616100100033831e-05,-3.952981537965747514e-06
-1.020757718889195296e-05,-2.430001600825395817e-06
-1.617261198135313662e-05,-5.659982740915761713e-06
-1.458339711653921960e-05,-3.950840498312057618e-06
-1.304628125425003132e-05,-2.326386191606594455e-06
-1.943929634917342634e-05,-5.726536460779583556e-06
-1.778519452067502259e-05,-3.949322118457587113e-06
-1.617331748558037641e-05,-2.240107943180025486e-06
-2.281792254079412867e-05,-5.779292413328515153e-06
-2.111204236776552265e-05,-3.948007007347389224e-06
-1.943978406604245351e-05,-2.170892494644927419e-06
-2.628525138625839437e-05,-5.820679506442249462e-06
-2.453841986368016082e-05,-3.946890075579788078e-06
-2.281811011720454350e-05,-2.115715434017812894e-06
-2.982142782712279339e-05,-5.851375213926884625e-06
-2.804349214561089782e-05,-3.945751727259058565e-06
-2.628539918654770860e-05,-2.072036406684717668e-06
-3.340758056480260641e-05,-5.872411908435176186e-06
-3.160785332881051006e-05,-3.944605437383297259e-06
-2.982175968840492406e-05,-2.038902522992919248e-06
-3.702599158176743887e-05,-5.884917025303364432e-06
-3.521305132866403283e-05,-3.943583869923984685e-06
-3.340815537234039634e-05,-2.015701616614274609e-06
-4.066131463128320127e-05,-5.890813376668883095e-06
-3.884202773304512043e-05,-3.942733955914599067e-06
-3.702655087768867432e-05,-2.001408645052664625e-06
-4.846385587354331550e-05,-5.678651933522741687e-06
-4.794650017870161641e-05,-5.892942318709046546e-06
-4.229222083026580413e-05,-3.942219714800355788e-06
-4.430339495726755343e-05,-5.892641393685685705e-06
-4.066150943950023761e-05,-1.994234413417499686e-06
-4.867814972452556046e-05,-5.161302709513177042e-06
-4.745381796086137102e-05,-3.941845728331201706e-06
-4.430339240975932178e-05,-1.991345219446730810e-06
-4.867806163941092547e-05,-2.722433187143503237e-06
-4.794642287000592997e-05,-1.990829276935979415e-06
-4.846376691993852523e-05,-2.205108490325420270e-06
