Size 192,2
-4.655968881350841450e-05,7.283434473007171423e-06
-4.671453586829280724e-05,6.909552545197514533e-06
-4.671482081266235272e-05,5.147281910191163118e-06
-4.656001279726341996e-05,4.773435074900320503e-06
-4.618585471988091679e-05,7.438315771307036033e-06
-4.548507972626201232e-05,6.028482076212072229e-06
-4.618623531615307986e-05,4.618570239323036618e-06
-4.355388442362598424e-05,7.439252792529761441e-06
-4.355440968277939681e-05,4.617778636339645888e-06
-4.210026826375802301e-05,6.028419496696401853e-06
-4.091864966206309529e-05,7.442286538271024246e-06
-4.091925775448340550e-05,4.614651719161210627e-06
-3.959902722655582653e-05,6.028559923373319360e-06
-3.827562029085301263e-05,7.447664190140931651e-06
-3.827557328801734090e-05,4.609365752869695032e-06
-3.695034059837028488e-05,6.028251251480553803e-06
-3.562038057533716896e-05,7.454267979531910359e-06
-3.562035177570669611e-05,4.602181560556890051e-06
-3.428835384513228662e-05,6.027875370205587326e-06
-3.295110670528965434e-05,7.461056450255159161e-06
-3.295154965677792107e-05,4.594778922325114136e-06
-3.161222982119910101e-05,6.027567274645922106e-06
-3.026834434639819960e-05,7.466862271140810406e-06
-3.026939545022749319e-05,4.588018980988769277e-06
-2.892398552450685856e-05,6.027219655128503700e-06
-2.757535723301116691e-05,7.471186479480063029e-06
-2.757644631331576427e-05,4.582578826810929889e-06
-2.622666288415004978e-05,6.026834250680740038e-06
-2.487500551613167801e-05,7.473690627413657117e-06
-2.487535479251764916e-05,4.578853943517377689e-06
-2.352317312615228432e-05,6.026310086193496805e-06
-2.217055927291631477e-05,7.474036090265410343e-06
-2.217002887499087169e-05,4.577556244691322142e-06
-2.081784301695138926e-05,6.025587693495411461e-06
-1.946668687417825208e-05,7.471616157506653413e-06
-1.946597360864422746e-05,4.578952468601198221e-06
-1.817083039856386316e-05,6.024916815090624288e-06
-1.687819726053460087e-05,7.467032721814926420e-06
-1.687766164195061690e-05,4.582688556242563732e-06
-1.590962771879600606e-05,6.136949347122441179e-06
-1.492327189783838213e-05,7.463020800907497988e-06
-1.492292993996323926e-05,4.585773621166321822e-06
-1.350351016543084320e-05,7.460554617065419106e-06
-1.378076991502634069e-05,6.514388894582708263e-06
-1.350333674885318564e-05,4.587047117120976641e-06
-1.247248253438333236e-05,4.587942890441835349e-06
2.147002122548292278e-06,-4.242232669895650988e-07
2.190305369900185866e-06,-5.281435058584124365e-07
2.190157429734861919e-06,-9.162012856269417205e-07
2.147039484595333317e-06,-1.019125406029478182e-06
-1.247244572997772799e-05,7.459290378882877185e-06
-1.153594929616034000e-05,7.405014706985837107e-06
-1.226426370381504198e-05,5.665180517475770716e-06
-1.153786396938172234e-05,4.506776810499846148e-06
2.043487434241698680e-06,-3.814081439482450323e-07
1.938763507528229063e-06,-8.071934931353234482e-07
2.044082342907559535e-06,-1.062349871573713351e-06
-1.123924447728956349e-05,6.519432310334774838e-06
-1.061176136431561360e-05,7.244758196461390755e-06
-9.712055477512808045e-06,6.980868225482126688e-06
-1.095811309820826087e-05,5.292577393825843142e-06
-1.063214455075863686e-05,4.264697314598129996e-06
1.340554129903628796e-06,-3.718305393531926862e-07
1.339553425856823574e-06,-1.076423174918566970e-06
9.753033348408218951e-07,-7.248972239837792409e-07
-8.848553777710264876e-06,6.616471000158200272e-06
-9.594575947798156287e-06,6.050439240688576544e-06
-9.907008533694213495e-06,4.870752483193111359e-06
-9.782367614311947174e-06,3.869417830127360984e-06
5.802985972650908931e-07,-3.084999431017946673e-07
5.800895950031033318e-07,-1.142249282625917422e-06
1.312016374645700621e-07,-7.258301345868046709e-07
-8.032147784921292587e-06,6.156527509470537810e-06
-7.273906953489447885e-06,5.607205785569369185e-06
-8.808362400744717508e-06,4.682417420218471325e-06
-9.014332370057729247e-06,3.333088562610847255e-06
-3.828803062891007586e-07,-1.705308678815328382e-07
-3.831999864150226844e-07,-1.282088736533274561e-06
-7.465347052474265098e-06,4.746437191418499403e-06
-6.583875310735409448e-06,4.975500635214162882e-06
-7.788566004231680648e-06,3.760805549897786068e-06
-8.351359418216604277e-06,2.672838678273347239e-06
-9.481040283248880364e-07,-7.266347705988543923e-07
-1.618107517808600172e-06,2.840873028756017126e-08
-1.617401014524243980e-06,-1.483882340286735464e-06
-5.970188233272805611e-06,4.269842554210754679e-06
-5.441159381122973545e-06,3.500442168278846263e-06
-5.002015134285753953e-06,2.675075351379118044e-06
-7.125977881343098065e-06,2.861985648536729530e-06
-7.813237742117699368e-06,1.909730103195882449e-06
-2.156294719221754932e-06,-7.253697101116282452e-07
-2.814633158522426118e-06,2.239901491693525320e-07
-2.814681798268652764e-06,-1.688178847383115563e-06
-5.884921431835472324e-06,2.679442747307028137e-06
-4.659976312684042531e-06,1.802402173379123941e-06
-3.909546614925091597e-06,3.900178546680121023e-07
-4.235909383605040944e-06,5.540334792179479425e-07
-4.419333208231246299e-06,8.845574307061020395e-07
-6.658350297032111946e-06,1.795844806551423884e-06
-7.417046322982186787e-06,1.073044845455226718e-06
-3.406912283346167253e-06,-5.874047071584001447e-07
-3.888539269810005067e-06,-1.833465409854478673e-06
-5.268614693093406224e-06,1.179367493135376422e-06
-4.245699489812785724e-06,-1.104432578751096783e-07
-4.631355464674509751e-06,4.375155859169383002e-07
-6.311597885133919835e-06,8.116436052913336817e-07
-7.180611849828047986e-06,1.924349020193291107e-07
-4.246506105060717372e-06,-1.189020870349442246e-06
-4.184625096044864909e-06,-1.996547823161566676e-06
-5.443644739753978376e-06,-3.149380238386705234e-07
-7.112515391907584489e-06,-7.078478151292638358e-07
-7.253852640659299379e-06,-1.618249829225943117e-06
-4.873338792972784835e-06,-1.770559476353866435e-06
-4.351429521272925244e-06,-2.356621682873501141e-06
-4.546616474832917202e-06,-3.370418010810119524e-06
-6.325008839436570932e-06,-1.720063697749945583e-06
-4.861654786076243624e-06,-4.389342712500236893e-06
-7.590850221216218059e-06,-2.549342910696410482e-06
-5.446110987599507455e-06,-3.394287083231030879e-06
-6.811535788572909938e-06,-3.473594831831399755e-06
-5.319754145702648003e-06,-5.377705525775300073e-06
-8.122985125405784816e-06,-3.475999433993179805e-06
-7.719704778990430690e-06,-4.421621197535349246e-06
-6.726970334450089900e-06,-5.027062045910314750e-06
-5.902695805662936442e-06,-6.354041862013268014e-06
-6.637015102095598768e-06,-7.288950471024730416e-06
-8.858864071438928882e-06,-4.351307510529426600e-06
-8.350741724253056696e-06,-5.521519204737681189e-06
-7.745995872103765233e-06,-6.925214394454910594e-06
-7.486185809337470717e-06,-8.167011664201817320e-06
-9.772667086410381405e-06,-5.141405096274190790e-06
-9.504649023332316517e-06,-6.925466711658104010e-06
-8.467891501342927473e-06,-8.948514310122130703e-06
-9.576567403588135156e-06,-9.636258561595164622e-06
-1.077932495947081213e-05,-1.021854321173356422e-05
-1.086919086714366108e-05,-7.317816322797124253e-06
-1.085507579501216172e-05,-5.810997471467925318e-06
-1.059436700147354033e-05,-8.851526668687764119e-06
-1.207957475471532868e-05,-1.065204132205962224e-05
-1.345555611577372025e-05,-1.094580247406253619e-05
-1.198351206971747181e-05,-7.657181077158121572e-06
-1.209158623641806246e-05,-6.301192317193003967e-06
-1.487368708506677081e-05,-1.107739014518779245e-05
-1.327118730331832969e-05,-8.946903795492131383e-06
-1.344037691024614395e-05,-6.585226940578396412e-06
-1.518222045147729190e-05,-9.169922075449414296e-06
-1.648771542050570763e-05,-1.113754016449035001e-05
-1.485720586764213062e-05,-6.660092092696292094e-06
-1.875867131785759174e-05,-1.119867114223277372e-05
-1.694074955259315730e-05,-8.070663817524183808e-06
-1.648403655194702284e-05,-6.601522191895037642e-06
-2.200309792373921207e-05,-1.129382057017239667e-05
-2.037039086225610795e-05,-8.681500030325154898e-06
-1.876002345308362524e-05,-6.523981588926006323e-06
-2.646351971705674129e-05,-1.139834556556967434e-05
-2.420360815143181003e-05,-8.866899803757488855e-06
-2.200335959609756091e-05,-6.433665458206302259e-06
-3.128418543606814671e-05,-1.148851877523079045e-05
-2.884615627908839250e-05,-8.866988384452835863e-06
-2.646331122466436396e-05,-6.334423731126303281e-06
-3.625812817218666774e-05,-1.156599784373219455e-05
-3.374706123571098092e-05,-8.867531143923429614e-06
-3.128387988889584610e-05,-6.245834150901057540e-06
-4.136508091011807740e-05,-1.163239695333304919e-05
-3.879094065078248540e-05,-8.867844060070126903e-06
-3.625813449543989519e-05,-6.169318527874141741e-06
-4.658557206429522177e-05,-1.168845666748496069e-05
-4.395782696813401916e-05,-8.868127349551965479e-06
-4.136506829140722551e-05,-6.103588427008917504e-06
-5.190063117770892236e-05,-1.173422814875082045e-05
-4.922878682053502623e-05,-8.868491523421758607e-06
-4.658550662801667436e-05,-6.048247641715363672e-06
-5.729052531596200349e-05,-1.176930447100610789e-05
-5.458456035963895069e-05,-8.868855789077879960e-06
-5.190039554955397496e-05,-6.003173889373428041e-06
-6.273474397279349955e-05,-1.179335017861568362e-05
-6.000515766075622799e-05,-8.869199343637091155e-06
-5.729026738297868877e-05,-5.968718521956173012e-06
-6.821311322402113402e-05,-1.180747049008190081e-05
-6.546972664906396512e-05,-8.869374132205485876e-06
-6.273461361420764877e-05,-5.945216858952973276e-06
-7.999052708925978290e-05,-1.149141696189684760e-05
-7.920947424288429545e-05,-1.181491508882528098e-05
-7.067327763179359157e-05,-8.869317511881118861e-06
-7.370893378864922126e-05,-1.181374699656113294e-05
-6.821317053474973879e-05,-5.931186082006592646e-06
-8.031405341363983446e-05,-1.071040396657508473e-05
-7.846558386196368835e-05,-8.869398706885194656e-06
-7.370891031655929472e-05,-5.924937916124116286e-06
-8.031404655131654346e-05,-7.028405106014298773e-06
-7.920945969377835689e-05,-5.923883026464923880e-06
-7.999051790388257905e-05,-6.247385144115494637e-06
