Size 192,2
8.961066469502295827e-05,-1.273274311646711686e-05
8.995956598751379796e-05,-1.189048522910115819e-05
8.995946251610399940e-05,-7.919757869909185179e-06
8.961053900365859146e-05,-7.077449425361594370e-06
8.876835381905093616e-05,-1.308160562398972496e-05
8.718825580245783530e-05,-9.905091980852145174e-06
8.876818286841378582e-05,-6.728562965722855862e-06
8.283740892687989983e-05,-1.308073836152252245e-05
8.283712693544707762e-05,-6.729210342926639981e-06
7.956377447365967992e-05,-9.904842319727878605e-06
7.690911716658213279e-05,-1.307739393875284306e-05
7.690900077991341113e-05,-6.732188819568051520e-06
7.394721518065607816e-05,-9.904392670165103107e-06
7.098898235541957653e-05,-1.307032635652506676e-05
7.098914580558622666e-05,-6.738232529261650035e-06
6.803347890175542769e-05,-9.903915928993228636e-06
6.508465473718858094e-05,-1.305842261231951825e-05
6.508475330205154455e-05,-6.748841352114206036e-06
6.214003536502625373e-05,-9.903302318540752454e-06
5.920619521898944727e-05,-1.304016957424222861e-05
5.920641826824389478e-05,-6.765856782598607524e-06
5.627881762006203305e-05,-9.902841978351492304e-06
5.336690209343400660e-05,-1.301469914582721477e-05
5.336709429881772269e-05,-6.790539736098195443e-06
5.046365679282743529e-05,-9.902555200284968113e-06
4.758124964674350786e-05,-1.298075314295206413e-05
4.758155550449497367e-05,-6.824085156654217292e-06
4.471018096456386062e-05,-9.902415994244350840e-06
4.186708182423238466e-05,-1.293572742166559079e-05
4.186718240324511375e-05,-6.868972520004558792e-06
3.903864182058599830e-05,-9.902353425566516999e-06
3.624746516156570616e-05,-1.287607260090666913e-05
3.624755951205884308e-05,-6.928639358188303765e-06
3.347633902853094619e-05,-9.902257488221615997e-06
3.075369790675224808e-05,-1.279733981217088070e-05
3.075357147419271721e-05,-7.007549792108773879e-06
2.816541070991554217e-05,-9.901529105097333402e-06
2.563544843287824415e-05,-1.269926311235567562e-05
2.563486985336110941e-05,-7.109419822334892449e-06
2.375515110156487650e-05,-1.011445270164995691e-05
2.189592302326405919e-05,-1.260369244758606416e-05
2.189314166104680694e-05,-7.207951124853446265e-06
1.926709520202556420e-05,-1.251859805946830984e-05
1.975390437147945681e-05,-1.080462943983028671e-05
1.926281837780589393e-05,-7.272304159891192345e-06
1.740408225755220138e-05,-7.341325282378785020e-06
-2.570836863316648457e-06,-6.915831019342128359e-07
-2.621595497898378913e-06,-5.694003604529611774e-07
-2.621220423107029033e-06,-1.147319206264505186e-07
-2.570723533593351594e-06,5.544492497362661714e-09
1.739754712952785404e-05,-1.245832943240505268e-05
1.575458988163367036e-05,-1.230977957254710566e-05
1.700496960628266580e-05,-9.264061341751544601e-06
1.573488492295383538e-05,-7.270381238255777488e-06
-2.449209544362568310e-06,-7.421858145833983494e-07
-2.326799930898565017e-06,-2.436256060938313592e-07
-2.450302601459281252e-06,5.564221766663432116e-08
1.521753860384934445e-05,-1.074433786021707877e-05
1.416551921652718863e-05,-1.196545286477269326e-05
1.266498538410294012e-05,-1.146883325368498837e-05
1.472467266835308672e-05,-8.638483292282949155e-06
1.417502151862097186e-05,-6.941156886864798846e-06
-1.625474326099549644e-06,-7.560210586450209785e-07
-1.624969631060900355e-06,6.957623366075760263e-08
-1.198339882667257051e-06,-3.432770277692726784e-07
1.127414369564209161e-05,-1.080077261283502558e-05
1.245248610013597904e-05,-9.893132284030805735e-06
1.296515911646722878e-05,-7.955721478372488773e-06
1.275169900626676055e-05,-6.378135357289422908e-06
-7.353216616771858869e-07,-8.329574960798713801e-07
-7.354788812700401746e-07,1.461150527265585365e-07
-2.083862835271320469e-07,-3.434416017054051683e-07
9.990335287029818609e-06,-1.000916442451216137e-05
8.849369504962115764e-06,-9.106932626424808601e-06
1.119277683341750417e-05,-7.663306975071402721e-06
1.149968819803078367e-05,-5.598901712236927978e-06
3.966813518910984662e-07,-9.991918891987914453e-07
3.968558146434931308e-07,3.126624717519132768e-07
9.140487650624229266e-06,-7.751283875792062061e-06
7.854559267344713491e-06,-8.091876788733032110e-06
9.618735876427386599e-06,-6.261176939816063484e-06
1.044597069132239017e-05,-4.665072643511765020e-06
1.063747580553500762e-06,-3.431990841219108731e-07
1.857491202363021233e-06,-1.239510244759717666e-06
1.856387016771638800e-06,5.557816540073644044e-07
6.988438973711569194e-06,-7.002640683913675772e-06
6.292441443604324739e-06,-5.879848663194067146e-06
5.754597670780333494e-06,-4.701340904929467392e-06
8.652306866133829794e-06,-4.949016797858546047e-06
9.608067131635867478e-06,-3.624757078618020599e-06
2.495553969917717080e-06,-3.453884675928754659e-07
3.278989753249292662e-06,-1.476141184643853078e-06
3.279792352397084941e-06,8.043529433418334415e-07
6.926498115145952805e-06,-4.694303985012457787e-06
5.352706182838178269e-06,-3.505655469736135888e-06
4.563637145703882878e-06,-1.676474530450020238e-06
4.932628291753079450e-06,-1.879291350626417832e-06
5.122840605259010939e-06,-2.296780274659429540e-06
7.984172252822086419e-06,-3.474933572964219733e-06
8.983956955968702988e-06,-2.526351149142776932e-06
3.983049874057011347e-06,-5.115364571961151253e-07
4.584581460916352632e-06,9.854009491658313403e-07
6.166461106778715827e-06,-2.664145750901713350e-06
4.966124899354453205e-06,-1.073528732507043886e-06
5.404499456991742835e-06,-1.735638034373404798e-06
7.514181721178464825e-06,-2.188111691729852732e-06
8.590436750029594123e-06,-1.419250199723951636e-06
5.005933671166683870e-06,2.205762971464197776e-07
4.962472327254793880e-06,1.179690974816035760e-06
6.419102178339431665e-06,-7.912873956017186139e-07
8.448197229376500076e-06,-3.220022823088320947e-07
8.531232855475927499e-06,7.472602399708995539e-07
5.779157704987468010e-06,9.249314825204368294e-07
5.184891553858196276e-06,1.591673503040876182e-06
5.461115751509012770e-06,2.719872705167487617e-06
7.464908465009137781e-06,8.890738264414808927e-07
5.867416765744596671e-06,3.803412508143404724e-06
8.841015487374289134e-06,1.824290572958450757e-06
6.481553599476286461e-06,2.762226964794891271e-06
7.975650244355688686e-06,2.847514619957940515e-06
6.398122435192377229e-06,4.833612469585981627e-06
9.349253923213367851e-06,2.849523352438822781e-06
8.910775529609587533e-06,3.853852760500556041e-06
7.889275543976304481e-06,4.479376205423663670e-06
7.045627392669027474e-06,5.807864481253542501e-06
7.811607108541806152e-06,6.710757488415023413e-06
1.004423397528959676e-05,3.792022434595361809e-06
9.533148885717319620e-06,4.974404993895469654e-06
8.933717501151444801e-06,6.351257105880770491e-06
8.678778512545032460e-06,7.529342722068105501e-06
1.090185026350374687e-05,4.615945853215515174e-06
1.063947810494394679e-05,6.342011177462148592e-06
9.643875118300852399e-06,8.245601896664631582e-06
1.069586208881868028e-05,8.853480418952097147e-06
1.181575835418875783e-05,9.343786259574686902e-06
1.190923088911788747e-05,6.711190725506970746e-06
1.190104611465037419e-05,5.292418621133560188e-06
1.165818452977237518e-05,8.120508438447382387e-06
1.299431359592160119e-05,9.701381196237408047e-06
1.421395427393501788e-05,9.925063759976565878e-06
1.292219336697722826e-05,7.027963209828465285e-06
1.301623299895458797e-05,5.790556505547857700e-06
1.545560383507620959e-05,1.000760325401174396e-05
1.407079162902697974e-05,8.178074252425855006e-06
1.421206472825730384e-05,6.092280892305675373e-06
1.572927395525930048e-05,8.365375273650539059e-06
1.683383443881548888e-05,1.002091191332755057e-05
1.545139979014399165e-05,6.189438086943266762e-06
1.874063429617934195e-05,1.003384756413907829e-05
1.723057924794179352e-05,7.429633200981974750e-06
1.683288513067663307e-05,6.176693648401795499e-06
2.138456286595444823e-05,1.005190938018140650e-05
2.007141458289268249e-05,7.947120578272974585e-06
1.874071349765337848e-05,6.161153150070283480e-06
2.490279582589056560e-05,1.006879514913483000e-05
2.313926252365854292e-05,8.099668187221325939e-06
2.138446832105168145e-05,6.145382893398901856e-06
2.859157915510567653e-05,1.008102562120800270e-05
2.674383794451110568e-05,8.100540076107915272e-06
2.490260796340532009e-05,6.131116693434817521e-06
3.229764403457274167e-05,1.009085746610651429e-05
3.044183458760941889e-05,8.101489288274649967e-06
2.859141298806867454e-05,6.120963103070651037e-06
3.601891467562546944e-05,1.009926286195391821e-05
3.415574349874284517e-05,8.102196695317378679e-06
3.229747603553194255e-05,6.112959219864492989e-06
3.975398811419325471e-05,1.010650659379699471e-05
3.788410457021135485e-05,8.102721608604052203e-06
3.601865268659811377e-05,6.105837517464729377e-06
4.350041339094216485e-05,1.011219605167773277e-05
4.162534755195334451e-05,8.103167085916998411e-06
3.975354067803813868e-05,6.099482046873756087e-06
4.725556618735414933e-05,1.011636197709109062e-05
4.537672339020507847e-05,8.103383732740014633e-06
4.350025469805875259e-05,6.094347741262955130e-06
5.101702980925835654e-05,1.011896236716697686e-05
4.913557135588542439e-05,8.103388460671716035e-06
4.725569633550253160e-05,6.090387513860207779e-06
5.478243346714107203e-05,1.012020958512664968e-05
5.289940600549870766e-05,8.103160477796255304e-06
5.101734818921072279e-05,6.087631266882067584e-06
6.285300038527086536e-05,9.899095370160392200e-06
6.231784203520930609e-05,1.012076242128323479e-05
5.646974370442836073e-05,8.102901623981549847e-06
5.854972800278517589e-05,1.012070423457334077e-05
5.478252408983551314e-05,6.085933616115386650e-06
6.307466910179691723e-05,9.363941245219715100e-06
6.180829428121784486e-05,8.102570928144858448e-06
5.854974189160451719e-05,6.084739145170956201e-06
6.307460478696860610e-05,6.841225060384318849e-06
6.231779143780378182e-05,6.084439651747158106e-06
6.285293695945469829e-05,6.306095064466824794e-06
