Size 192,2
3.253620901521656734e-05,-2.942016952723198885e-06
3.269621233842554946e-05,-2.555825693373337902e-06
3.269632928323339089e-05,-7.350494852265926347e-07
3.253633629899414038e-05,-3.488375193247059433e-07
3.214995445970150056e-05,-3.101969174006707969e-06
3.142536788227643177e-05,-1.645424968552023543e-06
3.215008521550137164e-05,-1.888721989023631534e-07
2.943001439893379813e-05,-3.100764948026076686e-06
2.943012601696932842e-05,-1.895979698383325903e-07
2.792918559550203021e-05,-1.644857179786283649e-06
2.671352872836515690e-05,-3.095441605297956209e-06
2.671361646097574841e-05,-1.935265540566196327e-07
2.535847182194000469e-05,-1.644138165725729483e-06
2.400969010912666052e-05,-3.084041106538207979e-06
2.400959712900100682e-05,-2.031391859325535621e-07
2.266431963714203300e-05,-1.643063389416639475e-06
2.133139458914516808e-05,-3.063565484968090822e-06
2.133113779746215091e-05,-2.210369962785762800e-07
2.000471779135561316e-05,-1.641715376959152549e-06
1.869806684212728487e-05,-3.031849138590924572e-06
1.869733857555763606e-05,-2.496777738700371622e-07
1.740097929437637781e-05,-1.639860323553688631e-06
1.613176535254850377e-05,-2.987402147682165008e-06
1.613059835306503904e-05,-2.899188073796665358e-07
1.487580540792015875e-05,-1.637258917558889623e-06
1.365595144247250550e-05,-2.929268648100408388e-06
1.365456239702140067e-05,-3.423061189916138474e-07
1.245356459091117722e-05,-1.633916918197589175e-06
1.129574168709365499e-05,-2.857102621355220431e-06
1.129470263853225949e-05,-4.074965555226135710e-07
1.015996842555857699e-05,-1.630346117593467474e-06
9.076366823984798271e-06,-2.772374583609925282e-06
9.075453833879741443e-06,-4.846577635008348968e-07
8.018572109627476207e-06,-1.626573930735691633e-06
7.018886680531292741e-06,-2.676985400717289027e-06
7.017692788446787272e-06,-5.726050264002769066e-07
6.085371316840378582e-06,-1.622262846955275522e-06
5.211542359130582007e-06,-2.575530230981177047e-06
5.209918694331358577e-06,-6.701578900888077874e-07
4.571503314136926407e-06,-1.688834905801512253e-06
3.973399956591464674e-06,-2.486984654501770559e-06
3.969948570937998036e-06,-7.559471878360559324e-07
3.152533963598578652e-06,-2.413273130987792017e-06
3.289796607085451554e-06,-1.897028296791975329e-06
3.148247196599796190e-06,-8.086224038494054128e-07
2.594651717906456535e-06,-8.641526246760533199e-07
-6.949840702297997612e-08,-1.640601413227618615e-07
-7.212263213175870647e-08,-1.577046398547670817e-07
-7.209854225765878897e-08,-1.340401835703171599e-07
-6.948723336516858617e-08,-1.278110066786994434e-07
2.590134876426175600e-06,-2.362526817502026278e-06
2.124307933529346055e-06,-2.290352996267976112e-06
2.463521507141992779e-06,-1.428777829769558787e-06
2.105437534884528753e-06,-8.808256392605329776e-07
-6.315239240522876878e-08,-1.667216373195589908e-07
-5.660899625816236070e-08,-1.409199792383794207e-07
-6.323549547950466893e-08,-1.252955780920594486e-07
1.962876545000053600e-06,-1.838569850660664063e-06
1.690265610723579924e-06,-2.157954660710648136e-06
1.305245934742539984e-06,-1.997941680675695508e-06
1.822835949233184999e-06,-1.263707759150665722e-06
1.678156398160226761e-06,-8.361241333189563006e-07
-1.985913374394352067e-08,-1.673066275701190311e-07
-2.007187658762410058e-08,-1.258314688875744990e-07
1.668375904311289670e-09,-1.469906568697773886e-07
9.758177135749897091e-07,-1.791717751082678939e-06
1.241310466489331925e-06,-1.579372515757035913e-06
1.367556216823601511e-06,-1.098188046162982660e-06
1.308944278681512731e-06,-7.436181349479037633e-07
2.375202113069977113e-08,-1.688789906347150101e-07
2.339083073627502120e-08,-1.261984483824221011e-07
4.611293497705731176e-08,-1.481812804620411783e-07
6.895521825451597267e-07,-1.573117986576489188e-06
4.657797121828515898e-07,-1.347394323193374719e-06
9.456437115071753282e-07,-1.033380492610275477e-06
1.002447875399465027e-06,-6.068207677442184005e-07
6.950226226564724721e-08,-1.717427955284261385e-07
6.904694549107527405e-08,-1.261551797095983521e-07
5.243227685908716633e-07,-1.043175566205452617e-06
2.994863534408712217e-07,-1.106504876092169911e-06
6.114508832716178562e-07,-7.468829538824290711e-07
7.590857933390217496e-07,-4.609909129021116619e-07
9.189920093341047419e-08,-1.497586774225171377e-07
1.159573534539157522e-07,-1.752974025115266251e-07
1.151549393160811620e-07,-1.257457224248287036e-07
1.674761259450154823e-07,-8.738831551054225649e-07
9.752910481668994349e-08,-6.758032401331076843e-07
7.576947001320482608e-08,-4.864460687932966962e-07
4.414234689965243877e-07,-5.144560105559618218e-07
5.747965642690056089e-07,-3.271722110734952067e-07
1.336866810633232621e-07,-1.517597680702098025e-07
1.523912155252926871e-07,-1.772022164952685190e-07
1.525651303361618980e-07,-1.253256185535596527e-07
1.989418300343385314e-07,-4.760490843359076875e-07
7.448406564198762323e-08,-3.299806629121783174e-07
1.591453289158017377e-07,-1.761988336178769496e-07
1.461559358728996438e-07,-1.838878029748356954e-07
1.226430915767717406e-07,-2.100929443875463288e-07
3.329096397913757311e-07,-3.107227491392583428e-07
4.308837536036083965e-07,-2.187697482771101691e-07
1.673598883777727787e-07,-1.578426830005660372e-07
2.039189520685947388e-07,-1.228148055755923047e-07
1.644329557647471074e-07,-2.294984532397485301e-07
1.676389363338188238e-07,-1.596036623953822966e-07
1.527228123431782210e-07,-1.764180651306718086e-07
2.750960286510923223e-07,-1.884821591168183117e-07
3.233118661745821664e-07,-1.495030574803071281e-07
2.058128141627230015e-07,-1.328305710022018744e-07
2.353705677437995509e-07,-1.230195607694910691e-07
2.070684898225787475e-07,-1.183998602784294671e-07
2.631536490894431049e-07,-1.114319004664149827e-07
1.782873414520614639e-07,-1.134155702118383375e-07
2.400988502165873271e-07,-1.133776123684065579e-07
2.619932735476181227e-07,-1.384020353137832945e-07
3.103566947369503280e-07,-2.110658893153409561e-07
2.101302621690446818e-07,-9.076155614334843456e-08
3.466348328503551488e-07,-3.364110719880755797e-07
8.642385367451446758e-08,-1.350916243965471453e-07
2.668349385780071109e-07,-1.962638680709895011e-07
1.435421340764586058e-07,-2.050040342150514925e-07
3.365485311532104701e-07,-4.796962111049237254e-07
-3.971663700208191862e-08,-2.057272653377277673e-07
-3.919303812975223819e-10,-3.228867895591016731e-07
1.579567716272038688e-07,-4.167317327725314592e-07
2.943032127868030679e-07,-6.674810049619045722e-07
1.883527528528982728e-07,-8.793623040048381999e-07
-2.231932264438184817e-07,-3.003219758800729988e-07
-1.296246844954156903e-07,-5.099075902297225192e-07
-8.734949826349048301e-09,-8.055846690704426883e-07
4.591924492130879073e-08,-1.109963280395682079e-06
-4.572519627248997083e-07,-4.144550832420913580e-07
-4.003721326969953898e-07,-8.158682728463346656e-07
-1.588899276037370420e-07,-1.328385341943802795e-06
-4.311149735965306169e-07,-1.544719246239785229e-06
-7.490202459992839514e-07,-1.753357470359022226e-06
-7.618947735920087485e-07,-9.156341231042032386e-07
-7.524845436531811337e-07,-5.346686370155572307e-07
-6.845151835185083475e-07,-1.340052231660915806e-06
-1.127021569594502532e-06,-1.916285692277129228e-06
-1.555480193306100358e-06,-2.045877182632369171e-06
-1.082777831327910361e-06,-1.004647311401532871e-06
-1.117924463743763151e-06,-6.201273561841863871e-07
-2.013415018007298584e-06,-2.121996492122215581e-06
-1.476843399996577438e-06,-1.398631481975412010e-06
-1.538091969927165361e-06,-6.565454353536350347e-07
-2.109347451610962473e-06,-1.479242279392908420e-06
-2.570087200474212575e-06,-2.181148904349291944e-06
-1.996949336009918463e-06,-6.484784827220966395e-07
-3.385740837299133762e-06,-2.241121785910452590e-06
-2.716530906890103981e-06,-1.098837751314669146e-06
-2.566333743180243533e-06,-5.913160729543615729e-07
-4.626441053263495038e-06,-2.333810494036437402e-06
-3.985923421019017976e-06,-1.314675214804884131e-06
-3.386698197558388083e-06,-5.163187243673233391e-07
-6.434499149844089676e-06,-2.434275360820227015e-06
-5.502244487978362586e-06,-1.385813788985868181e-06
-4.626440010206257132e-06,-4.302819810301214959e-07
-8.479251986714012742e-06,-2.518994621525490572e-06
-7.431285974533765065e-06,-1.387469843292640178e-06
-6.434008276121514175e-06,-3.378801985732868630e-07
-1.066228970252826532e-05,-2.590010304418640403e-06
-9.549042661256408764e-06,-1.389758515720376731e-06
-8.478494666201008686e-06,-2.582334367495609752e-07
-1.296221398391281413e-05,-2.650209656673271691e-06
-1.179380494284419283e-05,-1.391816434484654743e-06
-1.066159407239890446e-05,-1.916536297842751721e-07
-1.536246242213946920e-05,-2.701655066769051026e-06
-1.414644499920863952e-05,-1.393418743862063745e-06
-1.296168553533723226e-05,-1.350813724379087180e-07
-1.784919853258263447e-05,-2.745106959258841968e-06
-1.659232157884872751e-05,-1.394636285475852280e-06
-1.536209971065378901e-05,-8.640322543868433739e-08
-2.040741992898326880e-05,-2.779540294782694099e-06
-1.911756461498571288e-05,-1.395509801010967065e-06
-1.784891788610779785e-05,-4.509698131377274820e-08
-2.302006368961457316e-05,-2.804115969946984722e-06
-2.170605942146186979e-05,-1.395975328561236120e-06
-2.040724705245985254e-05,-1.201022330147377584e-08
-2.566885694960192575e-05,-2.819053625332002665e-06
-2.433995355843620692e-05,-1.396070795876879535e-06
-2.302004675224952914e-05,1.201648080280161038e-08
-3.138941089963382411e-05,-2.669730254180827862e-06
-3.100992278821235312e-05,-2.826893977092575676e-06
-2.686207203668578800e-05,-1.396008148108258193e-06
-2.833665887281143044e-05,-2.825752039898503638e-06
-2.566889149819344228e-05,2.693427545947554331e-08
-3.154660402505388416e-05,-2.290284552280495582e-06
-3.064832475061048578e-05,-1.395804090295658391e-06
-2.833672076416586137e-05,3.390050894252132948e-08
-3.154661105494541851e-05,-5.013074100492582037e-07
-3.100994920068566294e-05,3.527429327204884375e-08
-3.138942345911905490e-05,-1.218797774278248689e-07
