Size 192,2
-1.406008188646312154e-04,1.973685183267973679e-05
-1.411647236810439020e-04,1.837559434493287434e-05
-1.411647204149306107e-04,1.195823877075204747e-05
-1.406008062190043195e-04,1.059692408317529721e-05
-1.392394661968456265e-04,2.030068350878219531e-05
-1.366858375240640139e-04,1.516686068454156121e-05
-1.392394212143865983e-04,1.003306071696556582e-05
-1.296536470912211015e-04,2.029909007262766386e-05
-1.296534740456176745e-04,1.003392366255834998e-05
-1.243624569354097700e-04,1.516622460542053910e-05
-1.200724713880102891e-04,2.029200074139248701e-05
-1.200718587002216155e-04,1.003924969196256093e-05
-1.152856007395329800e-04,1.516544691723362305e-05
-1.105084641327985122e-04,2.027605925511525306e-05
-1.105069514030359998e-04,1.005295796244218329e-05
-1.057353708816806490e-04,1.516410258338676451e-05
-1.009808670033235443e-04,2.024734890948304972e-05
-1.009786544982977974e-04,1.007866197965737888e-05
-9.623422235093893103e-05,1.516215299376564951e-05
-9.151673896479340503e-05,2.020197736139398405e-05
-9.151464220505799055e-05,1.012026895948490864e-05
-8.681276214683901547e-05,1.515987503292045923e-05
-8.214948981349524016e-05,2.013742173440729490e-05
-8.214790615963280136e-05,1.018037033720285872e-05
-7.750638908777781125e-05,1.515732391220440689e-05
-7.291659634071566388e-05,2.005156031427928311e-05
-7.291537170683866462e-05,1.026061723172907429e-05
-6.835406783743112381e-05,1.515444440229300822e-05
-6.385911116697529652e-05,1.994259259362595057e-05
-6.385800598551217286e-05,1.036337208286239718e-05
-5.939867742801272247e-05,1.515117038265592221e-05
-5.502065141356657330e-05,1.980940595250839088e-05
-5.501958307386629188e-05,1.048951889844099738e-05
-5.068461674671122182e-05,1.514750672407797157e-05
-4.644543571028189361e-05,1.965093368702831725e-05
-4.644396382754366440e-05,1.064080874436681630e-05
-4.242262780477521541e-05,1.514258777885002298e-05
-3.850647734577446001e-05,1.947059404925926862e-05
-3.850400276533845056e-05,1.082003500263891132e-05
-3.559820187568518875e-05,1.546802843337219144e-05
-3.273331821728359169e-05,1.930433889171715540e-05
-3.272731431773117852e-05,1.098562216093626388e-05
-2.868748902766311615e-05,1.916017940244031778e-05
-2.943299210479981450e-05,1.652628896818861842e-05
-2.867895682626801654e-05,1.109070986559304172e-05
-2.582366024391569224e-05,1.120336763621471870e-05
3.661835393086428479e-06,1.375316750366247066e-06
3.734930268962080899e-06,1.199156765841760449e-06
3.734394454472014808e-06,5.444426955932653758e-07
3.661744425507765894e-06,3.713908673273063562e-07
-2.581442545588248321e-05,1.905874685576826268e-05
-2.329553845658428559e-05,1.882296567797680934e-05
-2.520823623896302295e-05,1.415537121480431031e-05
-2.326070317998389029e-05,1.110161818734468709e-05
3.486554474847361622e-06,1.448382017076685136e-06
3.310523627137206369e-06,7.305128032830085289e-07
3.488502714634876216e-06,2.995002089397938169e-07
-2.246971953909430360e-05,1.642068264191170920e-05
-2.086308380444175934e-05,1.828582613888966418e-05
-1.857188623200474258e-05,1.751818074749176952e-05
-2.171298591384725437e-05,1.319717458699854720e-05
-2.087194998959276295e-05,1.060728975937623751e-05
2.300183937336698649e-06,1.470527198879227531e-06
2.300318649610374923e-06,2.816368519465268515e-07
1.685150119567666003e-06,8.777964366868827082e-07
-1.645639521122340345e-05,1.648766670219453323e-05
-1.824457546922540356e-05,1.510854109858970017e-05
-1.902472691551213439e-05,1.215557859110768931e-05
-1.869636574254813352e-05,9.760553744011251254e-06
1.017986751740592185e-06,1.583761666357593008e-06
1.019345927834942797e-06,1.761504935480633122e-07
2.609632024269922175e-07,8.822159654530228618e-07
-1.450836229352007335e-05,1.527262418330300428e-05
-1.278674965850019439e-05,1.389467992625823108e-05
-1.632712602146381086e-05,1.170975836112297747e-05
-1.678689956265505298e-05,8.588313979597234879e-06
-6.084185394962080855e-07,1.824891721212140276e-06
-6.070725916696490788e-07,-5.569900930452206338e-08
-1.322564360455785700e-05,1.183720628962542222e-05
-1.129707871714856661e-05,1.234871082408615544e-05
-1.394284740548148027e-05,9.588712456933772999e-06
-1.518321669596941296e-05,7.191434661536486669e-06
-1.563371837715357595e-06,8.871432955474418174e-07
-2.699900384644622876e-06,2.171666657180331581e-06
-2.696342238705163010e-06,-3.954943551021631567e-07
-1.000495999002336694e-05,1.069751973448104131e-05
-8.981245653258420426e-06,9.011114807620964124e-06
-8.205071039312602686e-06,7.249057502427959135e-06
-1.249148450985061694e-05,7.616852988640664389e-06
-1.390969951416773257e-05,5.647799775353370373e-06
-3.611304475513244240e-06,8.955387169970465967e-07
-4.730968315789287793e-06,2.512142785076286896e-06
-4.730752474618353382e-06,-7.447056949871633780e-07
-9.928119980558837529e-06,7.235041578065159730e-06
-7.632349142276973348e-06,5.475282362915403841e-06
-6.554079811535561348e-06,2.799355586640760808e-06
-7.070619976781989446e-06,3.092286242406512166e-06
-7.328840786248527479e-06,3.699210218402204799e-06
-1.149113843674433281e-05,5.425136259466224167e-06
-1.295625654367842718e-05,4.033513541931660325e-06
-5.735078802485888932e-06,1.137357965718658531e-06
-6.605536945382981907e-06,-1.000480605476225475e-06
-8.830683113266389370e-06,4.231583148266833724e-06
-7.128623818580495849e-06,1.936618837913384270e-06
-7.743154713209817028e-06,2.885441763071090970e-06
-1.079539511218835140e-05,3.536816091690723807e-06
-1.234502331562141254e-05,2.426048084228534234e-06
-7.203772267471511739e-06,8.867301477744549859e-08
-7.156965983008733118e-06,-1.275112189070247553e-06
-9.208010831561795219e-06,1.517355719030181330e-06
-1.211216051351363746e-05,8.495953221060366222e-07
-1.218581750234862652e-05,-6.651271401475752440e-07
-8.316580659958588414e-06,-9.185572947243689896e-07
-7.485446961553585937e-06,-1.850472452236115860e-06
-7.900676155360655212e-06,-3.411443187932477529e-06
-1.069073141893784443e-05,-8.780490516368282246e-07
-8.493669661444206573e-06,-4.883630246453374334e-06
-1.257741360047737025e-05,-2.179733345541573181e-06
-9.324256828341723072e-06,-3.478580909224033147e-06
-1.137938439747993723e-05,-3.594127432499051496e-06
-9.239224440187847472e-06,-6.271314473125385313e-06
-1.323380871354860544e-05,-3.595913883871771624e-06
-1.263175976027042337e-05,-4.960016663459788051e-06
-1.126264389296456633e-05,-5.800199308743690264e-06
-1.013437113927444411e-05,-7.559155195956184763e-06
-1.116577250789512007e-05,-8.734559333950243017e-06
-1.412755219726284383e-05,-4.882698051165204973e-06
-1.344884380925308739e-05,-6.454410418962143750e-06
-1.265791176922243868e-05,-8.260998308433319589e-06
-1.232300273254693994e-05,-9.783465884293468886e-06
-1.522807928750261652e-05,-5.991695384378752413e-06
-1.488279672863242194e-05,-8.242141608479238948e-06
-1.358883810200475076e-05,-1.069394971843804346e-05
-1.494677448204937202e-05,-1.145353596173611654e-05
-1.638093380498732739e-05,-1.205304564319659733e-05
-1.650753265146271450e-05,-8.716533253653505111e-06
-1.650125972756298723e-05,-6.889287203566236128e-06
-1.618764881919807779e-05,-1.051266469296578229e-05
-1.787122630623531975e-05,-1.248661792471931586e-05
-1.939996323568033719e-05,-1.274826269353798415e-05
-1.778966829812111226e-05,-9.122253360715164424e-06
-1.790747609123971779e-05,-7.550425314481168801e-06
-2.094742611945900457e-05,-1.283519709358005991e-05
-1.923126814538615042e-05,-1.056881651009200249e-05
-1.940474057749462237e-05,-7.955526995390898174e-06
-2.129008831300854905e-05,-1.079817003472057405e-05
-2.264898235798491950e-05,-1.283473327766171614e-05
-2.094797203371701053e-05,-8.092300260298693567e-06
-2.498961667674421281e-05,-1.283522763790129445e-05
-2.314275524067901634e-05,-9.641393871907206198e-06
-2.264886012042763080e-05,-8.093301360478449036e-06
-2.820855446422209246e-05,-1.283812317137521383e-05
-2.661490635719928737e-05,-1.027868547064725977e-05
-2.498955029138710145e-05,-8.092989976495953370e-06
-3.246560522571171887e-05,-1.284310614067323846e-05
-3.033539471796194940e-05,-1.046443453586121370e-05
-2.820839973552627045e-05,-8.090394533223596414e-06
-3.691120022436682359e-05,-1.284687278493386075e-05
-3.468714199536573726e-05,-1.046466209348086100e-05
-3.246553386529904984e-05,-8.085900544490244265e-06
-4.136158755422882771e-05,-1.284770108315461363e-05
-3.913611761658510404e-05,-1.046485347430664960e-05
-3.691117865852444320e-05,-8.082666831115834495e-06
-4.580973093426538571e-05,-1.284506154642426113e-05
-4.358657426319455914e-05,-1.046504441891985380e-05
-4.136149910010930369e-05,-8.082166377717401115e-06
-5.024914690651945338e-05,-1.283936715179442903e-05
-4.803133470157403418e-05,-1.046526880277019743e-05
-4.580967457104640947e-05,-8.085222221848547584e-06
-5.467478714685361708e-05,-1.283187461540191697e-05
-5.246448026495653834e-05,-1.046576218131442091e-05
-5.024896743527050851e-05,-8.091614831254628131e-06
-5.908343759178291476e-05,-1.282316808648933851e-05
-5.688204141240835551e-05,-1.046633724488481237e-05
-5.467460912403269930e-05,-8.100249640839808220e-06
-6.347411807130328625e-05,-1.281461706530244461e-05
-6.128161109372457134e-05,-1.046685424392008005e-05
-5.908325698011075125e-05,-8.110036110742311065e-06
-6.784869839721375021e-05,-1.280737846991162780e-05
-6.566379304703136267e-05,-1.046726608886322858e-05
-6.347399041215214606e-05,-8.119515587597216503e-06
-7.718574743984719824e-05,-1.254509167958329691e-05
-7.656694376357285094e-05,-1.280144729750021350e-05
-6.980403071713164908e-05,-1.046755264708101131e-05
-7.221063740179174955e-05,-1.280265590980346780e-05
-6.784860392207816334e-05,-8.127470233151486359e-06
-7.744205932647298249e-05,-1.192623083392417879e-05
-7.597809907643521721e-05,-1.046773054554406695e-05
-7.221059542752880341e-05,-8.132651907190516561e-06
-7.744204887990552972e-05,-9.009236629047695432e-06
-7.656692289752174935e-05,-8.134006793800296146e-06
-7.718573367894225286e-05,-8.390367109425618145e-06
