Size 192,2
-2.528624778473865503e-05,4.618046163492854949e-06
-2.535497707744975595e-05,4.451998575673912457e-06
-2.535479396598584379e-05,3.669541135815714761e-06
-2.528604019447051212e-05,3.503495595343871032e-06
-2.512028557573794331e-05,4.686842401504853375e-06
-2.480915668912344691e-05,4.060762892895981085e-06
-2.512004945552362347e-05,3.434704419961039301e-06
-2.395217385854061859e-05,4.688055139182888874e-06
-2.395189458953993260e-05,3.433959104894304114e-06
-2.330617721542621235e-05,4.061411329152460530e-06
-2.278033912402581616e-05,4.692698001073176693e-06
-2.277996853118454380e-05,3.430646925701425119e-06
-2.219122808004515409e-05,4.062113090562932467e-06
-2.159747898965862594e-05,4.701275653733377936e-06
-2.159727476188890699e-05,3.423719414383012046e-06
-2.100081888202180120e-05,4.063093575438532032e-06
-2.039634443073135481e-05,4.714168643884163034e-06
-2.039610448980888420e-05,3.412890152817240501e-06
-1.978799966233016407e-05,4.063876423053589961e-06
-1.916919154625109511e-05,4.730352203807180047e-06
-1.916905282321826817e-05,3.398226445957448805e-06
-1.854565377952325153e-05,4.064522562859661472e-06
-1.791030893528552907e-05,4.748825071007828445e-06
-1.791042434960283991e-05,3.381420442369583949e-06
-1.726977082425234155e-05,4.065353782152206234e-06
-1.661700695150767831e-05,4.768404169628504520e-06
-1.661728291390085710e-05,3.363563155663805044e-06
-1.595862093265163525e-05,4.066258486624994169e-06
-1.528792897134845913e-05,4.788193603880626211e-06
-1.528860988572951454e-05,3.345426037811570732e-06
-1.461189234439275900e-05,4.067082561464978888e-06
-1.392325376305560798e-05,4.808075541140897865e-06
-1.392407217786449410e-05,3.326814467135196332e-06
-1.322943571414776879e-05,4.067959965356305459e-06
-1.252281225623789447e-05,4.828619582207094382e-06
-1.252364870158053202e-05,3.307844515464861554e-06
-1.184013103876736154e-05,4.069006629407278573e-06
-1.114473098332662061e-05,4.850214485399125825e-06
-1.114542742239915305e-05,3.287341523371613914e-06
-1.062070666528530415e-05,4.132148274518075201e-06
-1.007339306980112052e-05,4.870193617098164774e-06
-1.007419741600653484e-05,3.268509144250951141e-06
-9.275123599228732023e-06,4.888560084142234330e-06
-9.437334464926542152e-06,4.347666416069756593e-06
-9.276768860501240183e-06,3.256002329916292413e-06
-8.686304498395415485e-06,3.241620250659939879e-06
1.653893761476934057e-06,-3.670740821491563626e-07
1.686516369759176414e-06,-4.453283664150662413e-07
1.686395494166980289e-06,-7.376162077216236466e-07
1.653898869474513978e-06,-8.151634965447637121e-07
-8.686752791718595595e-06,4.902257595618713598e-06
-8.139952541242549255e-06,4.884048143140679463e-06
-8.572302613080347978e-06,3.863997183658412503e-06
-8.148029569656540071e-06,3.177812935756595985e-06
1.575940795275719270e-06,-3.348496600144131075e-07
1.497101478204639024e-06,-6.555927845235529674e-07
1.576319948702066851e-06,-8.477758691315294816e-07
-7.970973803319401246e-06,4.369456696319660795e-06
-7.592092217465456198e-06,4.806863208920705366e-06
-7.047387587261921684e-06,4.662727701983429665e-06
-7.807958866066950444e-06,3.640371796070574027e-06
-7.613341177217932466e-06,3.012721615494740645e-06
1.046759246649440968e-06,-3.279442087609720987e-07
1.045709009021538529e-06,-8.592928361953274167e-07
7.713924940441014272e-07,-5.947976570263412192e-07
-6.509980465606501958e-06,4.459369948587526475e-06
-6.981241616121215864e-06,4.105033401796087318e-06
-7.174337970274300986e-06,3.380347704609188525e-06
-7.102278873146604121e-06,2.746750626053552331e-06
4.731414618097181477e-07,-2.798243463408583029e-07
4.725334790230603965e-07,-9.120197663835597407e-07
1.323165685345001575e-07,-5.971700533642427757e-07
-5.993425892952819298e-06,4.189514427684054706e-06
-5.497213437058028536e-06,3.854346295434332661e-06
-6.492843449657324959e-06,3.261980455104887455e-06
-6.631510100437287277e-06,2.387787183162565125e-06
-2.588578776611224549e-07,-1.737415026072142708e-07
-2.597608032488323321e-07,-1.023422091825452033e-06
-5.622570053584695688e-06,3.309248258646658354e-06
-5.029610827285404025e-06,3.461853663689722404e-06
-5.839500482172059080e-06,2.664325455279044165e-06
-6.218072780860967234e-06,1.935256851732368606e-06
-6.914501209178380984e-07,-5.998969345736312132e-07
-1.205687994153909507e-06,-1.941444067200404986e-08
-1.206040743924362251e-06,-1.184530014414900750e-06
-4.607153294422978498e-06,3.010039942107750029e-06
-4.223415111661470424e-06,2.493147105980134846e-06
-3.887881046834354280e-06,1.928070901659959810e-06
-5.395771013697075780e-06,2.061650808333817333e-06
-5.878074805763338124e-06,1.395664496809481643e-06
-1.620245305220846565e-06,-6.013230222269007947e-07
-2.129436159205551052e-06,1.339376640559679039e-07
-2.129859602898262268e-06,-1.348495067624300642e-06
-4.527861250163557962e-06,1.936046983388285875e-06
-3.619342135790367156e-06,1.311058075940092533e-06
-2.989003325104739629e-06,2.658989088166246511e-07
-3.252333010232194462e-06,3.920468109903130592e-07
-3.407700428750190259e-06,6.412131857739103617e-07
-5.077697448540745576e-06,1.314073014303691793e-06
-5.632231782441335858e-06,7.854987509281251863e-07
-2.588894998272583423e-06,-4.965811553281324884e-07
-2.952450355385694456e-06,-1.464857894062663801e-06
-4.058675016419148110e-06,8.651790058199095355e-07
-3.250307047866525585e-06,-1.213043444334383158e-07
-3.561363221330135538e-06,3.035871232916347938e-07
-4.831407750299407062e-06,5.933756390802631941e-07
-5.496158143331125815e-06,1.217237339561740387e-07
-3.233831823250780398e-06,-9.609379734563305099e-07
-3.171857375161277755e-06,-1.594946596746382998e-06
-4.178078546829124726e-06,-2.643252002180160538e-07
-5.471117203718210939e-06,-5.727508230497033221e-07
-5.622381197789488948e-06,-1.294290520933597979e-06
-3.714008915177664503e-06,-1.412780889453123105e-06
-3.291862232335601218e-06,-1.887891920671555967e-06
-3.425399242786006193e-06,-2.724067253490960626e-06
-4.874045107768902295e-06,-1.364202059083209504e-06
-3.660049528402914716e-06,-3.585077693348130609e-06
-5.930167662960771895e-06,-2.042424994753573401e-06
-4.156406752996912526e-06,-2.737076811399182350e-06
-5.289457771655635846e-06,-2.805370325513781911e-06
-4.028798932435870675e-06,-4.429530869258941958e-06
-6.405104544456042810e-06,-2.808929067858215474e-06
-6.069438306106157482e-06,-3.608427455699760393e-06
-5.218338291112445915e-06,-4.126367362903509693e-06
-4.509738051477707377e-06,-5.280333215452765339e-06
-5.136362082986158061e-06,-6.106995230183834942e-06
-7.062643797513692760e-06,-3.544897445925944318e-06
-6.622576468211963747e-06,-4.558355347253003836e-06
-6.095635412946787860e-06,-5.789529381934317965e-06
-5.868136928899625966e-06,-6.893591536761915615e-06
-7.879556710719492444e-06,-4.220806363948044799e-06
-7.645362630688344569e-06,-5.794949992406204249e-06
-6.728889345904395564e-06,-7.598147399294634304e-06
-7.714841301593146702e-06,-8.225871818528375271e-06
-8.791328679078572007e-06,-8.764645900697341864e-06
-8.867487143519162444e-06,-6.146230773727511779e-06
-8.852252953195479797e-06,-4.802668723827965314e-06
-8.620695230420093782e-06,-7.524886565065480747e-06
-9.966144135688585987e-06,-9.167947004110118273e-06
-1.121739977773086396e-05,-9.446775702807374094e-06
-9.873567106706457354e-06,-6.450786335319652673e-06
-9.971771309238592213e-06,-5.228856394611606102e-06
-1.251209946240179006e-05,-9.577029362446713693e-06
-1.104321091931378410e-05,-7.622145339241944456e-06
-1.119885467662192035e-05,-5.472848791338687814e-06
-1.279249678643601774e-05,-7.829295674339362823e-06
-1.399540402347410780e-05,-9.643185409393818826e-06
-1.249289040338150733e-05,-5.532992126410306814e-06
-1.609088378869511719e-05,-9.709973714849235590e-06
-1.440897241237968496e-05,-6.820446697682062528e-06
-1.399071684301377948e-05,-5.470251056534175687e-06
-1.910100377641538061e-05,-9.811375345343352873e-06
-1.758268643260767344e-05,-7.384689359089932708e-06
-1.609153279886913349e-05,-5.388659415953734980e-06
-2.325680755117518739e-05,-9.919463295789247520e-06
-2.114876735980247534e-05,-7.558380636745190768e-06
-1.910078051876388903e-05,-5.296291573581052150e-06
-2.775743453437069688e-05,-1.000898664533710467e-05
-2.548018384695264574e-05,-7.560714655440773707e-06
-2.325619644667232332e-05,-5.198466157965221384e-06
-3.240201576232988986e-05,-1.008150509590725563e-05
-3.005745874133427048e-05,-7.563513937935863552e-06
-2.775658378647174291e-05,-5.115351845506137647e-06
-3.716204928859912946e-05,-1.013785207017476571e-05
-3.476468746880182349e-05,-7.565969970797463920e-06
-3.240119395363843190e-05,-5.048195132893664576e-06
-4.200826238311531783e-05,-1.017892188797961007e-05
-3.957253654602662263e-05,-7.568131151088807632e-06
-3.716110502177092805e-05,-4.996348115919086725e-06
-4.691298462079661260e-05,-1.020613911336467426e-05
-4.445247677575351475e-05,-7.570164748912190517e-06
-4.200731823119782866e-05,-4.959304653922712736e-06
-5.185263876993880308e-05,-1.022236246960880310e-05
-4.937819848198253878e-05,-7.571937025526345672e-06
-4.691221595529269808e-05,-4.935837376938783009e-06
-5.681020868425163490e-05,-1.023099842095763147e-05
-5.432918441815329588e-05,-7.573522476588530561e-06
-5.185201924872475656e-05,-4.923029527161371830e-06
-6.177509272180551833e-05,-1.023483188191988346e-05
-5.929175656036648443e-05,-7.574817357832177740e-06
-5.680973105753798320e-05,-4.917458938872487824e-06
-7.241340657063901200e-05,-9.944178005857014549e-06
-7.170806663878540358e-05,-1.023633812308644654e-05
-6.399953452253985889e-05,-7.575741709306230944e-06
-6.674166742324558037e-05,-1.023601895731093390e-05
-6.177461037642633128e-05,-4.915955096257749354e-06
-7.270556420268767825e-05,-9.238835365082815918e-06
-7.103644939879713550e-05,-7.576255761912424449e-06
-6.674146268711244983e-05,-4.915973808974806057e-06
-7.270542244045412089e-05,-5.913766266683229748e-06
-7.170788508661564843e-05,-4.916231230679321733e-06
-7.241324790905762099e-05,-5.208404634510835036e-06
