Size 192,2
6.912497749221375618e-05,-1.020389771721697164e-05
6.939144895176168552e-05,-9.560659617754932668e-06
6.939119928182934695e-05,-6.528038116520703125e-06
6.912468508127000391e-05,-5.884729486896068726e-06
6.848166969382956325e-05,-1.047031974145313031e-05
6.727456471136709817e-05,-8.044276052267638010e-06
6.848130155130378123e-05,-5.618273161744245930e-06
6.395134835735114215e-05,-1.046903276907272606e-05
6.395074745738492275e-05,-5.619127039899163223e-06
6.145107057973960831e-05,-8.043991677266029930e-06
5.942548568208548597e-05,-1.046387033263663954e-05
5.942495548891224658e-05,-5.624012307581074479e-06
5.716592849353047308e-05,-8.043595477432939668e-06
5.491291929428071241e-05,-1.045321919480684472e-05
5.491272237493205336e-05,-5.633752031214369972e-06
5.266364442142288136e-05,-8.043170794850175505e-06
5.042495815070677619e-05,-1.043573715640336512e-05
5.042473911634980620e-05,-5.649982531676199487e-06
4.819239955796662339e-05,-8.042660341789168859e-06
4.597468611514064492e-05,-1.041164303210999550e-05
4.597443021703713609e-05,-5.672992965676612817e-06
4.376527265077284786e-05,-8.042287826681244618e-06
4.157517667399809793e-05,-1.038118449146379076e-05
4.157457467624502552e-05,-5.702756601286148341e-06
3.939471886623214164e-05,-8.042027867726196723e-06
3.723754247434893204e-05,-1.034519292418508922e-05
3.723665359975973047e-05,-5.738445630016428747e-06
3.509117020364425579e-05,-8.041818275879763291e-06
3.297162227065308958e-05,-1.030386278070766788e-05
3.297066211471380283e-05,-5.779735294811050386e-06
3.086454522602323942e-05,-8.041592922347751664e-06
2.878775654177669164e-05,-1.025628904146180227e-05
2.878733881357520540e-05,-5.827187287072223986e-06
2.672614351841476102e-05,-8.041410022755350029e-06
2.469826840660951589e-05,-1.020135856586689312e-05
2.469832977218521257e-05,-5.882129620069128326e-06
2.276891973844623394e-05,-8.041183680692263371e-06
2.087590873193456947e-05,-1.013988305154822231e-05
2.087583733946080553e-05,-5.946000470377768777e-06
1.946712312967799807e-05,-8.202186718500785678e-06
1.806386999963033066e-05,-1.008410400590806989e-05
1.806252142112208366e-05,-6.003879186733018829e-06
1.607037855912452163e-05,-1.003655125863159920e-05
1.644522937658251594e-05,-8.728183862196174354e-06
1.606816217158048168e-05,-6.040292794046150924e-06
1.464787402094493234e-05,-6.078735429636378829e-06
-2.326988645470197428e-06,-4.336325005801213929e-07
-2.374299415821235256e-06,-3.198120286983692427e-07
-2.373996750374587952e-06,1.042131587211622620e-07
-2.326910559625895924e-06,2.164563120381872989e-07
1.464411878893986699e-05,-1.000353991968103533e-05
1.337845179493515417e-05,-9.901664283332080674e-06
1.434800214050295316e-05,-7.552955691142898518e-06
1.336891512502074271e-05,-6.008054237008456810e-06
-2.213651611772446608e-06,-4.807271310745343062e-07
-2.099248159142980061e-06,-1.580876335185233134e-08
-2.214557375335372961e-06,2.632712777853468475e-07
1.296862100009899842e-05,-8.698273880471792607e-06
1.214648851344003597e-05,-9.651499233898164849e-06
1.097207467723009215e-05,-9.277308435770879064e-06
1.258911854641929786e-05,-7.064856368337654459e-06
1.216070289340044129e-05,-5.732262752955003955e-06
-1.445025228465526731e-06,-4.926284718791885384e-07
-1.444426702423355509e-06,2.762450381007456771e-07
-1.046789944378949650e-06,-1.079971415300622925e-07
9.870794020426842261e-06,-8.769992444169258367e-06
1.081009461090213391e-05,-8.049992487040890903e-06
1.121383659318273568e-05,-6.525725733741508851e-06
1.104852051836093373e-05,-5.267501999937473319e-06
-6.168594321604520586e-07,-5.604687232099447544e-07
-6.168072144489197139e-07,3.448417488561027089e-07
-1.296900970735222478e-07,-1.074967765945786761e-07
8.846080197185944853e-06,-8.157086817129841828e-06
7.921172469438937178e-06,-7.447816193200529813e-06
9.811485633239598383e-06,-6.291857361697773536e-06
1.006174835776936821e-05,-4.628285687834734531e-06
4.265972802599185730e-07,-7.072403198636195641e-07
4.269292103729864767e-07,4.931388923286793146e-07
8.156500915833119370e-06,-6.366309084533678040e-06
7.101656558441098635e-06,-6.643926771482684957e-06
8.547170636392602188e-06,-5.160286339788493714e-06
9.224300253671218445e-06,-3.854122156407628237e-06
1.036610036127773161e-06,-1.067975571774256577e-07
1.757911056925621315e-06,-9.184994392399087968e-07
1.757119718802874403e-06,7.073922176463274634e-07
6.382355884275686919e-06,-5.769508362956772034e-06
5.788065575653666194e-06,-4.849284589711689993e-06
5.314339576645144845e-06,-3.875112880629358709e-06
7.754789356657832672e-06,-4.085172464376575956e-06
8.553990841910619593e-06,-2.978821224864414574e-06
2.336675648619609868e-06,-1.082230445157057031e-07
3.042573222922416287e-06,-1.125261774775861727e-06
3.043094880487275384e-06,9.247186785916763432e-07
6.312372955250149320e-06,-3.873427914281581154e-06
4.953573974254768163e-06,-2.870909116450633326e-06
4.204674635607261797e-06,-1.299551030655252873e-06
4.543337215151318393e-06,-1.476571953071272089e-06
4.725115670022848043e-06,-1.838911531817690550e-06
7.202916614205872648e-06,-2.851523892324934110e-06
8.057601460798542373e-06,-2.039688472256199764e-06
3.676996115858229558e-06,-2.563350502759795550e-07
4.205070523084053294e-06,1.080621799776397876e-06
5.644596550559246415e-06,-2.159756512430260826e-06
4.564712015682371185e-06,-7.615459259025123096e-07
4.965113191449820450e-06,-1.349328809979466913e-06
6.806562390833217335e-06,-1.749066818539969557e-06
7.751689383524001649e-06,-1.074639280650200730e-06
4.584971917865751343e-06,3.934685408773477138e-07
4.534001183459318728e-06,1.253456414959043966e-06
5.853537947437016969e-06,-5.237971656879594763e-07
7.649955524534274973e-06,-1.040646274816231548e-07
7.758910370387967008e-06,8.583311502398141118e-07
5.266110545986263031e-06,1.018929610076751290e-06
4.723807669582847778e-06,1.627633905640337374e-06
4.954419433682410431e-06,2.666728837161531427e-06
6.790081129298377577e-06,9.768490019125067856e-07
5.306192853065274400e-06,3.685908403331420096e-06
8.072460379582905795e-06,1.834055921742847498e-06
5.886778629107576988e-06,2.699250440214811726e-06
7.274585087136901269e-06,2.779386808767079836e-06
5.787372100021485701e-06,4.664100799836678805e-06
8.576304854233102176e-06,2.781862777683894367e-06
8.168320486193812347e-06,3.727344651962319379e-06
7.192823938595897202e-06,4.323226521163241381e-06
6.385428846638765883e-06,5.607820180117990686e-06
7.113423391788016971e-06,6.495879025082069413e-06
9.268132986684344442e-06,3.664183304250686177e-06
8.775466973296489095e-06,4.802818247519984007e-06
8.193797753395195939e-06,6.146414047286801923e-06
7.945292657207393390e-06,7.313334467599500822e-06
1.012338070918381095e-05,4.447333735135225260e-06
9.868042746259266681e-06,6.142257367688826333e-06
8.887330523404583056e-06,8.033981572231804261e-06
9.930280242435184071e-06,8.655215603356509080e-06
1.104907354651854953e-05,9.166204987672791488e-06
1.113752959689726611e-05,6.509796669301057961e-06
1.112642439862682692e-05,5.099993462144643245e-06
1.088538088990616815e-05,7.924484083578463436e-06
1.224037428216550371e-05,9.541735745741579058e-06
1.348333944838127842e-05,9.783937438796355923e-06
1.216040222856686886e-05,6.826178654781201372e-06
1.225645491121715798e-05,5.580320692661899344e-06
1.475502582091125947e-05,9.880877305265220274e-06
1.332935258314222304e-05,7.995077431003930961e-06
1.347623802790260913e-05,5.867548458145477445e-06
1.503398514248286899e-05,8.189945347638244826e-06
1.617922755642868554e-05,9.908554453865821133e-06
1.474660912369480475e-05,5.954928782428840873e-06
1.816090912173633633e-05,9.935435710951683798e-06
1.658586156377427398e-05,7.222624383928378745e-06
1.617759259513625906e-05,5.927886793683987024e-06
2.093512081982107554e-05,9.974911086398778636e-06
1.955150168352713167e-05,7.758445336878763902e-06
1.816142187670879339e-05,5.894227295482249580e-06
2.466650675736310684e-05,1.001646884448774931e-05
2.278935779876130674e-05,7.917598736361690565e-06
2.093539218402961475e-05,5.857486711185003010e-06
2.862152338144293757e-05,1.005227091481684007e-05
2.663318650001863554e-05,7.917833647382474765e-06
2.466642383161089753e-05,5.818570087334622153e-06
3.263789157630259959e-05,1.008451811128575241e-05
3.061972327357822209e-05,7.918194271164091379e-06
2.862136689701213691e-05,5.783725169889420515e-06
3.671147925118637198e-05,1.011488355597859165e-05
3.466528193120869256e-05,7.918415880542422402e-06
3.263782086733412727e-05,5.752025502874611194e-06
4.084049394397884004e-05,1.014408475389431185e-05
3.876688216037219080e-05,7.918617718399134615e-06
3.671156445605621755e-05,5.722036036918726112e-06
4.502251335945563633e-05,1.017090951907208400e-05
4.292306637775241112e-05,7.918821806237706250e-06
4.084060614589643751e-05,5.693351727675149953e-06
4.925175980754976289e-05,1.019315725232032375e-05
4.713008565137290050e-05,7.918969175939930864e-06
4.502269797057917755e-05,5.666968185321478030e-06
5.351661802021571296e-05,1.020843001549036992e-05
5.137945298904975766e-05,7.919125421707438436e-06
4.925182384209356396e-05,5.645029305814958409e-06
5.780233752223018972e-05,1.021666879289766458e-05
5.565712694695173595e-05,7.919247296816406739e-06
5.351662478256748634e-05,5.629965703722748740e-06
6.700435152170457795e-05,9.967528288064796309e-06
6.639416887686038697e-05,1.022026571946111887e-05
5.972554299191649383e-05,7.919179236068253053e-06
6.209738657533407950e-05,1.021982057508867054e-05
5.780249215118146846e-05,5.621729283114580186e-06
6.725710081781446123e-05,9.357361359122963443e-06
6.581316780280382602e-05,7.919137262171987478e-06
6.209746011546833460e-05,5.618530788795728961e-06
6.725718743370626119e-05,6.480863486034555522e-06
6.639426392940337199e-05,5.617955068575253424e-06
6.700444412970448698e-05,5.870692550767701371e-06
