Size 192,2
-1.198229429732084074e-04,1.695905552988543309e-05
-1.202917626963395740e-04,1.582722754655811978e-05
-1.202915081048310544e-04,1.049150602712462332e-05
-1.198226477557006462e-04,9.359615504475686556e-06
-1.186911026327463017e-04,1.742786816476099871e-05
-1.165679130265146195e-04,1.315928830392087132e-05
-1.186907388153459690e-04,8.890770308589275676e-06
-1.107215016677472462e-04,1.742715852290132255e-05
-1.107208004064538543e-04,8.890682939647282575e-06
-1.063212045897571372e-04,1.315856131519850647e-05
-1.027524840475874075e-04,1.742392950340973962e-05
-1.027514991456056999e-04,8.892088415627660697e-06
-9.876903330321382688e-05,1.315732927238158887e-05
-9.479029321669208883e-05,1.741515277811309938e-05
-9.478941125354673695e-05,8.897714855668962641e-06
-9.081362043841917342e-05,1.315566729780624360e-05
-8.684710172136444908e-05,1.739776313612472031e-05
-8.684591204839886721e-05,8.911363329975438262e-06
-8.288541860265685420e-05,1.315357768657727613e-05
-7.894138112996720142e-05,1.736903582411078047e-05
-7.893989933033821122e-05,8.936039018545746242e-06
-7.500572264449970495e-05,1.315142179898237914e-05
-7.109652922666292541e-05,1.732658489031551838e-05
-7.109486382692606701e-05,8.974290802719075998e-06
-6.720007361433681496e-05,1.314923010486969719e-05
-6.333991015976241513e-05,1.726825409224106751e-05
-6.333847428375041202e-05,9.028544619098212841e-06
-5.949812358986190128e-05,1.314709869203271728e-05
-5.570361423157592590e-05,1.719176171823076960e-05
-5.570269830494102830e-05,9.100626120190482085e-06
-5.193421193467679986e-05,1.314490828589524989e-05
-4.822385767217606662e-05,1.709544444075285823e-05
-4.822345218775448729e-05,9.192428291773284006e-06
-4.454508694108688584e-05,1.314264158667294315e-05
-4.093770290249408784e-05,1.697788314177671253e-05
-4.093703003329224370e-05,9.305651087786915448e-06
-3.751064914992007507e-05,1.313952802134016509e-05
-3.416403719374707873e-05,1.684160208608901044e-05
-3.416250274670850398e-05,9.442431008126841746e-06
-3.167646286690336790e-05,1.341961311506747936e-05
-2.921659189240323994e-05,1.671451122173820336e-05
-2.921237743919244338e-05,9.570204825190653888e-06
-2.573628845885305179e-05,1.660373975864890640e-05
-2.638177849049845865e-05,1.433232563488250034e-05
-2.573013141333014450e-05,9.651742254414088598e-06
-2.326668313378379098e-05,9.739050198474171198e-06
3.451530193706606798e-06,8.335078875779935402e-07
3.520653149351439692e-06,6.671447936325112650e-07
3.520191544253822330e-06,4.789006017317139939e-08
3.451429910354965648e-06,-1.159556210708495128e-07
-2.325905537002720955e-05,1.652589246949351203e-05
-2.107898880938822788e-05,1.633091956507233018e-05
-2.273919909957291543e-05,1.228913265087823453e-05
-2.105331828677907733e-05,9.640024421963116691e-06
3.285907261665038744e-06,9.023890930386579100e-07
3.119063797290656168e-06,2.233876307234205550e-07
3.287405421432278752e-06,-1.842076827766657798e-07
-2.036709054059956738e-05,1.425372731294115480e-05
-1.896836396601631077e-05,1.587690545608714770e-05
-1.697259396368526251e-05,1.521893157600347228e-05
-1.971263874710831011e-05,1.145595088867615488e-05
-1.898159437108722629e-05,9.196750927891667510e-06
2.163635316468514377e-06,9.210209870764251937e-07
2.163096391602733635e-06,-2.025064147802130789e-07
1.582169983631435034e-06,3.597076666561792587e-07
-1.512028889444517981e-05,1.433293373852686107e-05
-1.669077300813114935e-05,1.312412991247223223e-05
-1.737256513399460637e-05,1.054550067593435621e-05
-1.708837304281026831e-05,8.441584494504358641e-06
9.529162330396266689e-07,1.023958049180976671e-06
9.535036084862720001e-07,-3.029415409176285503e-07
2.393333748566554763e-07,3.613033836874958028e-07
-1.340864702515368444e-05,1.328006525254894243e-05
-1.188480545342880905e-05,1.207789708931243482e-05
-1.501186797741049206e-05,1.015402036233300133e-05
-1.542082557270737990e-05,7.398336698822931359e-06
-5.782200284744337891e-07,1.245940783202843036e-06
-5.778722891358806721e-07,-5.218304463170056123e-07
-1.227310598441893823e-05,1.027013179498030603e-05
-1.055526785613722849e-05,1.072448310555942164e-05
-1.291112483719550974e-05,8.280697157547037526e-06
-1.401530258329192910e-05,6.147996017096135380e-06
-1.476199732509165723e-06,3.630290483620388520e-07
-2.542524340989010915e-06,1.566435093222469899e-06
-2.540127164007607525e-06,-8.412030171416936045e-07
-9.397238928774134930e-06,9.269790837339132793e-06
-8.465928268688401639e-06,7.768531229482114980e-06
-7.746883045768182343e-06,6.192795251601171527e-06
-1.161927454668790983e-05,6.525811288843682642e-06
-1.289597843385826786e-05,4.754899100207897155e-06
-3.397980193780036826e-06,3.683481276976918484e-07
-4.446384860053756982e-06,1.881411944759249650e-06
-4.446511734540503702e-06,-1.167525188160737777e-06
-9.313113612621086557e-06,6.183734196579127158e-06
-7.210122688477224228e-06,4.593159693124051920e-06
-6.161117282298937392e-06,2.147801119886523673e-06
-6.652436277641554002e-06,2.418522348524254500e-06
-6.905026045767535826e-06,2.976530394829827311e-06
-1.072564828980183739e-05,4.553213604851382134e-06
-1.206099620813531523e-05,3.284791234439343335e-06
-5.387303211327888962e-06,5.925380720014542280e-07
-6.191210798588802783e-06,-1.405056795431177017e-06
-8.297812542046776080e-06,3.467611606139659231e-06
-6.698246515220311522e-06,1.342667059862541820e-06
-7.281672857450245652e-06,2.226581988199536275e-06
-1.009713487444506620e-05,2.831572958179241568e-06
-1.153274103958341092e-05,1.804378592721874819e-06
-6.753380613614235557e-06,-3.840114002521420729e-07
-6.697225280330122860e-06,-1.662686683839650691e-06
-8.635588941716556383e-06,9.647969011460587003e-07
-1.134015229950029000e-05,3.393563006882882406e-07
-1.144553673712566634e-05,-1.085142344768595652e-06
-7.785255329454435588e-06,-1.322987254184587122e-06
-6.995247023148780876e-06,-2.209113044378256159e-06
-7.366513038798734891e-06,-3.705138081687890567e-06
-1.002791621256335324e-05,-1.275628600720712064e-06
-7.909764974689572335e-06,-5.139066715875878781e-06
-1.185195901782092154e-05,-2.517366732538866955e-06
-8.722108147481677894e-06,-3.762327540277451483e-06
-1.070355920975025186e-05,-3.874876011039730360e-06
-8.615477266051123779e-06,-6.500922311055030910e-06
-1.252070200226043181e-05,-3.877297775750518836e-06
-1.193951203180754672e-05,-5.206505424335913173e-06
-1.058939426928128022e-05,-6.033256731486785773e-06
-9.474770579099860534e-06,-7.786101575426876840e-06
-1.048782810244269527e-05,-8.974923627193269712e-06
-1.343472551334850578e-05,-5.125436838053908664e-06
-1.276013576006809736e-05,-6.686130304030992990e-06
-1.196947314430929356e-05,-8.500791413473011228e-06
-1.163340890371915646e-05,-1.005069780173444208e-05
-1.456225627300711549e-05,-6.214640418759649265e-06
-1.421644136861522045e-05,-8.487707604057777934e-06
-1.290564862786246594e-05,-1.099105316789136638e-05
-1.428959603141412802e-05,-1.178730767545963289e-05
-1.576129896363700258e-05,-1.242771191264018543e-05
-1.588496513950964895e-05,-8.973057452256558587e-06
-1.587466679923554819e-05,-7.107512520820733234e-06
-1.555537517550061385e-05,-1.082379976171183538e-05
-1.730745819182756681e-05,-1.289427348188945510e-05
-1.890545510364073295e-05,-1.318474708968743096e-05
-1.721403572229744625e-05,-9.389357762032004437e-06
-1.733718626873159628e-05,-7.765164840563883530e-06
-2.053079194527475114e-05,-1.329068407226658869e-05
-1.871938688091800301e-05,-1.089712049036133476e-05
-1.890389511502727757e-05,-8.164254562635041821e-06
-2.088911959426936597e-05,-1.114175275909850066e-05
-2.233242830009904992e-05,-1.330622428533009263e-05
-2.052612739953511121e-05,-8.293652209952371302e-06
-2.482307033794893509e-05,-1.332216089248499933e-05
-2.285130125593229112e-05,-9.917601524155233766e-06
-2.233126237056799027e-05,-8.278975001034152482e-06
-2.827667577716831259e-05,-1.334763678126907973e-05
-2.656083042497290979e-05,-1.059406487335386313e-05
-2.482331387991066550e-05,-8.259755276609652880e-06
-3.288314153812964263e-05,-1.337801520127748889e-05
-3.057140268505306361e-05,-1.079339733594756902e-05
-2.827667448840888952e-05,-8.236752477656968859e-06
-3.773554757127050218e-05,-1.340701696005690815e-05
-3.530058123839309990e-05,-1.079422887039530756e-05
-3.288302697524459199e-05,-8.209364732454447667e-06
-4.263830487240364295e-05,-1.343406522807525074e-05
-4.017860673957712606e-05,-1.079508611085342551e-05
-3.773534276345876702e-05,-8.182374174042285917e-06
-4.758877314154554835e-05,-1.345954903798902569e-05
-4.510561446910163426e-05,-1.079582319296007066e-05
-4.263806066415048188e-05,-8.156932375886297170e-06
-5.258426189157486323e-05,-1.348322912972399467e-05
-5.007901938926474290e-05,-1.079642472352462477e-05
-4.758843305777393220e-05,-8.132827119028393490e-06
-5.762133365816751089e-05,-1.350423354791336924e-05
-5.509604054023391911e-05,-1.079688212887236885e-05
-5.258386086047796938e-05,-8.110113586434214094e-06
-6.269437521452263956e-05,-1.352120644184592947e-05
-6.015247908382454178e-05,-1.079715546772706944e-05
-5.762113150558858019e-05,-8.089736416896043742e-06
-6.779477303178387080e-05,-1.353342035911008183e-05
-6.524084270343319056e-05,-1.079733355830124125e-05
-6.269440792558094821e-05,-8.073202974515357759e-06
-7.291312519526249375e-05,-1.354076010099487039e-05
-7.035178762685066691e-05,-1.079732881990578779e-05
-6.779494533661936369e-05,-8.061231839191592059e-06
-8.389761228940809915e-05,-1.324286552522827884e-05
-8.316920945501845002e-05,-1.354455639204131073e-05
-7.520885619549243662e-05,-1.079747490215775838e-05
-7.804007329939031186e-05,-1.354377015386505132e-05
-7.291299834898596927e-05,-8.054142910767946021e-06
-8.419932664748035677e-05,-1.251449489412339206e-05
-8.247550732287179439e-05,-1.079756894528516981e-05
-7.803994500632647666e-05,-8.051206705372067018e-06
-8.419921663935035067e-05,-9.080709752515363594e-06
-8.316907522638976324e-05,-8.050636932126882338e-06
-8.389749090000779075e-05,-8.352332930958717076e-06
