Size 192,2
-3.854355156256855392e-05,7.124798889816424194e-06
-3.866873771587103970e-05,6.822596085882471747e-06
-3.866877726749294570e-05,5.397952788667346846e-06
-3.854359706151899993e-05,5.095741782515224228e-06
-3.824133263882649930e-05,7.249971390357633214e-06
-3.767449986008192736e-05,6.110248320181062939e-06
-3.824138394495645742e-05,4.970560762355232138e-06
-3.611343126958316730e-05,7.249549092879404426e-06
-3.611337769881385964e-05,4.970324022837261342e-06
-3.493896459642856000e-05,6.109479415319308644e-06
-3.398632946873871176e-05,7.248515620306581509e-06
-3.398630687655941119e-05,4.969716194807696862e-06
-3.292284402718551869e-05,6.108434483468702798e-06
-3.185907948116910424e-05,7.247757185450052636e-06
-3.185927145309946766e-05,4.967795117905112379e-06
-3.079493658799881741e-05,6.106807116659571535e-06
-2.972991461130040819e-05,7.246982631961640338e-06
-2.973036799075469462e-05,4.964826135856257061e-06
-2.866477874265487309e-05,6.104728755467893789e-06
-2.759847685351227273e-05,7.245747489304319176e-06
-2.759899617675392629e-05,4.961304666892145103e-06
-2.653227353890454945e-05,6.102209999636864753e-06
-2.546503156658595164e-05,7.244229393198978448e-06
-2.546525461098002923e-05,4.957185295119497152e-06
-2.439762623123058519e-05,6.099331467359006548e-06
-2.332955171523409246e-05,7.242982348657320296e-06
-2.332896214309544808e-05,4.952043266515250367e-06
-2.225993798500756839e-05,6.095998860481989963e-06
-2.118965290548959808e-05,7.242963324574096368e-06
-2.118816450106966140e-05,4.945028901134433235e-06
-2.011628955282793426e-05,6.092160007722347333e-06
-1.904121650639556128e-05,7.245172703142870189e-06
-1.903934828467641362e-05,4.935069650057887290e-06
-1.796194030239251486e-05,6.088014765152964911e-06
-1.687851865956453590e-05,7.250598282741138579e-06
-1.687700584993272545e-05,4.921156040632860015e-06
-1.583427592108864492e-05,6.083824294516421930e-06
-1.478342215570193006e-05,7.259692204437718060e-06
-1.478216351562249341e-05,4.902699244082972692e-06
-1.399218748551089710e-05,6.172989408738097448e-06
-1.317639819029397735e-05,7.270556965435431645e-06
-1.317536158618316863e-05,4.884628196356390806e-06
-1.199238877058855012e-05,7.281457362053660167e-06
-1.222809508519029160e-05,6.486209053237320377e-06
-1.199165640843695481e-05,4.872161484327701969e-06
-1.112230721685050507e-05,4.859443332822560120e-06
1.964840591403978160e-06,3.226124102690866002e-07
2.005263929987815338e-06,2.253882045489956219e-07
2.005033119437475404e-06,-1.369227540521504907e-07
1.964805018268592463e-06,-2.328413716710043695e-07
-1.112496064242480688e-05,7.289238982809280452e-06
-1.032749797118484393e-05,7.251051576232296683e-06
-1.095137300899569930e-05,5.770256379984147990e-06
-1.033137843130682253e-05,4.776933096823688449e-06
1.868009363834962862e-06,3.628290124581870044e-07
1.770163317001018377e-06,-3.437669592651470351e-08
1.868791310910726048e-06,-2.728351429463847304e-07
-1.007727754713392695e-05,6.498822191473443205e-06
-9.535446442677896476e-06,7.123999870829825954e-06
-8.756637389779433939e-06,6.903300427030928987e-06
-9.836863296672237163e-06,5.446769018334983895e-06
-9.554901093147932011e-06,4.554276186920823464e-06
1.211013123387268323e-06,3.728055435125133186e-07
1.210647249282528559e-06,-2.832749122881838480e-07
8.712681228467836112e-07,4.489648483948913542e-08
-8.002618275888332319e-06,6.595769275248470396e-06
-8.657047460792750924e-06,6.101607209934193857e-06
-8.927672743479684076e-06,5.077004792977975207e-06
-8.819638388303353981e-06,4.196999351653616027e-06
5.051089137098329614e-07,4.297892062436405743e-07
5.053167087189411283e-07,-3.393835291631197543e-07
9.176004846932687202e-08,4.553670946660595545e-08
-7.285096851842493319e-06,6.199491768769979521e-06
-6.612307548843698232e-06,5.720486708232531055e-06
-7.968009704064013069e-06,4.908972886790541816e-06
-8.149630058529198502e-06,3.716228813144397419e-06
-3.796141569086769715e-07,5.537082141967973382e-07
-3.793928291758260963e-07,-4.618104714201689914e-07
-6.781192679564408327e-06,4.964321570525126708e-06
-5.996396743083528915e-06,5.167045442482326949e-06
-7.067416267389113505e-06,4.091599696150158282e-06
-7.566946081243229855e-06,3.122867006179511854e-06
-8.949063169715352907e-07,4.650404368034133119e-08
-1.504040570845207925e-06,7.327737118541748427e-07
-1.502876756454286646e-06,-6.399170183845675804e-07
-5.446925365467350322e-06,4.543143769756195886e-06
-4.969177580944981496e-06,3.856615833845310716e-06
-4.571005220598383704e-06,3.118577093129003019e-06
-6.476474595374290323e-06,3.289060597319609341e-06
-7.091127343507418840e-06,2.435214446244817603e-06
-1.992221859099633470e-06,4.923074279524808890e-08
-2.588375928564751587e-06,9.093132599091540765e-07
-2.587766509421987135e-06,-8.212004486454894037e-07
-5.365223497322427223e-06,3.123712140294103648e-06
-4.260367088663951802e-06,2.334080389048425438e-06
-3.578608744620015714e-06,1.059591375895270771e-06
-3.873883168420956966e-06,1.207992806904493195e-06
-4.040434087553870588e-06,1.506802016780737399e-06
-6.057656861489806691e-06,2.330972846627507598e-06
-6.739508496994365778e-06,1.679538714890890418e-06
-3.123999072182428123e-06,1.753669599285816479e-07
-3.558482560089888990e-06,-9.501555935905320818e-07
-4.807386677413279842e-06,1.773695092854349027e-06
-3.882247967730980019e-06,6.072520576314112198e-07
-4.231161283120295288e-06,1.102888098320794969e-06
-5.745623138619300055e-06,1.442658756838537911e-06
-6.529006479750994634e-06,8.831456982733952647e-07
-3.882091758549413125e-06,-3.674119676067993363e-07
-3.825699677830382031e-06,-1.096749407455639765e-06
-4.963082210591762224e-06,4.237118542532162403e-07
-6.468199268665371970e-06,6.918032254379413783e-08
-6.596215404654794610e-06,-7.533502795830335421e-07
-4.447269282649097363e-06,-8.920295884986874337e-07
-3.975898549166069330e-06,-1.421253876479062382e-06
-4.151331444171381547e-06,-2.336104766626474135e-06
-5.757731328549437326e-06,-8.453595118661252489e-07
-4.434696505220776173e-06,-3.256416717828961329e-06
-6.900527871269887809e-06,-1.593541161285445647e-06
-4.963103761311489117e-06,-2.357309520001360424e-06
-6.196348973162035664e-06,-2.428136717523433948e-06
-4.847043348388720829e-06,-4.149255667619644025e-06
-7.381405470343667424e-06,-2.429598883045995023e-06
-7.016641592932721316e-06,-3.283495774287832923e-06
-6.118432772327432046e-06,-3.831570633418281351e-06
-5.372309587973742670e-06,-5.032926225407650985e-06
-6.034562779031546447e-06,-5.880117208789503731e-06
-8.047680653455743598e-06,-3.218537855138922265e-06
-7.586788205528426828e-06,-4.277230058908441014e-06
-7.037578704293742563e-06,-5.550027756802716720e-06
-6.801491075806933495e-06,-6.679052445532505372e-06
-8.876884447156166294e-06,-3.930140947390612903e-06
-8.632094952329473175e-06,-5.549068882659545102e-06
-7.689619834475347040e-06,-7.391364996284425773e-06
-8.696514332189358008e-06,-8.021239901967420222e-06
-9.792449765622307102e-06,-8.559389347623156373e-06
-9.874255232463755488e-06,-5.904654595334849192e-06
-9.862173748983640148e-06,-4.533384996734028453e-06
-9.622047479622449273e-06,-7.305673329373482572e-06
-1.098127258615414611e-05,-8.961757276047310950e-06
-1.224544243228037751e-05,-9.238803799493233506e-06
-1.089203143454512199e-05,-6.212725255931732496e-06
-1.099248477957281720e-05,-4.972917463510518396e-06
-1.355139042793202727e-05,-9.366713862192353694e-06
-1.207214138963822334e-05,-7.396205439391719226e-06
-1.223016499900906919e-05,-5.223547336053188398e-06
-1.383495605195095841e-05,-7.602551804066961276e-06
-1.504622418036767083e-05,-9.430952373006312010e-06
-1.353460900316656027e-05,-5.284847935656439230e-06
-1.715789833703692204e-05,-9.496404157680214870e-06
-1.546390315422426349e-05,-6.582468182858177429e-06
-1.504295101729532936e-05,-5.221174760854514798e-06
-2.019457985181684768e-05,-9.599641241760781653e-06
-1.866233030464283771e-05,-7.148418106818433159e-06
-1.715991260444284090e-05,-5.136119143268364103e-06
-2.439994910994506018e-05,-9.714794954438184382e-06
-2.226444941501701691e-05,-7.320804377317309934e-06
-2.019549983913866857e-05,-5.036246601263588303e-06
-2.897629856051681942e-05,-9.815947150842380670e-06
-2.665692930271313768e-05,-7.319935503815102914e-06
-2.440025724396489249e-05,-4.924760038378330588e-06
-3.372866399333165113e-05,-9.903556768082121767e-06
-3.132482624804100809e-05,-7.319643000991956367e-06
-2.897646460598310935e-05,-4.823599187224954570e-06
-3.863260080544398875e-05,-9.976520112320615746e-06
-3.615754594590136751e-05,-7.319479188146213417e-06
-3.372869235760690801e-05,-4.735541250395738180e-06
-4.365761816450643894e-05,-1.003209398418257820e-05
-4.112758303690562791e-05,-7.319459201876106179e-06
-3.863253682128926970e-05,-4.662442371918652227e-06
-4.876915111551797372e-05,-1.006963546508034141e-05
-4.620179699332667514e-05,-7.319312217968490816e-06
-4.365763348011776016e-05,-4.606665194623595006e-06
-5.393427635706933825e-05,-1.009196580684729547e-05
-5.134509995011161346e-05,-7.319044643159796139e-06
-4.876929106120249044e-05,-4.568710527993929370e-06
-5.912917415243037393e-05,-1.010434662176817206e-05
-5.652812001194165324e-05,-7.318690437452876172e-06
-5.393443797009984584e-05,-4.545786369385097343e-06
-6.433984936189003341e-05,-1.011082852826469946e-05
-6.173262951533327824e-05,-7.318441968591687114e-06
-5.912919107486148170e-05,-4.532806753105682047e-06
-7.552038681875182958e-05,-9.806735735379894475e-06
-7.477897699738748666e-05,-1.011383014727337463e-05
-6.667665449677430574e-05,-7.318211707301864637e-06
-6.955825682155875739e-05,-1.011351605745908925e-05
-6.433988443084730658e-05,-4.525803859012965173e-06
-7.582749130477600089e-05,-9.065341358232901603e-06
-7.407304495206985145e-05,-7.317854699241043505e-06
-6.955838745695821438e-05,-4.522593204445116690e-06
-7.582753358221072779e-05,-5.570330580832177072e-06
-7.477905455989652798e-05,-4.521884636584537038e-06
-7.552044052692791969e-05,-4.828963927101155177e-06
