Size 192,2
-8.791068088147488955e-05,1.325210864574207927e-05
-8.824786715268519914e-05,1.243812774906895117e-05
-8.824763392470417664e-05,8.600765625340084594e-06
-8.791042361198960603e-05,7.786784478372494968e-06
-8.709664662929804738e-05,1.358925797301447280e-05
-8.556941931004451087e-05,1.051939515297971115e-05
-8.709636512305926343e-05,7.449634347160374654e-06
-8.136432491093093953e-05,1.358811997183180679e-05
-8.136398490056948019e-05,7.450645744689214823e-06
-7.820025720652115382e-05,1.051946324348099317e-05
-7.563618764504352490e-05,1.358229259105418499e-05
-7.563546221862661745e-05,7.456455261739232667e-06
-7.277589132066954105e-05,1.051941568761812851e-05
-6.992454956398206668e-05,1.356853707518933103e-05
-6.992358414346859616e-05,7.469913892690680235e-06
-6.707805733500535219e-05,1.051920802766758522e-05
-6.424662843079734426e-05,1.354568778979095792e-05
-6.424539039195675024e-05,7.492343354545306859e-06
-6.142305359393310878e-05,1.051871070905062331e-05
-5.861950094543218545e-05,1.351453320868614087e-05
-5.861848851343291912e-05,7.522377863678533558e-06
-5.582624986450312880e-05,1.051801826740982187e-05
-5.305643740220973624e-05,1.347748771379852753e-05
-5.305561081908752926e-05,7.557762960038418216e-06
-5.029783130513294282e-05,1.051701442065983577e-05
-4.756481736454980968e-05,1.343652826116669602e-05
-4.756421329198957362e-05,7.596341786847583703e-06
-4.484366348950436979e-05,1.051569003175502220e-05
-4.215046901600694157e-05,1.339111084619164391e-05
-4.215005101268782931e-05,7.638761639881887401e-06
-3.947048638311136489e-05,1.051411072302617913e-05
-3.682219332206525936e-05,1.333912602200228578e-05
-3.682171835060794608e-05,7.687228264121887932e-06
-3.418956905867203148e-05,1.051230533760017992e-05
-3.159392199846705607e-05,1.327834737140291874e-05
-3.159288361130474922e-05,7.744430020547920173e-06
-2.911976395984337089e-05,1.050992046202679489e-05
-2.668688852386895015e-05,1.320889703068498654e-05
-2.668541345154997352e-05,7.812979931682298307e-06
-2.487295208881018063e-05,1.071549719682458629e-05
-2.306155442020283372e-05,1.314402002475944854e-05
-2.305901583178131774e-05,7.877283718036023007e-06
-2.048404632528806331e-05,1.308660821619067002e-05
-2.097001159304536538e-05,1.139391675788134370e-05
-2.048049563126464419e-05,7.918998553778647798e-06
-1.864101215856388949e-05,7.964391495414769687e-06
2.885200772398922629e-06,7.244529815689089570e-07
2.943378155977393555e-06,5.843867032343777339e-07
2.943034379548956454e-06,6.314956854335335922e-08
2.885179394234792375e-06,-7.475497499318661124e-08
-1.863732824448681590e-05,1.304565476502962287e-05
-1.699634745461487540e-05,1.291462412145454046e-05
-1.825401700620571055e-05,9.872573002286133908e-06
-1.698342121324075606e-05,7.869409203749002459e-06
2.745785184655923758e-06,7.824617290888669962e-07
2.605447852405749975e-06,2.109167734826993066e-07
2.747148270959171537e-06,-1.321935841930020674e-07
-1.646524902199577889e-05,1.135545592134614979e-05
-1.539900066992669223e-05,1.259086117704769738e-05
-1.387525490853089512e-05,1.210480647824981936e-05
-1.597208580335642320e-05,9.238292403734379044e-06
-1.541510318508569350e-05,7.509876599157290004e-06
1.801191222099898361e-06,7.986874503536535946e-07
1.800794543606414798e-06,-1.475906072494825349e-07
1.311306667195835275e-06,3.260452992542301943e-07
-1.244783805040978377e-05,1.144545654000244056e-05
-1.366453527569980883e-05,1.051319271630775315e-05
-1.418675455885541515e-05,8.537731611047544820e-06
-1.397056074730764886e-05,6.907526145831189844e-06
7.808517479724111795e-07,8.861841472951136574e-07
7.814634442264610449e-07,-2.324770881314736212e-07
1.789575153336266582e-07,3.277184109450744451e-07
-1.111982955772558557e-05,1.064831257496396611e-05
-9.923629671553768866e-06,9.726934496038858250e-06
-1.236770045875125041e-05,8.232872969252260042e-06
-1.268858968456849824e-05,6.081146250084388997e-06
-5.108528090091372328e-07,1.073871721391692191e-06
-5.103762505606382407e-07,-4.166511540296332550e-07
-1.022714785790036738e-05,8.326110672217343106e-06
-8.867999633553355922e-06,8.683612115522126537e-06
-1.072937736091947985e-05,6.767768213892293750e-06
-1.160045229387291467e-05,5.083759913395338326e-06
-1.268364867876345723e-06,3.296683808039157010e-07
-2.167052231889915273e-06,1.342818920097720394e-06
-2.165056765137896120e-06,-6.836189885996567216e-07
-7.943075534355408882e-06,7.550029999171839063e-06
-7.184475456315675101e-06,6.362855266514721415e-06
-6.586508952134899981e-06,5.109604662557397162e-06
-9.706459644292062767e-06,5.380078041379840727e-06
-1.072896527974404819e-05,3.961692630132520275e-06
-2.887818437913651217e-06,3.342829476582239524e-07
-3.769516801650111271e-06,1.605443805286610849e-06
-3.769268418584200802e-06,-9.544099743565908051e-07
-7.858010703798570329e-06,5.106192349202012709e-06
-6.134286598868687087e-06,3.823210675087994819e-06
-5.216962567607722884e-06,1.826509218592177870e-06
-5.636355260146670384e-06,2.050262027689998212e-06
-5.858331006738931551e-06,2.509081501055775383e-06
-8.994716309723571347e-06,3.797564033891077964e-06
-1.008046644820155968e-05,2.765179678892650316e-06
-4.560996627601200036e-06,5.220309670719538976e-07
-5.225901193861851580e-06,-1.148952545075803356e-06
-7.015040561730719050e-06,2.914633709238729673e-06
-5.667104813835941804e-06,1.153205669101339181e-06
-6.163853315986050247e-06,1.890701744878824565e-06
-8.486924324723958788e-06,2.394735198786043306e-06
-9.675396311928085108e-06,1.545261993807282893e-06
-5.699575941253230135e-06,-2.913329909187254940e-07
-5.641701983026867688e-06,-1.364007336684195436e-06
-7.282479803425945605e-06,8.497819431319712642e-07
-9.534308954976955525e-06,3.267719685366011946e-07
-9.651352694563620978e-06,-8.715416622378935191e-07
-6.554912954382561477e-06,-1.073598801708171818e-06
-5.883096705063023338e-06,-1.826743476895825401e-06
-6.178214162923389482e-06,-3.106407896348510726e-06
-8.449591723936677941e-06,-1.024290448500011760e-06
-6.621203196271340622e-06,-4.353640067188139456e-06
-1.002349945208662263e-05,-2.081286366861815549e-06
-7.331452944423854870e-06,-3.148933049884797875e-06
-9.038673819293946228e-06,-3.245255310932367670e-06
-7.216143589318568958e-06,-5.546663221743373978e-06
-1.062884155939868938e-05,-3.246646325380882111e-06
-1.012666672304087744e-05,-4.403170889984011095e-06
-8.936283024886672961e-06,-5.131145427360637433e-06
-7.951442543170957999e-06,-6.692652625723693818e-06
-8.838566485225430024e-06,-7.767045947097497984e-06
-1.146191723487094294e-05,-4.325950860069410754e-06
-1.086129934499908197e-05,-5.710948255847031311e-06
-1.015284617471370447e-05,-7.341867987278678903e-06
-9.850511643758750043e-06,-8.755467711222114635e-06
-1.249393962403866842e-05,-5.278662563906978952e-06
-1.218173807114196305e-05,-7.333539517973459659e-06
-1.099193938865222204e-05,-9.626362712863303721e-06
-1.225383428842444669e-05,-1.037715026760177334e-05
-1.360824713698987435e-05,-1.099662585261182382e-05
-1.371712553380090661e-05,-7.776883311733178325e-06
-1.370553135573676094e-05,-6.069213367332077732e-06
-1.341031342881228783e-05,-9.491322741073731983e-06
-1.504983924689408960e-05,-1.145293814996418212e-05
-1.655747729464245954e-05,-1.174999783353547329e-05
-1.495437542186719404e-05,-8.158708332105586537e-06
-1.507215734990211768e-05,-6.649019742713550753e-06
-1.810094962292675780e-05,-1.187135563927967850e-05
-1.636917015644960473e-05,-9.575860544617966546e-06
-1.654953553577945280e-05,-6.992694162111864869e-06
-1.843928911400408345e-05,-9.812372905288989570e-06
-1.983528803510677821e-05,-1.191116904859453491e-05
-1.809051996262541360e-05,-7.093860693732224826e-06
-2.225521248037974978e-05,-1.195129917918300054e-05
-2.032875150616661152e-05,-8.631509610337475917e-06
-1.983348041909790022e-05,-7.053662989474835033e-06
-2.566359016336764302e-05,-1.201377967657598879e-05
-2.395917340761933426e-05,-9.283563134609816112e-06
-2.225681219819170269e-05,-7.000400712291126038e-06
-3.028206392961399222e-05,-1.208209423987791733e-05
-2.795317716133379867e-05,-9.477253381743295195e-06
-2.566447493618488634e-05,-6.938279937073158750e-06
-3.521046764657465256e-05,-1.214008833445323575e-05
-3.272818575722613853e-05,-9.475571880563681814e-06
-3.028255965086929332e-05,-6.869945269736634764e-06
-4.023884998933169641e-05,-1.218792249076544575e-05
-3.770952108143729779e-05,-9.474369391607855310e-06
-3.521080773971656052e-05,-6.809759794390045179e-06
-4.534931560984559282e-05,-1.222613122131932570e-05
-4.278200839488947719e-05,-9.473166049320060053e-06
-4.023928164541224552e-05,-6.759645155755184132e-06
-5.052476774922210655e-05,-1.225605411803838675e-05
-4.792760150592271097e-05,-9.472055765157169358e-06
-4.534971233106790625e-05,-6.719108025901594112e-06
-5.575030502070406108e-05,-1.227878318539042158e-05
-5.313037068359909205e-05,-9.471074741720812761e-06
-5.052510804011273296e-05,-6.687055569467628228e-06
-6.101333793461982197e-05,-1.229567430575425418e-05
-5.837649550903541927e-05,-9.470315138734458299e-06
-5.575049391844296971e-05,-6.662522271571561056e-06
-6.630374336192285784e-05,-1.230803644397748777e-05
-6.365471471786381488e-05,-9.469814705884395392e-06
-6.101345867012688358e-05,-6.644375211476781547e-06
-7.161344206199111865e-05,-1.231653545632068966e-05
-6.895600271447756356e-05,-9.469526155947102943e-06
-6.630388758351062799e-05,-6.631305810212022558e-06
-8.302001026630931551e-05,-1.200903906544620877e-05
-8.226347160828783082e-05,-1.232237920498000814e-05
-7.399618680420474201e-05,-9.469362324065053445e-06
-7.693591244001287657e-05,-1.232129078488944273e-05
-7.161354863833302724e-05,-6.622411267302191507e-06
-8.333338160938615004e-05,-1.125254377875846510e-05
-8.154293731856338185e-05,-9.469331323823393455e-06
-7.693588851191244941e-05,-6.617387422375925779e-06
-8.333333448371196459e-05,-7.686143946336203414e-06
-8.226342548550253872e-05,-6.616318413127294926e-06
-8.301996142501708530e-05,-6.929655965876047368e-06
