Size 192,2
5.964095348407431168e-06,6.844179123105698509e-07
6.017526951545026337e-06,8.134650285466970946e-07
6.017629325063615734e-06,1.421738165593367476e-06
5.964203054450736583e-06,1.550821835555226443e-06
5.835093835736677282e-06,6.309508410424196766e-07
5.593203622755187351e-06,1.117604475135457227e-06
5.835192658797687238e-06,1.604308315197410583e-06
4.926284368861777038e-06,6.303709673205972720e-07
4.926340996584001066e-06,1.605219348758724668e-06
4.423685344494560389e-06,1.118017626742495866e-06
4.014944923153759239e-06,6.297764924186884375e-07
4.014999848849402069e-06,1.606781250333466893e-06
3.558072587692587982e-06,1.118460696841314318e-06
3.101002061548611169e-06,6.307546659820171118e-07
3.100735223134019876e-06,1.606946974841568481e-06
2.644055143045354628e-06,1.119224895846971333e-06
2.190004302438008715e-06,6.365989863104335490e-07
2.189682478365022648e-06,1.602710759493740888e-06
1.738049429898834699e-06,1.120108669562162511e-06
1.294440467311073051e-06,6.508866801374398316e-07
1.294421733020481686e-06,1.590001063502138881e-06
8.561552222564553618e-07,1.120986846519781849e-06
4.319051924464743854e-07,6.745815935502322892e-07
4.322468827973440769e-07,1.568133312849302146e-06
1.665404776852749504e-08,1.121720523313389068e-06
-3.788439576935627834e-07,7.074240945765715610e-07
-3.786481069109834361e-07,1.537017250449333150e-06
-7.623798981711794579e-07,1.122451837437632426e-06
-1.120780375984856846e-06,7.491505136424999176e-07
-1.121201587713149114e-06,1.496959215315705051e-06
-1.465446879703736669e-06,1.123351216104399538e-06
-1.778838317191207095e-06,8.000559488195484726e-07
-1.779712358367229675e-06,1.447988540085229814e-06
-2.076206898462326628e-06,1.124552239214469024e-06
-2.335653123885969179e-06,8.611815231679576389e-07
-2.336808093843188095e-06,1.389016274121349874e-06
-2.567613616413778177e-06,1.126367369528363091e-06
-2.756861054916270045e-06,9.321709092311743268e-07
-2.758292267135090667e-06,1.318334170855648979e-06
-2.888114814813475710e-06,1.116349107492375121e-06
-2.980038541120148020e-06,9.981207198322409009e-07
-2.982702670132256986e-06,1.252767546075802573e-06
-3.080586896591837692e-06,1.055019526710725607e-06
-3.079232741831907654e-06,1.097167652571876653e-06
-3.084106083996770564e-06,1.211584771146153096e-06
-3.123310989713890136e-06,1.167690580281909699e-06
8.885147920918234791e-07,-2.921784070511741886e-07
9.068421334587462623e-07,-3.360993286002286655e-07
9.067768149861854332e-07,-5.004626712240988952e-07
8.885009369117234499e-07,-5.441080649041890742e-07
-3.126857377356093018e-06,1.094895904191737616e-06
-3.132810198649350528e-06,1.131557162360060078e-06
-3.146617321477763552e-06,1.138415072558585423e-06
-3.148870443028327824e-06,1.122455347501460197e-06
8.447302162199106746e-07,-2.741141134686678312e-07
8.001775870379497140e-07,-4.544132280709839688e-07
8.448370419473995221e-07,-5.624848979768412435e-07
-3.145831618952662342e-06,1.145880668117977583e-06
-3.117712134863181626e-06,1.175238039980469238e-06
-3.072576114478268671e-06,1.200559952332027158e-06
-3.147987173094441767e-06,1.124350375960217159e-06
-3.136232442039875225e-06,1.062598847099587515e-06
5.468061475358988564e-07,-2.710265591297659477e-07
5.461321063983727741e-07,-5.687182499927464113e-07
3.925166638785117508e-07,-4.206291638191665259e-07
-2.996050739043437251e-06,1.223683016753380582e-06
-3.078002930117906822e-06,1.170261204821839142e-06
-3.100289194681597848e-06,1.091140378754463850e-06
-3.099121264004571602e-06,9.799349697903895642e-07
2.265150373469621543e-07,-2.465489160260104555e-07
2.262458685796756770e-07,-5.959491820516393472e-07
3.829501874835794224e-08,-4.219210200338400281e-07
-2.903202832828945518e-06,1.219170917126001837e-06
-2.781853922146232117e-06,1.184545817988618444e-06
-3.006080281900454729e-06,1.069292776289830031e-06
-3.043728635252103664e-06,8.763848569069793774e-07
-1.756496315224498154e-07,-1.924142172112008739e-07
-1.761954258637867861e-07,-6.531592928504280467e-07
-2.811310412125558822e-06,1.088244216290252889e-06
-2.639037799088963509e-06,1.129098745918983439e-06
-2.871332804464716080e-06,9.341856817190497951e-07
-2.978719368228883884e-06,7.289469949348169278e-07
-4.100492462813058492e-07,-4.236570759004666978e-07
-6.857009600233930853e-07,-1.145302594831829240e-07
-6.861716770201464185e-07,-7.351288468583230379e-07
-2.498402997563262772e-06,1.037011372570958169e-06
-2.339087114483148681e-06,8.888267518640474226e-07
-2.174490048091459653e-06,7.095123958158826863e-07
-2.743622943702353561e-06,7.622318321733310438e-07
-2.915310298449961418e-06,5.277631332125400930e-07
-9.072527458639446806e-07,-4.250415717844665749e-07
-1.175819410057189898e-06,-3.822004530868155534e-08
-1.175736364737675710e-06,-8.164708476096323299e-07
-2.436255884477526607e-06,7.202845472441510716e-07
-2.032224747411366934e-06,4.819012369081739336e-07
-1.639523670563069206e-06,2.750756764949464149e-08
-1.789577301386458059e-06,8.818502173219272511e-08
-1.887984934786413711e-06,2.030064744238546883e-07
-2.643574696865622874e-06,4.951350839665065504e-07
-2.876319149523978605e-06,2.723141550845649824e-07
-1.418617820670879436e-06,-3.714730224644384163e-07
-1.592194814281747945e-06,-8.715934419998679456e-07
-2.208384242099115681e-06,3.091959339430847959e-07
-1.775311625397908654e-06,-1.714618339135346224e-07
-1.950765370962140043e-06,4.450599337298007532e-08
-2.549555969731490834e-06,1.895465774021415152e-07
-2.872476953023564630e-06,-3.732121690375688738e-08
-1.743020849364562778e-06,-6.054825470890059779e-07
-1.691828590621548750e-06,-9.393373799703086541e-07
-2.245407804085379295e-06,-2.232532135013534802e-07
-2.897146165897261826e-06,-3.840011953821845393e-07
-3.029733898812584452e-06,-7.704041078500734105e-07
-1.978242694351969761e-06,-8.346730615760464960e-07
-1.740131301581526036e-06,-1.102861914871261238e-06
-1.783343307965880152e-06,-1.589554212916635890e-06
-2.612926952928225654e-06,-7.940397189910713412e-07
-1.887187162409432991e-06,-2.121177441492705434e-06
-3.248701977882084221e-06,-1.181552109605226497e-06
-2.197970913346690808e-06,-1.587693983412277770e-06
-2.874204473889319342e-06,-1.629112213639335322e-06
-2.089785085153832075e-06,-2.654710394325372863e-06
-3.576475538345358171e-06,-1.631495007343770609e-06
-3.374802870518863054e-06,-2.125903263466879401e-06
-2.828393428486080211e-06,-2.456528975155309290e-06
-2.371064798863046150e-06,-3.217815237578822960e-06
-2.767615881774920682e-06,-3.782242138491662119e-06
-4.034801809250523543e-06,-2.079022200206813236e-06
-3.745826015188836065e-06,-2.741483943546800231e-06
-3.394540140960952724e-06,-3.569993471650993788e-06
-3.241509674280580460e-06,-4.335506082576241673e-06
-4.607316990246729612e-06,-2.506251188322853391e-06
-4.449868007052807467e-06,-3.578915086957131173e-06
-3.820683975309709660e-06,-4.837664498249018409e-06
-4.505306857063636396e-06,-5.296994047919328443e-06
-5.264110344551598407e-06,-5.703490043416855503e-06
-5.311900982045228470e-06,-3.824077424417325299e-06
-5.297939393038100164e-06,-2.886829467968448233e-06
-5.135936200401007688e-06,-4.804460865585365131e-06
-6.109722284302033393e-06,-6.011086131333711198e-06
-7.023558532184326972e-06,-6.232121369442705078e-06
-6.034621765143277176e-06,-4.038028776532139464e-06
-6.106862823568118823e-06,-3.164379289674482044e-06
-7.977159506189637024e-06,-6.342942064811350826e-06
-6.886393070782172561e-06,-4.888956183375130659e-06
-7.004039402856546587e-06,-3.316960685345476543e-06
-8.182293965104275280e-06,-5.044695107095080607e-06
-9.085534237488408600e-06,-6.408534283398760756e-06
-7.958314669985795003e-06,-3.345799136565535998e-06
-1.066493083446761385e-05,-6.473888337583345992e-06
-9.390933585776338219e-06,-4.290429419453330050e-06
-9.081671018405292897e-06,-3.281938370400324641e-06
-1.296330981616785913e-05,-6.572157323979230894e-06
-1.179836403954491755e-05,-4.712750287421956014e-06
-1.066642239036360432e-05,-3.200013287896978124e-06
-1.617474418874200012e-05,-6.676471343052575616e-06
-1.453998358472357395e-05,-4.843917607083040921e-06
-1.296394632211746376e-05,-3.108446856629045520e-06
-1.968822039408014784e-05,-6.764506915887654934e-06
-1.790486647483684020e-05,-4.844602815561807206e-06
-1.617467190887990848e-05,-3.010969687824492022e-06
-2.334851816309721151e-05,-6.839033241240380182e-06
-2.149522271375158859e-05,-4.845771734976740377e-06
-1.968785242804541686e-05,-2.925933613163157259e-06
-2.713475954386955312e-05,-6.901976326418785835e-06
-2.522209592053843588e-05,-4.846836362851640271e-06
-2.334816867288245522e-05,-2.853624013572961306e-06
-3.102576594814663923e-05,-6.953757655780921651e-06
-2.906422467301760171e-05,-4.847698863594685722e-06
-2.713446699476722244e-05,-2.792612314532929142e-06
-3.500188145107755263e-05,-6.995141966015048527e-06
-3.300096655296235761e-05,-4.848475134927990708e-06
-3.102554702950874907e-05,-2.742353211572169476e-06
-3.904443755880281037e-05,-7.026579514894601261e-06
-3.701341791609959387e-05,-4.849312317475059267e-06
-3.500156883494926966e-05,-2.702599065515640694e-06
-4.313517480432379320e-05,-7.048736835979737446e-06
-4.108310868277247763e-05,-4.850015155672402880e-06
-3.904422772650847521e-05,-2.672738228358779883e-06
-4.725691701921238571e-05,-7.062258789432321836e-06
-4.519212081087988555e-05,-4.850542432992795621e-06
-4.313511795662963862e-05,-2.651946553841624817e-06
-5.612768106646696270e-05,-6.826775396798453613e-06
-5.553926693325562155e-05,-7.070456790355074160e-06
-4.910894171258142771e-05,-4.851049612795159578e-06
-5.139534295517628019e-05,-7.068814988605764647e-06
-4.725676556883895061e-05,-2.639508599710411035e-06
-5.637141431688876648e-05,-6.238430011221509258e-06
-5.497868127572009075e-05,-4.851443156040489972e-06
-5.139522799871280341e-05,-2.633726470264590613e-06
-5.637135048245421560e-05,-3.464493325850401875e-06
-5.553918221305411849e-05,-2.632445894451038929e-06
-5.612760881961507655e-05,-2.876135509745224073e-06
