Size 192,2
6.790644340517039239e-05,-1.015145219184344833e-05
6.815612442605549406e-05,-9.548718821137694662e-06
6.815576316908436561e-05,-6.707134198095225437e-06
6.790603804307081964e-05,-6.104386768405140748e-06
6.730365556997035498e-05,-1.040109656579481545e-05
6.617258721392671071e-05,-8.127852483927159127e-06
6.730319650820597733e-05,-5.854736731468701845e-06
6.305918903692448113e-05,-1.040002328292351062e-05
6.305860673962751213e-05,-5.855766905826390358e-06
6.071719988125404659e-05,-8.128101400240418596e-06
5.881913415649402653e-05,-1.039680618771955176e-05
5.881856434545610707e-05,-5.859717669968946848e-06
5.670154602937158402e-05,-8.128524602526018752e-06
5.458720913761316309e-05,-1.039210073702899015e-05
5.458702909222985702e-05,-5.865586132309448552e-06
5.247503740507944908e-05,-8.129543745788217119e-06
5.036680776732470013e-05,-1.038660496140284665e-05
5.036628451510576212e-05,-5.873553162083641226e-06
4.826085655497045455e-05,-8.130735747117449699e-06
4.616064291155867175e-05,-1.037844184004492300e-05
4.616027899146560949e-05,-5.884646348874352668e-06
4.406381531746134605e-05,-8.132147075222944380e-06
4.197500053540053770e-05,-1.036690774869001459e-05
4.197498112447579298e-05,-5.899331803349894760e-06
3.989118078442391112e-05,-8.133665493304877462e-06
3.781740329604949035e-05,-1.035175802698451627e-05
3.781771808245868930e-05,-5.917617872545412485e-06
3.574998016099682643e-05,-8.135344022839562626e-06
3.369475249354327256e-05,-1.033265501884765411e-05
3.369507088037333628e-05,-5.939869532340551813e-06
3.164687814423863512e-05,-8.136938501778884678e-06
2.961363218326032294e-05,-1.030923797798241711e-05
2.961423251106616431e-05,-5.966464577775588370e-06
2.758914189963208933e-05,-8.138650894759725512e-06
2.558278463357083386e-05,-1.027992762944241779e-05
2.558345667566556419e-05,-5.999131660609076775e-06
2.366752622823074177e-05,-8.140099249506426945e-06
2.177469320970872634e-05,-1.024268162840457772e-05
2.177493764007760923e-05,-6.041178384338851517e-06
2.036219050927056925e-05,-8.303395406289758586e-06
1.894425672061125090e-05,-1.020477387586041977e-05
1.894345406601467485e-05,-6.082901391298579423e-06
1.692274484521368326e-05,-1.016981377490926680e-05
1.730684600538320359e-05,-8.838564948967765500e-06
1.692116289063077246e-05,-6.110689388622583448e-06
1.547380462104616129e-05,-6.140770849394820015e-06
-2.499165017613398583e-06,-1.236779541072339436e-07
-2.549730582746390712e-06,-2.148809241735665296e-09
-2.549439100308483955e-06,4.511412763018442918e-07
-2.499079837856924121e-06,5.712313916063944642e-07
1.547062931507267488e-05,-1.014467922718221603e-05
1.417510285256922202e-05,-1.004773673797410326e-05
1.517136658268645522e-05,-7.644254847379641036e-06
1.416843581309851750e-05,-6.059448097062585827e-06
-2.378126654552891505e-06,-1.738798210805971488e-07
-2.255756928370795129e-06,3.232225266222265481e-07
-2.378889567839844767e-06,6.214732937750683926e-07
1.375782995776384833e-05,-8.818298054328565621e-06
1.291043491558159295e-05,-9.799887627299139938e-06
1.169918206098536643e-05,-9.421275880054495212e-06
1.336932179032586681e-05,-7.141886919682608450e-06
1.292813594438776310e-05,-5.766118858105103401e-06
-1.556861381980520958e-06,-1.853218193320850128e-07
-1.555679808371830109e-06,6.370335298181869994e-07
-1.130861352569288551e-06,2.270961476007967518e-07
1.055755846943242933e-05,-8.905746984579223464e-06
1.153415175077210455e-05,-8.158914780339096692e-06
1.195152977104064609e-05,-6.583899056081120918e-06
1.178157513002452519e-05,-5.275626615554846843e-06
-6.710592681134085729e-07,-2.567705444944293345e-07
-6.702949327464934180e-07,7.136792408954530742e-07
-1.484311614787937801e-07,2.300252008415571780e-07
9.491383777536101766e-06,-8.276936122549689509e-06
8.522512520496241693e-06,-7.544185370150492971e-06
1.049785406652256166e-05,-6.340473969109399833e-06
1.076007273964109638e-05,-4.602986587636676087e-06
4.485802239039151526e-07,-4.137374461930543175e-07
4.496983759533295916e-07,8.774210996754176607e-07
8.768449771101371210e-06,-6.419659520766644689e-06
7.658613555476829546e-06,-6.710936651801639240e-06
9.178433657227590644e-06,-5.157864143954817299e-06
9.889921073130701057e-06,-3.785146180576285003e-06
1.105278163931598508e-06,2.334539101308520965e-07
1.882351849740658845e-06,-6.410335235832886306e-07
1.882349903555037433e-06,1.113336045994593064e-06
6.897898563283263522e-06,-5.799098958102222391e-06
6.262502243479494715e-06,-4.831113200284981510e-06
5.750494826068183519e-06,-3.802987900170561937e-06
8.344492991197554330e-06,-4.027253527743769516e-06
9.191204457179486019e-06,-2.855154219293508190e-06
2.507149113220844636e-06,2.343008154094949735e-07
3.269830106631179053e-06,-8.645638790327103971e-07
3.271022704572121084e-06,1.351964614621689042e-06
6.815718329250565602e-06,-3.802984048512347781e-06
5.358080953151647950e-06,-2.736585851027013370e-06
4.530510580304381205e-06,-1.053690529276041917e-06
4.900509222737435059e-06,-1.244718935107454698e-06
5.101823265018369622e-06,-1.634262534024394977e-06
7.761614229587619992e-06,-2.719140778201768170e-06
8.674509100634352393e-06,-1.851687727211315708e-06
3.956255904756222388e-06,7.590263393407951257e-08
4.524224968730498755e-06,1.522783759672971606e-06
6.094526590241339114e-06,-1.979910030923568782e-06
4.920294450820152480e-06,-4.719410278979368175e-07
5.357703789828924705e-06,-1.107639930113445447e-06
7.339460649448268970e-06,-1.540342657668601160e-06
8.358520460451363310e-06,-8.136509648547882085e-07
4.936268800124675598e-06,7.784367825339021788e-07
4.876391713578137599e-06,1.711179588335199407e-06
6.314032076464074866e-06,-2.197829172931143949e-07
8.256769155920028026e-06,2.352732195551665352e-07
8.387136548517477565e-06,1.281375611345557114e-06
5.670749903944646770e-06,1.455467560333459016e-06
5.078392709530069904e-06,2.120641624255297720e-06
5.321202777091690673e-06,3.261116025408662058e-06
7.330198224047630406e-06,1.406895967356195896e-06
5.697706535038480900e-06,4.386823577102288071e-06
8.740347642014268919e-06,2.345167587311568639e-06
6.340279457041787109e-06,3.294358116854940279e-06
7.865021896341527809e-06,3.382779578377668980e-06
6.221411758784229623e-06,5.470456900693177362e-06
9.304733691910380385e-06,3.385543700207394053e-06
8.855442940223569551e-06,4.429849061671379821e-06
7.773287919056375635e-06,5.090960760617968138e-06
6.876528240463032350e-06,6.522737677450109515e-06
7.681368867296429860e-06,7.517945041435363779e-06
1.008137583011632848e-05,4.357782469239641561e-06
9.532268106475952382e-06,5.624946924601158439e-06
8.882509224656074960e-06,7.127580707282234508e-06
8.604359775382601003e-06,8.440312291879988575e-06
1.104313473739072645e-05,5.224252050768542239e-06
1.075641529491290145e-05,7.124203730350148272e-06
9.655782775242760315e-06,9.256143467349741184e-06
1.082743996394803326e-05,9.964763596516051808e-06
1.208968694655812984e-05,1.055470235462109855e-05
1.218806070256794596e-05,7.537965436791659923e-06
1.217537407561390027e-05,5.949530672982935831e-06
1.190163674457598409e-05,9.140227661242661844e-06
1.344082671067241947e-05,1.099097809610381114e-05
1.485944608301352284e-05,1.127918824925325733e-05
1.334714286659971789e-05,7.894790690292245104e-06
1.345783324714947266e-05,6.481794366363941712e-06
1.631521023733697835e-05,1.140136307402823616e-05
1.467752930232306288e-05,9.227998655885654564e-06
1.484831468771268697e-05,6.795682596314117062e-06
1.663315796938214119e-05,9.454240714874404111e-06
1.795790302464678632e-05,1.144779356315704790e-05
1.630214177739296101e-05,6.885843493902253045e-06
2.025609734415601798e-05,1.149510419462050757e-05
1.842271533502525774e-05,8.336711782562163819e-06
1.795472749220879913e-05,6.841700093848216556e-06
2.350820730723880486e-05,1.156943742790454401e-05
2.187791913527722102e-05,8.957723924649742646e-06
2.025672754478850755e-05,6.783350419305772926e-06
2.793888524400583152e-05,1.165374960758253587e-05
2.569980899199711627e-05,9.145222273838503248e-06
2.350800659130337919e-05,6.714832834630734567e-06
3.269671452484876643e-05,1.173111524509251160e-05
3.029423549397007327e-05,9.146834698580819502e-06
2.793827973654925174e-05,6.637433628466794546e-06
3.758850868074928991e-05,1.180294303549003275e-05
3.512038406454954126e-05,9.149083792673056472e-06
3.269587856906507869e-05,6.564603738814172741e-06
4.260510066047760292e-05,1.186875374542062217e-05
4.007645146579361686e-05,9.151366386977139743e-06
3.758781566068409343e-05,6.497367657596285496e-06
4.773449811100378596e-05,1.192725653337726499e-05
4.515167457936329100e-05,9.153643190427035987e-06
4.260441639741375608e-05,6.436235932537243988e-06
5.296177526669088145e-05,1.197686813552887443e-05
5.033284607406035229e-05,9.155826361772949630e-06
4.773383566352917763e-05,6.382321213477496663e-06
5.826894989665449659e-05,1.201638099520393381e-05
5.560324287477670988e-05,9.157647130686940193e-06
5.296123620451484697e-05,6.336788085255549756e-06
6.363732980585040937e-05,1.204553446103762910e-05
6.094417175867885823e-05,9.159221571116421201e-06
5.826843482484428123e-05,6.300601890127823358e-06
6.904823083543437884e-05,1.206492817810007168e-05
6.633696431396802898e-05,9.160553997333126095e-06
6.363680928987953489e-05,6.274260087578975779e-06
8.070255181688126595e-05,1.175745804335054716e-05
7.992944749967236841e-05,1.207762852890914707e-05
7.148046641663964498e-05,9.161439884427447885e-06
7.448421740901363039e-05,1.207528017159762451e-05
6.904789145511985101e-05,6.257021538633487016e-06
8.102279139922537957e-05,1.098444708566292678e-05
7.919287865310234008e-05,9.162131557834948258e-06
7.448408132296219935e-05,6.248311153385334847e-06
8.102281325654809403e-05,7.339824073453233765e-06
7.992942249802320706e-05,6.246568353180377696e-06
8.070256185911394993e-05,6.566763980111698822e-06
