Size 192,2
3.713353601081766575e-05,-3.627322217609305104e-06
3.729744033730611328e-05,-3.231510147161434276e-06
3.729704514611333446e-05,-1.365493627946106747e-06
3.713308446403020333e-05,-9.696345117444612144e-07
3.673779085617696454e-05,-3.791283302883310746e-06
3.599520195333280381e-05,-2.298433785834582768e-06
3.673725746784931121e-05,-8.056536732391463597e-07
3.395090104186978375e-05,-3.791874569690209069e-06
3.395015684059389624e-05,-8.050952713361558521e-07
3.241074179363465877e-05,-2.298661797827462593e-06
3.116065262468401020e-05,-3.793354578207994605e-06
3.116001015140726181e-05,-8.041807190855825210e-07
2.976454575471079698e-05,-2.298625781572490225e-06
2.836854846658809476e-05,-3.792468395049508149e-06
2.836836515872124704e-05,-8.048288663332809985e-07
2.697330513148696584e-05,-2.298731698711964765e-06
2.558109799908000968e-05,-3.787010193913969659e-06
2.558056455720159511e-05,-8.103359268015063893e-07
2.419104947701190668e-05,-2.298846897819437555e-06
2.280834414688101216e-05,-3.775602741332814065e-06
2.280755475230129655e-05,-8.221892923480271553e-07
2.142974829643415929e-05,-2.299132119757030487e-06
2.006351939087708280e-05,-3.756633067452329938e-06
2.006282494672064723e-05,-8.421997912474680280e-07
1.870377293034790971e-05,-2.299647528679201000e-06
1.736234067846551083e-05,-3.728297048398432690e-06
1.736209105591903797e-05,-8.720563678317571232e-07
1.603083574885326497e-05,-2.300418654574684051e-06
1.472474545462377513e-05,-3.688571283221400697e-06
1.472488966892388387e-05,-9.133931963924637178e-07
1.343268537081077170e-05,-2.301136708865923523e-06
1.217420793550594880e-05,-3.635086368306658360e-06
1.217491379842430461e-05,-9.681928096274201357e-07
1.093479437720490589e-05,-2.301624708715687324e-06
9.738007008860088046e-06,-3.565285900620297555e-06
9.738696481273129030e-06,-1.038653424883711518e-06
8.611547345913651830e-06,-2.301234084920714290e-06
7.534792611111648084e-06,-3.480707714775821415e-06
7.534832708963255088e-06,-1.126352953910993294e-06
6.741936603039453621e-06,-2.388505524293784703e-06
5.983609470550438881e-06,-3.399407653465394769e-06
5.981497901714425852e-06,-1.209875412218754529e-06
4.933265153512026298e-06,-3.327159936434531319e-06
5.115323316793153446e-06,-2.659777409486508656e-06
4.929298478512189129e-06,-1.264131246381462503e-06
4.209455129756399854e-06,-1.322883266981628534e-06
-3.125539890112408094e-07,3.180395284831723055e-08
-3.186504407185084750e-07,4.645559473070696669e-08
-3.185919729392782260e-07,1.011393952061466370e-07
-3.125130842244401738e-07,1.156436088994693231e-07
4.204369911579662493e-06,-3.275764605405273370e-06
3.589629568837270056e-06,-3.193711860473249430e-06
4.043688337818382345e-06,-2.058218711336880090e-06
3.570190481514200053e-06,-1.331234801035443870e-06
-2.979739866843541493e-07,2.576020111404470620e-08
-2.832287952853801159e-07,8.579610516307775100e-08
-2.980094558562663356e-07,1.217610435875888711e-07
3.380434683348708631e-06,-2.602200887747802809e-06
3.010882056418071288e-06,-3.033496629858582453e-06
2.487622302792942611e-06,-2.830494885254337122e-06
3.195602650114770032e-06,-1.837584159195740652e-06
3.000352048748616415e-06,-1.255150364016949774e-06
-1.989036830177414562e-07,2.450581336276585235e-08
-1.985512706915481010e-07,1.244533780311654962e-07
-1.469552471212456235e-07,7.498779292203060370e-08
2.029163709642547283e-06,-2.565402456400298928e-06
2.404638424477872978e-06,-2.268782898442609226e-06
2.578303420600989428e-06,-1.610143497267397260e-06
2.500110624119915724e-06,-1.109819534529420022e-06
-9.063314441519736063e-08,1.565378275630660215e-08
-9.030100477716547136e-08,1.354574202661702650e-07
-2.572888298203510689e-08,7.620791350026000646e-08
1.623008490867754392e-06,-2.275571506732178295e-06
1.291896396095717817e-06,-1.967774365368215918e-06
1.991940892950405313e-06,-1.518939907611154390e-06
2.077903100129138498e-06,-9.001849734400773359e-07
4.852550412516832966e-08,-3.771571641890983581e-09
4.894454913674937085e-08,1.575335305681174935e-07
1.377801655637625793e-06,-1.538177790125785508e-06
1.030453084552098811e-06,-1.633918207117145308e-06
1.510453539540001400e-06,-1.102553966889332631e-06
1.736914828193547079e-06,-6.661348495618192295e-07
1.308393641401792624e-07,7.738438662107918990e-08
2.286855029931990244e-07,-3.277144507671381097e-08
2.285813067278230378e-07,1.888771604670354672e-07
8.148812009483004085e-07,-1.300625115803305541e-06
6.759651750047064901e-07,-9.971151150887553273e-07
5.982414316267483626e-07,-6.958070729252146190e-07
1.248473289119001963e-06,-7.470474922464212772e-07
1.475005247787220709e-06,-4.321619948336010233e-07
3.073496582410445460e-07,7.742075847619429750e-08
4.036461933039281787e-07,-6.138474495182140607e-08
4.046577614266806738e-07,2.212346327134997092e-07
8.380084184768950107e-07,-6.851667195472319850e-07
5.537159977146593751e-07,-4.238234407742377486e-07
5.445429464231584670e-07,-8.483161214513304413e-08
5.727954679287178548e-07,-1.145563864854851997e-07
5.724298196393318690e-07,-1.838170147414749159e-07
1.076207354397749053e-06,-4.018491027774235018e-07
1.274650066948757339e-06,-2.157824060891311958e-07
4.895616634085464320e-07,5.617229533884208364e-08
5.856116880562581247e-07,2.476492621030737920e-07
7.241975316359053564e-07,-2.411189015232377302e-07
5.950939712648324434e-07,-5.874193020460172331e-09
6.301639414540998439e-07,-9.281962913746776712e-08
9.722278169802050387e-07,-1.525081976771140135e-07
1.134151646316250355e-06,-3.442625551135048013e-08
6.323223608855035672e-07,1.575034999069759216e-07
6.524917218345697417e-07,2.701491230167040344e-07
7.901720971998945586e-07,6.078182950446159864e-08
1.065233640982173493e-06,1.177229737468550052e-07
1.001951967839815628e-06,2.324331809676551691e-07
7.466214930974190732e-07,2.513804921556715297e-07
6.990451089830299551e-07,3.040468979925491773e-07
7.687139120643493136e-07,3.696608215859867133e-07
9.096620248498731984e-07,2.670634713011238145e-07
8.426863345011411934e-07,3.872277999546001134e-07
9.599310380208620512e-07,3.326957894929733662e-07
8.460759783669304756e-07,3.863070578000598760e-07
9.104186501002399920e-07,3.878995088422245939e-07
8.917315950572134961e-07,3.840256598704035467e-07
9.129706650326212295e-07,3.868782146355478394e-07
8.961706923237663592e-07,4.019374712943680325e-07
9.110745395936952585e-07,3.953689930670810647e-07
9.275953175452079773e-07,3.401922378410802041e-07
9.252865119933268054e-07,2.698036763825035497e-07
8.415829065612244987e-07,4.124990549967834795e-07
8.599396392896374341e-07,3.738400553052051404e-07
8.899357648256182337e-07,2.890476181612390735e-07
9.052731863156863958e-07,1.769668025044309325e-07
7.489183643519415080e-07,4.096112019414998738e-07
7.646517330169943342e-07,2.793158731098531856e-07
8.468489316464598098e-07,8.309296416675461210e-08
7.459523628396659025e-07,-1.979074780040909773e-08
6.178266271428608558e-07,-1.276710638015171247e-07
6.177685213237920958e-07,2.403428863151511881e-07
6.246260617637808389e-07,3.862273958742665504e-07
6.506948843708022719e-07,6.118476715282278628e-08
4.503712214619838505e-07,-2.141075812245761111e-07
2.498215747180106538e-07,-2.881555652510841368e-07
4.764405409723629035e-07,2.044551856117775362e-07
4.596878383662455598e-07,3.706471569778001770e-07
2.953493561865388773e-08,-3.359184968521441592e-07
2.941023562052777893e-07,2.300787445883804150e-08
2.625475715295448900e-07,3.719601786463860496e-07
-1.536054647811636158e-08,-1.868140555828841564e-08
-2.497255336185818043e-07,-3.771367424450198753e-07
4.131536273216420130e-08,3.865219482454483586e-07
-6.682426213698433164e-07,-4.184455979411701848e-07
-3.201952512843248201e-07,1.720551742270601884e-07
-2.470137972125796427e-07,4.264835328033609267e-07
-1.325415774717221643e-06,-4.813469095333031300e-07
-9.821228140140783753e-07,6.286805813601808873e-08
-6.688878554183750405e-07,4.784192486804427328e-07
-2.307603368021395290e-06,-5.487626385103322013e-07
-1.797413250772950952e-06,2.572711125262898769e-08
-1.325232895857051053e-06,5.373997850847023374e-07
-3.440228502286658350e-06,-6.056436635648509769e-07
-2.856499086251710195e-06,2.556957654827964615e-08
-2.307362215215754509e-06,6.007898068616021318e-07
-4.668883075783783309e-06,-6.541540372901200582e-07
-4.039401625453554901e-06,2.517513017779675240e-08
-3.439980919844509657e-06,6.565218438175189515e-07
-5.980203459573232818e-06,-6.944040405264938838e-07
-5.311955066751664214e-06,2.497040571127056403e-08
-4.668899030435349915e-06,7.043575663465442608e-07
-7.358933894718814490e-06,-7.259771640525094541e-07
-6.659645474159907268e-06,2.494431027774548602e-08
-5.980317750830818575e-06,7.442404551014439566e-07
-8.788308200409752493e-06,-7.487468968761826276e-07
-8.066498730076087303e-06,2.502706893189986976e-08
-7.358907628379212523e-06,7.758847539444087214e-07
-1.025171010474481370e-05,-7.636600228222425403e-07
-9.515403219109925729e-06,2.514391744917853456e-08
-8.788163070424549072e-06,7.988772874392325044e-07
-1.173686627462745117e-05,-7.732139847820186945e-07
-1.099140164255797125e-05,2.534766123501260411e-08
-1.025167397393636015e-05,8.142698679765288717e-07
-1.323625497198092010e-05,-7.794652788896334647e-07
-1.248472163214181512e-05,2.558064702858393665e-08
-1.173704905670219338e-05,8.242055683142598742e-07
-1.647150245555167498e-05,-6.952208329826393237e-07
-1.625680654296417522e-05,-7.841248889644913297e-07
-1.391080320250792441e-05,2.558354109792194061e-08
-1.474448367617821372e-05,-7.832136616838720371e-07
-1.323624459893205960e-05,8.306753351046503279e-07
-1.656043542422581353e-05,-4.805649727710853195e-07
-1.605217582073076177e-05,2.549601390574608450e-08
-1.474443686040620239e-05,8.342823594145965394e-07
-1.656040691418694035e-05,5.315466497122112812e-07
-1.625677156475011429e-05,8.351102759203703932e-07
-1.647147090840997210e-05,7.462046515274139404e-07
