Size 192,2
-1.387153452526787166e-04,1.950135462610848598e-05
-1.392682295430109100e-04,1.816659016806767345e-05
-1.392681436428099223e-04,1.187437615330612488e-05
-1.387152444748274019e-04,1.053958110379638760e-05
-1.373805670817899625e-04,2.005422888996984877e-05
-1.348769629470739410e-04,1.502044404008811757e-05
-1.373804384581142602e-04,9.986690212100498865e-06
-1.279821628580743659e-04,2.005375226348967939e-05
-1.279819031075628743e-04,9.986675260158330011e-06
-1.227927437039547424e-04,1.501989981356770777e-05
-1.185834831493130104e-04,2.005019730301723963e-05
-1.185829591013708574e-04,9.988707546971917605e-06
-1.138853429665153067e-04,1.501884266266378929e-05
-1.091938086853075167e-04,2.003861825321830826e-05
-1.091931647454731056e-04,9.997831446843846571e-06
-1.045055785704445545e-04,1.501753052530517187e-05
-9.983202876522025637e-05,2.001500325461329162e-05
-9.983107594474634140e-05,1.001846689711137083e-05
-9.516563182808930664e-05,1.501568136636207401e-05
-9.052334987470215448e-05,1.997592450336527204e-05
-9.052286522948899236e-05,1.005369891133875129e-05
-8.589369097370697515e-05,1.501338301519223161e-05
-8.129831144259643688e-05,1.991872714557066905e-05
-8.129853575504237401e-05,1.010576936486337827e-05
-7.672210616355855026e-05,1.501066887238255044e-05
-7.219234714494022424e-05,1.984058706399063427e-05
-7.219266300426976056e-05,1.017762487934425358e-05
-6.768869275715957284e-05,1.500766411167087915e-05
-6.324685435238416463e-05,1.973833444923613786e-05
-6.324648757346257202e-05,1.027330847786335157e-05
-5.883829315161110107e-05,1.500436267112942121e-05
-5.450958172878004498e-05,1.960905921024466976e-05
-5.450854230667679279e-05,1.039607249789504357e-05
-5.022215679654527874e-05,1.500085517318052362e-05
-4.603201400935667901e-05,1.945110572062627794e-05
-4.603029274206574132e-05,1.054753783625267570e-05
-4.205642984297063692e-05,1.499609045549400833e-05
-3.818958322699132264e-05,1.926884637166704589e-05
-3.818698129762930553e-05,1.072944898663462817e-05
-3.531882829881630479e-05,1.531739211401907271e-05
-3.249367842721422994e-05,1.910102380004254953e-05
-3.248793574094703779e-05,1.089721528863736859e-05
-2.850577071376509845e-05,1.895659960513535846e-05
-2.923991157023752966e-05,1.636086973187163494e-05
-2.849774410214948693e-05,1.100324461553171277e-05
-2.568520206049346828e-05,1.111623634609724266e-05
3.696249906880835760e-06,1.395338034903577176e-06
3.770870542453093856e-06,1.215522607263420684e-06
3.770355081584701276e-06,5.469700406934524998e-07
3.696173716613686193e-06,3.702324628142559332e-07
-2.567527333668419287e-05,1.885564537732824740e-05
-2.319489533870784540e-05,1.862286437563890772e-05
-2.507830045563854145e-05,1.402474633668795011e-05
-2.316116539546290033e-05,1.101746988291145805e-05
3.517301889205953255e-06,1.469914885520612704e-06
3.337368841870814202e-06,7.369860666370784212e-07
3.519241129043689243e-06,2.968138133981513673e-07
-2.238160344469944713e-05,1.625666361788972021e-05
-2.079961746528710014e-05,1.809362456375774480e-05
-1.854386479630437643e-05,1.733823134956781147e-05
-2.163713969874269598e-05,1.308177749392713033e-05
-2.080966042504379829e-05,1.053132759054052116e-05
2.305491525398109568e-06,1.491818183672786888e-06
2.305530058526063547e-06,2.788320457765051421e-07
1.677732343975581160e-06,8.867948649431504647e-07
-1.646006012397150406e-05,1.632441047985029692e-05
-1.822192197505022372e-05,1.496545366822838907e-05
-1.899080565337716810e-05,1.205662767428839367e-05
-1.866830006126155505e-05,9.696945084675832264e-06
9.981354395386415273e-07,1.604208092584372216e-06
9.992627194763512975e-07,1.728985784705852969e-07
2.284461138169257361e-07,8.902979422962089277e-07
-1.454093672527345199e-05,1.512916901896178387e-05
-1.284334998449447536e-05,1.377303376733574976e-05
-1.633422214743584272e-05,1.161833456554108139e-05
-1.678885272445565494e-05,8.540864838649872022e-06
-6.530451618611957192e-07,1.843659929320287550e-06
-6.521563311151751623e-07,-5.968430285465169488e-08
-1.327647088429244459e-05,1.174570885860979574e-05
-1.137191891016986961e-05,1.225089693823467429e-05
-1.398503411944289630e-05,9.527926174225155066e-06
-1.521035540262276223e-05,7.161297804164416319e-06
-1.619483664066311612e-06,8.938665298620409467e-07
-2.766049485704059405e-06,2.187178357566826557e-06
-2.763000451838779564e-06,-3.989425089524231585e-07
-1.009461557014469973e-05,1.062414563924096618e-05
-9.079279678711983515e-06,8.959508062605509298e-06
-8.305672368576377630e-06,7.218295999954442213e-06
-1.255251074737699468e-05,7.581926717445523687e-06
-1.395680598139202922e-05,5.633567964068822260e-06
-3.685069892311772216e-06,9.008664813590278181e-07
-4.810102949776076484e-06,2.523519205301427006e-06
-4.810314601438672699e-06,-7.461708074409991606e-07
-1.001534548824504949e-05,7.205196449204773810e-06
-7.732954297073109140e-06,5.462436484467981673e-06
-6.641783301017811379e-06,2.806392883597963810e-06
-7.161468316395548090e-06,3.097207574627879179e-06
-7.423160822701299132e-06,3.700370782889913850e-06
-1.156457269003020946e-05,5.413499926073989888e-06
-1.301970356495706915e-05,4.031668816469273447e-06
-5.819229428322422813e-06,1.142079065801980128e-06
-6.688630824448840863e-06,-9.992410365541540398e-07
-8.921580801308512666e-06,4.230097691703931544e-06
-7.217377904355338818e-06,1.942337288809041160e-06
-7.834433488002897107e-06,2.889987657575485491e-06
-1.087563465338730150e-05,3.538710187494570995e-06
-1.242124842040009566e-05,2.431213189909336030e-06
-7.288727794427858376e-06,9.278139436683939675e-08
-7.238804991438937603e-06,-1.273435775492096522e-06
-9.295320680970535666e-06,1.525838558511437825e-06
-1.219575735045413911e-05,8.569649753314732279e-07
-1.227892731518582925e-05,-6.605908078761776341e-07
-8.399895396281047713e-06,-9.144495733569351565e-07
-7.565455924411070616e-06,-1.850227408252409452e-06
-7.977473788854876110e-06,-3.419344597802076162e-06
-1.077936333000727119e-05,-8.714145037489316247e-07
-8.568520173560199228e-06,-4.904456730543077465e-06
-1.268019164237855863e-05,-2.179382644336175075e-06
-9.406881241401380663e-06,-3.485330119531607192e-06
-1.147592309617741574e-05,-3.602076488038069093e-06
-9.316728545112173192e-06,-6.306638908251949951e-06
-1.334926782609698887e-05,-3.604178659049929128e-06
-1.274333852849482440e-05,-4.980476076067332383e-06
-1.135881326257732117e-05,-5.829669593022497601e-06
-1.021751641728227601e-05,-7.612117714415158824e-06
-1.126040248635452281e-05,-8.806827123367091725e-06
-1.426059714909141436e-05,-4.901489580820494873e-06
-1.357346132408508492e-05,-6.493190164652321504e-06
-1.277186227728694164e-05,-8.326582349307336015e-06
-1.243220180342801002e-05,-9.875279544379800723e-06
-1.538259628392649742e-05,-6.022646843448362845e-06
-1.503298438251155051e-05,-8.308962026785225464e-06
-1.371786022832884246e-05,-1.080376693326575830e-05
-1.510033027168668060e-05,-1.158003433792133005e-05
-1.656143025579870433e-05,-1.219351006922940216e-05
-1.668905831857333438e-05,-8.792286905339588969e-06
-1.668150684448618603e-05,-6.932676295967612969e-06
-1.636345377721532302e-05,-1.062221469208988042e-05
-1.808224361712435841e-05,-1.263708490359230946e-05
-1.964247952187384082e-05,-1.290450964618646278e-05
-1.799757635664611213e-05,-9.205747176402928321e-06
-1.811740864826230619e-05,-7.603679401359961754e-06
-2.122247463004284311e-05,-1.299307848843724524e-05
-1.946987341152215932e-05,-1.068117849635883729e-05
-1.964666147842173484e-05,-8.015410385408056672e-06
-2.157240793578336487e-05,-1.091522685544830555e-05
-2.295906208654142179e-05,-1.299125949604069491e-05
-2.122284312898648599e-05,-8.154867786965956672e-06
-2.534594789199150718e-05,-1.298927656820980498e-05
-2.346348268704166840e-05,-9.735687741701257855e-06
-2.295905971885865753e-05,-8.156708147257765032e-06
-2.862149138507531212e-05,-1.298661208901084161e-05
-2.700160187207269319e-05,-1.038507421915091721e-05
-2.534580047840698399e-05,-8.159002594543106543e-06
-3.294152510777826590e-05,-1.298564866745323575e-05
-3.078163188365997494e-05,-1.057328832180355087e-05
-2.862151047814062992e-05,-8.160724567943902525e-06
-3.744665627185845815e-05,-1.298842976853435710e-05
-3.519302167623742446e-05,-1.057254290283565812e-05
-3.294167436702068278e-05,-8.160235822732267558e-06
-4.196268300479995690e-05,-1.299536914149733274e-05
-3.970223653997024198e-05,-1.057178127776504175e-05
-3.744681095310746873e-05,-8.155851799124443836e-06
-4.649623539402040746e-05,-1.300511001733436925e-05
-4.422618503477358830e-05,-1.057122797093871254e-05
-4.196281573104000321e-05,-8.147615757227484267e-06
-5.105077140266054705e-05,-1.301660143930845197e-05
-4.876976777349113941e-05,-1.057086365787839907e-05
-4.649625921027503319e-05,-8.136960075113249463e-06
-5.562885755831160380e-05,-1.302912591379504269e-05
-5.333568334910851721e-05,-1.057068619144456933e-05
-5.105075359444598152e-05,-8.125004175746505946e-06
-6.023116326805749363e-05,-1.304115082347445172e-05
-5.792597391365767915e-05,-1.057060481695676158e-05
-5.562871502169237746e-05,-8.112216443492412921e-06
-6.485463383458850623e-05,-1.305069131999721337e-05
-6.253963021500934792e-05,-1.057062727271101629e-05
-6.023090171820945696e-05,-8.100194136585861220e-06
-6.949297532682847435e-05,-1.305703081330560902e-05
-6.717176987164414823e-05,-1.057069059558711342e-05
-6.485430407228841179e-05,-8.090565962654795506e-06
-7.944933561518442472e-05,-1.278755673972061758e-05
-7.878905688574450834e-05,-1.306103471884329660e-05
-7.157346429236460588e-05,-1.057082961794619154e-05
-7.413953212305502696e-05,-1.306029542604654981e-05
-6.949278863973979412e-05,-8.084415666818718245e-06
-7.972283465999226496e-05,-1.212730650523760387e-05
-7.816027175230416896e-05,-1.057097627108235965e-05
-7.413948205132161919e-05,-8.081459615278268301e-06
-7.972283393764240491e-05,-9.014659757121793897e-06
-7.878903770423640121e-05,-8.080905006385245566e-06
-7.944932986300488962e-05,-8.354392038503761968e-06
