Size 192,2
6.296274030281148227e-05,-7.228301434913841626e-06
6.323460294193613629e-05,-6.571982975193334108e-06
6.323488632947080700e-05,-3.478085006315814780e-06
6.296306894137324018e-05,-2.821817608020042656e-06
6.230642090242034868e-05,-7.500161134116127832e-06
6.107555927593739096e-05,-5.025083029413785466e-06
6.230682217761831436e-05,-2.549978675980809498e-06
5.768487992558984885e-05,-7.499936755164094420e-06
5.768536679934039326e-05,-2.549992461765310586e-06
5.513357445159261972e-05,-5.024575932287521600e-06
5.306357783280518751e-05,-7.496926683927712494e-06
5.306409386500992041e-05,-2.551590672385482467e-06
5.075473050888325180e-05,-5.023854630949093897e-06
4.844928062964842189e-05,-7.488413102864515331e-06
4.844922925948609333e-05,-2.558018539500674743e-06
4.614725788495245085e-05,-5.022552345293488679e-06
4.385464015586827344e-05,-7.471066192698008194e-06
4.385434322903744689e-05,-2.572644637191681623e-06
4.156838118723681053e-05,-5.020974632378702675e-06
3.929914805148145213e-05,-7.441562878798316962e-06
3.929890152587301935e-05,-2.598627838846395094e-06
3.704016578460361288e-05,-5.018971639426079455e-06
3.480658622145623701e-05,-7.398030256554067757e-06
3.480657151144657808e-05,-2.637372542639037728e-06
3.258771759359242872e-05,-5.016419436406705135e-06
3.040376767636431419e-05,-7.339151827459358488e-06
3.040347657680748423e-05,-2.690260964151535207e-06
2.823888112917052849e-05,-5.013429328877207455e-06
2.612009717540946381e-05,-7.263460070338554193e-06
2.611902045626491868e-05,-2.759515532571291557e-06
2.402462375536833250e-05,-5.010144665902718829e-06
2.198749984397861055e-05,-7.169925158236365973e-06
2.198565073104478385e-05,-2.846618943105263947e-06
1.997853453842993862e-05,-5.006507610829433000e-06
1.803923666831054731e-05,-7.058030172555213779e-06
1.803694978869051802e-05,-2.951811888272448762e-06
1.620881998918557911e-05,-5.002034504866729366e-06
1.445444646376759198e-05,-6.931397675335488964e-06
1.445173819814611225e-05,-3.075733855404716718e-06
1.315773545936461234e-05,-5.143136437565979661e-06
1.190637536008464276e-05,-6.816634529296975136e-06
1.190191773356538791e-05,-3.188247246186227705e-06
1.015808509206841137e-05,-6.719203854323170789e-06
1.046912116620107480e-05,-5.595431726330320752e-06
1.015232743363762445e-05,-3.258488981764950333e-06
8.939089653966556225e-06,-3.333106181597313853e-06
-1.030938334981734781e-06,-1.122237285567307007e-07
-1.051161817522451481e-06,-6.361170621079044182e-08
-1.051082241285502661e-06,1.174558926111025292e-07
-1.030969220292852856e-06,1.653967410433062225e-07
8.932903564305501347e-06,-6.651454545303748916e-06
7.880371713394430377e-06,-6.530168105820505136e-06
8.668185274279802108e-06,-4.581224362343179142e-06
7.856151797347575531e-06,-3.318806096481932501e-06
-9.825294355650521448e-07,-1.323190695402274699e-07
-9.337765066512126600e-07,6.623518964401361011e-08
-9.829804384139644092e-07,1.853911740902968271e-07
7.528384477253426447e-06,-5.520456584012001582e-06
6.876687282962004095e-06,-6.279285239999863620e-06
5.950382782904177426e-06,-5.944163633466709530e-06
7.212259177968285716e-06,-4.190652319238731050e-06
6.869523787791913164e-06,-3.149458334324287759e-06
-6.545561053729422129e-07,-1.376453468852017049e-07
-6.544215181217330940e-07,1.906848054273125284e-07
-4.848139921581198094e-07,2.636467160890186898e-08
5.115797711136159764e-06,-5.501196115822984348e-06
5.810915034979688294e-06,-4.959061506140785771e-06
6.122438681229106374e-06,-3.777038096973581920e-06
5.986885454978662903e-06,-2.846709651541194506e-06
-3.010170395690564116e-07,-1.679878915482947071e-07
-3.012242620369484196e-07,2.201518389999899645e-07
-9.249809230805354970e-08,2.575805807353315698e-08
4.360856674363816109e-06,-4.998475196247613035e-06
3.717012041380611821e-06,-4.446082749725140332e-06
5.056669698495787223e-06,-3.604854283454601168e-06
5.226225693666994361e-06,-2.420710957872209102e-06
1.472278439720865485e-07,-2.346768601390855357e-07
1.469844135941606614e-07,2.853451925086626343e-07
3.882332576028714930e-06,-3.647304906872974613e-06
3.181590222897070209e-06,-3.836139030112264814e-06
4.145639650964336215e-06,-2.802985314521138268e-06
4.598684374429703176e-06,-1.926787774198612956e-06
4.111373227313696331e-07,2.476552985239440802e-08
7.260227915339600393e-07,-3.318577948250803414e-07
7.249222804468245649e-07,3.813087703077660890e-07
2.726882706264922517e-06,-3.204207903455733094e-06
2.394218502820694325e-06,-2.590435131731474645e-06
2.166516863282672897e-06,-1.962998217014355388e-06
3.617704621174391626e-06,-2.084555232056789895e-06
4.107732799549415790e-06,-1.402805914857539756e-06
9.786694458269269921e-07,2.226214694307901037e-08
1.290285580571737024e-06,-4.282019995085832859e-07
1.290817976433858300e-06,4.813945009793989081e-07
2.731201066012935941e-06,-1.950954910958168494e-06
2.010103192902973721e-06,-1.358502033831036371e-06
1.784027808887948090e-06,-5.093816937119316417e-07
1.913675443967715615e-06,-5.961344446865154447e-07
1.965474739891634336e-06,-7.820299966580434399e-07
3.261162360631687577e-06,-1.329786227451960763e-06
3.736211531541728303e-06,-8.801839786809047608e-07
1.569166892693521901e-06,-4.637910730505303862e-08
1.831237632647113337e-06,5.574393923362813036e-07
2.406259548811850114e-06,-9.420062542201327122e-07
1.945402457257016010e-06,-2.643529635756522296e-07
2.101364037837205033e-06,-5.350904525839708323e-07
3.027049774511054276e-06,-7.220403846962932589e-07
3.487040492689669214e-06,-3.904571321885248007e-07
1.994059421685581024e-06,2.563427951916355981e-07
2.002700663299677586e-06,6.335142544709511516e-07
2.541989510846907410e-06,-1.202016758489151526e-07
3.378409116423103708e-06,6.620361746300237239e-08
3.337245089974424984e-06,4.763676813887699400e-07
2.322270190891457552e-06,5.445796498243973887e-07
2.110951033343787302e-06,7.808448815349368487e-07
2.257408961318071862e-06,1.156920633173254534e-06
2.950697334525087836e-06,5.504389013876012522e-07
2.443950288634419951e-06,1.472579420741632808e-06
3.379939784171516899e-06,8.736145865516936930e-07
2.616158772233342742e-06,1.185349204207193451e-06
3.092191092171911366e-06,1.210450769393831277e-06
2.639867380374506048e-06,1.752709218931185192e-06
3.472576745580983957e-06,1.210077391731238361e-06
3.335326314685117112e-06,1.501443632492177834e-06
3.069705031187434155e-06,1.666770886405739714e-06
2.854670616045368874e-06,1.976039658244671272e-06
3.063391902967465602e-06,2.152672220430939631e-06
3.591931670185650326e-06,1.495194923223258616e-06
3.470262480147300614e-06,1.781003079301238399e-06
3.336289930345098411e-06,2.073353984377564374e-06
3.281905827715514500e-06,2.283195094634045032e-06
3.734163494156466146e-06,1.718811510925559249e-06
3.678319588456428693e-06,2.061001186144029595e-06
3.488278472376082167e-06,2.384507788029759317e-06
3.675068556266534635e-06,2.446725311387512733e-06
3.852350474773476899e-06,2.471000426986627571e-06
3.878285543117025609e-06,2.122937288283280626e-06
3.882915042593750461e-06,1.881307036034941801e-06
3.842777174415351363e-06,2.327746436569571276e-06
4.005110452667218229e-06,2.480716486346547972e-06
4.135463334387357297e-06,2.466308603101092087e-06
4.012616898353174217e-06,2.173478226753367648e-06
4.021433203515709661e-06,2.002924061216904232e-06
4.251410944643813186e-06,2.440066522679309036e-06
4.141630393066292933e-06,2.304015786129636031e-06
4.148422132618087761e-06,2.087590227340812121e-06
4.280663056992156133e-06,2.312795683959798676e-06
4.344673390533908076e-06,2.401815297439160255e-06
4.262401571925058161e-06,2.129150829229589253e-06
4.441078729375731906e-06,2.363626540845588589e-06
4.381272524461488696e-06,2.250373449969714464e-06
4.346978483360264323e-06,2.166144301991604508e-06
4.498696414140203995e-06,2.305604031514770202e-06
4.486522498560656433e-06,2.280527888301162103e-06
4.440281433915593022e-06,2.213743084726827629e-06
4.469049057034015446e-06,2.242480540980063548e-06
4.501295103917105572e-06,2.284126650976464006e-06
4.498278683872012429e-06,2.267295029828633645e-06
4.335912119834729671e-06,2.186727560429268446e-06
4.419203452020024919e-06,2.283120822178219692e-06
4.469085880899853645e-06,2.325398353272895446e-06
4.108503179242336464e-06,2.137499055332654332e-06
4.237427824004762444e-06,2.281738056544373766e-06
4.336188941511662635e-06,2.378022585199875227e-06
3.797066481252986182e-06,2.093988347086576043e-06
3.966269780478713060e-06,2.280511330791874411e-06
4.108954663377355227e-06,2.424656412204416700e-06
3.411568718648099534e-06,2.055706441409916549e-06
3.616182071796343605e-06,2.279490582487037889e-06
3.797480439290749928e-06,2.466013583911862326e-06
2.960845854540688859e-06,2.022134130286739726e-06
3.196631449281013417e-06,2.278658900511510787e-06
3.411911884118135912e-06,2.502550959157495675e-06
2.452543555450461804e-06,1.993309247020703412e-06
2.715715665290159255e-06,2.277964566113698970e-06
2.961003097131517763e-06,2.534545295495661790e-06
1.895799823330956752e-06,1.970354371509951512e-06
2.181315854325037772e-06,2.277403909468621921e-06
2.452571805038791707e-06,2.562120341181256146e-06
1.303997153271195464e-06,1.955204172273239519e-06
1.604468009721959160e-06,2.276946264234712688e-06
1.895759446768433986e-06,2.583954877455511300e-06
-1.351686428646445912e-08,1.982322269059354408e-06
7.407913655876062436e-08,1.946081353116697745e-06
1.031971085911366860e-06,2.276620981151317485e-06
6.920964862787957810e-07,1.947736049200428123e-06
1.304117898337730517e-06,2.598280257656486985e-06
-4.980410222779799672e-08,2.069855845841942381e-06
1.578969960750669579e-07,2.276412874851486048e-06
6.921899007479824108e-07,2.605310144198449887e-06
-4.974251903596663988e-08,2.482930903481915960e-06
7.416020269868550456e-08,2.606721644408915021e-06
-1.344731466474065278e-08,2.570474337318770021e-06
