Size 192,2
3.426388137704187346e-05,-3.264548144610366843e-06
3.442074373076162050e-05,-2.885777534543196722e-06
3.442071319490218919e-05,-1.100437641672237049e-06
3.426384741558893376e-05,-7.216609891059237522e-07
3.388516624537478482e-05,-3.421452086594230695e-06
3.317500928072998634e-05,-1.993082844251667515e-06
3.388512691040542109e-05,-5.647525488985175185e-07
3.121863518772918805e-05,-3.422128601946777125e-06
3.121858576887713441e-05,-5.637984839722912354e-07
2.974492578592213116e-05,-1.992821777975219857e-06
2.854814183526592231e-05,-3.423904793800326568e-06
2.854794120125330069e-05,-5.612935710995984772e-07
2.721074535411926074e-05,-1.992314145241037127e-06
2.587337185247925322e-05,-3.423635640371644424e-06
2.587272222632882709e-05,-5.599751578227605005e-07
2.453488795407888975e-05,-1.991313535290955785e-06
2.320002358484396564e-05,-3.417964902886414562e-06
2.319902793372028435e-05,-5.633993505378101765e-07
2.186577278549461451e-05,-1.989956778609179450e-06
2.054035421126598350e-05,-3.404114043924110360e-06
2.053922348789659959e-05,-5.741761573079321108e-07
1.921835360154492363e-05,-1.988277542273654472e-06
1.791176701000572229e-05,-3.379636408616341135e-06
1.791070909119857961e-05,-5.951584878867248130e-07
1.661222596081551495e-05,-1.986511518100098138e-06
1.533562461470184377e-05,-3.342763726908567264e-06
1.533473621360941975e-05,-6.284948192798962629e-07
1.407043004812433315e-05,-1.984747211218867890e-06
1.283704149290575291e-05,-3.291379056590188198e-06
1.283619199173858846e-05,-6.760549989829133312e-07
1.162006573354411706e-05,-1.982666202168474528e-06
1.044524287987859230e-05,-3.223156360932866179e-06
1.044454569806355635e-05,-7.401076949693955128e-07
9.292585401178036648e-06,-1.980389455534816281e-06
8.192626590304617849e-06,-3.137061325476679858e-06
8.191725715684279867e-06,-8.219738873805901799e-07
7.162398907567900629e-06,-1.977633110997139428e-06
6.191733183842391348e-06,-3.037016207794144129e-06
6.190360993320293135e-06,-9.216478394133035793e-07
5.479990834733249786e-06,-2.053561669964713239e-06
4.811449050192218089e-06,-2.945431670415875497e-06
4.808339045845141792e-06,-1.013027202959626364e-06
3.892580931253166476e-06,-2.867999369919488192e-06
4.047601825812925640e-06,-2.288607978756325381e-06
3.888562353880606414e-06,-1.070029079341221771e-06
3.267120161765723499e-06,-1.129950108954127185e-06
-1.823543729168664387e-07,-1.517494363701098398e-07
-1.865982884658889794e-07,-1.415012983922395570e-07
-1.865945847926528338e-07,-1.034257406776272700e-07
-1.823823236948275640e-07,-9.337214750954389372e-08
3.261614435099142443e-06,-2.814609335029092404e-06
2.736757916390940871e-06,-2.736706318587573875e-06
3.120795524307271057e-06,-1.764675462099954493e-06
2.717726622456413592e-06,-1.145777523942596046e-06
-1.721493044679782979e-07,-1.560179087412145488e-07
-1.618442403715237122e-07,-1.143604041222506070e-07
-1.723153300235167555e-07,-8.924320870360892200e-08
2.555949416548165908e-06,-2.228476514621000155e-06
2.245942207955232372e-06,-2.591599700302540756e-06
1.807994114701387246e-06,-2.414246854860188671e-06
2.398915451914338879e-06,-1.578252353892462342e-06
2.235298002217171376e-06,-1.090430237862103004e-06
-1.028977561763733835e-07,-1.573522684544695038e-07
-1.030568915943707707e-07,-8.901254277570660297e-08
-6.755323902966763625e-08,-1.235771514320643998e-07
1.428905193004581477e-06,-2.184909536492032445e-06
1.736762362429078185e-06,-1.939760649770653364e-06
1.881789518126938491e-06,-1.389153320982684898e-06
1.816306997818322291e-06,-9.779681091347384154e-07
-2.991411417126974000e-08,-1.626512511616111888e-07
-3.023883374852334638e-08,-8.544679024894526289e-08
1.118842365144833622e-08,-1.245388780688294557e-07
1.096748564333618329e-06,-1.939177936139653295e-06
8.314648244467975823e-07,-1.682176693079757059e-06
1.397093385647012650e-06,-1.314723540876563202e-06
1.466327356577902171e-06,-8.127015354144111087e-07
5.719536644706725312e-08,-1.736410359931247505e-07
5.695104274431776000e-08,-7.640221733556097391e-08
9.010051986721668506e-07,-1.329225249728843180e-06
6.270411344149808360e-07,-1.405666221756099000e-06
1.006790484284153971e-06,-9.777267001013119708e-07
1.186501914404587350e-06,-6.311512961866402422e-07
1.059398380411318296e-07,-1.255410976285846657e-07
1.630076105987550580e-07,-1.895864430351014490e-07
1.623910304317584394e-07,-6.211792316621713921e-08
4.611152524562064638e-07,-1.134124814513995990e-06
3.616286605863368518e-07,-8.934913924885857656e-07
3.144190004881453038e-07,-6.580361094708409475e-07
8.004655482743355130e-07,-6.959090093515954827e-07
9.731482365842048796e-07,-4.550171779673329447e-07
2.080844325908826180e-07,-1.269527188023137317e-07
2.623614192792362568e-07,-2.046017104946475227e-07
2.629422333959647131e-07,-4.629432201503015055e-08
4.881100991607754657e-07,-6.479455333467379900e-07
2.929806136549706821e-07,-4.522428798369751651e-07
3.314629787510700778e-07,-2.154484108376932605e-07
3.379952899383324511e-07,-2.333998194260823919e-07
3.258874772411815888e-07,-2.793111806600347242e-07
6.665167951343352261e-07,-4.326154051065181780e-07
8.086267088373894555e-07,-2.990657441844553048e-07
3.099455275651771419e-07,-1.400361503108300283e-07
3.736816081400060805e-07,-3.201301123897516273e-08
4.178793500582941359e-07,-3.162283930675192865e-07
3.593673843789119911e-07,-1.701056893991727052e-07
3.680780030524162581e-07,-2.194980070938378801e-07
5.894268325253441811e-07,-2.540393773355139660e-07
6.899025457785765627e-07,-1.784828902923661228e-07
3.964216563182903355e-07,-7.953156502042194851e-08
4.213748382693224843e-07,-2.105891239479886239e-08
4.704442796343741358e-07,-1.178718451779219624e-07
6.279322617453603877e-07,-8.666301942956663406e-08
5.551326243124925412e-07,-3.239898629113317150e-08
4.680756313789993073e-07,-2.460078205080811301e-08
4.572674138605248622e-07,-1.235123045639363205e-08
5.161816990332324140e-07,-1.793033823714378211e-08
5.284239461493734498e-07,-4.531936459253765540e-09
5.715597055896527807e-07,-7.567883308903298497e-08
4.873880698467053659e-07,5.721183109613675103e-09
5.301141259167255558e-07,-1.689228147989204992e-09
4.948006559160498840e-07,-3.914862040234751223e-09
5.914773100049688368e-07,-1.528102809885416196e-07
3.974556459302697549e-07,-3.462290649063401016e-09
4.109563844458520251e-07,-5.779399101647902765e-08
5.049711002129156226e-07,-1.124506560076842185e-07
5.876969903351820430e-07,-2.760638562615181502e-07
5.306724440358772962e-07,-4.264600459085851106e-07
2.624863261832636019e-07,-3.870405733869474185e-08
3.236164479485948556e-07,-1.712028250775589175e-07
4.062363086032267071e-07,-3.758641541641574330e-07
4.443241714576080017e-07,-6.012757297934418211e-07
8.690679106365977509e-08,-9.856835876185493148e-08
1.274738188862379156e-07,-3.848464983627268352e-07
3.035812717684234466e-07,-7.706634343505614296e-07
1.015369530347398184e-07,-9.453660126551918831e-07
-1.419453681236352348e-07,-1.120924924631726624e-06
-1.492540326269716216e-07,-4.585653370722006470e-07
-1.410064005619598868e-07,-1.727110420780630170e-07
-8.797685987959062955e-08,-7.890594170102605888e-07
-4.418010190093519744e-07,-1.259702900034723184e-06
-7.901537811607591463e-07,-1.374239843228906540e-06
-4.027891750847749689e-07,-5.253807116481291718e-07
-4.321557781972924599e-07,-2.233357390842933192e-07
-1.167195693416753514e-06,-1.444319062888595362e-06
-7.209186255118160200e-07,-8.421909572953914941e-07
-7.735870852072049528e-07,-2.377036347794840993e-07
-1.245824570257021324e-06,-9.091654926133248972e-07
-1.634583241861950330e-06,-1.501217031094196173e-06
-1.151755805342286875e-06,-2.215496015477500057e-07
-2.326519049178150982e-06,-1.557545248733948267e-06
-1.756330566974160463e-06,-5.889273782237017039e-07
-1.632084346450606681e-06,-1.637182332733337556e-07
-3.391809238632803622e-06,-1.642315574188800987e-06
-2.840425796859887441e-06,-7.680699705615900622e-07
-2.328691610316034021e-06,-8.912439856977520013e-08
-4.953815681757676405e-06,-1.729867622321051554e-06
-4.148064386730572187e-06,-8.260773117924993606e-07
-3.392986286252013449e-06,-5.949725413198007958e-09
-6.721610266970709836e-06,-1.799125532760044711e-06
-5.816494586020119334e-06,-8.245163190154212029e-07
-4.954411391101981790e-06,8.034988600046666046e-08
-8.602923403903029150e-06,-1.852357805835246672e-06
-7.645668140141602271e-06,-8.237607853706423490e-07
-6.721968807149056840e-06,1.509673260360470182e-07
-1.057021723680064464e-05,-1.891575929983767627e-06
-9.574400393193120356e-06,-8.230507675574271195e-07
-8.603226844213923707e-06,2.055242561107859903e-07
-1.259921920141042313e-05,-1.919198413243291838e-06
-1.157604411985902043e-05,-8.224149465808619082e-07
-1.057031376537141050e-05,2.460263280837075091e-07
-1.467108902032285212e-05,-1.937821351528792876e-06
-1.362926276349775957e-05,-8.216779324831149813e-07
-1.259920409844773298e-05,2.751191878431169619e-07
-1.677174918595477542e-05,-1.949808284968860356e-06
-1.571765230148807813e-05,-8.207972871737037430e-07
-1.467124430799639040e-05,2.954355359170144454e-07
-1.889111962892283213e-05,-1.957224526353324447e-06
-1.782919529138622021e-05,-8.198962348697050285e-07
-1.677215850199175216e-05,3.092916560627918335e-07
-2.102202349519563990e-05,-1.961536379209136797e-06
-1.995528698503665099e-05,-8.191743033299224971e-07
-1.889157195914504690e-05,3.182196404503008377e-07
-2.560152848421153631e-05,-1.838042316000496570e-06
-2.529782149649421441e-05,-1.963831707899570247e-06
-2.197862781470988924e-05,-8.187894327408646657e-07
-2.315889031539955731e-05,-1.963453946612274315e-06
-2.102213206001140076e-05,3.235724921630052093e-07
-2.572732797179240702e-05,-1.534351807081205328e-06
-2.500852628965156686e-05,-8.185030867095906828e-07
-2.315888687142089386e-05,3.262140594175662402e-07
-2.572725950570456973e-05,-1.026854212004097567e-07
-2.529776158556926559e-05,3.267661086984834562e-07
-2.560145936022165198e-05,2.009857003822681868e-07
