Size 192,2
-1.408643240780696492e-04,1.862571614176293129e-05
-1.414246239837156562e-04,1.727303206384559595e-05
-1.414246308340066883e-04,1.089640761359235466e-05
-1.408643339971718100e-04,9.543742525892009326e-06
-1.395116416588469731e-04,1.918601869746757081e-05
-1.369745218917594568e-04,1.408473830808201868e-05
-1.395116614186987141e-04,8.983451134996696497e-06
-1.299870471467054586e-04,1.918600192627873587e-05
-1.299871545380412187e-04,8.983800353905190415e-06
-1.247285553600109651e-04,1.408508869564810409e-05
-1.204627353492204392e-04,1.918397452288188513e-05
-1.204627951111304459e-04,8.986543687207559529e-06
-1.157021099517775253e-04,1.408539275460194443e-05
-1.109453333021471149e-04,1.917638864357487988e-05
-1.109459569641953078e-04,8.994743992483161102e-06
-1.061926553543988705e-04,1.408558550633494226e-05
-1.014483079822654722e-04,1.915975054814707764e-05
-1.014494499990212652e-04,9.011481647164794551e-06
-9.671221230487905861e-05,1.408556559494681152e-05
-9.199193840194646102e-05,1.913021029465128924e-05
-9.199307428742927437e-05,9.040807637530490356e-06
-8.728451918064242005e-05,1.408552781387404828e-05
-8.260414646650370398e-05,1.908389551111580620e-05
-8.260475367635164478e-05,9.087155695408020758e-06
-7.794148583615310522e-05,1.408567402803888125e-05
-7.331954531841227318e-05,1.901763908069672963e-05
-7.331958813838396270e-05,9.153927243741798815e-06
-6.872079479521678888e-05,1.408594812120633856e-05
-6.417756338630884285e-05,1.892821121981162573e-05
-6.417766430195466422e-05,9.244004287803703735e-06
-5.966521388640831208e-05,1.408622593439450832e-05
-5.522565787716770749e-05,1.881092799218667301e-05
-5.522570397212128588e-05,9.361737096137228204e-06
-5.082612198527710842e-05,1.408628321777728288e-05
-4.651947647629229974e-05,1.866030288577074246e-05
-4.651899738524235963e-05,9.513040094614005058e-06
-4.243290408465424392e-05,1.408502659540691362e-05
-3.845556794817388664e-05,1.847756601403848460e-05
-3.845419478716484706e-05,9.702771007664022217e-06
-3.550384666294849280e-05,1.441790029869230933e-05
-3.260130085565415267e-05,1.830242823977117769e-05
-3.259629126344154484e-05,9.883718857000906352e-06
-2.851010802092302014e-05,1.814741573713809592e-05
-2.926047599193156375e-05,1.548973163455340081e-05
-2.850228468421081186e-05,1.000090351731168376e-05
-2.562294742275626850e-05,1.012656953267775571e-05
3.612561704245441704e-06,4.941818996026098926e-07
3.684381027141339446e-06,3.214376193744798210e-07
3.683970749139570585e-06,-3.219550148399980983e-07
3.612516199572001913e-06,-4.922861383587729174e-07
-2.561094447030310697e-05,1.803777392697589120e-05
-2.307827855714071738e-05,1.779357134294324975e-05
-2.499812157612364639e-05,1.310021315609867789e-05
-2.304139768751830786e-05,1.003727249287730270e-05
3.440585070980028962e-06,5.656233866193953367e-07
3.267309939589079853e-06,-1.400125572851122749e-07
3.442039466134005322e-06,-5.633967639495503900e-07
-2.224573930704396086e-05,1.537687554084608840e-05
-2.063752701584174962e-05,1.724499023942265241e-05
-1.834612209467086734e-05,1.646992961685025879e-05
-2.148603574474728449e-05,1.214347124089594204e-05
-2.064485905526591215e-05,9.556498714879070377e-06
2.275022421611241997e-06,5.844244437556289982e-07
2.274087978294169646e-06,-5.840291264735906546e-07
1.670188994910484826e-06,4.379557431150240627e-12
-1.623691976112291753e-05,1.543184834442209031e-05
-1.801675997264993694e-05,1.405662077503011022e-05
-1.879703460308796610e-05,1.110697216181065949e-05
-1.846915083724846228e-05,8.725161683932417192e-06
1.014979738201216067e-06,6.924007880867446765e-07
1.015128763908386374e-06,-6.922434144642514062e-07
2.696532360078834631e-07,1.163767160477644530e-10
-1.429947570032066677e-05,1.421545717322199724e-05
-1.259364196391975991e-05,1.284159456514523193e-05
-1.610805130702033775e-05,1.066669889696663918e-05
-1.656538614135648764e-05,7.569395451959072133e-06
-5.856261485138283308e-07,9.264669112666514528e-07
-5.857178192108064988e-07,-9.262759622065716125e-07
-1.302969126827300214e-05,1.079511339985436084e-05
-1.112098762999156285e-05,1.130277904517046678e-05
-1.374150917457846092e-05,8.565470837970579871e-06
-1.497118665702404144e-05,6.193519076286331261e-06
-1.527511401314864326e-06,3.540399977740723257e-10
-2.647473667218456087e-06,1.264630726145108181e-06
-2.645429346918903748e-06,-1.266740600876487226e-06
-9.845338909280454303e-06,9.665290839342790779e-06
-8.838472214422723184e-06,7.998579540908029337e-06
-8.075997526787908327e-06,6.258275155673879562e-06
-1.230667826843924058e-05,6.617483220558410992e-06
-1.370856533742691675e-05,4.674656681102105788e-06
-3.547016266038243129e-06,4.532774846275324969e-09
-4.650722604691962860e-06,1.597158854392745846e-06
-4.651848380324991118e-06,-1.614995113060131666e-06
-9.774765840794813110e-06,6.243196774724353087e-06
-7.513409197814529053e-06,4.510583278067073330e-06
-6.449937442905888975e-06,1.877853218985845948e-06
-6.959994059553878241e-06,2.165518807907983736e-06
-7.214977604984128646e-06,2.762122512986461472e-06
-1.131944473840937851e-05,4.457766518969385799e-06
-1.276538033144589817e-05,3.087025948190381608e-06
-5.641743810091347438e-06,2.398520150433812928e-07
-6.499800674841893699e-06,-1.869831520451373339e-06
-8.695154570329291196e-06,3.285183943868826889e-06
-7.016830675213923981e-06,1.026911718773683296e-06
-7.623385998223925827e-06,1.961197504902081417e-06
-1.063399779775564541e-05,2.599748341891827636e-06
-1.216295320351556611e-05,1.505970534885233825e-06
-7.090079200404613273e-06,-7.956085658363319543e-07
-7.042507280672192703e-06,-2.141607479893494066e-06
-9.068969491662059041e-06,6.130703618584267671e-07
-1.193531910348666812e-05,-4.613139590682371406e-08
-1.201252234685720257e-05,-1.540373083212620498e-06
-8.187582197431570778e-06,-1.789521311939754352e-06
-7.365547961744176734e-06,-2.711133992645441045e-06
-7.772843514238664682e-06,-4.257193139995179299e-06
-1.053420566123879126e-05,-1.749088834930459611e-06
-8.356359752559820015e-06,-5.718768351109828260e-06
-1.240511968505831756e-05,-3.036648819992367735e-06
-9.181593441302872438e-06,-4.322591471979270883e-06
-1.121872620648841045e-05,-4.437167168133181496e-06
-9.093183718863611124e-06,-7.097913442437437990e-06
-1.306174568979586015e-05,-4.438916985595601449e-06
-1.246494914849972303e-05,-5.793012772189752758e-06
-1.110271235556097091e-05,-6.628583701227627829e-06
-9.979787341916656799e-06,-8.381587564117373915e-06
-1.100530268761586623e-05,-9.555994513996451644e-06
-1.395674167816612976e-05,-5.715108766311083396e-06
-1.328056811585635371e-05,-7.280475285058081080e-06
-1.249172194381890114e-05,-9.083542808993417820e-06
-1.215752304537465338e-05,-1.060672889473145235e-05
-1.505938324935384535e-05,-6.817358606999849682e-06
-1.471503598615270779e-05,-9.065664736953296047e-06
-1.342138448550442452e-05,-1.151994522968780947e-05
-1.478073720750589950e-05,-1.228383252736606219e-05
-1.621803665162704881e-05,-1.288847585857527409e-05
-1.634367126275681806e-05,-9.540667124460020784e-06
-1.633651840363027567e-05,-7.711598235172148908e-06
-1.602301637056455724e-05,-1.134141029941269789e-05
-1.771470187694310132e-05,-1.332603657859516801e-05
-1.925136884650935468e-05,-1.359085463079141563e-05
-1.763115608197538903e-05,-9.947125868899990553e-06
-1.774939614933777234e-05,-8.370437570560639311e-06
-2.080816335081673747e-05,-1.367950667794231953e-05
-1.908058372826401864e-05,-1.139992855694137351e-05
-1.925519064449738901e-05,-8.773919337258413788e-06
-2.115289320893809098e-05,-1.163078090520287135e-05
-2.252099667736503705e-05,-1.367950201025191644e-05
-2.080816657147580134e-05,-8.909788094941403455e-06
-2.487710320808747818e-05,-1.367949688878516036e-05
-2.301816444184564062e-05,-1.046725003793103707e-05
-2.252099848682999556e-05,-8.909789726264763881e-06
-2.811438696862424028e-05,-1.367949113072295773e-05
-2.651271292133909613e-05,-1.110818810459931800e-05
-2.487710436418168726e-05,-8.909791443278246298e-06
-3.238690885507542524e-05,-1.367948676584834269e-05
-3.025064875474153429e-05,-1.129464023179592400e-05
-2.811438785061321744e-05,-8.909792193940768755e-06
-3.683938888488216611e-05,-1.367948454844331451e-05
-3.461314921294802305e-05,-1.129463823641232763e-05
-3.238690949826762369e-05,-8.909791674757332888e-06
-4.129186904288279669e-05,-1.367948343634116593e-05
-3.906562908600710220e-05,-1.129463679273545572e-05
-3.683938933940283066e-05,-8.909790396655693404e-06
-4.574434964811182252e-05,-1.367948278182194316e-05
-4.351810940949591393e-05,-1.129463579517091999e-05
-4.129186935606879726e-05,-8.909789090273448320e-06
-5.019683054923658222e-05,-1.367948232226088201e-05
-4.797059015483461113e-05,-1.129463511256785399e-05
-4.574434986219328775e-05,-8.909788082816138673e-06
-5.464931155993262951e-05,-1.367948197790162783e-05
-5.242307110603013786e-05,-1.129463464979591964e-05
-5.019683069421850908e-05,-8.909787410141325415e-06
-5.910179258049164363e-05,-1.367948172685100474e-05
-5.687555211145387262e-05,-1.129463433940821438e-05
-5.464931165708577712e-05,-8.909786990561347625e-06
-6.355427358186253579e-05,-1.367948155506117459e-05
-6.132803311010670382e-05,-1.129463413449602480e-05
-5.910179264458182238e-05,-8.909786732667389497e-06
-6.800675456613843961e-05,-1.367948144647750878e-05
-6.578051409207576422e-05,-1.129463400317565857e-05
-6.355427362289561713e-05,-8.909786572444998722e-06
-7.754409470063420402e-05,-1.341754174315907806e-05
-7.691171651393676097e-05,-1.367948136496911222e-05
-7.000119159805168352e-05,-1.129463392742475840e-05
-7.245923554245586580e-05,-1.367948138611514575e-05
-6.800675459084838290e-05,-8.909786473489812229e-06
-7.780603432207634296e-05,-1.278516355607921827e-05
-7.630967515456596624e-05,-1.129463387924789267e-05
-7.245923555333904655e-05,-8.909786417365929222e-06
-7.780603432254120820e-05,-9.804104201113362829e-06
-7.691171651768545774e-05,-8.909786396963095950e-06
-7.754409470201429852e-05,-9.171726017147414686e-06
