Size 192,2
-5.411349422402859303e-05,8.614543376387255068e-06
-5.431584886382705314e-05,8.126126660537780948e-06
-5.431617547151524060e-05,5.823806189884916014e-06
-5.411386529761037383e-05,5.335441178483987706e-06
-5.362500972108821497e-05,8.816843598398007214e-06
-5.270902010250890413e-05,6.975065031476335995e-06
-5.362544762196640505e-05,5.133168833191889552e-06
-5.018565670687643421e-05,8.816435847032206842e-06
-5.018637661764157714e-05,5.134349905566650000e-06
-4.828813885760839075e-05,6.975730337799897484e-06
-4.674947139352055438e-05,8.813888404268052345e-06
-4.675054641782637552e-05,5.138421356774457231e-06
-4.503420028486717166e-05,6.976884239179948935e-06
-4.332233283314731027e-05,8.808645664828837284e-06
-4.332341528724736516e-05,5.146413680925673226e-06
-4.161365072877875297e-05,6.978349254225539366e-06
-3.991041454595422038e-05,8.800568144848631855e-06
-3.991179605870481307e-05,5.157777180559006806e-06
-3.821149234611076392e-05,6.980084434211313077e-06
-3.651959053109887478e-05,8.789644643427143401e-06
-3.652101946522619551e-05,5.172344670164362566e-06
-3.483302901636201623e-05,6.981898888338768505e-06
-3.315527586580029284e-05,8.775906042147256481e-06
-3.315676037694424201e-05,5.189926662543539779e-06
-3.148394081655847852e-05,6.983905878870680939e-06
-2.982329545948821044e-05,8.759312117282967396e-06
-2.982438624334241521e-05,5.210306930054594928e-06
-2.816938469663108485e-05,6.985923168251962312e-06
-2.652826353744774156e-05,8.740002669022710235e-06
-2.652892848357746842e-05,5.233695398996737553e-06
-2.489438585526103107e-05,6.987978766529335559e-06
-2.327559872187357588e-05,8.717364291677835492e-06
-2.327594075438911637e-05,5.260625002679134856e-06
-2.166503409683976890e-05,6.990009903560433441e-06
-2.007212733577629915e-05,8.689944264885469675e-06
-2.007253885045907893e-05,5.292296577288149491e-06
-1.855296969729957750e-05,6.991704032904101502e-06
-1.705376163742664092e-05,8.656905599354371218e-06
-1.705411763962445476e-05,5.330302589386172902e-06
-1.593595414993475421e-05,7.121356301734901772e-06
-1.481491169714915721e-05,8.624850393535733243e-06
-1.481455744351627622e-05,5.366010770533150336e-06
-1.321759461110253876e-05,8.595913433507763285e-06
-1.352070837357868336e-05,7.544566544564768028e-06
-1.321652001812300950e-05,5.389414102818394903e-06
-1.207340694739740011e-05,5.414491999502841836e-06
1.945896243338197284e-06,6.973238430179640508e-07
1.984683232736360449e-06,6.038630817993513069e-07
1.984351272673122538e-06,2.563155567566620305e-07
1.945772084234767491e-06,1.644360788470958089e-07
-1.207070171809692851e-05,8.575077525964489275e-06
-1.104845902986648051e-05,8.497666862807631770e-06
-1.183405762687673939e-05,6.601359867791240813e-06
-1.104271047971375121e-05,5.351883612279449520e-06
1.852893512142443041e-06,7.360752999894335898e-07
1.759367138010018128e-06,3.549993759306497619e-07
1.853789518151634386e-06,1.262249895996621302e-07
-1.071887085332769590e-05,7.527468300668313362e-06
-1.005126944901659024e-05,8.300886477193924359e-06
-9.096993286431569105e-06,8.001341445737930280e-06
-1.041216547297553814e-05,6.205761852961223205e-06
-1.006433658637354987e-05,5.122552902822194897e-06
1.223200160892320351e-06,7.471248147516812061e-07
1.222973184527720698e-06,1.159502734804701620e-07
8.964549374826550690e-07,4.318074937750072062e-07
-8.198943615028291641e-06,7.593784182471179485e-06
-8.966507367428884734e-06,7.006507791254312912e-06
-9.295043814262319177e-06,5.766696570728614605e-06
-9.161057042200104831e-06,4.738725332660192762e-06
5.424243596720518676e-07,8.057759540086827167e-07
5.425866008495416387e-07,5.836985017852525421e-08
1.401267780113868063e-07,4.321697468315371310e-07
-7.361121425525966620e-06,7.097908300309741615e-06
-6.601383888994032992e-06,6.521180601153680326e-06
-8.151521977996616639e-06,5.575555670273343410e-06
-8.357294669531889730e-06,4.212039421021475918e-06
-3.210000776415309393e-07,9.310241906507470779e-07
-3.211572755979019361e-07,-6.692337333741370799e-08
-6.794384303236827059e-06,5.637582657695876646e-06
-5.925020260170839170e-06,5.865973490725291030e-06
-7.115876708305925139e-06,4.647780870925693567e-06
-7.673555092667333044e-06,3.572103918953453838e-06
-8.282293319336708196e-07,4.319881256301912623e-07
-1.430210696462665414e-06,1.110966876196260867e-06
-1.429485608488776048e-06,-2.489238929123723456e-07
-5.329930648795346782e-06,5.150341060540178243e-06
-4.834074165105099215e-06,4.392222238984633076e-06
-4.435185474174034717e-06,3.587471475564035778e-06
-6.462966426470464725e-06,3.762231264117896470e-06
-7.125489947732704531e-06,2.845525116108261142e-06
-1.913815957617263791e-06,4.333468484593268565e-07
-2.506302662485068410e-06,1.288086377619176454e-06
-2.506585771027027563e-06,-4.345323737617326458e-07
-5.267277529152469812e-06,3.587140769923404729e-06
-4.129766695776601982e-06,2.753809170425215854e-06
-3.486580247468264615e-06,1.438351158020951285e-06
-3.774553630106636756e-06,1.588128945763306869e-06
-3.931059465543097371e-06,1.892552434698564937e-06
-6.007164506826619929e-06,2.739564148048392647e-06
-6.720476899816292028e-06,2.062159915370644988e-06
-3.039205149028713140e-06,5.580099718297851918e-07
-3.481154515462388596e-06,-5.679568993590109301e-07
-4.705337062977408737e-06,2.162375766147686770e-06
-3.789939575420548478e-06,9.856775990843116427e-07
-4.130951541804423167e-06,1.481691947368245083e-06
-5.677586988850314657e-06,1.819422002592417681e-06
-6.473120614782745199e-06,1.252833111574763350e-06
-3.802212941152021270e-06,1.160990280926796636e-08
-3.755144267017599241e-06,-7.148797480122231540e-07
-4.877355618515553201e-06,7.898387232279573288e-07
-6.393767361420274204e-06,4.356268385024141599e-07
-6.496870777330471368e-06,-3.793546792504601232e-07
-4.374814659797151967e-06,-5.153928686955406140e-07
-3.912257630636337359e-06,-1.034452934285276201e-06
-4.100533303595907328e-06,-1.925323698455777211e-06
-5.671105142443688587e-06,-4.767715103605054530e-07
-4.393085376844359520e-06,-2.807135784873986788e-06
-6.775243038943823827e-06,-1.208647851283050035e-06
-4.896882935804563673e-06,-1.950640399603232427e-06
-6.090678992018187496e-06,-2.019403420134098665e-06
-4.801727898639096837e-06,-3.656778888026706044e-06
-7.220379281990430601e-06,-2.021281073038807112e-06
-6.868784583226966577e-06,-2.839403532893288545e-06
-6.018682335650478580e-06,-3.358393244395142094e-06
-5.314144834284170531e-06,-4.484537425976829448e-06
-5.946237162025087258e-06,-5.269045998604485133e-06
-7.833927968634252651e-06,-2.782178753500364092e-06
-7.402246652290801099e-06,-3.778361961431302062e-06
-6.890951725097462017e-06,-4.961722409772998608e-06
-6.672038046322301939e-06,-5.997351080472454602e-06
-8.594283471750468543e-06,-3.462270435702383737e-06
-8.369046409047272000e-06,-4.959812369669082136e-06
-7.501043813447475920e-06,-6.642017858367371192e-06
-8.426479954567353301e-06,-7.202699782088538593e-06
-9.423728408718302370e-06,-7.669400626266394556e-06
-9.500672650857538740e-06,-5.286625696769836439e-06
-9.489881760913067938e-06,-4.033057617604517537e-06
-9.274739774388170610e-06,-6.551771094104599319e-06
-1.049228482909300531e-05,-8.014229788517483261e-06
-1.161357578246231450e-05,-8.241331740430303456e-06
-1.041749338785054775e-05,-5.568490372974527012e-06
-1.050464007503312998e-05,-4.452478276458324138e-06
-1.276429750489761454e-05,-8.336863576841102629e-06
-1.146999177461474803e-05,-6.621562697935119236e-06
-1.160449669026762438e-05,-4.700471679529019091e-06
-1.301579876854071422e-05,-6.800040944871338120e-06
-1.406137347794576564e-05,-8.371473429862866835e-06
-1.275402035277712681e-05,-4.772359866189246785e-06
-1.587398694008146046e-05,-8.406065742659135103e-06
-1.442898121265450942e-05,-5.918634884603542614e-06
-1.405897698748410479e-05,-4.738983455732795818e-06
-1.843176590199520373e-05,-8.458552842554993386e-06
-1.715137733924791032e-05,-6.408322579330073464e-06
-1.587434495942053654e-05,-4.696214990186130817e-06
-2.190265107715987222e-05,-8.515815754848213745e-06
-2.015129852371274892e-05,-6.555596035759147861e-06
-1.843174175638928228e-05,-4.648062881802050356e-06
-2.561204603535788325e-05,-8.566339927992545726e-06
-2.374222461362150249e-05,-6.556823380773504721e-06
-2.190237453485204726e-05,-4.595892517109963697e-06
-2.940618696951841576e-05,-8.611289119332429150e-06
-2.749535831043913657e-05,-6.558453320095426779e-06
-2.561167284075990680e-05,-4.549078766115306217e-06
-3.327653211929591006e-05,-8.651966550528643766e-06
-3.132887743346822435e-05,-6.560132425761117842e-06
-2.940563738203099507e-05,-4.507377234459507364e-06
-3.721558248320971181e-05,-8.688663520836936466e-06
-3.523467384589407700e-05,-6.561877119332748764e-06
-3.327576618916175367e-05,-4.470082120467281107e-06
-4.121709903401801485e-05,-8.721364281509638941e-06
-3.920621237799747560e-05,-6.563409274386522409e-06
-3.721498942932569513e-05,-4.436504930980777430e-06
-4.527316792576548831e-05,-8.749120914460698748e-06
-4.323657666678186245e-05,-6.564864652957523866e-06
-4.121668380978521019e-05,-4.406810932033082723e-06
-4.937317960331625839e-05,-8.770473875074799282e-06
-4.731662942356877242e-05,-6.566301998889973253e-06
-4.527273411954752381e-05,-4.382049075834534096e-06
-5.350386076700845082e-05,-8.784684545457269983e-06
-5.143433167315801638e-05,-6.567607565378000139e-06
-4.937272236040075814e-05,-4.363549135729196966e-06
-6.239597714613282170e-05,-8.549315920215664518e-06
-6.180617013124120509e-05,-8.793587957553746317e-06
-5.536011107207435418e-05,-6.568532717517781789e-06
-5.765212103645954450e-05,-8.791957644401330078e-06
-5.350353648170666683e-05,-4.351611896107546010e-06
-6.264028714315647095e-05,-7.959559821537708199e-06
-6.124427141010937840e-05,-6.569261418841116798e-06
-5.765194778718533763e-05,-4.345856164645393353e-06
-6.264025911824795949e-05,-5.178999999518536189e-06
-6.180609380654591609e-05,-4.344903586334594730e-06
-6.239593483045260567e-05,-4.589199675958030499e-06
