Size 192,2
7.565846853076909988e-05,-1.138742319129382765e-05
7.593902827317106888e-05,-1.071005040229307132e-05
7.593893208084943696e-05,-7.516840588881275979e-06
7.565836276464589115e-05,-6.839486393291828678e-06
7.498112069836589935e-05,-1.166800395929310431e-05
7.371063742206804715e-05,-9.113456810593753893e-06
7.498101079419898247e-05,-6.558917456946555726e-06
7.021198374772875418e-05,-1.166828181186805031e-05
7.021186509481924863e-05,-6.559055951187281103e-06
6.757879140603119915e-05,-9.113920120023556230e-06
6.544214193881573685e-05,-1.166882466614409925e-05
6.544235757769802987e-05,-6.559846021530008247e-06
6.305737982845948623e-05,-9.114468079926059084e-06
6.067276271635668413e-05,-1.166822968115248704e-05
6.067373744259293907e-05,-6.561785734541691685e-06
5.828914453405185177e-05,-9.115326011264050888e-06
5.590720865245110970e-05,-1.166534488297266393e-05
5.590842748737670200e-05,-6.566273468755252720e-06
5.352717320566026117e-05,-9.116154142814806676e-06
5.115133313642390196e-05,-1.165873204040961078e-05
5.115236767718417079e-05,-6.574288536713553067e-06
4.877843875613529145e-05,-9.116795286977551145e-06
4.641245106121039805e-05,-1.164750382352593787e-05
4.641309945077479529e-05,-6.586289250488495458e-06
4.405093468861793338e-05,-9.117026739453075199e-06
4.169956105688380843e-05,-1.163060553870144879e-05
4.169997081458167354e-05,-6.603300430100586036e-06
3.935447865458720110e-05,-9.117001941530758751e-06
3.702366546485622852e-05,-1.160714742372483318e-05
3.702352684999900588e-05,-6.626166152199556951e-06
3.470074067924944986e-05,-9.116624827295577704e-06
3.239694978888816272e-05,-1.157643886382574688e-05
3.239644839295168107e-05,-6.656160609350355326e-06
3.010280786025716613e-05,-9.116005289114553230e-06
2.783303349690581673e-05,-1.153689004288110962e-05
2.783240199157433644e-05,-6.694798833249451358e-06
2.566624215037494486e-05,-9.114935638953425862e-06
2.352850419066244528e-05,-1.148736239074955349e-05
2.352782078674005786e-05,-6.744804648666435482e-06
2.193325471452269257e-05,-9.296695864546800105e-06
2.033554238555966036e-05,-1.143749524757605481e-05
2.033388057022442717e-05,-6.795073713241932304e-06
1.806039147111728187e-05,-1.139095184346972274e-05
1.849048673812439547e-05,-9.896195523145786407e-06
1.805743179047727810e-05,-6.829218147269679678e-06
1.643142229096380332e-05,-6.867472558721444728e-06
-2.543466043015922992e-06,-4.260348697296035197e-07
-2.593612403587360839e-06,-3.053992815014173071e-07
-2.593309579800753959e-06,1.437214563608557622e-07
-2.543429226360433698e-06,2.625866727074981083e-07
1.642842054016903272e-05,-1.135674437778981119e-05
1.497720212537017661e-05,-1.124228451585423926e-05
1.608996404103084005e-05,-8.553317929616756924e-06
1.496599882922476891e-05,-6.782381763210783809e-06
-2.423374242893069515e-06,-4.759427535304907457e-07
-2.302494812699561763e-06,1.662926287286785616e-08
-2.424449717389059028e-06,3.121696948923170463e-07
1.450786093146299868e-05,-9.864392388142087100e-06
1.356437800798035640e-05,-1.095725597640764273e-05
1.221601357518621874e-05,-1.052808539146082922e-05
1.407154220353109449e-05,-7.992577449763860423e-06
1.357875279526716889e-05,-6.463799888166077189e-06
-1.609855930353771619e-06,-4.894941230109588049e-07
-1.609390744271802589e-06,3.261645959499461758e-07
-1.187911497933883237e-06,-8.185686283975568227e-08
1.095279515856126012e-05,-9.945521749458081261e-06
1.202971095890198796e-05,-9.120488824359415853e-06
1.249195125344446115e-05,-7.373080230194538313e-06
1.230093629697375563e-05,-5.930498976057540540e-06
-7.303612277650099698e-07,-5.661290194006761138e-07
-7.306722440441405327e-07,4.015543501663120036e-07
-2.097274424695122663e-07,-8.274318256541377580e-08
9.777414291069433874e-06,-9.240963663681317858e-06
8.718145762831768774e-06,-8.426292434639207893e-06
1.088232089842208263e-05,-7.103668594200296674e-06
1.116695000131960266e-05,-5.198706438696195589e-06
3.888349796477877998e-07,-7.324072731184400738e-07
3.885643146995502293e-07,5.659401555760061513e-07
8.986971990846002033e-06,-7.186749112141216073e-06
7.782520215011848067e-06,-7.503561317076577500e-06
9.432247306049957534e-06,-5.806900476697085958e-06
1.020457394382379345e-05,-4.314817431338742014e-06
1.048803744181035978e-06,-8.388185968816584420e-08
1.835345275083905647e-06,-9.733753982412711746e-07
1.833731066518806355e-06,8.064360152997840287e-07
6.962390496022244643e-06,-6.500712491769111810e-06
6.288412765885744303e-06,-5.449054455802775172e-06
5.755351788627775938e-06,-4.337881651100836774e-06
8.526200693333614588e-06,-4.577779900808424300e-06
9.434042669012403419e-06,-3.319095389392622870e-06
2.467351338354346663e-06,-8.748461887222995020e-08
3.245182937743453641e-06,-1.211532112227247063e-06
3.245150577693329972e-06,1.053052199753202931e-06
6.885786060432188437e-06,-4.335253207211914096e-06
5.351462212021569761e-06,-3.195555636174080048e-06
4.528837545121809143e-06,-1.414671200746198241e-06
4.903244086029749448e-06,-1.616020242201033971e-06
5.102600545918292806e-06,-2.025993625893322682e-06
7.895496935879827143e-06,-3.173537425236362324e-06
8.861266417216430276e-06,-2.255680114283096545e-06
3.944214362232610997e-06,-2.534799546709689527e-07
4.532961446327107777e-06,1.231974943719574682e-06
6.134375779182947679e-06,-2.388152988848016346e-06
4.928808807004040779e-06,-8.168118830657358658e-07
5.373915190457201872e-06,-1.475117054950182817e-06
7.444345540401411085e-06,-1.926381146389079393e-06
8.504833691738782777e-06,-1.169674761865915883e-06
4.954355734018136767e-06,4.696739255334067630e-07
4.899731757342063002e-06,1.426009320626038363e-06
6.370334710620587729e-06,-5.499438863539836194e-07
8.382491538402964286e-06,-8.367816831968298335e-08
8.495009929655268817e-06,9.872027804831363419e-07
5.715673211129521173e-06,1.166989337874231572e-06
5.112355096901600628e-06,1.843409954662575330e-06
5.369778771583007689e-06,2.998500440480609960e-06
7.415415411986652221e-06,1.121434735981960082e-06
5.761112691411743745e-06,4.130297160054558181e-06
8.838164715652783247e-06,2.071769223344821676e-06
6.407077135912299158e-06,3.034711630948706102e-06
7.949425219624754317e-06,3.121486606941294166e-06
6.293438205198139806e-06,5.215489696727587088e-06
9.394692881601547481e-06,3.122232802229731137e-06
8.939986422573382901e-06,4.171285825007326750e-06
7.854428541867868063e-06,4.835139703573041729e-06
6.955234871873671173e-06,6.265177293600712659e-06
7.760874136910501846e-06,7.254504170115908249e-06
1.016325676856995200e-05,4.098305721619940984e-06
9.612828870246402317e-06,5.364568936134391338e-06
8.961754811647290703e-06,6.863892487485603992e-06
8.683458556222373219e-06,8.171706167372121130e-06
1.111807562014087215e-05,4.963298571329652080e-06
1.082971877912548400e-05,6.856973575114635872e-06
9.730928739145183607e-06,8.982750282897521677e-06
1.089771127123785340e-05,9.687769054185552304e-06
1.215593993883332603e-05,1.027687560743837846e-05
1.225530667785522860e-05,7.267016002266544614e-06
1.224418988965465956e-05,5.684426808090007410e-06
1.196834605400507184e-05,8.864969023296322413e-06
1.350335324050611316e-05,1.071322492088363404e-05
1.492095928952833084e-05,1.100334956307790720e-05
1.341043908555716617e-05,7.620940411590977756e-06
1.352211107959265259e-05,6.211576031895995622e-06
1.637718237670282993e-05,1.112748950189420898e-05
1.473789068151580869e-05,8.951359258944045094e-06
1.491036667373576174e-05,6.519693592558830057e-06
1.669553812749345809e-05,9.176646563142635239e-06
1.802442408373666283e-05,1.117639438318703324e-05
1.636439643074300750e-05,6.605296566067278693e-06
2.033299383468857113e-05,1.122528695977527797e-05
1.849061171165133135e-05,8.054430560853878052e-06
1.802239838638998275e-05,6.555767110534942279e-06
2.360576166439716365e-05,1.130020506294658026e-05
2.196495484827575611e-05,8.674687197381749458e-06
2.033496956273713596e-05,6.490830946683235402e-06
2.806553220717495687e-05,1.137976203968044435e-05
2.581306632041673347e-05,8.860191279669625832e-06
2.360682320268512002e-05,6.416953569208550689e-06
3.284398364331024041e-05,1.144572946824199913e-05
3.043437592567970853e-05,8.858623318369548903e-06
2.806607542503193801e-05,6.338155047842174185e-06
3.773407081789607068e-05,1.149900928166963337e-05
3.527218024808776060e-05,8.857952244007672132e-06
3.284418443586749738e-05,6.270721442652157362e-06
4.271225143995259260e-05,1.153919774078583847e-05
4.021055713250700847e-05,8.857643305675156809e-06
3.773416365289765183e-05,6.216543990648331955e-06
4.775278728616804059e-05,1.156684051695004736e-05
4.522407185906879100e-05,8.857587031135256527e-06
4.271228107910487689e-05,6.175980063336848938e-06
5.283287748488984235e-05,1.158435602865295795e-05
5.028765740186084851e-05,8.857882942701299754e-06
4.775267829760931627e-05,6.148575846687713392e-06
5.793607991710823205e-05,1.159485439758208888e-05
5.538150187198445857e-05,8.858383055557095913e-06
5.283271604957074345e-05,6.131887023786706141e-06
6.305216802624038781e-05,1.160115349462972925e-05
6.049238772179237159e-05,8.859005936958931662e-06
5.793587033933224746e-05,6.122519505791920919e-06
6.817553177485451480e-05,1.160491765036706842e-05
6.561285713540219999e-05,8.859659998994027903e-06
6.305195727971525763e-05,6.117515006085756043e-06
7.915961912986244173e-05,1.130584114985838690e-05
7.843125342843753223e-05,1.160752261854787184e-05
7.047165424809246628e-05,8.860232837398439955e-06
7.330255408268474676e-05,1.160692592198737117e-05
6.817532556682622804e-05,6.115023578768040861e-06
7.946132062420485621e-05,1.057750203444035667e-05
7.773769667161811779e-05,8.860698172734765790e-06
7.330244096238472732e-05,6.114019612752224364e-06
7.946131683856137240e-05,7.143907892238359042e-06
7.843121594059428538e-05,6.113838335588968750e-06
7.915960598016633380e-05,6.415536556622802859e-06
