Size 192,2
-1.220039665191239892e-04,1.663461038380516921e-05
-1.224903850736761262e-04,1.546035557764534205e-05
-1.224900935026015502e-04,9.924561440673200307e-06
-1.220036395386245499e-04,8.750288727152361084e-06
-1.208296498825407310e-04,1.712098390284400682e-05
-1.186267307832512537e-04,1.269238554671985995e-05
-1.208292785319909875e-04,8.263905553749087890e-06
-1.125612163169738500e-04,1.711976654320140098e-05
-1.125606934504504430e-04,8.264796366397597898e-06
-1.079968488807748101e-04,1.269223825824062245e-05
-1.042958525885876917e-04,1.711555740531668830e-05
-1.042951314943421789e-04,8.268791440911048949e-06
-1.001656646416096533e-04,1.269191236719049438e-05
-9.604152447640769527e-05,1.710543337508664406e-05
-9.604127232304230115e-05,8.278461786532885893e-06
-9.192092826773425940e-05,1.269180091605321793e-05
-8.781163434530871983e-05,1.708649139872548471e-05
-8.781149371293340015e-05,8.297021641958577420e-06
-8.370941306263357084e-05,1.269162233151673284e-05
-7.962564154135004339e-05,1.705614046172181371e-05
-7.962544372175668216e-05,8.326789103582194981e-06
-7.555283916559139661e-05,1.269139845725812224e-05
-7.150763407101698302e-05,1.701143211955550414e-05
-7.150691739534292238e-05,8.370697508672179962e-06
-6.747758411931520438e-05,1.269089856412339257e-05
-6.348596220730767944e-05,1.694927104858426605e-05
-6.348513548089503651e-05,8.431854196170972729e-06
-5.951531114470172765e-05,1.269003653370387497e-05
-5.559565684423724383e-05,1.686643026595843216e-05
-5.559539214812466758e-05,8.513098591344519999e-06
-5.170468443917135287e-05,1.268904036400191542e-05
-4.787882230239253747e-05,1.676016828642067934e-05
-4.787924022880816642e-05,8.617369649341293485e-06
-4.408924606829872341e-05,1.268805151628927573e-05
-4.037977954791564057e-05,1.662845001734924224e-05
-4.037985489245223989e-05,8.747566974280720860e-06
-3.685997893369696328e-05,1.268623637169950319e-05
-3.343209955828250405e-05,1.647334111423269198e-05
-3.343115656343816365e-05,8.906936815682099158e-06
-3.088740364822818198e-05,1.297295189328110060e-05
-2.838188966012968273e-05,1.632656586115792106e-05
-2.837766847045410324e-05,9.057617592241595580e-06
-2.484784476510378695e-05,1.619664680791570120e-05
-2.549740030718061916e-05,1.389884593810943772e-05
-2.484097119084134993e-05,9.155017470538219629e-06
-2.235087214224054181e-05,9.259809799554748476e-06
3.173353341215937517e-06,7.907058186012345091e-07
3.236123489344549498e-06,6.396038480820839171e-07
3.235740952835788692e-06,7.741695077959897507e-08
3.173322513792495460e-06,-7.131202517376033378e-08
-2.234116558861013707e-05,1.610470819000220949e-05
-2.014848198650546010e-05,1.589595157642562689e-05
-2.181188739622484313e-05,1.183251560198282922e-05
-2.011746182033364043e-05,9.178294374679903174e-06
3.022957279305450921e-06,8.532810573696431112e-07
2.871714564882251164e-06,2.367857895659006366e-07
3.024441991352969818e-06,-1.332590148076434669e-07
-1.942854037780670129e-05,1.380419042288593049e-05
-1.803359753604066856e-05,1.542425401874482712e-05
-1.604554927210795345e-05,1.475482796084664369e-05
-1.877065437008071630e-05,1.100219595412688111e-05
-1.804109929962334261e-05,8.756538072871517255e-06
2.004496110344158069e-06,8.709989037695919493e-07
2.004093049660358417e-06,-1.500065285279734862e-07
1.476421714947661684e-06,3.611291022550690200e-07
-1.421294004626253925e-05,1.385734327800184055e-05
-1.576074053842068656e-05,1.266219201656579802e-05
-1.643807617379694966e-05,1.010135202757350579e-05
-1.615391874916844835e-05,8.029448744322143088e-06
9.037466894147294427e-07,9.672892228683257788e-07
9.044749062947285096e-07,-2.430123129901957290e-07
2.527407485559243319e-07,3.631760268395424073e-07
-1.252778899515717769e-05,1.280302419170013567e-05
-1.104134835225878351e-05,1.161004287593396945e-05
-1.410212499650085956e-05,9.717742925532035694e-06
-1.450113759728822908e-05,7.019953961168871145e-06
-4.955030130551153561e-07,1.175158841529250406e-06
-4.950119979642735583e-07,-4.467696787697444925e-07
-1.142132201000511124e-05,9.829947222101062136e-06
-9.755324451112749699e-06,1.027259157652273246e-05
-1.204241606630118939e-05,7.886822155214314191e-06
-1.311557167630032867e-05,5.816489878306670019e-06
-1.319764521195305464e-06,3.654028489923364574e-07
-2.301930694823750231e-06,1.475877287552585882e-06
-2.299475678396444705e-06,-7.455181882378525818e-07
-8.640134750077270299e-06,8.846690713094451818e-06
-7.756650287443501765e-06,7.391341574163031080e-06
-7.084884055950475148e-06,5.870072759670621286e-06
-1.079007694499254775e-05,6.185789044879822219e-06
-1.201687363590937823e-05,4.485102624004650042e-06
-3.090578873537939209e-06,3.707994143571088823e-07
-4.060618597085831695e-06,1.771918108235970852e-06
-4.060972109788679260e-06,-1.052641545441964137e-06
-8.574958082267155297e-06,5.857862543389924449e-06
-6.588168909786284232e-06,4.338627109861903704e-06
-5.644370321955337893e-06,2.022716719472056444e-06
-6.094831560905959968e-06,2.277129247169166963e-06
-6.321299129764087731e-06,2.802904161028622982e-06
-9.927557331909465997e-06,4.294327248485041840e-06
-1.119631054624490580e-05,3.090815934954450389e-06
-4.931312117213624595e-06,5.790755304565982511e-07
-5.684880131040530116e-06,-1.277926928778148346e-06
-7.624608348908256512e-06,3.264002930866460329e-06
-6.143324045076531959e-06,1.273966740062633691e-06
-6.679570821982129934e-06,2.097928312566082347e-06
-9.327006400645937315e-06,2.662326474102455847e-06
-1.067289225260922355e-05,1.699307634646335619e-06
-6.205054434748615114e-06,-3.316401593774327642e-07
-6.161060123819703062e-06,-1.518083712579394164e-06
-7.950824581654203656e-06,9.126447935003256538e-07
-1.047627339756606526e-05,3.316250109714941320e-07
-1.055039899051280451e-05,-9.875061351146086286e-07
-7.170887760840005848e-06,-1.207112126594453648e-06
-6.444146830950257992e-06,-2.022168507217263202e-06
-6.800228840352578451e-06,-3.392223793563833959e-06
-9.243556905124674519e-06,-1.170114134174840784e-06
-7.312904416138596436e-06,-4.690683909193952556e-06
-1.090308207855976453e-05,-2.310172993242414580e-06
-8.046444866973112599e-06,-3.449086544020793428e-06
-9.852271926226795304e-06,-3.551246663084760421e-06
-7.964097857188620546e-06,-5.917541379891454698e-06
-1.149058084077105293e-05,-3.553169143956063989e-06
-1.096127107216113582e-05,-4.756214213127025382e-06
-9.749153474602317691e-06,-5.499490259340542774e-06
-8.749500514863494822e-06,-7.062427194746506756e-06
-9.661341047917201654e-06,-8.112090042773551881e-06
-1.229143269023612352e-05,-4.686457795585217016e-06
-1.168894866337842895e-05,-6.081266297410287241e-06
-1.098541708385051015e-05,-7.690715573875538534e-06
-1.068710875409859116e-05,-9.053220792398722152e-06
-1.327800591437423423e-05,-5.667278629184527205e-06
-1.297065219105632776e-05,-7.675858227686041465e-06
-1.181479622838147338e-05,-9.872118904324977598e-06
-1.303012069755316925e-05,-1.055881504400932368e-05
-1.431683001619462648e-05,-1.110466063890529473e-05
-1.442841234573665862e-05,-8.101268570281851023e-06
-1.442171880213622211e-05,-6.464502048088647419e-06
-1.414105953209606896e-05,-9.715240557397072333e-06
-1.565896690248650769e-05,-1.150064615042110536e-05
-1.703964911469687301e-05,-1.174277577065739458e-05
-1.558259201461522855e-05,-8.465416128385836570e-06
-1.568901442162841010e-05,-7.051531914579941960e-06
-1.843990512477531530e-05,-1.182658783170032514e-05
-1.688395995223309842e-05,-9.770921206334827857e-06
-1.704165524029468878e-05,-7.409809510359586409e-06
-1.874935071802777989e-05,-9.980102180250835498e-06
-1.998466694433012326e-05,-1.183193242314362518e-05
-1.843839745445356393e-05,-7.529061097694621502e-06
-2.211413690244501331e-05,-1.183790324201748646e-05
-2.043155060852761825e-05,-8.930561196413940709e-06
-1.998398411768040832e-05,-7.525133300003128356e-06
-2.505148013424812297e-05,-1.184764815949411812e-05
-2.359541695833230221e-05,-9.510682516094421253e-06
-2.211388483660313043e-05,-7.519382751897324851e-06
-2.894495890393782340e-05,-1.185772850289873948e-05
-2.699564384516110995e-05,-9.681063622427461859e-06
-2.505138684464547691e-05,-7.512319290783276291e-06
-3.301506168771891297e-05,-1.186421087353489178e-05
-3.097830976005607969e-05,-9.682581608705566204e-06
-2.894478624626000579e-05,-7.505798611496724189e-06
-3.709007216629723577e-05,-1.186545492144051515e-05
-3.505235003992892976e-05,-9.684126225953216898e-06
-3.301472448500466866e-05,-7.502591169994196037e-06
-4.115950327215660493e-05,-1.186054224389384445e-05
-3.912643774800140568e-05,-9.685509679002476637e-06
-3.708953524371553660e-05,-7.504354415091622722e-06
-4.521187351458633163e-05,-1.184978519810766076e-05
-4.318924098427509280e-05,-9.686518952073771126e-06
-4.115904901473830299e-05,-7.511537054582270719e-06
-4.923738126125026885e-05,-1.183434819075800219e-05
-4.722972360968848350e-05,-9.687129619249602766e-06
-4.521160965138785602e-05,-7.523786615562502839e-06
-5.322942977203313488e-05,-1.181672035070356441e-05
-5.123929014791678266e-05,-9.687472536225632112e-06
-4.923732483583165076e-05,-7.540213238245893015e-06
-5.718741669637072712e-05,-1.180061448801057031e-05
-5.521382612878430649e-05,-9.687613132566567629e-06
-5.322952383225570407e-05,-7.558338873421226941e-06
-6.111747360702373408e-05,-1.178854268914542204e-05
-5.915633156465313473e-05,-9.687692119389985310e-06
-5.718754023793746073e-05,-7.574739505213522741e-06
-6.949140225861216475e-05,-1.155092132465978920e-05
-6.893646605014664092e-05,-1.178082304771732700e-05
-6.287186915334448537e-05,-9.687769305496343262e-06
-6.503012799266040794e-05,-1.178211594728868975e-05
-6.111745943618190663e-05,-7.586985985818769826e-06
-6.972125673995002465e-05,-1.099592209825960072e-05
-6.840842860958263965e-05,-9.687921444055662236e-06
-6.503003511655203325e-05,-7.593529918590972892e-06
-6.972117667605371599e-05,-8.379973698724839455e-06
-6.893636849092947994e-05,-7.595061976998927612e-06
-6.949131404763570473e-05,-7.824968650727965561e-06
