Size 192,2
5.641859765544940283e-05,-7.238760985446616203e-06
5.666728707336778125e-05,-6.638411226329535313e-06
5.666697451922585047e-05,-3.808101451113126633e-06
5.641823951307408844e-05,-3.207710309389477850e-06
5.581820762201215939e-05,-7.487424876128799525e-06
5.469162180326029107e-05,-5.223201075199443232e-06
5.581778144643892073e-05,-2.959029728701171981e-06
5.159005633972297249e-05,-7.486482185330200851e-06
5.158956517434990332e-05,-2.960048685055455598e-06
4.925626234168775875e-05,-5.223492315464679115e-06
4.736579995131356236e-05,-7.481004914475098945e-06
4.736523233364794418e-05,-2.966063050406388062e-06
4.525757816373375737e-05,-5.223669271862216521e-06
4.315760784592274533e-05,-7.467866987963205948e-06
4.315707747554734701e-05,-2.979404325618199509e-06
4.106259270973634714e-05,-5.223876713649342859e-06
3.898178335446779810e-05,-7.445633751605827242e-06
3.898054415786885308e-05,-3.001802275861490628e-06
3.690859960268362522e-05,-5.223789123451909337e-06
3.485646745218442280e-05,-7.412806388805338892e-06
3.485512828637992279e-05,-3.034782914851616458e-06
3.281531557913884030e-05,-5.223652457503204776e-06
3.080260415987424305e-05,-7.368166260930694425e-06
3.080161154162686647e-05,-3.079275692331693251e-06
2.880457295946625622e-05,-5.223308834623762788e-06
2.684278511414338732e-05,-7.310662201985999444e-06
2.684246607919701092e-05,-3.135827856280180229e-06
2.489984466462332333e-05,-5.222859788978807381e-06
2.300114338061265906e-05,-7.239615488479260099e-06
2.300123258326752459e-05,-3.205722015548307289e-06
2.112577645477975964e-05,-5.222394010614692916e-06
1.930412809409679217e-05,-7.153364412899948005e-06
1.930393152845855142e-05,-3.290551769109295784e-06
1.751074195342861725e-05,-5.221586934597144194e-06
1.578099272695454287e-05,-7.050545512349169439e-06
1.578035735476727275e-05,-3.392019459888384519e-06
1.415127878663497090e-05,-5.219911566484722668e-06
1.259127302165335750e-05,-6.934173370796703304e-06
1.259020358737963737e-05,-3.511001663402167144e-06
1.144043396179127492e-05,-5.347044106260716232e-06
1.033251914741902875e-05,-6.828251467524142865e-06
1.032935938808456121e-05,-3.619261984779319408e-06
8.788623489591200187e-06,-6.737488609222435879e-06
9.061539252615268702e-06,-5.747841479068315386e-06
8.784044034079518132e-06,-3.687525921460949996e-06
7.716520518335492638e-06,-3.759884664524267707e-06
-8.625469454933638031e-07,-1.070169715254512945e-06
-8.803730767218517768e-07,-1.026927766643473560e-06
-8.801398181296755231e-07,-8.672398923029963981e-07
-8.624656494012402606e-07,-8.252489043273147093e-07
7.709651866285300759e-06,-6.674180019996418247e-06
6.787355266832667854e-06,-6.564262420231597901e-06
7.475866715244972445e-06,-4.856493658254843071e-06
6.764996495978563736e-06,-3.754596120784061048e-06
-8.195852795240161084e-07,-1.088278671476102871e-06
-7.768159822444711522e-07,-9.133852556627246077e-07
-8.203838339427670716e-07,-8.080892994896456891e-07
6.477747785228940146e-06,-5.678932264672983874e-06
5.910484672196252323e-06,-6.340022231711102089e-06
5.105290801465973197e-06,-6.044642249332493420e-06
6.201179459043742629e-06,-4.518081165000502462e-06
5.903148713394541448e-06,-3.615338698131362013e-06
-5.300272742656797719e-07,-1.095691284766998378e-06
-5.307662182664823087e-07,-8.060414883953475802e-07
-3.804413410953189250e-07,-9.524660874707430057e-07
4.383777259614768096e-06,-5.655327589015213460e-06
4.982873140820911032e-06,-5.186612664153153525e-06
5.253553974223954762e-06,-4.161768197851717305e-06
5.135840695048988941e-06,-3.361460116080412731e-06
-2.179318259302694152e-07,-1.124694188493872188e-06
-2.189247524502937364e-07,-7.836219715479220833e-07
-3.486266814517751569e-08,-9.558437173115777858e-07
3.733971902624191378e-06,-5.217545715958376638e-06
3.184026894582561594e-06,-4.739779455940502646e-06
4.332340808437615993e-06,-4.015333105758491360e-06
4.477848119061392410e-06,-3.001314306563937148e-06
1.751739175996982885e-07,-1.183337750837734535e-06
1.742444381758799419e-07,-7.316844181675387065e-07
3.325826868672301529e-06,-4.052380687974846280e-06
2.729657829732078836e-06,-4.213914583963884180e-06
3.551043669200100821e-06,-3.330575626607864961e-06
3.937740793589587096e-06,-2.585258870849498376e-06
4.043531777616840294e-07,-9.591113719114689807e-07
6.761077915333857173e-07,-1.265157493892041994e-06
6.745982862094664785e-07,-6.551318266824170938e-07
2.345216907503055020e-06,-3.673053870639642635e-06
2.067503542446745547e-06,-3.151958994593162951e-06
1.879801321414739318e-06,-2.620703868894840132e-06
3.102549618250791357e-06,-2.721151436880444909e-06
3.517111530253709943e-06,-2.145896902651323924e-06
8.929508374829922991e-07,-9.628119675045832626e-07
1.157429745851334958e-06,-1.343125958635688101e-06
1.157509524012689573e-06,-5.764536306695220947e-07
2.353309844242451439e-06,-2.609457013483848499e-06
1.751904765079266969e-06,-2.112544733585811433e-06
1.571202343108352047e-06,-1.406283401989462827e-06
1.677845200551940973e-06,-1.476942600031619896e-06
1.718964000343014925e-06,-1.630696118302381667e-06
2.800638526168640571e-06,-2.085761227182500516e-06
3.199162431011252401e-06,-1.709434441656975897e-06
1.393318814851246643e-06,-1.021246507063214384e-06
1.614065839535135928e-06,-5.174619130085775126e-07
2.084505145904566006e-06,-1.762807455475224367e-06
1.705992234378434464e-06,-1.201348431517341539e-06
1.833163045434169362e-06,-1.425234934167474523e-06
2.603972674927910778e-06,-1.577943729494911062e-06
2.985649987763366007e-06,-1.302412738106075266e-06
1.749654494031127452e-06,-7.686658974255369707e-07
1.759582322896014205e-06,-4.561247978487661036e-07
2.200403199175784318e-06,-1.078316401885060919e-06
2.891620376361007760e-06,-9.238629058592579274e-07
2.849907839817253151e-06,-5.862803312164629912e-07
2.023268969918412153e-06,-5.295617300924274551e-07
1.851706478361526987e-06,-3.378079222425016266e-07
1.978236969368356551e-06,-3.771043415687232582e-08
2.536067537308641054e-06,-5.231021550038966702e-07
2.136268645737638072e-06,2.071566970598357237e-07
2.875379432845044075e-06,-2.617884432145725901e-07
2.268177358730781457e-06,-1.258216342684356986e-08
2.645694145605748171e-06,7.473886950316617427e-09
2.297146537321780760e-06,4.209695959683650206e-07
2.937290564127139534e-06,7.543160279680420675e-09
2.829271819010202628e-06,2.338969650741633448e-07
2.629935905850488125e-06,3.582921762688783466e-07
2.469818941294277503e-06,5.820489602260500517e-07
2.629945363302617690e-06,7.014180114777318512e-07
3.013469375023733446e-06,2.322952294053621886e-07
2.925347174865106082e-06,4.423040683335999258e-07
2.830909923370661162e-06,6.456639605341650667e-07
2.793317387962116428e-06,7.787438271480865678e-07
3.101092015765189859e-06,4.044939039571400978e-07
3.063287638164930666e-06,6.351108369330786726e-07
2.938503908505475061e-06,8.330556727938848524e-07
3.057292555892835969e-06,8.541006150157253907e-07
3.160635595477405047e-06,8.428852823591030961e-07
3.180000377807677293e-06,6.738364076522001693e-07
3.184567522836359166e-06,5.252530261359929794e-07
3.162167302172991397e-06,7.839156455985172120e-07
3.233899409642168229e-06,8.258885932178124285e-07
3.278912779115169739e-06,7.925955227381102264e-07
3.246428018359924361e-06,7.042199413910321115e-07
3.247974591378374187e-06,6.172675800422229287e-07
3.306612580900607069e-06,7.574096200280485451e-07
3.296793006004854949e-06,7.553726095991684039e-07
3.292232276767310826e-06,6.859731323867924338e-07
3.316547121047195479e-06,7.506610962516802546e-07
3.297664506847057501e-06,7.141396573898881415e-07
3.318389156605962195e-06,7.245889892259758872e-07
3.248348209389579419e-06,6.708701237206878659e-07
3.305844312557000805e-06,7.587411904540332233e-07
3.299919030193624267e-06,7.675156655867085190e-07
3.093356757681178862e-06,6.052188963598586467e-07
3.188883897295370136e-06,7.510937493829570205e-07
3.247112166597359067e-06,8.233882982875783098e-07
2.767627358523340484e-06,5.357958177180155226e-07
2.950067829171108290e-06,7.438486591856930078e-07
3.092759985678803164e-06,8.863305576799635122e-07
2.315900531758974184e-06,4.785884640141532186e-07
2.559255214574419799e-06,7.443059893417891574e-07
2.767380622384951674e-06,9.530908756952540308e-07
1.769317494594603026e-06,4.328477865596035171e-07
2.056936236170405981e-06,7.442930024377808662e-07
2.315835534543102983e-06,1.010040901974553436e-06
1.147533898091407519e-06,3.977983783566300084e-07
1.469423048802799011e-06,7.441789020535332479e-07
1.769394823931213109e-06,1.055637424290583885e-06
4.707600406402391185e-07,3.731552102680812983e-07
8.167953912705669584e-07,7.440553528604662885e-07
1.147670534306842222e-06,1.090449007037224105e-06
-2.415266096661838961e-07,3.587721998543188719e-07
1.189881792342177726e-07,7.441068524148258888e-07
4.707386426425760707e-07,1.114952249672410984e-06
-9.717139352433097815e-07,3.526068625388728629e-07
-6.048770400799614555e-07,7.442534368155173732e-07
-2.415984594210083706e-07,1.129534333848944567e-06
-1.706979974257833561e-06,3.516569095526042131e-07
-1.339279730860492922e-06,7.444879005424643281e-07
-9.718191181255356359e-07,1.136129741770606233e-06
-2.440106276894964472e-06,3.531308345825392274e-07
-2.074150936932820744e-06,7.446759717940983822e-07
-1.707046501174933839e-06,1.137545140803695530e-06
-4.000362685201292206e-06,3.978542336694326724e-07
-3.897001478318006433e-06,3.550330243501895539e-07
-2.767387025501566974e-06,7.447773749505624288e-07
-3.169681751021428547e-06,3.546690067553185818e-07
-2.440128154473596874e-06,1.136354080677241075e-06
-4.043174621590906113e-06,5.012292949512826147e-07
-3.798696849162530005e-06,7.448518639953689942e-07
-3.169698992147347797e-06,1.134959241663031973e-06
-4.043170589158448980e-06,9.884753844357662695e-07
-3.897004143758931795e-06,1.134661328814563657e-06
-4.000360309160598054e-06,1.091843541330575726e-06
