Size 192,2
-1.439383034822559507e-05,3.283751875864896268e-06
-1.442226878968667197e-05,3.215097373222898874e-06
-1.442227374385558640e-05,2.891614480287058184e-06
-1.439384077854206176e-05,2.822984720601271803e-06
-1.432517586833249834e-05,3.312190116294717873e-06
-1.419651714098402472e-05,3.053379483740736314e-06
-1.432520277963216409e-05,2.794559421166101436e-06
-1.384208781815126533e-05,3.312240111285117376e-06
-1.384214093500665847e-05,2.794688668015544410e-06
-1.357575168063893787e-05,3.053419328739965526e-06
-1.335954768343366141e-05,3.312654902537310851e-06
-1.335984792374061582e-05,2.794488107786651191e-06
-1.311807235305868478e-05,3.053412338130823319e-06
-1.287551366596157692e-05,3.314476988045850473e-06
-1.287590491965835593e-05,2.792586967333714468e-06
-1.263196202959944748e-05,3.053437731601955007e-06
-1.238613720647213739e-05,3.318440171485270674e-06
-1.238645066936303875e-05,2.788537454720513102e-06
-1.213835810914274378e-05,3.053404279079157581e-06
-1.188728332326854444e-05,3.324274643126872945e-06
-1.188770894897670308e-05,2.782541835507326433e-06
-1.163394821236786015e-05,3.053258311236396439e-06
-1.137564847503166353e-05,3.332093202052947126e-06
-1.137656109032992838e-05,2.774226652163380121e-06
-1.111524715140154057e-05,3.053213982762072525e-06
-1.084736170593807374e-05,3.343540932978795785e-06
-1.084798935566045253e-05,2.762238857421531267e-06
-1.057605347668724405e-05,3.053005515246039807e-06
-1.029382666603806691e-05,3.360933880294034735e-06
-1.029357416326254589e-05,2.744030055151847361e-06
-1.000491928595002039e-05,3.052408830860864405e-06
-9.700059526061956676e-06,3.386976215165487520e-06
-9.699098193426610400e-06,2.716855582066380918e-06
-9.384691080662858288e-06,3.051602500929951436e-06
-9.047480471423906297e-06,3.422862794225283457e-06
-9.046731399384532846e-06,2.679533161525136543e-06
-8.711680765868880000e-06,3.051097368053750678e-06
-8.349662879986882738e-06,3.466877188628117331e-06
-8.349372499124718328e-06,2.632248256531480248e-06
-8.070330316419428599e-06,3.085523413020579145e-06
-7.758215771392534796e-06,3.509185064350502055e-06
-7.759069499512239327e-06,2.587397925747806834e-06
-7.286436657600241970e-06,3.546765943898668382e-06
-7.391071392493282172e-06,3.214934482346338917e-06
-7.288247453685606285e-06,2.558399984004608158e-06
-6.922489779207927619e-06,2.527146040855389830e-06
1.425057330329188482e-06,-4.101872502566405267e-07
1.454366615108513095e-06,-4.804885632749229776e-07
1.454282966306512248e-06,-7.433464712181519120e-07
1.425077803317837014e-06,-8.131122283098504642e-07
-6.925428242094062550e-06,3.573556526270205234e-06
-6.572105868490663997e-06,3.578031229832827334e-06
-6.859656899306279679e-06,2.918147229955577435e-06
-6.583932183696335766e-06,2.463277032856714003e-06
1.355015101659874436e-06,-3.812511094912579357e-07
1.283929122449073232e-06,-6.696350981729423816e-07
1.355308452986185770e-06,-8.424622608977282732e-07
-6.467909488800749427e-06,3.249410514177109497e-06
-6.208490598480676720e-06,3.547129880255990576e-06
-5.832936447424504386e-06,3.463681735452248993e-06
-6.362100479112653877e-06,2.764709674981751970e-06
-6.229132554466216603e-06,2.327179674359062871e-06
8.787150985806462490e-07,-3.755832652901746055e-07
8.778064631884296037e-07,-8.523404063378342319e-07
6.312909870339727087e-07,-6.148967767273037665e-07
-5.448772330743548002e-06,3.340315401676433189e-06
-5.791844586579992179e-06,3.086317758490690671e-06
-5.926728081413818846e-06,2.578817101262761345e-06
-5.878030507731141165e-06,2.116287994598941903e-06
3.647184169506342063e-07,-3.352269127082638966e-07
3.643790471418853459e-07,-8.960490696052178433e-07
6.274597841645146225e-08,-6.163539000681172209e-07
-5.070869573292254819e-06,3.160547251422500506e-06
-4.694802040895510463e-06,2.924968894150087863e-06
-5.439925074957802311e-06,2.490302866038077650e-06
-5.544718554418125748e-06,1.836832140661877737e-06
-2.811642461834409274e-07,-2.464248402480797904e-07
-2.815948519975898145e-07,-9.876942954894792054e-07
-4.788666558921393566e-06,2.527031052857853894e-06
-4.330568626941097648e-06,2.643146385818227649e-06
-4.954038079075712976e-06,2.040713535861612369e-06
-5.244278501229140797e-06,1.479356921408603699e-06
-6.577345524742416200e-07,-6.176137673706674304e-07
-1.101840231681171736e-06,-1.181112239699911413e-07
-1.101804662335644379e-06,-1.119074701005019763e-06
-3.997326655489696491e-06,2.306951486608590299e-06
-3.684021401583476769e-06,1.907290263614849440e-06
-3.402881593278751869e-06,1.465016168375872506e-06
-4.610451384500242398e-06,1.574393518890735938e-06
-4.992462326769649690e-06,1.045847243797061990e-06
-1.458398459230624101e-06,-6.176659913682216473e-07
-1.892763067358505713e-06,8.514545780619806379e-09
-1.892439080401321214e-06,-1.251548729405829845e-06
-3.921860431751573839e-06,1.474127501048082586e-06
-3.174950087921580300e-06,9.714884765586328961e-07
-2.625199325271771225e-06,1.168272197051686050e-07
-2.850826267454747402e-06,2.211747608112153880e-07
-2.986617092994930490e-06,4.267488141701371741e-07
-4.360956794632799699e-06,9.786928437875541089e-07
-4.811332026351956504e-06,5.478736036152543874e-07
-2.283995270603422948e-06,-5.278867996034013167e-07
-2.587029172167371923e-06,-1.343908364518511870e-06
-3.529873260851592376e-06,6.126903669834737225e-07
-2.845806423131423552e-06,-2.097911388299612364e-07
-3.111247778334199658e-06,1.468794444449961940e-07
-4.162727666196618539e-06,3.899182750103936530e-07
-4.714938827175732952e-06,-2.341150662119646979e-09
-2.825880099662724333e-06,-9.170300760104948550e-07
-2.769110434910425142e-06,-1.451911162542060497e-06
-3.622728200011868490e-06,-3.244370790480008318e-07
-4.702980365113634066e-06,-5.837059589448365915e-07
-4.841992176444551658e-06,-1.193335363660568945e-06
-3.225881716360383359e-06,-1.295251370646019219e-06
-2.866793771426217428e-06,-1.699096229392875632e-06
-2.973006217606496931e-06,-2.411343560349410132e-06
-4.207424438986377143e-06,-1.249568631647509779e-06
-3.165340951885733038e-06,-3.152855204481173209e-06
-5.113111204661424097e-06,-1.825985694695171962e-06
-3.594220160991191712e-06,-2.420033378609562890e-06
-4.565505596684430709e-06,-2.477749767995137734e-06
-3.476426043180575990e-06,-3.882941779891054687e-06
-5.530151537754548670e-06,-2.480114343725087966e-06
-5.241910665328442732e-06,-3.168798293195396208e-06
-4.502649997567853308e-06,-3.618472887798712013e-06
-3.886404323483363035e-06,-4.625799274223988913e-06
-4.428022201382994588e-06,-5.352300227271463538e-06
-6.110096913240266274e-06,-3.111170997782104162e-06
-5.725679890104557516e-06,-3.993954729305743109e-06
-5.263669847303424663e-06,-5.073878619849631938e-06
-5.063818051651642836e-06,-6.049569028326046223e-06
-6.832778380147769943e-06,-3.694268627812224712e-06
-6.626359732312969177e-06,-5.078997912442209684e-06
-5.817888853966367959e-06,-6.676434514172304063e-06
-6.688934847394499152e-06,-7.239604263144757092e-06
-7.644795239090085599e-06,-7.728788904429039974e-06
-7.711129171508929371e-06,-5.388953883602874100e-06
-7.697313728327727860e-06,-4.199490854968174170e-06
-7.490317380539244930e-06,-6.617197162496443062e-06
-8.694577744787652861e-06,-8.096718740346568321e-06
-9.819512760494800523e-06,-8.355450231314858527e-06
-8.609295995131642336e-06,-5.658329029008987711e-06
-8.698458039530380438e-06,-4.567948693839154960e-06
-1.098704056685214054e-05,-8.480091680872256551e-06
-9.658461119413213198e-06,-6.709060956351831326e-06
-9.801061058495488907e-06,-4.774923854687930661e-06
-1.123930855890394258e-05,-6.896810849079720674e-06
-1.233313476235261581e-05,-8.548705126301506623e-06
-1.096808919520088313e-05,-4.820828839718235420e-06
-1.424267735339069938e-05,-8.618126286463194434e-06
-1.270631737003373808e-05,-5.979525777498752378e-06
-1.232894522021279241e-05,-4.754047226954989552e-06
-1.700649905499309350e-05,-8.725541556661767478e-06
-1.560807491985323988e-05,-6.491213030536627389e-06
-1.424408620216628469e-05,-4.666211185605688402e-06
-2.085341329041176626e-05,-8.842355063723967928e-06
-1.889694263926597391e-05,-6.649117779661986545e-06
-1.700667636144749371e-05,-4.564937089241591036e-06
-2.505272182466167444e-05,-8.941741319037864851e-06
-2.292263260517895957e-05,-6.649650582219944530e-06
-2.085317123075984162e-05,-4.455073793576692254e-06
-2.941918293340114817e-05,-9.025113233176098397e-06
-2.720995389495259971e-05,-6.650690820863787115e-06
-2.505236483830009084e-05,-4.358457705491465522e-06
-3.392456891124935716e-05,-9.091956432844754298e-06
-3.165098747449551422e-05,-6.651566492484087777e-06
-2.941896308999486490e-05,-4.277260626225816239e-06
-3.853764773027868850e-05,-9.141821424111089300e-06
-3.621560031545085080e-05,-6.652348452879245429e-06
-3.392430833750046586e-05,-4.212032402807883173e-06
-4.322603485853401703e-05,-9.175240643362132835e-06
-4.087164091150963008e-05,-6.653049827494678347e-06
-3.853737451084636694e-05,-4.163631896878921107e-06
-4.796094598126739476e-05,-9.195020204156214975e-06
-4.558760946975824009e-05,-6.653476176812491676e-06
-4.322584004718808842e-05,-4.131284139111036601e-06
-5.272015830880543986e-05,-9.204408289906421199e-06
-5.033795261496045500e-05,-6.653725496909818925e-06
-4.796088369521302202e-05,-4.112175799137342344e-06
-5.748806256315343159e-05,-9.207440013728927246e-06
-5.510349770933457234e-05,-6.653904509046921486e-06
-5.272013281862452386e-05,-4.103273699153820071e-06
-6.770049534666469290e-05,-8.926615422663570316e-06
-6.702348159083001175e-05,-9.207062766091240848e-06
-5.962418548859093492e-05,-6.654001840722664003e-06
-6.225650869869768934e-05,-9.207450907462862258e-06
-5.748806775751763034e-05,-4.100595046583068041e-06
-6.798092092736516536e-05,-8.249575749809121217e-06
-6.637899254715149040e-05,-6.653862242384604607e-06
-6.225654477613397516e-05,-4.100476730906581095e-06
-6.798089821136856046e-05,-5.058146411135663990e-06
-6.702347563460602658e-05,-4.100689036362851139e-06
-6.770047614698710564e-05,-4.381126496821052592e-06
