Size 192,2
-1.402762107079511651e-04,1.953976723232871848e-05
-1.408373176169991283e-04,1.818525910509482149e-05
-1.408370272230198930e-04,1.179967158935931819e-05
-1.402758812921556068e-04,1.044512343177084586e-05
-1.389215987611602484e-04,2.010079821552419977e-05
-1.363803430682416942e-04,1.499238249928311140e-05
-1.389212122051272972e-04,9.884071428801003545e-06
-1.293830967763700982e-04,2.009892022067320065e-05
-1.293825215931630182e-04,9.885446579901657174e-06
-1.241181683364972954e-04,1.499201293498885284e-05
-1.198505421762774517e-04,2.009098944821544394e-05
-1.198498903212570507e-04,9.892510920395671491e-06
-1.150893077982531755e-04,1.499138525683745982e-05
-1.103390136465471510e-04,2.007354807249746336e-05
-1.103383751249969286e-04,9.908407833133472709e-06
-1.055941740129368375e-04,1.499077549528175392e-05
-1.008679623368572239e-04,2.004522725271264198e-05
-1.008667415296153597e-04,9.935451958499070543e-06
-9.615015215057734022e-05,1.499010726178820887e-05
-9.145863026815161101e-05,2.000537236960826787e-05
-9.145751054834051774e-05,9.974600680537260399e-06
-8.677927684228950726e-05,1.498962433773347643e-05
-8.213354480049991425e-05,1.995269469550775847e-05
-8.213303434967494075e-05,1.002680222608007733e-05
-7.750477174220723054e-05,1.498945605948076337e-05
-7.291840683150221133e-05,1.988451904800594237e-05
-7.291851786344056131e-05,1.009497129006774882e-05
-6.835488904409598126e-05,1.498977589441606517e-05
-6.384590563182068463e-05,1.979673470274851752e-05
-6.384622313445681907e-05,1.018355941293045208e-05
-5.936693495185444211e-05,1.499037807830744498e-05
-5.495843702929347581e-05,1.968386854635547744e-05
-5.495879459944351929e-05,1.029793856952997893e-05
-5.058836687240135906e-05,1.499117477212122153e-05
-4.630684504634960050e-05,1.954045803127124902e-05
-4.630688293418041266e-05,1.044353049851869622e-05
-4.224237538958225912e-05,1.499083487624297012e-05
-3.828176362522228818e-05,1.936636695847443118e-05
-3.828077353453632371e-05,1.062599828191751753e-05
-3.534122431697467597e-05,1.532336526721544962e-05
-3.244564666076243904e-05,1.919793762866162521e-05
-3.244104821082557347e-05,1.080131445167865999e-05
-2.836240220806348267e-05,1.904677281760035353e-05
-2.911228093338903811e-05,1.639370387863779309e-05
-2.835466398344830497e-05,1.091598196623429459e-05
-2.547887030572243639e-05,1.103977000003808617e-05
3.590224472743900538e-06,1.415141238655915523e-06
3.660501610516674486e-06,1.245778943405257785e-06
3.659929194103790883e-06,6.164005218824793947e-07
3.590055152072133846e-06,4.500457155768023358e-07
-2.546722595285997052e-05,1.893897760687539303e-05
-2.293686587307561031e-05,1.869619738237744621e-05
-2.485538717051300118e-05,1.400882543117360454e-05
-2.290014487380774837e-05,1.094955467566776029e-05
3.421710101436995204e-06,1.485396179627763867e-06
3.252597595958738653e-06,7.952675913849526483e-07
3.423493289264142174e-06,3.809033035867167404e-07
-2.210536671368313800e-05,1.628271141903859590e-05
-2.049837640282832184e-05,1.814903288163555376e-05
-1.820872746810601035e-05,1.737495012069393681e-05
-2.134611516585130064e-05,1.305319237777733019e-05
-2.050533243073499940e-05,1.046888189322394292e-05
2.281717815294908114e-06,1.506393790033920720e-06
2.281377410578827892e-06,3.622929189489511748e-07
1.689918159714785084e-06,9.350596985234159361e-07
-1.610155161950714919e-05,1.633785208358756963e-05
-1.787956745918259542e-05,1.496413754086279774e-05
-1.865897633596534208e-05,1.201766833469200035e-05
-1.833106031680822715e-05,9.638615331956457908e-06
1.047278072595667436e-06,1.615972413750411107e-06
1.047798705580179254e-06,2.557589543483406842e-07
3.150229967672030433e-07,9.365516796301184052e-07
-1.416599113286529667e-05,1.512235515463800046e-05
-1.246249131820451839e-05,1.374979092554532157e-05
-1.597228876818916900e-05,1.157774156698183181e-05
-1.642873326916058667e-05,8.484755044290299828e-06
-5.274121452585642531e-07,1.850984377367791782e-06
-5.272691334548407719e-07,2.302635115761020304e-08
-1.289787189164890982e-05,1.170577326975293111e-05
-1.099247468019174862e-05,1.221261450399191916e-05
-1.360845564753348164e-05,9.479456812534248322e-06
-1.483599991547114993e-05,7.111710306939573770e-06
-1.456889763235224866e-06,9.376110054626079266e-07
-2.564902110234213533e-06,2.190090513157131177e-06
-2.562639437526182001e-06,-3.170832815497546325e-07
-9.719360220126754005e-06,1.057725838012977026e-05
-8.715369908100258339e-06,8.913674911458554029e-06
-7.955631722013381627e-06,7.176952716049476954e-06
-1.217608433472671225e-05,7.535058904985921016e-06
-1.357486054694799680e-05,5.596781044768797373e-06
-3.455291776672375603e-06,9.423708369417486502e-07
-4.550583340728352853e-06,2.524064963347581838e-06
-4.551494919679633248e-06,-6.659177722973345457e-07
-9.649795445873061230e-06,7.161720825286007475e-06
-7.395340250358172381e-06,5.433495120651544336e-06
-6.338172973660853247e-06,2.806856986714952348e-06
-6.845524646957744999e-06,3.094441020143392627e-06
-7.099033428640993721e-06,3.689660607390700668e-06
-1.119084569407890495e-05,5.380584260802587293e-06
-1.263283402413426929e-05,4.013949833228559608e-06
-5.534088228889060343e-06,1.176700527388359525e-06
-6.387485880365676684e-06,-9.219300329863337700e-07
-8.574003989713339336e-06,4.211218161954007000e-06
-6.902004347265148354e-06,1.960613628156832183e-06
-7.506200761608737091e-06,2.891516036950890530e-06
-1.050712073159741115e-05,3.528333049305845901e-06
-1.203130685452988093e-05,2.438692897387291001e-06
-6.974698826583773501e-06,1.464976701168440790e-07
-6.927041966785027488e-06,-1.193427331652772948e-06
-8.946776476625901704e-06,1.549118132457381953e-06
-1.180429420669310181e-05,8.928110047939506113e-07
-1.188237362636931037e-05,-5.954654034715089615e-07
-8.067885816015481730e-06,-8.432320327037290281e-07
-7.248397844510165551e-06,-1.761950439330671421e-06
-7.653021575637590767e-06,-3.304905585897613246e-06
-1.040792234012508988e-05,-8.029679257429507960e-07
-8.233566190418372229e-06,-4.765005295052172520e-06
-1.227590349020282566e-05,-2.086829301476072709e-06
-9.058221160189603710e-06,-3.369727480611596596e-06
-1.109193441486013163e-05,-3.484105682065385320e-06
-8.968037776276533565e-06,-6.143393938184748209e-06
-1.293388410087914680e-05,-3.485749015771875253e-06
-1.233808082991681692e-05,-4.838392707013915940e-06
-1.097583449958301776e-05,-5.673831098634002193e-06
-9.852683432754089459e-06,-7.428140629942881476e-06
-1.087783678578243079e-05,-8.604889243490878914e-06
-1.383150831765331994e-05,-4.759998324689408178e-06
-1.315490305982707708e-05,-6.326153916940247020e-06
-1.236512987321699443e-05,-8.131835234650896036e-06
-1.203046009663075191e-05,-9.658980873078924567e-06
-1.493780146577184614e-05,-5.861740325017703610e-06
-1.459311805030327605e-05,-8.114457695262694079e-06
-1.329654003782583166e-05,-1.057563314237074226e-05
-1.465995095132293035e-05,-1.134331943556961078e-05
-1.610221312167094181e-05,-1.195159649524181239e-05
-1.622763247044642671e-05,-8.590945136484528708e-06
-1.621997470764307035e-05,-6.756633713414307990e-06
-1.590591585681154011e-05,-1.039798151013202392e-05
-1.760551371499300110e-05,-1.239176855590879865e-05
-1.914929013468378405e-05,-1.265805045826429932e-05
-1.752079607584829956e-05,-8.998773958143516083e-06
-1.763939902209307547e-05,-7.416179626859241054e-06
-2.071391378154777358e-05,-1.274696812925380495e-05
-1.897740818609033737e-05,-1.045763031543263013e-05
-1.915272835328470330e-05,-7.820337482613096554e-06
-2.106042764202259809e-05,-1.068950145872715311e-05
-2.243490475855166390e-05,-1.274602206701911682e-05
-2.071377865801774627e-05,-7.956683093680142851e-06
-2.480108624923892683e-05,-1.274426938446476614e-05
-2.293483574366779394e-05,-9.521295751394700569e-06
-2.243503828662592230e-05,-7.957193491337002245e-06
-2.804713703334230923e-05,-1.274002662298187657e-05
-2.644251174236096237e-05,-1.016472939714071004e-05
-2.480108516001624776e-05,-7.959174223341885525e-06
-3.232087601673070846e-05,-1.273362945427599282e-05
-3.018600084695115639e-05,-1.035148701742879744e-05
-2.804729351362415617e-05,-7.963212328916233933e-06
-3.676217680775133981e-05,-1.272681586584480791e-05
-3.454371150676684534e-05,-1.035145370202901670e-05
-3.232098722468474783e-05,-7.969361503426261806e-06
-4.119024571536709039e-05,-1.271988326938896446e-05
-3.897843353863111377e-05,-1.035148145180484019e-05
-3.676221290613994780e-05,-7.976247968155756983e-06
-4.560497877993227220e-05,-1.271366282234885301e-05
-4.339959055451168726e-05,-1.035164351433600040e-05
-4.119011348633097277e-05,-7.983399450147510783e-06
-5.000880370895634762e-05,-1.270929815258191130e-05
-4.780819184542709085e-05,-1.035178828082691293e-05
-4.560470208557509432e-05,-7.989839121265242508e-06
-5.440660600262654573e-05,-1.270734152748003882e-05
-5.220814565442149266e-05,-1.035186742701899349e-05
-5.000850614059181991e-05,-7.994315441142710923e-06
-5.880378591234763745e-05,-1.270716791764826359e-05
-5.660497916120910643e-05,-1.035157027012567181e-05
-5.440655188998687005e-05,-7.996017465334729962e-06
-6.320259354002239741e-05,-1.270732798649045914e-05
-6.100295264119112097e-05,-1.035127463937931269e-05
-5.880379013850192861e-05,-7.995649481230162115e-06
-6.760167925099574667e-05,-1.270671552135076705e-05
-6.540226358112689029e-05,-1.035101889104377858e-05
-6.320260159466439310e-05,-7.995034716541665545e-06
-7.701925618897810153e-05,-1.244667432441088575e-05
-7.639493027676972118e-05,-1.270529335873506279e-05
-6.957171427311500803e-05,-1.035088438872209726e-05
-7.199910618798230279e-05,-1.270561580480121111e-05
-6.760156945335411914e-05,-7.995259151216991284e-06
-7.727785527813474495e-05,-1.182232419979823928e-05
-7.580055873928514447e-05,-1.035075142718921546e-05
-7.199905193260406364e-05,-7.995949604525366165e-06
-7.727773567894128108e-05,-8.879247656176549318e-06
-7.639481148481272357e-05,-7.996302053330397620e-06
-7.701913176303307683e-05,-8.254914988181497238e-06
