Size 192,2
-1.385059517649133852e-04,1.920397164540280717e-05
-1.390696415270143923e-04,1.784324694002168926e-05
-1.390699220672712432e-04,1.142840498669297609e-05
-1.385062678198486466e-04,1.006770035474191318e-05
-1.371451314605015310e-04,1.976758823687209702e-05
-1.345925425713551690e-04,1.463587656332660122e-05
-1.371454940284017672e-04,9.504091861016703702e-06
-1.275623454819015872e-04,1.976619425252289087e-05
-1.275627576926355582e-04,9.505511912704511920e-06
-1.222728227947528874e-04,1.463581072386570722e-05
-1.179844578816758265e-04,1.975738324981223052e-05
-1.179848824921631408e-04,9.514323658223996765e-06
-1.132020509290689367e-04,1.463594797492592018e-05
-1.084324693562088954e-04,1.973467619683121944e-05
-1.084330175945756819e-04,9.537554361894271868e-06
-1.036727494769907021e-04,1.463609250104356475e-05
-9.893843423637726391e-05,1.969274597388070012e-05
-9.893960651908815000e-05,9.579859114027911520e-06
-9.422125134684954757e-05,1.463646610682858631e-05
-8.954255243388751205e-05,1.963046276116446102e-05
-8.954362554139687260e-05,9.642465830230566960e-06
-8.488714481025889274e-05,1.463670294086381527e-05
-8.028231488661304223e-05,1.954937934611877245e-05
-8.028278835392757757e-05,9.723889773453367019e-06
-7.570561904305980858e-05,1.463692327846519510e-05
-7.119017041680133140e-05,1.945139626507498033e-05
-7.119015098146029953e-05,9.822493377544318181e-06
-6.670749281381214838e-05,1.463709627208603402e-05
-6.229640553690021830e-05,1.933639632131130891e-05
-6.229639702910758981e-05,9.938129446260556720e-06
-5.792365724121308735e-05,1.463735993093501082e-05
-5.363443070997070194e-05,1.920216080595106442e-05
-5.363444397026779137e-05,1.007298623357362287e-05
-4.938949785817010624e-05,1.463761328425716996e-05
-4.524086099551192727e-05,1.904609825302107585e-05
-4.524033848368627062e-05,1.023008025349298582e-05
-4.130596919559579357e-05,1.463674304925960180e-05
-3.747647575994549638e-05,1.886981034243649872e-05
-3.747513683529206927e-05,1.041351618438418170e-05
-3.463388882656878140e-05,1.495809070948864828e-05
-3.183450664217444902e-05,1.870667280273532475e-05
-3.182996301738759821e-05,1.058209713895874163e-05
-2.788417574927045572e-05,1.856403665265241699e-05
-2.861119746762479267e-05,1.599405095996089067e-05
-2.787689420685278538e-05,1.068982633373423552e-05
-2.509132176762774087e-05,1.080520531613297541e-05
3.557264804056938859e-06,1.339046054343577947e-06
3.628524807548108200e-06,1.167335430149497307e-06
3.628000668701245153e-06,5.289544194100476679e-07
3.557152060579351227e-06,3.601946331740487758e-07
-2.508051763471013385e-05,1.846320591967835531e-05
-2.262605694907060834e-05,1.823133798392926764e-05
-2.448901196954944166e-05,1.368345874429646386e-05
-2.259191100340875508e-05,1.071214382803927656e-05
3.386385026263396317e-06,1.410259035098620069e-06
3.214620863168733704e-06,7.103710271237492314e-07
3.388192009822148114e-06,2.900716158806313410e-07
-2.182064741285990570e-05,1.589066388435493902e-05
-2.025798787069626881e-05,1.770509957416326692e-05
-1.803056236949555406e-05,1.695636952996914618e-05
-2.108383685722381895e-05,1.275376603101701847e-05
-2.026620234337244691e-05,1.023824476842667533e-05
2.229570578563734312e-06,1.431094617363882394e-06
2.229427775574114962e-06,2.723044334552217209e-07
1.630168119097083897e-06,8.527303544578311550e-07
-1.597677454204742310e-05,1.595201059194629155e-05
-1.771156605141005008e-05,1.461295730651016585e-05
-1.847007531273426724e-05,1.174438661027568728e-05
-1.815106854719425355e-05,9.422738610878946279e-06
9.806619644724960201e-07,1.539417450101229349e-06
9.814188672215105264e-07,1.684569028510416360e-07
2.431350692107956883e-07,8.550526602132079182e-07
-1.408759855025555032e-05,1.477098070621676908e-05
-1.242077828842060327e-05,1.343399763098739279e-05
-1.585136059574275373e-05,1.131421001054795379e-05
-1.629730365635440487e-05,8.291256063130416918e-06
-6.031102636014553912e-07,1.771634225249856154e-06
-6.026399220005484903e-07,-5.957016805303486762e-08
-1.284618975509246141e-05,1.143924838238919899e-05
-1.097968428238858276e-05,1.193502546910242834e-05
-1.354123198767111112e-05,9.262199678605138037e-06
-1.474263229488668482e-05,6.943294004169770745e-06
-1.533793508797077053e-06,8.571481422632847919e-07
-2.639795519898910815e-06,2.105238789821941897e-06
-2.637307893688098944e-06,-3.920446356799880317e-07
-9.730280952089467194e-06,1.033680130403874957e-05
-8.741528965798859652e-06,8.706594849561272035e-06
-7.991297021410901754e-06,7.003376713995468969e-06
-1.213732724953214918e-05,7.356686777971185116e-06
-1.350969885072734240e-05,5.453714279769075212e-06
-3.527351995832101796e-06,8.626301703938805614e-07
-4.615282219353770584e-06,2.431920625515984650e-06
-4.615862996296918245e-06,-7.316418317631282228e-07
-9.657485119140605973e-06,6.989346235272831267e-06
-7.437091878963320290e-06,5.290374206822164928e-06
-6.387186128562047962e-06,2.706854888402302234e-06
-6.889504260931086203e-06,2.989193708620758417e-06
-7.141223972147290188e-06,3.575022043396827835e-06
-1.117031322485804789e-05,5.240169989429273450e-06
-1.258807334609475196e-05,3.895226603220277309e-06
-5.591556216701291143e-06,1.095284319596604793e-06
-6.435195903320357059e-06,-9.795980555799860600e-07
-8.595702230611974070e-06,4.088991360313770801e-06
-6.944908179042936431e-06,1.869699949816236305e-06
-7.541795358894774945e-06,2.788194212711147700e-06
-1.049788066724797331e-05,3.416315505418903143e-06
-1.199904894998295401e-05,2.341617875272468788e-06
-7.016131147921283067e-06,7.753574274408594331e-08
-6.968946295137382184e-06,-1.245949937881549956e-06
-8.961179833132874766e-06,1.463661795255121101e-06
-1.177629358749423773e-05,8.157967504635270831e-07
-1.185268791026404178e-05,-6.533969641910022894e-07
-8.094349868504147023e-06,-8.990951533651986697e-07
-7.286307693866962651e-06,-1.804968253617321858e-06
-7.686536725744803837e-06,-3.323705744170587480e-06
-1.040009098821942101e-05,-8.585589727752222977e-07
-8.259851466397072337e-06,-4.759740664919199787e-06
-1.223843934625415118e-05,-2.123942566783174435e-06
-9.070686940961356865e-06,-3.387898200398453647e-06
-1.107255816369821396e-05,-3.500385568057167242e-06
-8.983929894584829549e-06,-6.114869563221431689e-06
-1.288358440120717350e-05,-3.502091364667054023e-06
-1.229710644943307563e-05,-4.832719514460433316e-06
-1.095855403041118272e-05,-5.653750123514971887e-06
-9.855239053858136063e-06,-7.376130107365271562e-06
-1.086297684945852794e-05,-8.529949896794693093e-06
-1.376288848657607296e-05,-4.756205547970069768e-06
-1.309851105762646537e-05,-6.294280768009417033e-06
-1.232349128755446871e-05,-8.065766053872254541e-06
-1.199516404671482398e-05,-9.562186922860254604e-06
-1.484616631757961019e-05,-5.839317654234507027e-06
-1.450786759837209737e-05,-8.048178423102952253e-06
-1.323694892000782220e-05,-1.045928475570298465e-05
-1.457241311151620585e-05,-1.120955606047123372e-05
-1.598435494344652648e-05,-1.180327305367225840e-05
-1.610781429184256954e-05,-8.514820324630393067e-06
-1.610078296120669085e-05,-6.717966232005461032e-06
-1.579284129921116765e-05,-1.028374299879591601e-05
-1.745452006079576781e-05,-1.223286715673452165e-05
-1.896384816736326230e-05,-1.249274538932380635e-05
-1.737254747740570450e-05,-8.914132706888199355e-06
-1.748863827728745459e-05,-7.365370103983019322e-06
-2.049284558411861075e-05,-1.257959890643088382e-05
-1.879622930720761904e-05,-1.034103938117055537e-05
-1.896766727467681424e-05,-7.761973362988845010e-06
-2.083146891243071227e-05,-1.056774559573730996e-05
-2.217494000282635531e-05,-1.257923854632715255e-05
-2.049289477053795253e-05,-7.895626761280136915e-06
-2.448851206069646051e-05,-1.257866181336667952e-05
-2.266332732229603392e-05,-9.425320814555695651e-06
-2.217496394769852950e-05,-7.895991853185348032e-06
-2.766572610259699402e-05,-1.257702554200454829e-05
-2.609424167981580630e-05,-1.005474531197245671e-05
-2.448845613240343411e-05,-7.896828707959343150e-06
-3.185423222360269654e-05,-1.257390014315369603e-05
-2.976088663220925753e-05,-1.023788862401002726e-05
-2.766558697677819125e-05,-7.898708928440534698e-06
-3.621198874205384412e-05,-1.256962289815522869e-05
-3.403441236500395951e-05,-1.023812570512788909e-05
-3.185401845609017545e-05,-7.902073955495929087e-06
-4.056055798592032461e-05,-1.256430012542714734e-05
-3.838800153154253101e-05,-1.023831104253812163e-05
-3.621189304176047820e-05,-7.906647996161903432e-06
-4.489765408034990750e-05,-1.255805199779005847e-05
-4.273127411359949594e-05,-1.023856303268863212e-05
-4.056057575323103893e-05,-7.912372512653869695e-06
-4.922119141074573519e-05,-1.255123828880704047e-05
-4.706187782215921615e-05,-1.023893305611926306e-05
-4.489777209942982892e-05,-7.919399063369011204e-06
-5.353083430482415790e-05,-1.254494247449753071e-05
-5.137823869050506628e-05,-1.023944506378870652e-05
-4.922126848441140860e-05,-7.927223239077685850e-06
-5.782818075669796256e-05,-1.253958617103422532e-05
-5.568136185292027875e-05,-1.024013309555315221e-05
-5.353075224838853697e-05,-7.934749554259340736e-06
-6.211514289483093432e-05,-1.253523472423722516e-05
-5.997323243191992600e-05,-1.024080394498841987e-05
-5.782808557940075312e-05,-7.941403189035751064e-06
-6.639380270421289918e-05,-1.253226837781255216e-05
-6.425559217064377932e-05,-1.024142037602275312e-05
-6.211507459561127443e-05,-7.946972182563140952e-06
-7.554575976934800369e-05,-1.227932734906064958e-05
-7.493898405206668651e-05,-1.253066741733971782e-05
-6.830858124703490246e-05,-1.024193646467754448e-05
-7.066728137814542641e-05,-1.253093106394775393e-05
-6.639379291454954295e-05,-7.951079528218451756e-06
-7.579709628597630937e-05,-1.167254382471209572e-05
-7.436146038801391440e-05,-1.024237254743092803e-05
-7.066725564694938968e-05,-7.953475278453781447e-06
-7.579719547275334650e-05,-8.812147011904790690e-06
-7.493906233126590346e-05,-7.953974043319967928e-06
-7.554585740281623545e-05,-8.205329297852358137e-06
