Size 192,2
-1.294708659300816190e-04,1.758205436953302740e-05
-1.299858715347965035e-04,1.633882136594598636e-05
-1.299860301541174150e-04,1.047793612946890999e-05
-1.294710451263387629e-04,9.234709949036577694e-06
-1.282275634724792241e-04,1.809700615859451486e-05
-1.258955061590091829e-04,1.340839379620219118e-05
-1.282277688661046986e-04,8.719758868111227509e-06
-1.194729114841006231e-04,1.809596221421563213e-05
-1.194731192471978226e-04,8.720574051994764797e-06
-1.146403505359630900e-04,1.340802702760827309e-05
-1.107212940532970242e-04,1.809044100187018873e-05
-1.107218198172977875e-04,8.725503261604207670e-06
-1.063494149961218525e-04,1.340773172933961678e-05
-1.019847628089756578e-04,1.807694411163470393e-05
-1.019854424922799391e-04,8.738263679785974479e-06
-9.762562256435091659e-05,1.340719351838517016e-05
-9.328096164201714368e-05,1.805212917001658752e-05
-9.328196690952376448e-05,8.761656639397625480e-06
-8.894558534600413959e-05,1.340651051762204090e-05
-8.463306807881535896e-05,1.801407728977850726e-05
-8.463406312181535429e-05,8.797962163712516015e-06
-8.033423971333000346e-05,1.340565012595032571e-05
-7.606758092252181294e-05,1.796097082428212095e-05
-7.606830447811762253e-05,8.849005452542202073e-06
-7.181942171025842709e-05,1.340473393218623080e-05
-6.761370363247222503e-05,1.789120886864850059e-05
-6.761367392495614196e-05,8.916477206740497163e-06
-6.343140926081566292e-05,1.340353681639971253e-05
-5.930356303589450308e-05,1.780291001070200644e-05
-5.930288448150016883e-05,9.002433423611269156e-06
-5.520459929593715773e-05,1.340215802260036908e-05
-5.117354235967249901e-05,1.769383166618903255e-05
-5.117280283468730434e-05,9.109148976869767684e-06
-4.717777258192280636e-05,1.340069608234765986e-05
-4.326353549522031895e-05,1.756113982230440683e-05
-4.326280694891273350e-05,9.239813264951117917e-06
-3.954632878775485863e-05,1.339840411749138236e-05
-3.592125784995202624e-05,1.740562830376390907e-05
-3.591988123437687893e-05,9.398669348752260644e-06
-3.322828169269216998e-05,1.370180150290124431e-05
-3.057148389851179182e-05,1.725817713310049808e-05
-3.056699154963245186e-05,9.549114757199217741e-06
-2.681954751706115063e-05,1.712714056980231298e-05
-2.751133299811725475e-05,1.468503350028687395e-05
-2.681236081162921119e-05,9.647033129337336300e-06
-2.416462202499904837e-05,9.752871223418255284e-06
3.476813739894504776e-06,6.008539990202489955e-07
3.546049478280235059e-06,4.342770679848326576e-07
3.545617274405607410e-06,-1.860342282292342900e-07
3.476731006129657161e-06,-3.502206585981762291e-07
-2.415501980319111172e-05,1.703401515155398188e-05
-2.182004944968177725e-05,1.681586113824435849e-05
-2.359343593059154729e-05,1.248905618594596997e-05
-2.178867627195926849e-05,9.660563370330889390e-06
3.310985712817761170e-06,6.697725854331348519e-07
3.143910730491365342e-06,-1.049912923848159360e-08
3.312396229328568336e-06,-4.187222031532645543e-07
-2.105462906921388712e-05,1.458962640396138260e-05
-1.956587265529551514e-05,1.631815120081780513e-05
-1.744348810128303000e-05,1.560770108265977936e-05
-2.035399975137142047e-05,1.160307982316080084e-05
-1.957553651494009489e-05,9.204712035704323855e-06
2.187194627475954261e-06,6.879885241462010641e-07
2.186322587998675158e-06,-4.383647144037013717e-07
1.604171153193713997e-06,1.246023202135597062e-07
-1.548347372795849333e-05,1.465409123980121196e-05
-1.714057230984408620e-05,1.337569041501384408e-05
-1.786427557181652939e-05,1.063993982710014569e-05
-1.756131014843077202e-05,8.421574013855046345e-06
9.727704373971458417e-07,7.916397470895356662e-07
9.728137743102220243e-07,-5.425087601904165076e-07
2.546356295651012423e-07,1.244694811660805546e-07
-1.367882116350308761e-05,1.353054481580342253e-05
-1.208292877546839467e-05,1.225614046484827352e-05
-1.536597299350824232e-05,1.022896796456441624e-05
-1.579445774197350773e-05,7.335661927044974464e-06
-5.691984868633329336e-07,1.016566231217678934e-06
-5.692866111321796230e-07,-7.678154883420213627e-07
-1.249051457632844765e-05,1.035017762775766067e-05
-1.069869428672095588e-05,1.082573467047531100e-05
-1.315783157236699757e-05,8.264805196816219423e-06
-1.431143733562595090e-05,6.039105924806216350e-06
-1.476198947418573443e-06,1.245973699590980820e-07
-2.554391555445442790e-06,1.341822030236794293e-06
-2.552475429568371216e-06,-1.095290005420034084e-06
-9.496733305275499229e-06,9.297443076191324519e-06
-8.539935006911453510e-06,7.732646699413783618e-06
-7.808351839526675727e-06,6.094749587577685630e-06
-1.181101830206159346e-05,6.435882860714804911e-06
-1.313456492012378392e-05,4.601591954980185204e-06
-3.420348396697775052e-06,1.285684497672323101e-07
-4.482916160937592691e-06,1.662200284870630563e-06
-4.483750916637243631e-06,-1.430224188156466205e-06
-9.421099105357660434e-06,6.082663380529603061e-06
-7.265313824111073006e-06,4.441836570465332658e-06
-6.219552569398267188e-06,1.933285164561167536e-06
-6.714987724202372285e-06,2.209396093184846822e-06
-6.966412864476048599e-06,2.779812076136109957e-06
-1.088235678150192209e-05,4.395438070783198550e-06
-1.225664496069021934e-05,3.091952760821312741e-06
-5.437166725832715238e-06,3.550499510093831933e-07
-6.257775857499430553e-06,-1.674602443409525072e-06
-8.386411548584084952e-06,3.280752306713661250e-06
-6.765179849840592216e-06,1.115025221674516716e-06
-7.354157643262099539e-06,2.013718986077484387e-06
-1.023367001844054039e-05,2.627950690387101401e-06
-1.169931286785950988e-05,1.580205178063793298e-06
-6.827541905025752481e-06,-6.391417712575476301e-07
-6.775098914663024168e-06,-1.936634830705992375e-06
-8.738009618375254205e-06,7.246642477423753884e-07
-1.149304461876010426e-05,8.983175253434460074e-08
-1.158656943003498206e-05,-1.353173734279317193e-06
-7.879693928956804308e-06,-1.594232526903464565e-06
-7.081182493832769741e-06,-2.489359034373494190e-06
-7.463790914681635663e-06,-3.997251587124997151e-06
-1.015223384756595738e-05,-1.549693197136297718e-06
-8.018864148062348790e-06,-5.435979663438287614e-06
-1.198630571853373886e-05,-2.801706135934619246e-06
-8.833487894138857208e-06,-4.056904836395973752e-06
-1.082814100094825106e-05,-4.168843952450277621e-06
-8.731983786732272528e-06,-6.799153997934437370e-06
-1.264912049058571327e-05,-4.170189576947231643e-06
-1.206412591033013745e-05,-5.503163247521526099e-06
-1.071248056860587521e-05,-6.331402092005706912e-06
-9.597017397041904499e-06,-8.081241146856966726e-06
-1.061087329645397920e-05,-9.263832569117903617e-06
-1.355597064150226429e-05,-5.422048644258978405e-06
-1.288134467252474969e-05,-6.980958842808407549e-06
-1.209123986659100955e-05,-8.790332493315785274e-06
-1.175576030869332841e-05,-1.033255854726405538e-05
-1.467590949975985992e-05,-6.510590552080512604e-06
-1.432983052861938458e-05,-8.774765664613367260e-06
-1.302350731301525640e-05,-1.126597549306652358e-05
-1.440060190868076754e-05,-1.205553220800627818e-05
-1.586463197952300364e-05,-1.269029448929447703e-05
-1.598892358282014359e-05,-9.256251008440921255e-06
-1.597976450089827702e-05,-7.400259014255473484e-06
-1.566042838508587386e-05,-1.109653947795913133e-05
-1.740171007252965974e-05,-1.315248163170737821e-05
-1.899015661822183948e-05,-1.343962518156785916e-05
-1.730996359499134549e-05,-9.669304644986046531e-06
-1.743281416065801151e-05,-8.054559817547927151e-06
-2.060593007847227718e-05,-1.354320246493628802e-05
-1.880591824792738210e-05,-1.116687783412785330e-05
-1.898976936527719959e-05,-8.451018977066677350e-06
-2.096283321315874028e-05,-1.140860342981452040e-05
-2.239662419299375735e-05,-1.355586274258086538e-05
-2.060231861986686619e-05,-8.579202301624207103e-06
-2.487108767766811065e-05,-1.356708733115714153e-05
-2.291374521392536750e-05,-1.019219903186530937e-05
-2.239656335798109450e-05,-8.565002238233297455e-06
-2.829254638094263910e-05,-1.358090745963091579e-05
-2.659591787510889828e-05,-1.086188279273799733e-05
-2.487188639860327618e-05,-8.548527988716853160e-06
-3.282963148143880209e-05,-1.359053012916117435e-05
-3.055853659635365566e-05,-1.105697781937214083e-05
-2.829320359061693487e-05,-8.533407495672224919e-06
-3.756931651281683642e-05,-1.359335189253457830e-05
-3.519863312675863880e-05,-1.105540487025311054e-05
-3.283023487280629216e-05,-8.521643542443388340e-06
-4.231138178964924759e-05,-1.359169790992327244e-05
-3.994074473667375875e-05,-1.105410343750772621e-05
-3.756975814741162980e-05,-8.516126342618507406e-06
-4.704846349728605094e-05,-1.358617527441386403e-05
-4.468151254503683657e-05,-1.105294764794664934e-05
-4.231171510265436012e-05,-8.515404839076620174e-06
-5.177379120337573883e-05,-1.357754827532344283e-05
-4.941371522057250089e-05,-1.105187244857870987e-05
-4.704874887292301782e-05,-8.518662582333199327e-06
-5.648227650132695368e-05,-1.356678609172568268e-05
-5.413136894323554833e-05,-1.105076562978424650e-05
-5.177412393559964644e-05,-8.525049533734343381e-06
-6.117112125838718910e-05,-1.355538241177699824e-05
-5.883028784578598865e-05,-1.104952536618307828e-05
-5.648275653999326203e-05,-8.533467985856231649e-06
-6.584088135970656431e-05,-1.354548673826579483e-05
-6.350906937756465166e-05,-1.104837849746030247e-05
-6.117151619252608860e-05,-8.542494732614435904e-06
-7.049574785635848715e-05,-1.353854121227953956e-05
-6.817037625543543797e-05,-1.104760521976071382e-05
-6.584106686643993831e-05,-8.550492024870495330e-06
-8.044477105215493563e-05,-1.326128695069596788e-05
-7.978521077271627927e-05,-1.353450198042117163e-05
-7.257779870089842145e-05,-1.104727714341105903e-05
-7.514184209158820992e-05,-1.353518873671359670e-05
-7.049582033776262587e-05,-8.556299634134882244e-06
-8.071796836145712190e-05,-1.260170261785135329e-05
-7.915746439094017311e-05,-1.104714276259027564e-05
-7.514189393510142985e-05,-8.559226581304322745e-06
-8.071799402867639421e-05,-9.492567505378204169e-06
-7.978525032744900524e-05,-8.559781494760059368e-06
-8.044480168413799682e-05,-8.832991856922163990e-06
