Size 192,2
5.227645709818050612e-05,-6.605182871389072834e-06
5.251435234931018910e-05,-6.031037595806376685e-06
5.251432437406145073e-05,-3.324014074626135522e-06
5.227642756911760898e-05,-2.749857310021331325e-06
5.170216993201073109e-05,-6.842969988436790684e-06
5.062456170072826301e-05,-4.677478969811925072e-06
5.170213695494476789e-05,-2.512059888520398646e-06
4.765793572929735196e-05,-6.840680480024305526e-06
4.765779700112615549e-05,-2.513779527066799909e-06
4.542714513028168420e-05,-4.676983145512748452e-06
4.362166635116690011e-05,-6.831637557685409452e-06
4.362125162688875347e-05,-2.521740937187968561e-06
4.160931992218833771e-05,-4.676369627938751225e-06
3.960817164120499005e-05,-6.813586578777806310e-06
3.960776562690258401e-05,-2.538385126732579059e-06
3.761268448314634234e-05,-4.675469027662084092e-06
3.563515816797174855e-05,-6.784876777925299611e-06
3.563521523791593726e-05,-2.565194895008802609e-06
3.366700433068075355e-05,-4.674334700025945001e-06
3.172424818866096454e-05,-6.743582760324399475e-06
3.172469597808216910e-05,-2.603895924436617321e-06
2.979523513206829431e-05,-4.673090996565401419e-06
2.789980065609138209e-05,-6.688806620219749251e-06
2.789997708104201271e-05,-2.655728653853885347e-06
2.602262171246585762e-05,-4.671476145820686250e-06
2.418805968899766421e-05,-6.619641375895275669e-06
2.418784882356106835e-05,-2.721442720097323519e-06
2.237607626223934570e-05,-4.669738028511955857e-06
2.061577664585598262e-05,-6.536491561722012790e-06
2.061519985412934458e-05,-2.801027924344020760e-06
1.888201853868558416e-05,-4.667954219062944797e-06
1.720837804557473233e-05,-6.440630539581880015e-06
1.720728671061371248e-05,-2.893195958166252710e-06
1.556415192126515135e-05,-4.665982714735808695e-06
1.398645739751475059e-05,-6.333592336583620902e-06
1.398486952215852466e-05,-2.996690606063454259e-06
1.250183879804473924e-05,-4.663192651499535362e-06
1.108622123340614901e-05,-6.218114720825357216e-06
1.108437635726636880e-05,-3.112120587080905261e-06
1.004231577794234652e-05,-4.777077298321112722e-06
9.041294719456540756e-06,-6.115327074528548858e-06
9.037788428672260458e-06,-3.214816413442970539e-06
7.648418003556927222e-06,-6.028205735371434422e-06
7.893155944723809496e-06,-5.137050548663880801e-06
7.643835280783548309e-06,-3.278759323412215564e-06
6.683236682394073287e-06,-3.346247032665591472e-06
-6.955576384679130943e-07,-1.029877348702011030e-06
-7.102122893785975719e-07,-9.942717639610940978e-07
-7.099914654107240930e-07,-8.629659631759937772e-07
-6.954688442328396249e-07,-8.284871945663359841e-07
6.677091618631021622e-06,-5.967739543967528073e-06
5.849446653446645549e-06,-5.865957234972633445e-06
6.465804634178091718e-06,-4.332795047416081826e-06
5.828000499381952724e-06,-3.343848873498298269e-06
-6.601916693030524044e-07,-1.044822701468395044e-06
-6.250285070914264232e-07,-9.010702748226503587e-07
-6.609037240480630363e-07,-8.144641640369651722e-07
5.570727781314492916e-06,-5.070141845723168804e-06
5.063712652705758919e-06,-5.661407449931298261e-06
4.344075511863917961e-06,-5.394260585231722619e-06
5.322458666940054166e-06,-4.028919351728862616e-06
5.055768054580210259e-06,-3.221638790155202369e-06
-4.220470656306931537e-07,-1.051236646821227180e-06
-4.228324153598433731e-07,-8.133783899702281464e-07
-2.992708769125498939e-07,-9.338621506162257761e-07
3.701246315983305096e-06,-5.042997780593075351e-06
4.233838351378513520e-06,-4.625740607371021659e-06
4.475199886066183509e-06,-3.710181115533352786e-06
4.369537818524676787e-06,-2.997681969136340788e-06
-1.659026704045822638e-07,-1.075167813802475963e-06
-1.668889264830031501e-07,-7.958989604301709887e-07
-1.609514976608591348e-08,-9.372788679972848449e-07
3.123648518048511343e-06,-4.649700707404757925e-06
2.637143185514159562e-06,-4.222026759658748280e-06
3.654076879136096564e-06,-3.579157163154045337e-06
3.782017780854096012e-06,-2.679538649771133125e-06
1.556555766585524181e-07,-1.123263284344547290e-06
1.546710948607198542e-07,-7.548430887039958499e-07
2.762534161706581287e-06,-3.610175976219566887e-06
2.238297824538759508e-06,-3.752361683809472842e-06
2.960530746504915712e-06,-2.971024885277185573e-06
3.300390524692352155e-06,-2.313959539367806347e-06
3.424014764332584671e-07,-9.407399344345126196e-07
5.634841847424277639e-07,-1.189621493797279870e-06
5.619333587611232211e-07,-6.944041808870848935e-07
1.902290445805666765e-06,-3.271053946992274877e-06
1.664021597008352132e-06,-2.811322433109012335e-06
1.508580694931964202e-06,-2.345152962450263925e-06
2.565537920337504256e-06,-2.432997666428989199e-06
2.925370857109253732e-06,-1.931809352722551202e-06
7.393513921987613965e-07,-9.446426833376551379e-07
9.533483748719540079e-07,-1.252484337115394593e-06
9.532415412997774102e-07,-6.323774415793520967e-07
1.914286412189017816e-06,-2.334254146378102100e-06
1.405829767064936548e-06,-1.903475570779561022e-06
1.282619385510210427e-06,-1.303318497485100164e-06
1.363917922559779490e-06,-1.361771238753314775e-06
1.390830408893501458e-06,-1.490914487774889164e-06
2.300354554665869253e-06,-1.879061405839483561e-06
2.639935577319700843e-06,-1.557508861372775785e-06
1.143597666358357141e-06,-9.929639564166431943e-07
1.327490050336689780e-06,-5.850534072829838463e-07
1.691497671206701392e-06,-1.601273670810899173e-06
1.391476875956322230e-06,-1.136721236536390616e-06
1.488764029688867864e-06,-1.319081220037405036e-06
2.130127991220840278e-06,-1.444800434503649820e-06
2.444696419557984543e-06,-1.215935631874821611e-06
1.435378449538135613e-06,-7.866967951376691559e-07
1.450586248553522706e-06,-5.364162218325377103e-07
1.793034829049141308e-06,-1.029296133559747840e-06
2.354965867981836401e-06,-9.051032027215483976e-07
2.300230021095608812e-06,-6.374643938417467662e-07
1.660666649250208319e-06,-5.921920496178884912e-07
1.530189021467024177e-06,-4.463631592122894381e-07
1.642411234292715135e-06,-2.265350732881462720e-07
2.059469191410021632e-06,-5.815029860524410717e-07
1.776583056812710549e-06,-6.401469703742422561e-08
2.296795306880101000e-06,-3.854624661336267106e-07
1.861125964099048235e-06,-2.029051661305095356e-07
2.128937251269666264e-06,-1.894151377852576430e-07
1.901115190665826912e-06,6.929072514310484322e-08
2.313547950242209113e-06,-1.897285266632539215e-07
2.237628885379041776e-06,-3.984320208891963253e-08
2.119525897678741920e-06,3.531383091709158480e-08
2.026793990189484474e-06,1.498227151130911832e-07
2.126414229086646741e-06,1.914081114457648211e-07
2.327369095167633075e-06,-3.568930181475155167e-08
2.280762519295289160e-06,7.812894910626533694e-08
2.235875282279704221e-06,1.655831881082743438e-07
2.219577168356074093e-06,1.956661338045504128e-07
2.338019102070167725e-06,7.151134272200603438e-08
2.321768405781614477e-06,1.543893928060051987e-07
2.282800219299873414e-06,1.849395047929495108e-07
2.308935720393050406e-06,1.490080727761387543e-07
2.312299415860035718e-06,9.052912327423146852e-08
2.324619484526477247e-06,1.601717758937995066e-07
2.330862524630519890e-06,1.364614902398753607e-07
2.329075744108683606e-06,1.437250288774951047e-07
2.277704541656873709e-06,3.882462254819348042e-08
2.210016919194309444e-06,-1.686219888136859175e-08
2.298394240688602374e-06,1.621547302863997977e-07
2.291472166119723488e-06,1.870120199208144371e-07
2.121919304368608940e-06,-6.101841008818243211e-08
2.242238083507556198e-06,1.077360422731932316e-07
2.224472594651199300e-06,2.307305103641705917e-07
2.106392537891682379e-06,8.524221071322337800e-08
1.983259265814762335e-06,-1.064086605138349294e-07
2.134660891568558777e-06,2.616580053051881326e-07
1.753926605855114385e-06,-1.510944278318149714e-07
1.954079264525560031e-06,1.806158198218952984e-07
1.985564295345378388e-06,3.067362675411792136e-07
1.350538336926116570e-06,-2.171150715475894247e-07
1.568875354890138121e-06,1.244073674185554990e-07
1.752653686549061888e-06,3.641246621737984334e-07
7.006357408173747879e-07,-2.845450620428047284e-07
1.044237058205887935e-06,1.028932333769082790e-07
1.349898643680634422e-06,4.269865525264806604e-07
-8.226853992837556164e-08,-3.392349832205915442e-07
3.256800904507666858e-07,1.031248407651505044e-07
7.004522611239704169e-07,4.912391157361787437e-07
-9.556906483030626427e-07,-3.855026267880523500e-07
-5.047577430259485830e-07,1.026984309395260555e-07
-8.212691258969691630e-08,5.451151355642087863e-07
-1.907487456288879501e-06,-4.259977337057488161e-07
-1.419069619991000922e-06,1.020299935082089510e-07
-9.554300167306318051e-07,5.902078556486474451e-07
-2.928628558718404903e-06,-4.619205662320268202e-07
-2.406931678874429506e-06,1.011706851851794765e-07
-1.907165050998547012e-06,6.292632972949634546e-07
-4.010873318127376802e-06,-4.931059069550380373e-07
-3.460127844120081653e-06,1.003567049003604888e-07
-2.928416566385556637e-06,6.634398678267540893e-07
-5.145856578425085149e-06,-5.195374868513312075e-07
-4.570132838862667891e-06,9.965738772264719580e-08
-4.010732214710087790e-06,6.930836642958490337e-07
-6.324102317853519503e-06,-5.401196583800055280e-07
-5.728516007007681339e-06,9.898502918375345676e-08
-5.145625562819278743e-06,7.181160191863749216e-07
-7.533563651022003935e-06,-5.540623357818987335e-07
-6.924573240841774640e-06,9.835506820598111951e-08
-6.323800558676692114e-06,7.374917830351051523e-07
-1.017109413025582386e-05,-4.903367918795682651e-07
-9.995976831785159742e-06,-5.628337354145266093e-07
-8.081745279738577667e-06,9.795646211017897744e-08
-8.761713731684800144e-06,-5.612329608849306249e-07
-7.533435000424369925e-06,7.503864150869565116e-07
-1.024363589850745156e-05,-3.152790822154699948e-07
-9.828884201633206048e-06,9.756458615529783381e-08
-8.761621511045048492e-06,7.567901997963236486e-07
-1.024365262889105364e-05,5.103973373433528445e-07
-9.995958554974156384e-06,7.580062067883328735e-07
-1.017110206459180390e-05,6.854910385750220136e-07
