Size 192,2
-7.363473678562493566e-05,1.128622302638351781e-05
-7.390751314071299495e-05,1.062762383874015176e-05
-7.390739754123977739e-05,7.523099444742192412e-06
-7.363460919433616430e-05,6.864513839531413224e-06
-7.297617814182572710e-05,1.155903196086016417e-05
-7.174104703328419859e-05,9.075366366338468154e-06
-7.297604221898907468e-05,6.591713968115830680e-06
-6.833945087876428046e-05,1.155956026336818552e-05
-6.833930236143250620e-05,6.591473751787903784e-06
-6.577904892822379916e-05,9.075683521096465225e-06
-6.370102403601804095e-05,1.156108761766072087e-05
-6.370102132100593367e-05,6.590735998343748617e-06
-6.138078192080730273e-05,9.076166794983643328e-06
-5.905986470539970247e-05,1.156282589126568254e-05
-5.905979170989470334e-05,6.590072814623690343e-06
-5.673822353260796235e-05,9.076967701656858084e-06
-5.441663370723965996e-05,1.156397486766184374e-05
-5.441604796394106889e-05,6.590718329351636574e-06
-5.209429270380063647e-05,9.077955372395963817e-06
-4.977383514990691874e-05,1.156294508434015523e-05
-4.977286293071113069e-05,6.594172210302437450e-06
-4.745339674803424133e-05,9.079135809055942092e-06
-4.513774142537782378e-05,1.155762227313907000e-05
-4.513709086790091633e-05,6.602447264503700867e-06
-4.282414188757766428e-05,9.080557331069586560e-06
-4.051910398835196272e-05,1.154585187342676323e-05
-4.051928610593445186e-05,6.617398743141202664e-06
-3.821896764581813363e-05,9.082220115819945113e-06
-3.593194274493600261e-05,1.152590826366177589e-05
-3.593270037855795265e-05,6.640463525493762531e-06
-3.365301595067934665e-05,9.084006265350935851e-06
-3.139270635145626870e-05,1.149662341527978185e-05
-3.139371314438596077e-05,6.673317695732735638e-06
-2.914410979358595329e-05,9.085787445295352330e-06
-2.692067608637225689e-05,1.145568774834299783e-05
-2.692143051362175978e-05,6.717840300048166896e-06
-2.480118365655190955e-05,9.087006426263199188e-06
-2.271326650219604123e-05,1.140254858326794557e-05
-2.271350116938371079e-05,6.776303556191568794e-06
-2.115740550932051689e-05,9.265850947409052247e-06
-1.960285053261179124e-05,1.134858327759977669e-05
-1.960174121399806758e-05,6.834294764340259916e-06
-1.739319004481445740e-05,1.129827730537084970e-05
-1.780906375773647145e-05,9.849132940161385103e-06
-1.739058368373944810e-05,6.873385035141542749e-06
-1.581551720641284341e-05,6.916296592834655769e-06
2.450635208688541767e-06,8.154410029720468939e-07
2.499852777344110202e-06,6.968845028887605991e-07
2.499492327132377453e-06,2.559094679309049772e-07
2.450544837456538472e-06,1.393043958656399497e-07
-1.581150567662166118e-05,1.126162349840292447e-05
-1.440883857506695358e-05,1.114772855406846741e-05
-1.548276947872027939e-05,8.548356483423696022e-06
-1.439711509156653754e-05,6.839892272994394937e-06
2.332639484193996792e-06,8.645825187408349793e-07
2.213937587167941824e-06,3.810908274558066025e-07
2.333805446054878903e-06,9.080107503614956724e-08
-1.395419141031136351e-05,9.815188079107709681e-06
-1.304547751716696496e-05,1.086832716109429546e-05
-1.174765146994560070e-05,1.045187690770535993e-05
-1.353295251445998651e-05,8.009231538760175820e-06
-1.305851476377286153e-05,6.539019305696260691e-06
1.533600081905271118e-06,8.784768664492138409e-07
1.533346266916322687e-06,7.797765666523034300e-08
1.119314064254381365e-06,4.786258319900006304e-07
-1.053456849131621440e-05,9.887713986482548657e-06
-1.156742247229717281e-05,9.095384771401929954e-06
-1.201227758559756021e-05,7.414963430499495177e-06
-1.182847497278361874e-05,6.032342724652129195e-06
6.705867962456095338e-07,9.525382401838750766e-07
6.708926917663704910e-07,5.628718435251804671e-09
1.609064334272074535e-07,4.793955944938295485e-07
-9.407890846534520349e-06,9.208733671471190329e-06
-8.395619204561602668e-06,8.426174247615646594e-06
-1.046674019489208832e-05,7.157814441994996552e-06
-1.073932819388152743e-05,5.335386152998115187e-06
-4.229954032787596179e-07,1.110603250291242898e-06
-4.230271906976141858e-07,-1.516216599143513274e-07
-8.653032912113803061e-06,7.237970026994598258e-06
-7.503326578226102180e-06,7.541025467018159159e-06
-9.078971966439782867e-06,5.918560558434661560e-06
-9.817055114846962656e-06,4.494512944570094111e-06
-1.064616332036877375e-06,4.796570755539404618e-07
-1.825399265315817618e-06,1.337126665351136590e-06
-1.824268611157391857e-06,-3.796986364591325354e-07
-6.722043191134546790e-06,6.581816021483917351e-06
-6.082095793224673007e-06,5.578979155573686261e-06
-5.576770220794613134e-06,4.520207726455509555e-06
-8.214784801808054955e-06,4.746787287551323755e-06
-9.080253032508971931e-06,3.548384520468753061e-06
-2.436061763063165106e-06,4.819603597939033229e-07
-3.183004217110220803e-06,1.559045155147106781e-06
-3.183430359626361804e-06,-6.116537449796837365e-07
-6.651808262742825977e-06,4.516985366913429930e-06
-5.194030046708410597e-06,3.434207589168994489e-06
-4.411875232313030342e-06,1.746389411916604360e-06
-4.768821586398243696e-06,1.935818796281089742e-06
-4.958379160650202433e-06,2.323797834415842852e-06
-7.614168633913643531e-06,3.411149962918867711e-06
-8.533497682129941177e-06,2.538390706685348414e-06
-3.854271296016214486e-06,6.396937286340343398e-07
-4.417115167271461448e-06,-7.787010082848247895e-07
-5.938832358891233309e-06,2.666651127841968621e-06
-4.793866939852135889e-06,1.175309623650157360e-06
-5.216697701333920278e-06,1.800552550409922440e-06
-7.185626630184921381e-06,2.226356027762958812e-06
-8.194157096147274938e-06,1.506913095336264552e-06
-4.819445126898222935e-06,-5.070214955124747788e-08
-4.768312261303631721e-06,-9.621959276596555169e-07
-6.165501122562557918e-06,9.191893101064921577e-07
-8.078303360356349012e-06,4.744816124277827357e-07
-8.184517829530862159e-06,-5.442239437150325454e-07
-5.544979021828786463e-06,-7.149511688660566006e-07
-4.971866091773630467e-06,-1.357585064373794115e-06
-5.219808550226485043e-06,-2.452469477083776163e-06
-7.159547916404095260e-06,-6.721733953179489012e-07
-5.594708580100952966e-06,-3.523197078210072414e-06
-8.508764894967782243e-06,-1.575179203606995478e-06
-6.204762353529628944e-06,-2.487731782747721519e-06
-7.666823050920737928e-06,-2.570813426858745947e-06
-6.102539979103412439e-06,-4.549077879134635150e-06
-9.033702071535044457e-06,-2.572435652596334358e-06
-8.603782369925591438e-06,-3.565391306402355690e-06
-7.579609894693996884e-06,-4.191262410537390542e-06
-6.732109393426573386e-06,-5.537442862103381607e-06
-7.495579678160044379e-06,-6.466303045560363290e-06
-9.755956386624105135e-06,-3.498663758702876506e-06
-9.238780393184753011e-06,-4.692106304281216142e-06
-8.628252396092279735e-06,-6.099706359273980541e-06
-8.367589047787355152e-06,-7.321880555307393362e-06
-1.065028927931289067e-05,-4.318964912157271414e-06
-1.038182804756893430e-05,-6.094056701236615451e-06
-9.353965330555718784e-06,-8.076213196399838383e-06
-1.044600076444701257e-05,-8.727011477733791911e-06
-1.161803630244424015e-05,-9.263435480839386847e-06
-1.171116332430497944e-05,-6.478290436317929492e-06
-1.170009968790033444e-05,-5.001614757276939707e-06
-1.144641330112064806e-05,-7.961090782515714863e-06
-1.286619957765280851e-05,-9.658217938710214867e-06
-1.417030886940570546e-05,-9.914352792780840881e-06
-1.278260600705536260e-05,-6.809161489194535856e-06
-1.288390277086888565e-05,-5.503266754039602809e-06
-1.550520996216429108e-05,-1.001827732667576499e-05
-1.400774220492531144e-05,-8.035216304604385552e-06
-1.416279226552631361e-05,-5.801854119525641114e-06
-1.579783064239327883e-05,-8.240088643682247436e-06
-1.700316612499169563e-05,-1.005071156142014113e-05
-1.549594107377568944e-05,-5.891166620027127142e-06
-1.909056017835658052e-05,-1.008320361586370209e-05
-1.742979303468404550e-05,-7.221733265283479587e-06
-1.700125004356053539e-05,-5.859390834205539918e-06
-2.202339843040388939e-05,-1.013305917451005862e-05
-2.055812621492414445e-05,-7.785848010938024980e-06
-1.909131632073890366e-05,-5.818432129547407784e-06
-2.598571250868769687e-05,-1.018693302364668750e-05
-2.398948404001724914e-05,-7.954211220027107224e-06
-2.202365800939993018e-05,-5.771644219270738342e-06
-3.020156111074664978e-05,-1.023263902092006472e-05
-2.807972698996432184e-05,-7.954809958934099006e-06
-2.598551294523080495e-05,-5.721566822269696687e-06
-3.449310837832200618e-05,-1.027177144482944666e-05
-3.233534986365512446e-05,-7.955819690431499951e-06
-3.020113901396227215e-05,-5.677947320501781481e-06
-3.884973000678041452e-05,-1.030566821298748939e-05
-3.666108941752861845e-05,-7.956916718791493714e-06
-3.449279355553497154e-05,-5.641014488094425440e-06
-4.326294833740697553e-05,-1.033557950228672675e-05
-4.104718635189329612e-05,-7.958149475102236972e-06
-3.884935025789857207e-05,-5.609384225426724062e-06
-4.772654905236980272e-05,-1.036161820687967951e-05
-4.548667681444590967e-05,-7.959334290742505535e-06
-4.326260626732945068e-05,-5.581958443364497130e-06
-5.223350879960355671e-05,-1.038326855815153403e-05
-4.997329471283390738e-05,-7.960241250185583182e-06
-4.772625704589101160e-05,-5.557932974774242477e-06
-5.677486453384849744e-05,-1.039924185329256051e-05
-5.449920455326230304e-05,-7.960908438294922253e-06
-5.223329243170584388e-05,-5.537914475314637214e-06
-6.133974709891401404e-05,-1.040955778635697717e-05
-5.905421074535999984e-05,-7.961366934574840850e-06
-5.677467139485627807e-05,-5.523084357417313238e-06
-7.115078441134734043e-05,-1.014633122406870489e-05
-7.050010018034613463e-05,-1.041582786224097487e-05
-6.338902894520770707e-05,-7.961703970936388297e-06
-6.591773679357049013e-05,-1.041475586445251443e-05
-6.133962110888599266e-05,-5.513562319264219468e-06
-7.142031102845996279e-05,-9.495688242242346190e-06
-6.988037481852285993e-05,-7.961978730675733969e-06
-6.591768692623667641e-05,-5.508944060061073669e-06
-7.142032539039684126e-05,-6.428268834732612516e-06
-7.050009817350390534e-05,-5.508101168507707145e-06
-7.115079495326998124e-05,-5.777607309094027967e-06
