Size 192,2
7.360023699068244957e-05,-1.233821318342448882e-05
7.385392830783789320e-05,-1.172570499917526832e-05
7.385362896356296666e-05,-8.838254454455445272e-06
7.359989275599959028e-05,-8.225686120477444858e-06
7.298774991816882047e-05,-1.259192339017374512e-05
7.183878098864591847e-05,-1.028189531091510889e-05
7.298733343796493997e-05,-7.971945439005367692e-06
6.867525212644079403e-05,-1.259186537807208342e-05
6.867456333016605692e-05,-7.971444767907486434e-06
6.629382911168871218e-05,-1.028148204969124087e-05
6.436190156861020266e-05,-1.259208250091801573e-05
6.436125216375908733e-05,-7.970429368781690893e-06
6.220427808498719632e-05,-1.028099615617586981e-05
6.004685080003168454e-05,-1.259261557143843461e-05
6.004620466318096858e-05,-7.968748352347716866e-06
5.788794006629686349e-05,-1.028065767999119964e-05
5.572965233852404058e-05,-1.259371759185268709e-05
5.572847291111356831e-05,-7.967097534481473088e-06
5.356917755670487523e-05,-1.028040084749932261e-05
5.140985804963281268e-05,-1.259516203555028147e-05
5.140854011585782070e-05,-7.965654640396093377e-06
4.924795027117510101e-05,-1.028035106890357560e-05
4.708623129691852415e-05,-1.259756589518586438e-05
4.708520522230532989e-05,-7.963483499931228482e-06
4.492225919823384777e-05,-1.028032058543471604e-05
4.275734300452595693e-05,-1.260008873451131892e-05
4.275690457782851055e-05,-7.960996095356986707e-06
4.059106734451504024e-05,-1.028034480077239447e-05
3.842333757493621317e-05,-1.260190376631033328e-05
3.842356026832388963e-05,-7.959503299296888422e-06
3.625557692393483134e-05,-1.028070448944427404e-05
3.408789401740737370e-05,-1.260077157431580621e-05
3.408855394725674072e-05,-7.961475816082278525e-06
3.192187688086634792e-05,-1.028139783061623882e-05
2.975904031883344733e-05,-1.259473273677496743e-05
2.975963024522781966e-05,-7.968876753749673186e-06
2.768672602418587199e-05,-1.028201185691469881e-05
2.562159815666913159e-05,-1.258222063419190176e-05
2.562178896007072368e-05,-7.983467257982192308e-06
2.407581526606593226e-05,-1.046139220989800773e-05
2.250740165000377323e-05,-1.256662304533441003e-05
2.250697463999034144e-05,-8.000939811383427693e-06
2.025773770289769632e-05,-1.255057398608136686e-05
2.069266534139275356e-05,-1.105879567884312018e-05
2.025684426456801629e-05,-8.013629752008481506e-06
1.863188083997858470e-05,-8.027861830546709437e-06
-3.135104369159357313e-06,-5.718834138026517584e-07
-3.197116005030079614e-06,-4.226624443401028650e-07
-3.196742907748015782e-06,1.328038107887697346e-07
-3.135059328348466509e-06,2.798187564936524568e-07
1.863047759042686479e-05,-1.253854256576438670e-05
1.716325613307650790e-05,-1.244378516651704496e-05
1.829913139125706508e-05,-9.720586408479888613e-06
1.716200364080721206e-05,-7.915271393301960616e-06
-2.986577973789269488e-06,-6.336336845784391833e-07
-2.837128543308506555e-06,-2.439941987735698835e-08
-2.987917741519502348e-06,3.411662177445304915e-07
1.669530576662805630e-05,-1.105495906185030130e-05
1.572221512106024364e-05,-1.218068859624215045e-05
1.432887310522394735e-05,-1.176109694266031137e-05
1.625511651495136623e-05,-9.143676171240547481e-06
1.574916539662673764e-05,-7.556061685718124899e-06
-1.980429600319962816e-06,-6.506104098223100956e-07
-1.979632968464815913e-06,3.591585443612678176e-07
-1.457697515070986889e-06,-1.456718348846295526e-07
1.300173902606720812e-05,-1.118506976132927025e-05
1.414368598499894299e-05,-1.031578668099033774e-05
1.462613865495816140e-05,-8.495417203505013589e-06
1.443241538783610718e-05,-6.964113767942585485e-06
-8.905419329598224246e-07,-7.458847972564910425e-07
-8.907958479944954332e-07,4.541267417576587828e-07
-2.441491821547370606e-07,-1.460258805313276757e-07
1.175342464101700663e-05,-1.046865198157481309e-05
1.060416716598124982e-05,-9.621696311037044553e-06
1.293739418421132379e-05,-8.208962914793495837e-06
1.324981370513399026e-05,-6.157316296505915983e-06
4.986191906854888624e-07,-9.509340426066698822e-07
4.986632284973121046e-07,6.587621313744066731e-07
1.089518888052769030e-05,-8.305317127434422764e-06
9.566164941691674163e-06,-8.652144990001913943e-06
1.138440247316207020e-05,-6.809937558922415373e-06
1.223477361088818936e-05,-5.168284726576870940e-06
1.317373671461024547e-06,-1.463538202557938621e-07
2.291340785619877363e-06,-1.246174512331768515e-06
2.289876388230870464e-06,9.553195741327381598e-07
8.646443914216737708e-06,-7.578223249008004971e-06
7.862528513313363321e-06,-6.418851428205031161e-06
7.217792165639464148e-06,-5.179323731809747735e-06
1.038619208026264019e-05,-5.455740075899775064e-06
1.141497680389738207e-05,-4.031689130883494367e-06
3.074030738286741017e-06,-1.494306333309192044e-07
4.034922339019749357e-06,-1.536683465685520165e-06
4.034522205743330760e-06,1.256994840734454979e-06
8.529491605040971162e-06,-5.183512412222861284e-06
6.718059042210944633e-06,-3.877598991542894954e-06
5.633120000457749343e-06,-1.784418152554578947e-06
6.108673407982583044e-06,-2.027075573537028893e-06
6.373735576860631157e-06,-2.515479244967547928e-06
9.684469617153030469e-06,-3.863624511272559349e-06
1.081123843111559723e-05,-2.791914587872995758e-06
4.899066511017915161e-06,-3.523810539930495600e-07
5.606610459604020637e-06,1.472620069800915126e-06
7.623446870341562347e-06,-2.949917420185351137e-06
6.125344421468039621e-06,-1.051367279573181266e-06
6.688673439058785687e-06,-1.856382025517198785e-06
9.168256316112026347e-06,-2.405818903648159322e-06
1.044926396824774168e-05,-1.494390485156536071e-06
6.130409931834985090e-06,5.296499253458226154e-07
6.041999716024638654e-06,1.712170288959052946e-06
7.886846055904346916e-06,-7.483139289417046717e-07
1.034247795601601289e-05,-1.730468966487147618e-07
1.054344395043175737e-05,1.158817159110223459e-06
7.052305268625908496e-06,1.382266246752239627e-06
6.288156002640042292e-06,2.239393676356046949e-06
6.576121728860381830e-06,3.721540932709446530e-06
9.182049548559844822e-06,1.309368780209059748e-06
7.038454373628467119e-06,5.211080075910796530e-06
1.103397186671134923e-05,2.520193341872229967e-06
7.893593224374378497e-06,3.756569787809609281e-06
9.892772749590784837e-06,3.870920906853467744e-06
7.708011491517101764e-06,6.655204258984947088e-06
1.181190897463175369e-05,3.873061668329899530e-06
1.122158148796972199e-05,5.254757333198914026e-06
9.767448334999599742e-06,6.141324773394820632e-06
8.560164580537116781e-06,8.083904822524077635e-06
9.633945830375023638e-06,9.453102969880928917e-06
1.289043016046739151e-05,5.150011642531505886e-06
1.214547946516077909e-05,6.862287385663577268e-06
1.125792629283458782e-05,8.919403030265191486e-06
1.087673165926240757e-05,1.074234483020878159e-05
1.423214269019281533e-05,6.302437701786680439e-06
1.383821503187156971e-05,8.918220049317341529e-06
1.231541731775479518e-05,1.189085796230339844e-05
1.394425916436362208e-05,1.290409545668930638e-05
1.571371586847452519e-05,1.376460425423688957e-05
1.584528495068677641e-05,9.493022458837895516e-06
1.582435549757857547e-05,7.279873106574404404e-06
1.544017693896136120e-05,1.174974417569207099e-05
1.763031215516014486e-05,1.440551681352722240e-05
1.966102894015612240e-05,1.484077905211931231e-05
1.748730110354762684e-05,9.990678884764845306e-06
1.764712160945805416e-05,7.994495962211309133e-06
2.175618288539643580e-05,1.503589653232335316e-05
1.938744458346396200e-05,1.189089574505205533e-05
1.963821838387778845e-05,8.406831516481043669e-06
2.221251174298954366e-05,1.221901505054180419e-05
2.414264722088399034e-05,1.512405103166831968e-05
2.173192702549621512e-05,8.513435912226348723e-06
2.750087153353461878e-05,1.521087215277736800e-05
2.481397808476520919e-05,1.059415154942591574e-05
2.413882311063399844e-05,8.424036917725000195e-06
3.229052809988987229e-05,1.534101625134056562e-05
2.988356918075696462e-05,1.149363549263869074e-05
2.750420320390564667e-05,8.309348517118240641e-06
3.885154614151794644e-05,1.547589345471421786e-05
3.553289330308316834e-05,1.176403514264449397e-05
3.229244354714850846e-05,8.181454984991160377e-06
4.590696866330848408e-05,1.558419405640123638e-05
4.234589517380711897e-05,1.176107777974527370e-05
3.885256257869187013e-05,8.047741211305514339e-06
5.314309527810784795e-05,1.566990580703951842e-05
4.949815096304799030e-05,1.175900383485195815e-05
4.590761347161621152e-05,7.935766994872229448e-06
6.052276548168608882e-05,1.573732705769188137e-05
5.681184794087992097e-05,1.175714245917041924e-05
5.314367846714976036e-05,7.846125264608777290e-06
6.801512343772792631e-05,1.579028803276782947e-05
6.425235590948278762e-05,1.175558581461920241e-05
6.052323005936205327e-05,7.775294641714905393e-06
7.559706623814401306e-05,1.583184212526251669e-05
7.179298210136490646e-05,1.175411888239995321e-05
6.801567179067440462e-05,7.719368880341867504e-06
8.324874470210914216e-05,1.586277876014056005e-05
7.941301402480503301e-05,1.175286479412956019e-05
7.559751903028605043e-05,7.675222688058528221e-06
9.095024133832482803e-05,1.588305889817073410e-05
8.709297828646226790e-05,1.175186140016864747e-05
8.324904032539482660e-05,7.642024938949404814e-06
9.868063366346819739e-05,1.589346361377078177e-05
9.481232085895575077e-05,1.175109738691753877e-05
9.095042020997250556e-05,7.619843041894010286e-06
1.152649234898381889e-04,1.544175758115048163e-05
1.141653213516462229e-04,1.589722382419758319e-05
1.021477058610767652e-04,1.175063528737682334e-05
1.064224636408683924e-04,1.589687944939664996e-05
9.868077000453864323e-05,7.608128910069527109e-06
1.157203952918166642e-04,1.434216405655744820e-05
1.131183655006028435e-04,1.175036488424761766e-05
1.064225417186890092e-04,7.604087405718906206e-06
1.157204340715165881e-04,9.158542750860914893e-06
1.141653757075577591e-04,7.603499126556374152e-06
1.152649681923998689e-04,8.058959210563367855e-06
