Size 192,2
5.215122945941865867e-05,-6.529226561037166317e-06
5.237028047711228106e-05,-6.000522268124611539e-06
5.237002926893360554e-05,-3.507826591178365346e-06
5.215094218802058293e-05,-2.979086991582999563e-06
5.162241586056887593e-05,-6.748196712174515859e-06
5.063009731240721147e-05,-4.754130153165997646e-06
5.162207503241416864e-05,-2.760100955286261371e-06
4.789872583754901518e-05,-6.746449558960700423e-06
4.789821884487277352e-05,-2.761610943837794726e-06
4.584432658015502593e-05,-4.753946362716570141e-06
4.418120556647808810e-05,-6.740246922248188302e-06
4.418066325443255034e-05,-2.767403320812627889e-06
4.232633610018733493e-05,-4.753467378077879100e-06
4.047896644866636942e-05,-6.728419909976253687e-06
4.047887538086845412e-05,-2.777998701054995487e-06
3.863507988313759248e-05,-4.753023737218752277e-06
3.680262694447546514e-05,-6.710119246829481650e-06
3.680234280965961733e-05,-2.795081586143922380e-06
3.497562321378187367e-05,-4.752295629388038006e-06
3.316523640297878154e-05,-6.683734952328133581e-06
3.316476949930063326e-05,-2.819988251584215508e-06
3.136313717836503268e-05,-4.751460427878242589e-06
2.958468599570412998e-05,-6.646425924258175672e-06
2.958399382947993518e-05,-2.855463640396949546e-06
2.781814622319431969e-05,-4.750361809320506394e-06
2.608294047177284189e-05,-6.596775353947622290e-06
2.608218713382202741e-05,-2.902756492939498995e-06
2.436368112165596413e-05,-4.748979545367570366e-06
2.268284060654476080e-05,-6.535779032530757965e-06
2.268225621141891978e-05,-2.960928155753258415e-06
2.102160440389454855e-05,-4.747381222916007187e-06
1.940399731326224135e-05,-6.465492173948088698e-06
1.940391994701650389e-05,-3.027889146376044581e-06
1.780870353311457758e-05,-4.745581109975297360e-06
1.626026691673554376e-05,-6.387786338706270740e-06
1.626018180447659435e-05,-3.101747132608660687e-06
1.479651135361988043e-05,-4.743135518589389077e-06
1.338071397144365005e-05,-6.305275194955727624e-06
1.337998946446500638e-05,-3.182557638362237127e-06
1.233211070348915774e-05,-4.859261382510486529e-06
1.130635456079204546e-05,-6.232988437126351652e-06
1.130385589175566062e-05,-3.253167521158348006e-06
9.862695784618215875e-06,-6.172517568479627295e-06
1.012605179738036425e-05,-5.235492310469914768e-06
9.859104570470958399e-06,-3.296500479040158099e-06
8.844944274641074446e-06,-3.342278776739166950e-06
-1.209423431902085422e-06,-1.553165818134312983e-08
-1.233630977251257461e-06,4.266799437770766796e-08
-1.233509979138782976e-06,2.595746018630960819e-07
-1.209422794281730686e-06,3.170387549801353524e-07
8.841410285062874090e-06,-6.130805336986865917e-06
7.950554024389680722e-06,-6.042486287992846363e-06
8.624391406877667080e-06,-4.390521930619379578e-06
7.936125774992859651e-06,-3.311704290914993034e-06
-1.151488840107683799e-06,-3.957233721580612469e-08
-1.093073076035201334e-06,1.983971778234914729e-07
-1.151935987804837927e-06,3.410962073143757050e-07
7.657033857437315505e-06,-5.190913446468512980e-06
7.092324813825488623e-06,-5.847257233664976858e-06
6.287387195812089837e-06,-5.572978287145979728e-06
7.389509102691864476e-06,-4.052697065294023784e-06
7.093770823068048397e-06,-3.142924381493716280e-06
-7.585540163305816955e-07,-4.574087660667775908e-08
-7.581023951036121386e-07,3.486741582306696834e-07
-5.542054218423007830e-07,1.517596324391608732e-07
5.547295126968594587e-06,-5.206174421876760926e-06
6.171254878014146834e-06,-4.723889530612899196e-06
6.444875698738043155e-06,-3.687368721844941606e-06
6.329284240556829417e-06,-2.851089479488057590e-06
-3.328568996960709815e-07,-8.196914908708989823e-08
-3.327530640643999769e-07,3.859463663195256411e-07
-8.074977490763872956e-08,1.522117150215030284e-07
4.868004615524810742e-06,-4.776947036777288153e-06
4.271257336663135646e-06,-4.292863820473739235e-06
5.501180907519202648e-06,-3.531498801819586727e-06
5.660516537624963366e-06,-2.445897130502921282e-06
2.082095856310817779e-07,-1.603071950137931904e-07
2.083019465117877597e-07,4.650725541228395453e-07
4.423747351133381454e-06,-3.574435363154133829e-06
3.758234227741555360e-06,-3.751310771690767845e-06
4.671812860450776913e-06,-2.793817204910984763e-06
5.100351161688711144e-06,-1.965038248577717203e-06
5.261499421026925121e-07,1.523777370610040162e-07
9.037032039650442221e-07,-2.734225248286116943e-07
9.030351385191377686e-07,5.792520983542300149e-07
3.314789447098153282e-06,-3.175843735647622847e-06
2.967860478338793685e-06,-2.593017668617977158e-06
2.709174315070185085e-06,-1.986399862338714793e-06
4.170870776346356041e-06,-2.112028501742963735e-06
4.656296318833891425e-06,-1.437161140287794524e-06
1.206795608079896789e-06,1.509773682917717491e-07
1.577838258643176714e-06,-3.841706977691817442e-07
1.578412864931239533e-06,6.955580227067865663e-07
3.293625168348576432e-06,-1.980492056821433827e-06
2.520484544812496126e-06,-1.379916775838440525e-06
2.178761662474441633e-06,-4.772920327673057265e-07
2.346562858800518829e-06,-5.744591574498843276e-07
2.427810811962617591e-06,-7.779124532554263454e-07
3.826610514650395674e-06,-1.361092757156086430e-06
4.322632791143915095e-06,-8.894022281326540868e-07
1.910844966141310763e-06,7.177317885849898149e-08
2.203341359618510593e-06,7.810388066396887788e-07
2.927627334817688743e-06,-9.559984106849870611e-07
2.369126094055206119e-06,-1.907495461819519464e-07
2.568516505775966566e-06,-5.051044082021737865e-07
3.589546733727500623e-06,-7.211520106266276234e-07
4.105959166795848070e-06,-3.494492614999237309e-07
2.400184735037350037e-06,4.213419017180803868e-07
2.390077999575153707e-06,8.716716238861383745e-07
3.057986466880190919e-06,-4.571305626074836438e-08
4.020176218899171196e-06,1.757175664140022285e-07
4.029973232112802606e-06,6.740865488207062578e-07
2.771712466039686651e-06,7.564952107046256053e-07
2.502819845359297275e-06,1.058538543765239909e-06
2.648531068760142795e-06,1.559173351558383426e-06
3.545038124361039068e-06,7.479597688365163327e-07
2.850942582231518013e-06,2.019178415885974678e-06
4.141676469538209568e-06,1.169248435756640985e-06
3.108149481905204383e-06,1.584420378801209567e-06
3.759241243028313923e-06,1.621701417331085513e-06
3.094917516005021441e-06,2.447843436867590971e-06
4.332359547462014249e-06,1.622877361769686233e-06
4.142233362978317569e-06,2.048978075916361720e-06
3.724555666609843177e-06,2.306038005218965360e-06
3.381409074951032524e-06,2.833238022024444420e-06
3.699423838974967501e-06,3.176110419009769428e-06
4.587963770474177965e-06,2.028986646246210900e-06
4.384300376359287009e-06,2.503307155947116709e-06
4.149653805629106070e-06,3.035946788221156404e-06
4.050959477795263260e-06,3.472100255205133533e-06
4.899935717560685998e-06,2.372141051207157219e-06
4.798621406680264901e-06,3.028124940719894267e-06
4.424536438052605817e-06,3.724764516215513908e-06
4.812932903404574846e-06,3.927455462100832172e-06
5.215953330331261476e-06,4.078502511484533659e-06
5.254758461587715558e-06,3.163451312418221527e-06
5.254713472295893612e-06,2.643772732942606401e-06
5.166675492257857633e-06,3.662241865858123565e-06
5.623414815099735036e-06,4.185041554994715178e-06
6.031549249560873887e-06,4.242181638402091946e-06
5.606240841617145690e-06,3.278266289006441286e-06
5.637021682621950109e-06,2.844812525169797782e-06
6.438891479706893456e-06,4.253843636830115304e-06
5.993677604295630980e-06,3.668256840416102631e-06
6.036667331849288089e-06,2.972060369777179001e-06
6.530115402709350417e-06,3.726519062393333016e-06
6.874486285576905783e-06,4.240701520599984264e-06
6.442411749459281262e-06,3.020232497233348622e-06
7.462508825863444479e-06,4.228141225460374429e-06
7.004071955133043050e-06,3.431247566838886008e-06
6.874804911821937418e-06,3.034615559493236955e-06
8.244238979665322178e-06,4.209491990829034399e-06
7.862900385114538070e-06,3.594540398572825367e-06
7.461760546928013635e-06,3.052756845561030860e-06
9.240446991719731908e-06,4.189753268679880725e-06
8.748148169387232834e-06,3.641520158837847143e-06
8.243862949259942686e-06,3.073089412233036534e-06
1.024298122819890547e-05,4.171877857050433467e-06
9.747517118212723752e-06,3.643318168294981091e-06
9.240146082407602347e-06,3.095257380589715153e-06
1.121046889059271563e-05,4.154096404071674068e-06
1.073245555116467037e-05,3.644938363363155176e-06
1.024266938769007797e-05,3.116527087350473265e-06
1.214159251891395120e-05,4.135396113166449618e-06
1.168199533069871231e-05,3.646339119591640079e-06
1.120988016508456774e-05,3.137346099631637607e-06
1.303449388163669225e-05,4.115592253541000568e-06
1.259441333761730200e-05,3.647276375566125653e-06
1.214112692356647958e-05,3.158294820828896021e-06
1.388839395316333449e-05,4.096121445250627965e-06
1.346778556650556303e-05,3.647896411629363743e-06
1.303422137791608605e-05,3.179541853431777057e-06
1.470618981026315027e-05,4.078874053628570266e-06
1.430296998049328155e-05,3.648345930777757334e-06
1.388840022708464989e-05,3.200098191907510647e-06
1.549381158699345709e-05,4.065427842354328343e-06
1.510436830261690952e-05,3.648593832634284278e-06
1.470622856555376312e-05,3.218166230472952764e-06
1.626062391507826949e-05,4.056904355184302391e-06
1.587982225678418420e-05,3.648559964519725576e-06
1.549384064627928122e-05,3.231789249158228704e-06
1.787716128695947411e-05,4.007933235866891375e-06
1.777002640893389553e-05,4.052320557767295881e-06
1.660023711666835502e-05,3.648529299617624204e-06
1.701654808936274853e-05,4.053023918044176722e-06
1.626060349205278897e-05,3.240246918605214845e-06
1.792153666392404092e-05,3.900780998166191134e-06
1.766821898563238318e-05,3.648310384840735945e-06
1.701661628215300997e-05,3.243855587417665505e-06
1.792155597660758016e-05,3.395817397458706521e-06
1.777006531592928152e-05,3.244303853556138442e-06
1.787718670288470130e-05,3.288681890753549003e-06
