Size 192,2
4.156700380571788373e-05,-5.469783313852822048e-06
4.175616103744023703e-05,-5.013234645389658787e-06
4.175591447493550308e-05,-2.860337888896873389e-06
4.156671565744758407e-05,-2.403733008927466188e-06
4.111035215836491934e-05,-5.658866789095706101e-06
4.025311222521462442e-05,-3.936748424326659359e-06
4.110999441085754050e-05,-2.214624999361551874e-06
3.789411328556502442e-05,-5.656980010631807294e-06
3.789356063665498428e-05,-2.216370171992988131e-06
3.611986615797766864e-05,-3.936628196733557565e-06
3.468431196851444578e-05,-5.649001642206959227e-06
3.468401488341665145e-05,-2.224283531926879891e-06
3.308538841999744532e-05,-3.936361645908756036e-06
3.149600662702189334e-05,-5.632094961503962236e-06
3.149630802232707751e-05,-2.240498586529410558e-06
2.991370981984751548e-05,-3.936236632361588630e-06
2.834759888336875383e-05,-5.604836345408137872e-06
2.834760322721234377e-05,-2.267189835868647267e-06
2.679187170624719528e-05,-3.935940028245206530e-06
2.525993720441107953e-05,-5.566371104435673066e-06
2.525986742493266349e-05,-2.305224278025013041e-06
2.374178727190873119e-05,-3.935642105373562509e-06
2.225422102885998317e-05,-5.517364442823199426e-06
2.225419110157945366e-05,-2.353739954433513471e-06
2.078356631437468157e-05,-3.935289569155197613e-06
1.934923743854784125e-05,-5.459342980764951251e-06
1.934936016368981368e-05,-2.411119765172126096e-06
1.793425112685400352e-05,-3.935097383863179256e-06
1.655974921962239299e-05,-5.394810228012579966e-06
1.655980894968076588e-05,-2.475203802908413676e-06
1.520586289039464983e-05,-3.934891147307746105e-06
1.389550003954602456e-05,-5.325371665439784480e-06
1.389566101328698379e-05,-2.544357112481096086e-06
1.260671496666703952e-05,-3.934705218108405683e-06
1.136380363542508189e-05,-5.250763127837776098e-06
1.136383650792748236e-05,-2.618581916619483318e-06
1.019221849414749975e-05,-3.933843459116123691e-06
9.068017690074735250e-06,-5.170576925306838675e-06
9.067577429753222759e-06,-2.700556578318994154e-06
8.237778686832549646e-06,-4.025867092054349363e-06
7.435427114383397489e-06,-5.098294304737129201e-06
7.433233745783055863e-06,-2.774134740133303149e-06
6.315420981343805915e-06,-5.035495682890105961e-06
6.514376669693695219e-06,-4.316570748731997905e-06
6.311938542183354599e-06,-2.820683183032846278e-06
5.535173932339984469e-06,-2.870475611828495657e-06
-6.121000228536419306e-07,-8.926481051615443741e-07
-6.240757712017190691e-07,-8.635628908921771957e-07
-6.238784931118733437e-07,-7.564058210267748335e-07
-6.120121255259253689e-07,-7.282762797609754674e-07
5.530936024658264962e-06,-4.991212162189636732e-06
4.858477083351392603e-06,-4.912523005785443799e-06
5.361044307512625929e-06,-3.668434053585390471e-06
4.842140960727585329e-06,-2.863951012314668701e-06
-5.832084472069539954e-07,-9.048626592660106720e-07
-5.545626456786522968e-07,-7.875386436072006213e-07
-5.837945995496022201e-07,-7.168434795063918970e-07
4.633131854569487658e-06,-4.267613366083868131e-06
4.218394293615687575e-06,-4.750541204906650991e-06
3.629225671983572931e-06,-4.535396286549995534e-06
4.430909862036244320e-06,-3.420381815719988275e-06
4.212591242759162924e-06,-2.759649442314690745e-06
-3.888814538146046106e-07,-9.102006021840175349e-07
-3.894864658119783998e-07,-7.158232723209615601e-07
-2.887992537630818000e-07,-8.142265483904087390e-07
3.100881480503617394e-06,-4.251320341078400788e-06
3.539818878954985234e-06,-3.908359079268054621e-06
3.737493205336766348e-06,-3.158684282942889000e-06
3.650998513379324086e-06,-2.571808531467761892e-06
-1.796327465122946152e-07,-9.305847533197332276e-07
-1.803420196012844998e-07,-7.003989868350570919e-07
-5.622051516414503772e-08,-8.167748861862850079e-07
2.624453683022033701e-06,-3.930729879460133686e-06
2.220841629131957257e-06,-3.580371723041633444e-06
3.062601462420558341e-06,-3.050372375234907968e-06
3.168697753914982824e-06,-2.306600277560444558e-06
8.630346840541641740e-08,-9.723358111497395250e-07
8.556018273762649741e-08,-6.638927815202516339e-07
2.324616920973567087e-06,-3.076495258733868979e-06
1.887748407261728831e-06,-3.194601362181663099e-06
2.489244328165166022e-06,-2.547234115571783368e-06
2.772122070079459223e-06,-2.000717298601461609e-06
2.427822917231476089e-07,-8.194532864954423865e-07
4.302078820537845594e-07,-1.032015530782120191e-06
4.288531481811349415e-07,-6.090818247540680614e-07
1.606040389454947784e-06,-2.797236735063310248e-06
1.403340904413243567e-06,-2.414714498866746593e-06
1.267838891412864296e-06,-2.025307188817436490e-06
2.160077042353018153e-06,-2.099548751166994980e-06
2.462657729041041735e-06,-1.678642517218431454e-06
5.799181504970170496e-07,-8.228675711640149989e-07
7.648089621147451950e-07,-1.090096308908921305e-06
7.645523906263089077e-07,-5.520009910308457251e-07
1.612533983396387858e-06,-2.016960216358529160e-06
1.176420923855249016e-06,-1.653420442837039818e-06
1.054311623585266448e-06,-1.138356458315663345e-06
1.128621196720638163e-06,-1.190236931768834317e-06
1.156146068174340626e-06,-1.302171220982058891e-06
1.938530548041073486e-06,-1.634109329826939434e-06
2.227961102278353476e-06,-1.360477335144300517e-06
9.294891482927069257e-07,-8.650554508868637755e-07
1.086905329998449490e-06,-5.084005254995141473e-07
1.418726299317534726e-06,-1.398002000113830270e-06
1.149643307523920419e-06,-9.932341645924255615e-07
1.239174071740540149e-06,-1.153774564985949024e-06
1.794790735732246760e-06,-1.264574040750141687e-06
2.069387725778041991e-06,-1.066265076278503808e-06
1.182494633195816674e-06,-6.857724664100397867e-07
1.190925043789562823e-06,-4.643630605384363384e-07
1.503197194573816593e-06,-9.045828084376085469e-07
1.998800145432720150e-06,-7.951606650605306269e-07
1.965207117377875510e-06,-5.559422831162374946e-07
1.378366926332896541e-06,-5.155552695522289893e-07
1.257300221875056685e-06,-3.804758498654913899e-07
1.348512421877445179e-06,-1.695969871621244477e-07
1.742704718221544878e-06,-5.100777388680963528e-07
1.461543697254483545e-06,7.538352767038617785e-10
1.980194032510687242e-06,-3.267561312366928650e-07
1.553323958736525746e-06,-1.514566681588553822e-07
1.818322949877053432e-06,-1.380177853297322443e-07
1.574850803575025573e-06,1.484552912179418536e-07
2.020916305490228111e-06,-1.384634559247443257e-07
1.945065677168577901e-06,1.872917832724057702e-08
1.806736548942127022e-06,1.050758298482224156e-07
1.695785419604977691e-06,2.586622219858305963e-07
1.806542691623906201e-06,3.392175995422195799e-07
2.071362170153866470e-06,1.742777808198745993e-08
2.010361603546345994e-06,1.617477143971603768e-07
1.945042708467367298e-06,3.007590789221171159e-07
1.919176817126104841e-06,3.908019238251043955e-07
2.129911495095443688e-06,1.356277670373837764e-07
2.103576988108884841e-06,2.924480216638730005e-07
2.018278154471561418e-06,4.265767630186413516e-07
2.098724953774387705e-06,4.396268841944326536e-07
2.168574486120905340e-06,4.310318737294826484e-07
2.182153000045055607e-06,3.179226023238538289e-07
2.185658953038181451e-06,2.176199109882490662e-07
2.169877427494588185e-06,3.919468889179956203e-07
2.217618778112564633e-06,4.187367691677648628e-07
2.247613632264119048e-06,3.955969233626300817e-07
2.226573276404710262e-06,3.379157884890497899e-07
2.227756628748452588e-06,2.796226883991464044e-07
2.265976578651599093e-06,3.711867896396402415e-07
2.259996550825618200e-06,3.715029185767488714e-07
2.257043347948161439e-06,3.256594144365263282e-07
2.272841038732587436e-06,3.676753116477655927e-07
2.259245687749337579e-06,3.410673995296687180e-07
2.274335846433940261e-06,3.514626323249209556e-07
2.224755970976446893e-06,3.106300847226437335e-07
2.264966032411184882e-06,3.735575977286133832e-07
2.261129736630622508e-06,3.804663119466703099e-07
2.116249179571493077e-06,2.630844660436548587e-07
2.183589692991580418e-06,3.674178948424846724e-07
2.224207183899638069e-06,4.187408869968558577e-07
1.883359594559742037e-06,2.095379446977307265e-07
2.015012802736885883e-06,3.617505335443366125e-07
2.116116367402824440e-06,4.636064455452555712e-07
1.550039891370917160e-06,1.612323718758525219e-07
1.731700068150093507e-06,3.615028426429153054e-07
1.883540630653428796e-06,5.142087013289307359e-07
1.132429303912400223e-06,1.186782053044444877e-07
1.354767912594884153e-06,3.609730980237299429e-07
1.550397896702044839e-06,5.613565582115599253e-07
6.424689947521803569e-07,8.420838753383384251e-08
8.982742155768826939e-07,3.604955355410038955e-07
1.132668926296336712e-06,6.029645481186803550e-07
9.781937473505854410e-08,5.908474783950862596e-08
3.777248634448333632e-07,3.601982235488102973e-07
6.424282260918368868e-07,6.365707171435386752e-07
-4.848125107493274429e-07,4.141203477152619837e-08
-1.882926725375799738e-07,3.599196335163459394e-07
9.766501078648932637e-08,6.609975063087096895e-07
-1.093129584548819879e-06,2.922520920858339761e-08
-7.853325029583420518e-07,3.594863292780790333e-07
-4.847580568590413301e-07,6.777756091622953556e-07
-1.719169007582965455e-06,2.080017369132767476e-08
-1.403502431524455291e-06,3.590937181188580541e-07
-1.092888316307319773e-06,6.892535455815389961e-07
-2.357094231246770543e-06,1.521459582751537009e-08
-2.036425922489579017e-06,3.586830205191183588e-07
-1.718806760515482781e-06,6.970859965107470877e-07
-3.742445617953675811e-06,4.926971871858220066e-08
-3.650437693588108169e-06,1.118146117768715282e-08
-2.645260042231156143e-06,3.583772443868842759e-07
-3.002227421077392632e-06,1.194433272912685525e-08
-2.356961396544739368e-06,7.020328599986138228e-07
-3.780561791542234340e-06,1.412420585207382672e-07
-3.562716129736068411e-06,3.581215826788336458e-07
-3.002243479581536918e-06,7.045097330197897976e-07
-3.780648208853957680e-06,5.750439814322275536e-07
-3.650515183697113354e-06,7.051356484191537929e-07
-3.742533312112309249e-06,6.670379518658344860e-07
