Size 192,2
-1.365925113788017946e-04,1.842751871508412179e-05
-1.371394181655543915e-04,1.710734645209390211e-05
-1.371397489219732544e-04,1.088386618795899413e-05
-1.365928885963080762e-04,9.563722615713097551e-06
-1.352722224670184145e-04,1.897433137954594002e-05
-1.327959221512310856e-04,1.399563712621947268e-05
-1.352726637903585915e-04,9.016919064063604264e-06
-1.259756981971683334e-04,1.897263590785193998e-05
-1.259762665918971595e-04,9.018396331027708407e-06
-1.208447838158000767e-04,1.399534032532856929e-05
-1.166851571306582553e-04,1.896413236046468387e-05
-1.166855918300070514e-04,9.026128778025267695e-06
-1.120455610753005345e-04,1.399519978843417801e-05
-1.074173567286604102e-04,1.894521933193602162e-05
-1.074173010585320181e-04,9.044852444633575002e-06
-1.027961043612737966e-04,1.399483079746483225e-05
-9.819504164293267742e-05,1.891246458985107494e-05
-9.819542090095172376e-05,9.076939035768103568e-06
-9.360627201318396143e-05,1.399438083955278202e-05
-8.904719805955821842e-05,1.886368852985778827e-05
-8.904787656837691496e-05,9.124542914334185918e-06
-8.450561992124048540e-05,1.399361344185204664e-05
-8.000356912078818855e-05,1.879838654136923402e-05
-8.000429484151315809e-05,9.187994843413444391e-06
-7.552429332431429107e-05,1.399275270838965725e-05
-7.109588826190024128e-05,1.871514774530903198e-05
-7.109611345459875497e-05,9.269098516350607293e-06
-6.669584689227447299e-05,1.399169164934552581e-05
-6.235929170057210745e-05,1.861217991048143112e-05
-6.235889534086338137e-05,9.369721673978639422e-06
-5.805689448536950284e-05,1.399050677040552795e-05
-5.383125997417235065e-05,1.848866473468554260e-05
-5.383025832132816614e-05,9.490863246126721980e-06
-4.964531911516699306e-05,1.398930506227262262e-05
-4.554893657202818198e-05,1.834414727065489199e-05
-4.554725748244112612e-05,9.633812259526533138e-06
-4.165950054748991985e-05,1.398709530222592443e-05
-3.786817020724066011e-05,1.818047344339120317e-05
-3.786589138929760445e-05,9.801329992309388978e-06
-3.505107759694634520e-05,1.430485025813898860e-05
-3.227081470648285371e-05,1.802857397672449449e-05
-3.226591365819404074e-05,9.956250487426608500e-06
-2.834154938039527683e-05,1.789567067875428726e-05
-2.906768542685496100e-05,1.533514941610331138e-05
-2.833428700837282771e-05,1.005511618525764734e-05
-2.555786947460032924e-05,1.016119328454481413e-05
3.694991395704911836e-06,4.630917423618186655e-07
3.768981290684215783e-06,2.851206304192688784e-07
3.768583845641492315e-06,-3.778530026940660457e-07
3.694966161343192077e-06,-5.533840319008065764e-07
-2.554830683025980813e-05,1.780175645272511650e-05
-2.309626719495447617e-05,1.757639660741656493e-05
-2.496062777353998794e-05,1.303235581919326738e-05
-2.306480723584456290e-05,1.005864272226732561e-05
3.517815526867411932e-06,5.366885975444577598e-07
3.339235380363297677e-06,-1.904137367619191547e-07
3.519304698695465100e-06,-6.266839944561752384e-07
-2.229364344208778663e-05,1.523928775567501208e-05
-2.072657034845571422e-05,1.705814881007624231e-05
-1.849180784951283326e-05,1.631383056173207595e-05
-2.155745719979935867e-05,1.209938814107433541e-05
-2.073776101259080921e-05,9.572845546535736378e-06
2.316768551659890279e-06,5.558557791556842754e-07
2.315740990914086987e-06,-6.480495980242942883e-07
1.693286752166070511e-06,-4.641499940221835830e-08
-1.642505992982418793e-05,1.531346572260698123e-05
-1.817381075854375346e-05,1.396553032554651767e-05
-1.893574523509062882e-05,1.108336060290455884e-05
-1.861621761063553802e-05,8.741752931951559706e-06
1.018475754559091510e-06,6.657592702642305509e-07
1.018535356075590705e-06,-7.587171502249086270e-07
2.516248039402536132e-07,-4.654297927600498957e-08
-1.451977676159774879e-05,1.413112806431705741e-05
-1.283171488827664446e-05,1.278743332362811011e-05
-1.630062999892300759e-05,1.064843634450144869e-05
-1.675235223414055501e-05,7.591364881476675250e-06
-6.269864001232055962e-07,9.035730890265378789e-07
-6.270627425553938377e-07,-9.968087317059991486e-07
-1.326197523414875422e-05,1.077565401654206897e-05
-1.136644025446912903e-05,1.127810666245129776e-05
-1.396658347483190770e-05,8.571692930988417995e-06
-1.518551989124127476e-05,6.217347152189356448e-06
-1.592695383550783063e-06,-4.641857178342162575e-08
-2.738757936000261123e-06,1.246068784338657612e-06
-2.736752949028555276e-06,-1.341846462037266054e-06
-1.009344948713153939e-05,9.662809736319176204e-06
-9.078792954235729128e-06,8.006553453927469052e-06
-8.303196292681521088e-06,6.272704244373066168e-06
-1.254060880285123614e-05,6.635640482700418890e-06
-1.394049812665349180e-05,4.693768610330187117e-06
-3.658732153625392239e-06,-4.235363085460651149e-08
-4.785394046174945084e-06,1.582697816334593072e-06
-4.786406127894949094e-06,-1.694154831756365020e-06
-1.001091632648685366e-05,6.260360190995868525e-06
-7.727697010815313779e-06,4.521769412739239596e-06
-6.623810317470035580e-06,1.866774445320780705e-06
-7.147103205426021382e-06,2.158202846595714768e-06
-7.412157073192620775e-06,2.761819943395711342e-06
-1.155644334954886848e-05,4.474167695738095720e-06
-1.301032095586332782e-05,3.093797079885051619e-06
-5.796984693503326455e-06,1.973322760291178478e-07
-6.667127980944963869e-06,-1.951036195880524359e-06
-8.914323344879771102e-06,3.292261514733871206e-06
-7.201295451369775303e-06,1.000346433392813818e-06
-7.822704111843646363e-06,1.950657061410845077e-06
-1.086859829527080730e-05,2.601148524409321275e-06
-1.241761249782302235e-05,1.491822511189380980e-06
-7.269483410746780865e-06,-8.554576063047476939e-07
-7.216604652017656411e-06,-2.227513164281035958e-06
-9.285830149006406203e-06,5.850723892558162531e-07
-1.219594884084658541e-05,-8.666903513505925913e-08
-1.228663629746931817e-05,-1.612174620030594241e-06
-8.382910826295273058e-06,-1.866559963350226291e-06
-7.542287181088292769e-06,-2.809628881535429230e-06
-7.951604600777870149e-06,-4.394642019170854475e-06
-1.077667165832426622e-05,-1.822067325231525915e-06
-8.542415037828187272e-06,-5.898771620306196620e-06
-1.269747345569763660e-05,-3.141590776200189585e-06
-9.392189910805960823e-06,-4.459825837265233623e-06
-1.148188648985130087e-05,-4.578387942761748333e-06
-9.295362641740804302e-06,-7.320975912651683169e-06
-1.337989162749176765e-05,-4.580867080099293079e-06
-1.276721096017423243e-05,-5.974865094164935073e-06
-1.136272388924267093e-05,-6.836356271788872884e-06
-1.020429244112455521e-05,-8.648965786532418536e-06
-1.126091611907846296e-05,-9.867252458466186261e-06
-1.430992130895918159e-05,-5.893913375999012192e-06
-1.361144789168222236e-05,-7.511477197538221856e-06
-1.279589086471877486e-05,-9.378642019847650794e-06
-1.244996033761693288e-05,-1.096006758471576109e-05
-1.545555275204715730e-05,-7.031004009711952088e-06
-1.509917827958321170e-05,-9.361963310177707088e-06
-1.375807908558888174e-05,-1.191124157963603592e-05
-1.516874074580743334e-05,-1.270930991198239863e-05
-1.666242197461229323e-05,-1.334376404466389220e-05
-1.679193657798014092e-05,-9.856099856800476489e-06
-1.678393780406325542e-05,-7.955893370441418318e-06
-1.645820104718644076e-05,-1.173018641094925414e-05
-1.822103146922390154e-05,-1.380400071079171802e-05
-1.982453119616855593e-05,-1.408525853164584576e-05
-1.813242334310633726e-05,-1.027914774510399559e-05
-1.825592437140348455e-05,-8.637371484055648358e-06
-2.145071243789675250e-05,-1.418253004086290790e-05
-1.964379107694957740e-05,-1.179537271605588585e-05
-1.982679756616896816e-05,-9.053760800101635198e-06
-2.180999699340899746e-05,-1.203851245114946783e-05
-2.324433215517118559e-05,-1.418854760033767102e-05
-2.144882603062179432e-05,-9.192721965906596349e-06
-2.571619353559947518e-05,-1.419543815406168833e-05
-2.376287906564077590e-05,-1.082024734376911150e-05
-2.324314885820971208e-05,-9.188628670420958882e-06
-2.912560806343138329e-05,-1.420695667501284203e-05
-2.743521913991751329e-05,-1.149386736119890605e-05
-2.571546311686915081e-05,-9.182375123651259098e-06
-3.364564156588297351e-05,-1.421967174848852371e-05
-3.138193014417502353e-05,-1.169179105848216078e-05
-2.912475705742311645e-05,-9.174180358844909733e-06
-3.837346215803352263e-05,-1.422859748963591774e-05
-3.600686189221651961e-05,-1.169355109918169016e-05
-3.364486906709131362e-05,-9.165492883643461575e-06
-4.311023828265623278e-05,-1.423272132998891593e-05
-4.074081681859666724e-05,-1.169523112123721749e-05
-3.837273143878404348e-05,-9.160102884618600503e-06
-4.784705038557081510e-05,-1.423306179091762704e-05
-4.547895371654017715e-05,-1.169672688340900126e-05
-4.310969208125448461e-05,-9.159055798965394860e-06
-5.257902978948426019e-05,-1.423176601827787003e-05
-5.021382859506014093e-05,-1.169817846252721711e-05
-4.784667131011520577e-05,-9.161776685604781649e-06
-5.730540984586421105e-05,-1.423041073791444876e-05
-5.494294086982932945e-05,-1.169956423663534082e-05
-5.257870695615951036e-05,-9.166007680131672020e-06
-6.202678521254426927e-05,-1.422886902935848937e-05
-5.966663916906770406e-05,-1.170082402862276676e-05
-5.730499082341686945e-05,-9.170172507149216076e-06
-6.674301528348591057e-05,-1.422662756712889981e-05
-6.438558046850154060e-05,-1.170191160524067784e-05
-6.202622379263135032e-05,-9.173909185892798268e-06
-7.145228647556919812e-05,-1.422378363238344928e-05
-6.909864091915850627e-05,-1.170299247466736289e-05
-6.674233658995705671e-05,-9.178175747186268334e-06
-8.151864091038151666e-05,-1.394393976554108185e-05
-8.085146410692821092e-05,-1.422033266351375813e-05
-7.355939956838307837e-05,-1.170364681276819455e-05
-7.615426368104610334e-05,-1.422125377225953357e-05
-7.145201613579780955e-05,-9.182714119369064380e-06
-8.179499219280869031e-05,-1.327670679089485022e-05
-8.021655383490018806e-05,-1.170415614903577418e-05
-7.615421850358526418e-05,-9.186574654531248920e-06
-8.179507965451986292e-05,-1.013157510753452027e-05
-8.085152159194354819e-05,-9.187886715153832971e-06
-8.151872399467219830e-05,-9.464299845907588529e-06
