Size 192,2
-1.410551527447990246e-04,1.980904344729221466e-05
-1.416244176642295885e-04,1.843495130322459646e-05
-1.416242972127751952e-04,1.195664555342050059e-05
-1.410550153459056008e-04,1.058252390170180925e-05
-1.396808731127886294e-04,2.037816677060319369e-05
-1.371026136423846302e-04,1.519575383866485215e-05
-1.396807076528595599e-04,1.001338362675077890e-05
-1.300040201974100667e-04,2.037518859917177575e-05
-1.300036887081312234e-04,1.001571133790768519e-05
-1.246641675449377466e-04,1.519500205151141406e-05
-1.203367415540837850e-04,2.036429455116018603e-05
-1.203362525908302180e-04,1.002483098563302943e-05
-1.155101392737879204e-04,1.519358752853159890e-05
-1.106956773518595074e-04,2.034264244148212603e-05
-1.106956031786796886e-04,1.004315372839517529e-05
-1.058884896990744764e-04,1.519169183094334395e-05
-1.011011887123905694e-04,2.030776532995935005e-05
-1.011014390313471180e-04,1.007369601476226353e-05
-9.632569741206304672e-05,1.518935928274023998e-05
-9.158041433987076376e-05,2.025605642750519621e-05
-9.158058646794050943e-05,1.011998675956809613e-05
-8.685270960598256355e-05,1.518662639472783194e-05
-8.216840381601184186e-05,2.018373009852695370e-05
-8.216813285954673192e-05,1.018618948546856408e-05
-7.750820295191581581e-05,1.518354943628503141e-05
-7.290591449380222507e-05,2.008902576809689522e-05
-7.290509344240098696e-05,1.027439034045615726e-05
-6.833432398049636128e-05,1.518007785333508513e-05
-6.383462894170969268e-05,1.997227519304487018e-05
-6.383343595297826314e-05,1.038390392871089492e-05
-5.937187041831060689e-05,1.517631391000118979e-05
-5.499446951915898060e-05,1.983401145130159402e-05
-5.499302966961806734e-05,1.051464738713934215e-05
-5.065969240916433749e-05,1.517228149640487856e-05
-4.642350726927983712e-05,1.967305424940271599e-05
-4.642129407754006496e-05,1.066821385905675393e-05
-4.240299343329406761e-05,1.516700335042467298e-05
-3.849030667165707556e-05,1.949145718033511393e-05
-3.848742679633100308e-05,1.084839453627245561e-05
-3.558433812315758908e-05,1.549193809397609353e-05
-3.272255002839978886e-05,1.932417643310613826e-05
-3.271665951296289453e-05,1.101472574764958712e-05
-2.868192178516332778e-05,1.917906288815756247e-05
-2.942615787706936775e-05,1.654879302854911068e-05
-2.867356043009354889e-05,1.112038534635888221e-05
-2.582277057200157706e-05,1.123358928638374213e-05
3.677516895022085462e-06,1.410642577277837674e-06
3.750804342904972989e-06,1.234019452268003771e-06
3.750321046356434658e-06,5.775809347786352098e-07
3.677482969360370904e-06,4.040527261604333974e-07
-2.581309835818068187e-05,1.907709442615867867e-05
-2.329876430476315183e-05,1.884121923938598543e-05
-2.520801667583306741e-05,1.418115462649461240e-05
-2.326420985391563332e-05,1.113255301094654444e-05
3.501775038208287050e-06,1.483907903894116618e-06
3.325308356756752345e-06,7.641833572317986186e-07
3.503768931801543758e-06,3.319560982803719252e-07
-2.247434446266213142e-05,1.644288090768850907e-05
-2.087075570462675650e-05,1.830470307927828855e-05
-1.858394642855728111e-05,1.753850956348150175e-05
-2.171924105784490912e-05,1.322476104629833552e-05
-2.087990817071554503e-05,1.063922197150865758e-05
2.312179202933601633e-06,1.506081549321131741e-06
2.312135537471389836e-06,3.137141255823913757e-07
1.695246181623893347e-06,9.112913348994030600e-07
-1.647213275053971819e-05,1.651007443080562776e-05
-1.825734403573893487e-05,1.513317059156198005e-05
-1.903614983830333721e-05,1.218496396896319416e-05
-1.870862972276807586e-05,9.793657982033659583e-06
1.026109130740789064e-06,1.619185254354224703e-06
1.027241020900055118e-06,2.069079903827782709e-07
2.664902896832653098e-07,9.148570838267447952e-07
-1.452737162501372099e-05,1.529744004759732887e-05
-1.280810352375796616e-05,1.392195319734991293e-05
-1.634353749715991840e-05,1.173994877983631634e-05
-1.680303809481079879e-05,8.622786511661479936e-06
-6.056740943248014784e-07,1.860332493537943240e-06
-6.046697978297810357e-07,-2.680495881375958130e-08
-1.324653496784319889e-05,1.186754448342174531e-05
-1.131975591403658714e-05,1.237855036249274076e-05
-1.396317469721540175e-05,9.621827645872372097e-06
-1.520243246965848623e-05,7.226964938793014356e-06
-1.564247844014515295e-06,9.189194176938444200e-07
-2.704623846461202038e-06,2.207213885616765016e-06
-2.701262810344273430e-06,-3.681636075971907237e-07
-1.002853547010176076e-05,1.072972333343949807e-05
-9.004749283038980981e-06,9.044904766911102657e-06
-8.227714444259384677e-06,7.284085917765426310e-06
-1.251338236225561558e-05,7.651895135107489529e-06
-1.393118201720161672e-05,5.683666274928628216e-06
-3.619234522043870889e-06,9.266680467938774787e-07
-4.742186868277822045e-06,2.547458589804159725e-06
-4.742062025783542408e-06,-7.181538977509272225e-07
-9.951034289466433380e-06,7.270285923515519871e-06
-7.653963314696626596e-06,5.510846850152623630e-06
-6.570780278535819995e-06,2.834320563597704844e-06
-7.089063926719126982e-06,3.127329514444692109e-06
-7.348557068839490911e-06,3.734532721534719612e-06
-1.151397246417717246e-05,5.460989926861917840e-06
-1.297970341238971022e-05,4.068758344601666555e-06
-5.749331279601222947e-06,1.168686306653586939e-06
-6.621328032797421030e-06,-9.738621742129867636e-07
-8.852455285176422407e-06,4.267282767482141799e-06
-7.146719587099626021e-06,1.969659413042545629e-06
-7.763005551132651669e-06,2.920004318606043380e-06
-1.081853543139920000e-05,3.571886814389355504e-06
-1.237023100506542512e-05,2.459683180587137306e-06
-7.221234183189659581e-06,1.179794198040835710e-07
-7.173675438409743374e-06,-1.248836482431950806e-06
-9.229940059704789935e-06,1.550187718957449747e-06
-1.213867949044645271e-05,8.809593934380665842e-07
-1.221493436266250985e-05,-6.369380176082734617e-07
-8.335958168506547069e-06,-8.910022283135658332e-07
-7.502444840735619712e-06,-1.825459147164114187e-06
-7.917722409641683249e-06,-3.390960047639987426e-06
-1.071597168127424180e-05,-8.496729694264241072e-07
-8.511225135507337314e-06,-4.869158668608295333e-06
-1.261007839020239295e-05,-2.154819117600935460e-06
-9.345496367429446323e-06,-3.457800759133385303e-06
-1.140831450321049731e-05,-3.573590693229397684e-06
-9.258644530260392463e-06,-6.263123980073239942e-06
-1.327184645169592118e-05,-3.575288204331935567e-06
-1.266776042155658151e-05,-4.944838136740820867e-06
-1.129126543878021474e-05,-5.789202466698536038e-06
-1.015686603656459928e-05,-7.558529586829717152e-06
-1.119363349376816922e-05,-8.742119096738840942e-06
-1.417333210863230364e-05,-4.866547461430735755e-06
-1.349071390143315210e-05,-6.446932876189520541e-06
-1.269469358598411983e-05,-8.265408220664560295e-06
-1.235761512138018160e-05,-9.799573447136024259e-06
-1.528368349540631900e-05,-5.980491540323618229e-06
-1.493646385476936724e-05,-8.246730625722966112e-06
-1.363260688612694517e-05,-1.071793521900136656e-05
-1.500206161013239568e-05,-1.148477221295850008e-05
-1.644883981421918647e-05,-1.209011651337951031e-05
-1.657584526573165515e-05,-8.724848133259339354e-06
-1.656885989169890316e-05,-6.883244028759645041e-06
-1.625337468932746895e-05,-1.053604903071397824e-05
-1.795366980032559468e-05,-1.252752627172953595e-05
-1.949681739828703072e-05,-1.279061724497221030e-05
-1.787053987748854654e-05,-9.133809229015787877e-06
-1.798914167026672477e-05,-7.548472340607588439e-06
-2.105921752706779954e-05,-1.287684904127598072e-05
-1.932678378785326195e-05,-1.059269222778498365e-05
-1.950155989002406819e-05,-7.956583750032461590e-06
-2.140560375196392289e-05,-1.082336692530343408e-05
-2.277538564944552876e-05,-1.287322716103433067e-05
-2.106021380829042354e-05,-8.094945009097973226e-06
-2.513295864433781376e-05,-1.286908985480058674e-05
-2.327459471202055345e-05,-9.657773602334861611e-06
-2.277585632177051640e-05,-8.097762919747059825e-06
-2.836390838314487402e-05,-1.286202191380199031e-05
-2.676745544255483780e-05,-1.029873453660363558e-05
-2.513310572748624614e-05,-8.101999907441760163e-06
-3.261548249355013056e-05,-1.285400626351411897e-05
-3.049195182574239270e-05,-1.048394284321515589e-05
-2.836430954671144940e-05,-8.107303233742376572e-06
-3.703526035874642376e-05,-1.284784431185310570e-05
-3.482707818939602878e-05,-1.048274817556707540e-05
-3.261587590699221290e-05,-8.112863685534220452e-06
-4.144827435659608313e-05,-1.284379070115764448e-05
-3.924275682580105276e-05,-1.048121701728659266e-05
-3.703571575334670840e-05,-8.116155728368702244e-06
-4.585939547798316179e-05,-1.284165149731673181e-05
-4.365414007918069626e-05,-1.047946901114656606e-05
-4.144885490021205722e-05,-8.116935360923423142e-06
-5.027179785461696905e-05,-1.284096175021643207e-05
-4.806550485772429886e-05,-1.047774154688776444e-05
-4.585996903966910068e-05,-8.115543712925549316e-06
-5.468629997523606872e-05,-1.284046737265907373e-05
-5.247898041675102713e-05,-1.047617452417158101e-05
-5.027231281592590208e-05,-8.112940754159974978e-06
-5.910247006602154597e-05,-1.284020702838101319e-05
-5.689428585831867265e-05,-1.047481604904217139e-05
-5.468672176554813735e-05,-8.110474640450168380e-06
-6.352087315100641456e-05,-1.284046065656417617e-05
-6.131141239221490978e-05,-1.047362621325146638e-05
-5.910285209656626382e-05,-8.108206415911325092e-06
-6.794208626256820910e-05,-1.284093611111509777e-05
-6.573114492416674078e-05,-1.047257504431771444e-05
-6.352121720732156372e-05,-8.105717904902025607e-06
-7.741919398039679389e-05,-1.258078763363317685e-05
-7.679077518412095614e-05,-1.284108797287857451e-05
-6.992357550181468894e-05,-1.047177537308725771e-05
-7.236611391457818741e-05,-1.284116402876883014e-05
-6.794236212197012667e-05,-8.103341488715091185e-06
-7.767949358727426954e-05,-1.195236815104742145e-05
-7.619250458277519874e-05,-1.047119002855294188e-05
-7.236625342223346614e-05,-8.101766327900763228e-06
-7.767951097583359840e-05,-8.989990588893435593e-06
-7.679083215529355444e-05,-8.101326063868196108e-06
-7.741922292859795699e-05,-8.361607264134331594e-06
