Size 192,2
-5.016840027243067723e-05,7.201926202752324920e-06
-5.034391122460183228e-05,6.778011125941662371e-06
-5.034361853324547146e-05,4.779966696043540325e-06
-5.016806977818711916e-05,4.356026466868713141e-06
-4.974462120029532182e-05,7.377544545228452623e-06
-4.894990777487663927e-05,5.778932579458633160e-06
-4.974423980033391063e-05,4.180397098727832634e-06
-4.676104158320270324e-05,7.379241997284616827e-06
-4.676055206615652193e-05,4.178610591300600227e-06
-4.511176644721908227e-05,5.779009814953366378e-06
-4.377052991181267497e-05,7.385784695510508176e-06
-4.376985191645688073e-05,4.172156926557536857e-06
-4.226991609302141277e-05,5.778968896368604066e-06
-4.076244199404777357e-05,7.396838602996330244e-06
-4.076189720177255044e-05,4.160949088359146655e-06
-3.925052176246417201e-05,5.779133229816975574e-06
-3.773007728707441789e-05,7.410638938465241571e-06
-3.772931388352225959e-05,4.147542203447407446e-06
-3.620450178184823740e-05,5.779320019992147235e-06
-3.467044696757178528e-05,7.424787548734437474e-06
-3.466962153944341704e-05,4.134159473328351478e-06
-3.313134442468319656e-05,5.779626290814620359e-06
-3.158510521773119861e-05,7.436691739510360311e-06
-3.158427167351207058e-05,4.123117214350146840e-06
-3.003491748855116445e-05,5.779938713307982513e-06
-2.848094864366719248e-05,7.442859578620326314e-06
-2.848045691334240225e-05,4.118061996751495471e-06
-2.692605164951815107e-05,5.780482956353052199e-06
-2.537315753496182700e-05,7.439443596340073185e-06
-2.537341677341543725e-05,4.123065285251029784e-06
-2.382406790045158917e-05,5.781415273040514495e-06
-2.228410934884794123e-05,7.424549946042890721e-06
-2.228509627391691975e-05,4.139858567202485030e-06
-2.075215901178118692e-05,5.782689981376654904e-06
-1.923571797576648773e-05,7.399519847965447884e-06
-1.923674895740452813e-05,4.167276570567037130e-06
-1.779019531829855678e-05,5.783885899981845439e-06
-1.636398391191433747e-05,7.367457375195952858e-06
-1.636456333628232368e-05,4.203243847497357598e-06
-1.530092534996641701e-05,5.907055672930228397e-06
-1.423524433555581633e-05,7.336635360381718501e-06
-1.423486701952584713e-05,4.237536476355494911e-06
-1.271680027377905811e-05,7.309613698994472372e-06
-1.300517102541845190e-05,6.309473518569141105e-06
-1.271584125063623250e-05,4.259406441276907144e-06
-1.162889270681852962e-05,4.282590033175093605e-06
1.874972529054379544e-06,-2.846376347611434159e-07
1.912041513891079716e-06,-3.736071513023802372e-07
1.911910289576283751e-06,-7.057106376524026882e-07
1.874999929230431186e-06,-7.937878848567297969e-07
-1.162626690092049163e-05,7.290620175956136870e-06
-1.065338410729159150e-05,7.217921680826074641e-06
-1.140158579741837696e-05,5.412272193568498946e-06
-1.064861278841418070e-05,4.221756485861492204e-06
1.786358272229810621e-06,-2.479672382745367216e-07
1.696810996875008617e-06,-6.123522965020597392e-07
1.786883669422334590e-06,-8.307677314829457827e-07
-1.034007245884246844e-05,6.294503157695592728e-06
-9.703431405111764751e-06,7.032100961485595911e-06
-8.793408139630856947e-06,6.748161931815097377e-06
-1.004847622015501989e-05,5.035068808092535608e-06
-9.717227372328794986e-06,4.001156117162727595e-06
1.184952202764597080e-06,-2.395885082640352881e-07
1.183964928651520013e-06,-8.431005416576768023e-07
8.724922267982575883e-07,-5.422285523312165578e-07
-7.935084726981542121e-06,6.361469974259655116e-06
-8.669633086047401579e-06,5.799782085371481609e-06
-8.983501065160788446e-06,4.615821730777385423e-06
-8.856160528297705799e-06,3.631805001970985987e-06
5.339119949741429215e-07,-1.841694930797078398e-07
5.335574967352056893e-07,-9.017176590709077572e-07
1.471381457605104114e-07,-5.436654863922248870e-07
-7.133221752292836099e-06,5.889478919917802103e-06
-6.403786609395758799e-06,5.338972613316708701e-06
-7.890909275636454620e-06,4.432948908281192395e-06
-8.088922565802184433e-06,3.125053965179909935e-06
-2.972635131783420867e-07,-6.212754975075058379e-08
-2.977155110167585106e-07,-1.026636010489736046e-06
-6.589098748694668084e-06,4.493068839330571081e-06
-5.752324710427212953e-06,4.712639858363479572e-06
-6.898416246496402549e-06,3.542874216077928362e-06
-7.435149830869967948e-06,2.508039307366625007e-06
-7.882712804319183404e-07,-5.448924865573857123e-07
-1.372442501759509131e-06,1.144357104864634756e-07
-1.371934675975391945e-06,-1.206802500233973366e-06
-5.178266418822224182e-06,4.026689221209400620e-06
-4.697497077171719632e-06,3.297084197245494618e-06
-4.308440861410843172e-06,2.521246114886964926e-06
-6.270032434035302452e-06,2.690719021819228447e-06
-6.910166746710691769e-06,1.805131161319710833e-06
-1.842329866542413268e-06,-5.441633899622492095e-07
-2.418906509477767704e-06,2.880754802121184223e-07
-2.419386548880055359e-06,-1.389797636932410393e-06
-5.115121283292787707e-06,2.521638994922607262e-06
-4.009568399535384902e-06,1.714928611895513522e-06
-3.375278952453364210e-06,4.359888072543814528e-07
-3.657553279839949172e-06,5.824459651921775931e-07
-3.812085410513555345e-06,8.790977634737764594e-07
-5.830701323437396552e-06,1.702408544785554947e-06
-6.522661093893922610e-06,1.045187493097525907e-06
-2.937765630360442276e-06,-4.232104743112940989e-07
-3.367191037101781299e-06,-1.521560141791008186e-06
-4.567259805490097575e-06,1.142226688257045999e-06
-3.671159336655514119e-06,-5.284176372634964823e-09
-4.005767298138655483e-06,4.790288023054873730e-07
-5.511576511180671189e-06,8.093653864574827519e-07
-6.287033327173130558e-06,2.572779856589062228e-07
-3.680626643973778030e-06,-9.559979612099893667e-07
-3.632608093721922143e-06,-1.665821431350590457e-06
-4.732437398124840085e-06,-1.940562888277455172e-07
-6.212886291604647463e-06,-5.400224897703112078e-07
-6.319005235125457877e-06,-1.337565008532143608e-06
-4.238396194399015522e-06,-1.470454634620865320e-06
-3.784346688995494826e-06,-1.980104306686736256e-06
-3.964781434421178581e-06,-2.857432193917085694e-06
-5.508787657761205747e-06,-1.431439435782649312e-06
-4.248182134909650737e-06,-3.729101128897504116e-06
-6.597178189477816890e-06,-2.150759098367668078e-06
-4.746922714352495563e-06,-2.881191916617166359e-06
-5.923167919072808075e-06,-2.949039354752193932e-06
-4.648161665198846898e-06,-4.570399898818910345e-06
-7.040843249864541192e-06,-2.950838427665477295e-06
-6.693835148777961003e-06,-3.759341047754567527e-06
-5.850973574768710811e-06,-4.273861665482165062e-06
-5.151824662039741358e-06,-5.393400161291508880e-06
-5.776638417987037129e-06,-6.175834936916483626e-06
-7.653310233583832087e-06,-3.701412896146183512e-06
-7.223930437566188763e-06,-4.690473773649328543e-06
-6.714325627386270877e-06,-5.869637093785497141e-06
-6.495855116896066155e-06,-6.905863293990549935e-06
-8.413300883522714524e-06,-4.373453039856043832e-06
-8.187823054398228907e-06,-5.867708118673174108e-06
-7.320420868694175826e-06,-7.553525341053724860e-06
-8.245283330187031599e-06,-8.119838724990126490e-06
-9.245379906083646393e-06,-8.595782631146092989e-06
-9.321824792043537905e-06,-6.194349155176718855e-06
-9.311184011181439135e-06,-4.938860690944031531e-06
-9.093949593113564341e-06,-7.466775967793930742e-06
-1.032126411919978261e-05,-8.949124393808073112e-06
-1.145581160674760783e-05,-9.186076632967957870e-06
-1.024410528715572034e-05,-6.476521569580667716e-06
-1.033307791119699893e-05,-5.352921704742535325e-06
-1.262290842761316467e-05,-9.289821864233760009e-06
-1.130668321833062618e-05,-7.541205896594137817e-06
-1.144500438623827644e-05,-5.594520104050006759e-06
-1.287730676131032386e-05,-7.723721637359103729e-06
-1.394650129594456068e-05,-9.334014069992728561e-06
-1.261077833578832541e-05,-5.660655253998931431e-06
-1.580453793708744929e-05,-9.378803280163066475e-06
-1.431951955932331860e-05,-6.822644128062070255e-06
-1.394388249656078965e-05,-5.617912746415226879e-06
-1.844794697875555166e-05,-9.448264738143254040e-06
-1.712012379127602962e-05,-7.323382357606558072e-06
-1.580557129248205277e-05,-5.561611940186252321e-06
-2.206543347818476012e-05,-9.523194539446645058e-06
-2.023559717070756597e-05,-7.475049192157389882e-06
-1.844823380492087564e-05,-5.496634738966496397e-06
-2.595517831088461029e-05,-9.585151632727399737e-06
-2.399147478668446317e-05,-7.475662506060550572e-06
-2.206529218442877138e-05,-5.426816704029004843e-06
-2.994585701588318549e-05,-9.635305816420149328e-06
-2.793502351523601562e-05,-7.476524055327692511e-06
-2.595484220083562750e-05,-5.367119245544997165e-06
-3.401893404299543324e-05,-9.675832734411618326e-06
-3.196984370240068006e-05,-7.477044511381888982e-06
-2.994562906364612957e-05,-5.318367041568586916e-06
-3.815942557286703828e-05,-9.708742514349268698e-06
-3.607898861453849533e-05,-7.477164413890007734e-06
-3.401895747766341707e-05,-5.278390542553160729e-06
-4.235495033097477676e-05,-9.735022796895345239e-06
-4.024896810024618617e-05,-7.477117547549616991e-06
-3.815955113716027451e-05,-5.245548179201431604e-06
-4.659386598466575756e-05,-9.754688019694656611e-06
-4.446819158400603311e-05,-7.476909370195753806e-06
-4.235508231185746786e-05,-5.219047561812419341e-06
-5.086352412932116599e-05,-9.767781111948303869e-06
-4.872457388497845507e-05,-7.476693763051305906e-06
-4.659385629069726992e-05,-5.198909898434069245e-06
-5.515180542246164968e-05,-9.774978690388423896e-06
-5.300550370454496407e-05,-7.476366320796850390e-06
-5.086358459937682556e-05,-5.185299020352964958e-06
-6.435895558654803749e-05,-9.525514271155389356e-06
-6.374839429820145713e-05,-9.778399559944807694e-06
-5.707594393915992785e-05,-7.476089479520223854e-06
-5.944900529127547392e-05,-9.777844969023882701e-06
-5.515193317393027382e-05,-5.177508162158011185e-06
-6.461186041930596204e-05,-8.914979758753317893e-06
-6.316697196074907961e-05,-7.475867953823857251e-06
-5.944906655732747931e-05,-5.174135178255662138e-06
-6.461186055037506780e-05,-6.036745776576743230e-06
-6.374841569864971090e-05,-5.173356433009015953e-06
-6.435896152566897733e-05,-5.426231420974175002e-06
