Size 192,2
-1.544604294206718679e-05,3.296003603383456812e-06
-1.547894624665622224e-05,3.216534374175408243e-06
-1.547882134339914305e-05,2.841844796480710172e-06
-1.544590328183754040e-05,2.762356098040666688e-06
-1.536659197586953668e-05,3.328920319791283487e-06
-1.521752720410602777e-05,3.029128119495348229e-06
-1.536643123226658558e-05,2.729425784688628478e-06
-1.480742124092240857e-05,3.328797998295522536e-06
-1.480709319110048568e-05,2.728855697460661357e-06
-1.449832406071703985e-05,3.028451736113416587e-06
-1.424697343412802999e-05,3.329649200444106174e-06
-1.424683144811658080e-05,2.727011360913454752e-06
-1.396573768555655166e-05,3.027590430504522303e-06
-1.368244298263879490e-05,3.331690409743322708e-06
-1.368312647920484341e-05,2.723259438609040268e-06
-1.339872533864686164e-05,3.026774536890584345e-06
-1.311118224416094336e-05,3.335437601261491559e-06
-1.311229096632294091e-05,2.717447707586287372e-06
-1.282296154888168395e-05,3.025837290418924984e-06
-1.252956701913689934e-05,3.341330682511322247e-06
-1.253041911475861712e-05,2.709068185721940294e-06
-1.223453858782788389e-05,3.024602808358874559e-06
-1.193280688382725727e-05,3.350124072684700762e-06
-1.193306216957919311e-05,2.697157367921284938e-06
-1.162772565087377986e-05,3.022909250236606571e-06
-1.131346526094398344e-05,3.363197985916115726e-06
-1.131318866968335636e-05,2.680338539248679687e-06
-1.099374812010133939e-05,3.020822678258938654e-06
-1.066136945600156220e-05,3.381977868452915454e-06
-1.066062192151331155e-05,2.657067680763306716e-06
-1.032104432529103852e-05,3.018496497077976882e-06
-9.963890537860839891e-06,3.407890225212166110e-06
-9.962826783995513581e-06,2.626416672710207355e-06
-9.595995532043314298e-06,3.015899479882111244e-06
-9.206704693422872158e-06,3.441524813216282780e-06
-9.205575510731922758e-06,2.587383278428323072e-06
-8.820739229839632414e-06,3.013410200314179733e-06
-8.409911698569634339e-06,3.482329112909339668e-06
-8.409249783267739231e-06,2.539489854295724015e-06
-8.093860013361866263e-06,3.050125241361437645e-06
-7.745740327179068352e-06,3.521111954450328034e-06
-7.746104450685586867e-06,2.494831997482389656e-06
-7.223059047777686914e-06,3.555222463371350814e-06
-7.336690383651480932e-06,3.190919409284864183e-06
-7.223828124054920913e-06,2.465985589253699399e-06
-6.821999968332278278e-06,2.435779383929142524e-06
1.342089712260582046e-06,-5.062939125376558232e-07
1.369007345936256439e-06,-5.707905957522768328e-07
1.368979305550391779e-06,-8.119063945053237802e-07
1.342176477546259115e-06,-8.759263075103317191e-07
-6.825884980152444212e-06,3.579253555806212263e-06
-6.441362878112156566e-06,3.579188494841429348e-06
-6.751508640858984232e-06,2.863200151675630518e-06
-6.450935768743542125e-06,2.370844592657510385e-06
1.277817233126365680e-06,-4.797776949972247249e-07
1.212712856848924473e-06,-7.443872301925644381e-07
1.278146496353224586e-06,-9.028820940002522253e-07
-6.326391126949245579e-06,3.220570096748120751e-06
-6.048494950548406699e-06,3.539552840095374202e-06
-5.646213954265566689e-06,3.444546361912443106e-06
-6.210263087809603514e-06,2.697151825919129676e-06
-6.066670195673311850e-06,2.230193437346580115e-06
8.410559178543370719e-07,-4.741874889573131757e-07
8.403846315013888470e-07,-9.118386785823924450e-07
6.143071602325549282e-07,-6.935040780434167705e-07
-5.239905666327683612e-06,3.306047819755155830e-06
-5.600390572681763148e-06,3.038367806388947680e-06
-5.743069340609402376e-06,2.498790804357850458e-06
-5.689361037395174025e-06,2.012560180841346796e-06
3.689969759383114616e-07,-4.345788647028015265e-07
3.689564754307871011e-07,-9.527584090084976615e-07
8.995521043451894979e-08,-6.936658103087107775e-07
-4.842870752737321463e-06,3.109698408834501732e-06
-4.453365139395988183e-06,2.857451213473086655e-06
-5.227280245823719353e-06,2.404442773098694429e-06
-5.333845360609205449e-06,1.724461263152452113e-06
-2.299798743543415608e-07,-3.474946171743600541e-07
-2.297939561402445408e-07,-1.039396208243211706e-06
-4.550341132285429772e-06,2.439414225910092993e-06
-4.081897693060347536e-06,2.558279036171714231e-06
-4.719170414051374346e-06,1.935674248901556589e-06
-5.015429106738792934e-06,1.359987679268845493e-06
-5.816720805410207168e-07,-6.930981852792836633e-07
-9.991862561645605155e-07,-2.218151166208243567e-07
-9.984420063110808536e-07,-1.164396083522039643e-06
-3.744235784392034246e-06,2.205617272762082825e-06
-3.433645577384062620e-06,1.795504575556195268e-06
-3.161503981963398408e-06,1.345876539847190731e-06
-4.366552569081749733e-06,1.456383395223067135e-06
-4.749393559587535761e-06,9.243301680810973098e-07
-1.334225062594921145e-06,-6.912953574158069338e-07
-1.744984860256010573e-06,-9.767894171755143619e-08
-1.744204405459045859e-06,-1.291019033662263842e-06
-3.674771705749678065e-06,1.353502906479670096e-06
-2.943678551578863683e-06,8.507704416337091810e-07
-2.435897590996097392e-06,9.306988168107634355e-09
-2.647302131492999270e-06,1.111852633104168895e-07
-2.772288855372560699e-06,3.121213897820313488e-07
-4.111992847089747132e-06,8.563276247203852189e-07
-4.555132689513133525e-06,4.315947936998199822e-07
-2.114442744111910921e-06,-6.043532663955499578e-07
-2.405962270513630676e-06,-1.380281324323676443e-06
-3.295483454554122550e-06,4.930152969444110176e-07
-2.645592974517085083e-06,-3.017484528038830325e-07
-2.895453816412736526e-06,4.034488768903040773e-08
-3.913793265402495803e-06,2.755400648056791162e-07
-4.445995161365072044e-06,-1.034546552725813581e-07
-2.632025836418895142e-06,-9.755009351963790007e-07
-2.582175431811205942e-06,-1.482994212932877407e-06
-3.389239046323461197e-06,-4.154562842334933761e-07
-4.424477437840729273e-06,-6.612590407280443975e-07
-4.543982439115450130e-06,-1.238541344249163983e-06
-3.016033384821039606e-06,-1.336119813744176452e-06
-2.678074309290274074e-06,-1.715646536383758621e-06
-2.783917711437246155e-06,-2.381955938973463479e-06
-3.945077999954827267e-06,-1.295154251733338748e-06
-2.969453876668417504e-06,-3.070975548652831306e-06
-4.789615503709180740e-06,-1.834510899560149253e-06
-3.368008123127588270e-06,-2.391481137011420088e-06
-4.275850500836987577e-06,-2.443758849473743748e-06
-3.261467078655106964e-06,-3.747063578545227379e-06
-5.171466856928500154e-06,-2.444669793263984253e-06
-4.901835809280146833e-06,-3.084182566469760360e-06
-4.215664957299896223e-06,-3.501814963417482044e-06
-3.644018791663443477e-06,-4.433229775281665855e-06
-4.145531569725017016e-06,-5.102864174344021315e-06
-5.704234831810396430e-06,-3.030142160694175741e-06
-5.347526113254369297e-06,-3.846735388586756656e-06
-4.918878227831286113e-06,-4.844909910249367064e-06
-4.733707511607951041e-06,-5.746197525485362960e-06
-6.369950662214507666e-06,-3.568560805689148582e-06
-6.177682405007755191e-06,-4.847600242722418097e-06
-5.429721264365376904e-06,-6.324627180123278337e-06
-6.233970122929183055e-06,-6.844964180211325171e-06
-7.117689817713360417e-06,-7.298814084627195028e-06
-7.179631867367499986e-06,-5.132502229520923489e-06
-7.167797381726584793e-06,-4.033563734801629190e-06
-6.974525943710172407e-06,-6.268966898054760279e-06
-8.089008133358686835e-06,-7.640809394979036843e-06
-9.132267734278361133e-06,-7.883052332303242294e-06
-8.010113080625525984e-06,-5.380328987838356982e-06
-8.093596481553103349e-06,-4.371189994724307706e-06
-1.021594417380524196e-05,-8.001113495988706694e-06
-8.981589486372757906e-06,-6.353708074522808326e-06
-9.115260248513054213e-06,-4.558509951233420947e-06
-1.045004414545119354e-05,-6.527543524705553553e-06
-1.146920149968484547e-05,-8.068464205730164828e-06
-1.019829860172902236e-05,-4.597215363314265888e-06
-1.325124759575533256e-05,-8.136779049317304773e-06
-1.181608703845343201e-05,-5.671424779077767600e-06
-1.146594414294100958e-05,-4.529953375057946155e-06
-1.584137706784244075e-05,-8.243850159819800103e-06
-1.452896963820720577e-05,-6.146592446471550511e-06
-1.325370274407684669e-05,-4.440442487834307486e-06
-1.946484755476725673e-05,-8.361886258963999998e-06
-1.761942127699739900e-05,-6.292261959248979038e-06
-1.584270703620502312e-05,-4.335647388108547269e-06
-2.343947555754487169e-05,-8.463955924569315805e-06
-2.142057905697253590e-05,-6.290389184482534016e-06
-1.946547920741312833e-05,-4.219583397037595587e-06
-2.759131282203097486e-05,-8.551086954208368481e-06
-2.548784846304885123e-05,-6.289280148700381535e-06
-2.343980279226346916e-05,-4.115620132173146034e-06
-3.189395615667807920e-05,-8.623011601816861962e-06
-2.971991389942443081e-05,-6.288144022544531021e-06
-2.759168607190489166e-05,-4.026344934055313414e-06
-3.631875568311585521e-05,-8.679935221879340765e-06
-3.408836088636251084e-05,-6.286903352995936453e-06
-3.189435483942113474e-05,-3.952062805896759178e-06
-4.083856235593398651e-05,-8.722721415881907632e-06
-3.856510877104475725e-05,-6.285573540376530450e-06
-3.631918853419056762e-05,-3.892546569752583956e-06
-4.542763633385378443e-05,-8.752489005847721885e-06
-4.312369685010183321e-05,-6.284334408895574289e-06
-4.083897496376416575e-05,-3.847153466322193289e-06
-5.006205291992027299e-05,-8.770525291484771016e-06
-4.773923115104526996e-05,-6.283280329617289397e-06
-4.542796292333015366e-05,-3.815107526121110988e-06
-5.472089137138328493e-05,-8.779204524160225226e-06
-5.238894284209257409e-05,-6.282326196318648420e-06
-5.006236977013260695e-05,-3.795052395905528716e-06
-6.472421221877139069e-05,-8.508075169464986295e-06
-6.406091140218707130e-05,-8.782813503501565018e-06
-5.681154640417031119e-05,-6.281665938653009286e-06
-5.938996693389786251e-05,-8.782323984273608094e-06
-5.472112886947651857e-05,-3.784698455407366900e-06
-6.499896155145727552e-05,-7.844790607286648829e-06
-6.342927362982423518e-05,-6.281354716044862427e-06
-5.939002079557211813e-05,-3.780635530121263131e-06
-6.499895405124127821e-05,-4.717922082139848976e-06
-6.406092063583615427e-05,-3.779924863557520573e-06
-6.472420902760926665e-05,-4.054654628631240782e-06
