Size 192,2
-1.285622580141823190e-04,1.751780463945489037e-05
-1.290718068532920222e-04,1.628775290660690100e-05
-1.290718292636278705e-04,1.048904003690228473e-05
-1.285622823293584936e-04,9.258992572547433523e-06
-1.273321255602303105e-04,1.802729354159778963e-05
-1.250246842822569165e-04,1.338839246305319016e-05
-1.273321522769662575e-04,8.749506119723336178e-06
-1.186702966303733952e-04,1.802639980832602642e-05
-1.186703732988813903e-04,8.750611732012194218e-06
-1.138892990606320190e-04,1.338871267614360179e-05
-1.100119714217612287e-04,1.802244768434144596e-05
-1.100121813184086413e-04,8.755608837709921447e-06
-1.056860314278528916e-04,1.338913084423079692e-05
-1.013656052788868423e-04,1.801274618334412054e-05
-1.013665279577430128e-04,8.766797432187179532e-06
-9.705001489095232297e-05,1.338978034512660375e-05
-9.274488771971708999e-05,1.799403659457478679e-05
-9.274668028405476502e-05,8.786682041491740373e-06
-8.844847830515240646e-05,1.339064086420668214e-05
-8.416953692045342386e-05,1.796342403901138359e-05
-8.417136843074645987e-05,8.818485749776611699e-06
-7.990345303078379602e-05,1.339158734204347806e-05
-7.566457043168524430e-05,1.791816936012472354e-05
-7.566554844910347599e-05,8.865187909068639660e-06
-7.144285917966054788e-05,1.339240862962344817e-05
-6.726005900529549871e-05,1.785551961976924450e-05
-6.726035259023240465e-05,8.929766572250476015e-06
-6.309969399151394136e-05,1.339306452905888670e-05
-5.899142795038836103e-05,1.777236959704943625e-05
-5.899149871033780844e-05,9.014325323966750772e-06
-5.491197675675198100e-05,1.339349042782800421e-05
-5.089877202900144388e-05,1.766643032548715465e-05
-5.089897699428806938e-05,9.121038319653392094e-06
-4.692140635761235431e-05,1.339385846689431062e-05
-4.302464399474726584e-05,1.753581101490999484e-05
-4.302433584039210370e-05,9.252912461382001009e-06
-3.932468135815840967e-05,1.339313222656791648e-05
-3.571674164742340101e-05,1.738156968888081506e-05
-3.571567012759386395e-05,9.413613834429203410e-06
-3.303698303673574012e-05,1.369631789497705288e-05
-3.039372192570110597e-05,1.723489236933805900e-05
-3.038963667368956180e-05,9.565621751252488842e-06
-2.666157398983331209e-05,1.710461629779237881e-05
-2.734967164079849086e-05,1.467547048919213029e-05
-2.665492878582447739e-05,9.664315890742406371e-06
-2.402137345512720746e-05,9.770568097441870717e-06
3.455645623070859396e-06,6.858397405860489826e-07
3.524262740511855889e-06,5.207112391318352287e-07
3.523834258192943104e-06,-9.395952117450085583e-08
3.455579861288251349e-06,-2.566197157662045663e-07
-2.401128078689329995e-05,1.701207335369392024e-05
-2.168908063777894374e-05,1.679523489360586910e-05
-2.345291145341083501e-05,1.249206447538455486e-05
-2.165814020649110266e-05,9.679730762945230576e-06
3.291278293242475116e-06,7.541824876349433249e-07
3.125849550659717286e-06,8.006783432710386763e-08
3.292766661012098305e-06,-3.244554524164196092e-07
-2.092785907521435850e-05,1.458138338345005764e-05
-1.944735142349752260e-05,1.630031788242332239e-05
-1.733691728492730075e-05,1.559393440297102159e-05
-2.023113670924747530e-05,1.161178778611521755e-05
-1.945705194218034768e-05,9.227524149790332979e-06
2.177866758202575392e-06,7.728778111217619621e-07
2.177134675752194882e-06,-3.438291453706912617e-07
1.599953454432247966e-06,2.145614397244684600e-07
-1.538822787376399587e-05,1.464571752967670285e-05
-1.703565161289579793e-05,1.337469087692386092e-05
-1.775525851945720980e-05,1.065482455799125901e-05
-1.745389025873167712e-05,8.450084636793732084e-06
9.732810977618019507e-07,8.774657714893959371e-07
9.734755745438167427e-07,-4.479509751069142199e-07
2.594344403957914973e-07,2.148362766759016672e-07
-1.359413679750490064e-05,1.352871543169262427e-05
-1.200778179275021757e-05,1.226193258866277143e-05
-1.527120414401111328e-05,1.024680353135373883e-05
-1.569686294309265815e-05,7.371663931923553693e-06
-5.603447767015047069e-07,1.102735842163977364e-06
-5.605051981000718396e-07,-6.732663854377837993e-07
-1.241281418904231151e-05,1.036751913012637900e-05
-1.063221426280502593e-05,1.084020118080367125e-05
-1.307587932597505509e-05,8.295344415485049903e-06
-1.422212021617705045e-05,6.084117471600321333e-06
-1.463838282067199808e-06,2.148261901848311604e-07
-2.537793759513944433e-06,1.426229078515554674e-06
-2.536065737052796694e-06,-9.996802601659173488e-07
-9.437905645231537227e-06,9.321571237314094631e-06
-8.487558861507871227e-06,7.767002432666027785e-06
-7.761186637008920137e-06,6.139990655872426318e-06
-1.173729093734865474e-05,6.478554153425327566e-06
-1.305191433868794624e-05,4.656853661357578961e-06
-3.400475225000156817e-06,2.182809533278044861e-07
-4.457760967645788383e-06,1.743001866117399689e-06
-4.458864168069979563e-06,-1.331932305111980601e-06
-9.362875439272421167e-06,6.127857473610074229e-06
-7.222048918548390570e-06,4.498600255540140398e-06
-6.184246650876927747e-06,2.009871049095613851e-06
-6.676180717059754744e-06,2.283181431112975233e-06
-6.925613921507859161e-06,2.848881986700260384e-06
-1.081422052367577025e-05,4.452262886255039892e-06
-1.217877521061441974e-05,3.158091273737092190e-06
-5.407297297940052122e-06,4.428021961373828609e-07
-6.223332029906590610e-06,-1.573710465716921084e-06
-8.335219227450086008e-06,3.345802599509662279e-06
-6.726437502121735121e-06,1.196742938237415313e-06
-7.310657567531296407e-06,2.088428651992110260e-06
-1.016953617747144249e-05,2.697316139370474621e-06
-1.162395150563626887e-05,1.657188097160376064e-06
-6.789211714763025147e-06,-5.451694917423082923e-07
-6.738033198517014563e-06,-1.833433036785087815e-06
-8.684490206997563273e-06,8.078905449769719618e-07
-1.141793691405096793e-05,1.774642082769426303e-07
-1.150791979368047713e-05,-1.254557150281882629e-06
-7.834080573340954296e-06,-1.493730901949763600e-06
-7.042673694511951800e-06,-2.381041335178509934e-06
-7.424219622425576698e-06,-3.874137518416415622e-06
-1.008661313556353697e-05,-1.450325762403787352e-06
-7.976541603160607638e-06,-5.296058923120558373e-06
-1.190067876224965119e-05,-2.691299783585314721e-06
-8.781066607531984311e-06,-3.934036922066337760e-06
-1.075428194139718066e-05,-4.045076383345379395e-06
-8.683935823185041990e-06,-6.642288249449166283e-06
-1.255245736754521195e-05,-4.046703029444525030e-06
-1.197388612053015822e-05,-5.364246927908009054e-06
-1.064056897265338674e-05,-6.181406092149497384e-06
-9.540571561768214245e-06,-7.905285918875082753e-06
-1.054179455180098553e-05,-9.068107800361265450e-06
-1.344306915857549474e-05,-5.285281765224444944e-06
-1.277851400949721768e-05,-6.821982403949951560e-06
-1.200099633867624571e-05,-8.602188186034824609e-06
-1.167104840048626633e-05,-1.011619042746793226e-05
-1.454208316411492160e-05,-6.360756774727408442e-06
-1.420200087975783873e-05,-8.586575095975563479e-06
-1.291881068674959863e-05,-1.103041908547599776e-05
-1.427089893803961932e-05,-1.180141703427570664e-05
-1.570606499893237209e-05,-1.241827209306008053e-05
-1.582861390530596640e-05,-9.059356090966525358e-06
-1.581980113304936710e-05,-7.238332134003503861e-06
-1.550733978308205098e-05,-1.086130131894137421e-05
-1.720972784171590742e-05,-1.286637634712653998e-05
-1.876016888210130340e-05,-1.314202288718298223e-05
-1.712138887985387368e-05,-9.464686410686144787e-06
-1.724083584412762263e-05,-7.884473146442762183e-06
-2.033555936159972053e-05,-1.323861390635166692e-05
-1.858285674137220161e-05,-1.092729483313360734e-05
-1.876093804770312276e-05,-8.277906453426639045e-06
-2.068398884746818430e-05,-1.116213995758054815e-05
-2.207636958599307940e-05,-1.324517899887836987e-05
-2.033316841678441114e-05,-8.407430198194309174e-06
-2.447667119820491646e-05,-1.324974364313580690e-05
-2.258063238683970253e-05,-9.980770804512695260e-06
-2.207652726124723959e-05,-8.399475345879093606e-06
-2.778090880306072476e-05,-1.325178238511842353e-05
-2.614583276590177053e-05,-1.063119951069006851e-05
-2.447716823938582490e-05,-8.392119927154802526e-06
-3.213793433383415227e-05,-1.324711670104158180e-05
-2.996111780519504909e-05,-1.081996139287421962e-05
-2.778138309512261466e-05,-8.388996241513021473e-06
-3.666511474789084496e-05,-1.323817106708185379e-05
-3.440439653904245147e-05,-1.081865449223548188e-05
-3.213836578533298848e-05,-8.391468528779607656e-06
-4.117554694705104988e-05,-1.322852980739268435e-05
-3.892332537660142159e-05,-1.081734966704540650e-05
-3.666553881260039438e-05,-8.397822771332695907e-06
-4.567028034783282017e-05,-1.322022490100290160e-05
-4.342547500077107559e-05,-1.081612161441855914e-05
-4.117594404986392188e-05,-8.404924193382306389e-06
-5.015329232298913758e-05,-1.321490890935480550e-05
-4.791340098050111566e-05,-1.081501104553183329e-05
-4.567063670264687208e-05,-8.410887985030442523e-06
-5.463177976147676169e-05,-1.321389249897633541e-05
-5.239270211711660573e-05,-1.081401619209131143e-05
-5.015361126887640992e-05,-8.414100312177377075e-06
-5.911463734592704205e-05,-1.321707191647687217e-05
-5.687193598267155435e-05,-1.081312912402496550e-05
-5.463206579659940536e-05,-8.413234485240537691e-06
-6.360867627861931854e-05,-1.322265045336580070e-05
-6.135959565990717476e-05,-1.081236535094437048e-05
-5.911488502447634287e-05,-8.408399710332020656e-06
-6.811568844131244229e-05,-1.322815090137475058e-05
-6.586026085697741308e-05,-1.081175914014061677e-05
-6.360887280935849744e-05,-8.401445380878851333e-06
-7.779634372102711660e-05,-1.296654902851265128e-05
-7.715425378516746902e-05,-1.323248495957218104e-05
-7.013797894670884849e-05,-1.081135583147055806e-05
-7.263278396237249574e-05,-1.323166250818853157e-05
-6.811582442042314481e-05,-8.394914796257997523e-06
-7.806230972325584408e-05,-1.232450007935276072e-05
-7.654275774167966430e-05,-1.081107795111170150e-05
-7.263284830471033635e-05,-8.390756521448661839e-06
-7.806231263475841252e-05,-9.297647741179704812e-06
-7.715427603785671650e-05,-8.389690784065522165e-06
-7.779635204210217389e-05,-8.655617150281981858e-06
