Size 192,2
8.200492817887824885e-05,-1.371104574973401454e-05
8.229234186928631575e-05,-1.301728556257590935e-05
8.229270732056503804e-05,-9.746552147980631372e-06
8.200533649559322864e-05,-9.052793575355028830e-06
8.131109244489804458e-05,-1.399839922322831342e-05
8.000966815508862894e-05,-1.138196897270420639e-05
8.131154864601351643e-05,-8.765437348581832358e-06
7.642512332920288953e-05,-1.399728645095069748e-05
7.642560173080551042e-05,-8.766229010311191451e-06
7.372903168823103054e-05,-1.138143452232167312e-05
7.154330851104842993e-05,-1.399155329604768287e-05
7.154356310519023262e-05,-8.770461278569024522e-06
6.910638796630328795e-05,-1.138082798699140297e-05
6.667560505438790703e-05,-1.398009547803448027e-05
6.667514560940354369e-05,-8.780116569662862021e-06
6.424910654025303410e-05,-1.137949112740312559e-05
6.183318471470096184e-05,-1.396240703039897181e-05
6.183284788643495877e-05,-8.795006888969537700e-06
5.942342054267966972e-05,-1.137781360466671779e-05
5.702670609038126533e-05,-1.394064803863640462e-05
5.702633919590476143e-05,-8.813015977676681053e-06
5.463666148994599290e-05,-1.137568555322684283e-05
5.225974703128018033e-05,-1.391817527307469431e-05
5.225941217703848092e-05,-8.830837876822548587e-06
4.988880336545555401e-05,-1.137324176588053861e-05
4.752935587471819498e-05,-1.389793450897995590e-05
4.752877537100339515e-05,-8.845681758965663266e-06
4.517426348966681701e-05,-1.137053152035483884e-05
4.282894006010808910e-05,-1.388071618366450484e-05
4.282793896172383172e-05,-8.857059943004922466e-06
4.048626518600339694e-05,-1.136752751431096323e-05
3.815245486326631865e-05,-1.386590365181816214e-05
3.815087684919553276e-05,-8.865620950117229630e-06
3.582001290912786748e-05,-1.136425624216106677e-05
3.349525037655487405e-05,-1.385374535220240212e-05
3.349340933409178828e-05,-8.871337339998981456e-06
3.126459421043069467e-05,-1.136089154916735389e-05
2.903924181064395128e-05,-1.384496108151683173e-05
2.903754697891056992e-05,-8.873757354568075089e-06
2.737000982567171329e-05,-1.155218946463181121e-05
2.566813936424753098e-05,-1.384017667596512739e-05
2.566681627941177143e-05,-8.873523753469259555e-06
2.321577212582579119e-05,-1.383775341276437087e-05
2.369540380039117123e-05,-1.220260450563055800e-05
2.321480938247638023e-05,-8.872294765027477874e-06
2.143193411746647855e-05,-8.871108835804215049e-06
-3.691565676725157135e-06,-2.013145367261222605e-07
-3.765255751465618538e-06,-2.417239988531864237e-08
-3.764893607079098419e-06,6.360516828974186968e-07
-3.691564785612959200e-06,8.109312104795585736e-07
2.143294301456188925e-05,-1.383633200437803465e-05
1.981234171535332947e-05,-1.374289609394467411e-05
2.107269802989710552e-05,-1.073362314076315012e-05
1.981511774305171042e-05,-8.728576679064600194e-06
-3.515185727015616989e-06,-2.745072396388792370e-07
-3.337254712660400085e-06,4.496436751480462037e-07
-3.516565697383592321e-06,8.840491871271301632e-07
1.929900019668880516e-05,-1.221079363428561743e-05
1.821288023527133782e-05,-1.346592637994329674e-05
1.665517739834967444e-05,-1.300883114021236869e-05
1.881193374002129042e-05,-1.008767347940172997e-05
1.824713093099309481e-05,-8.308088745465185687e-06
-2.318941463650118220e-06,-2.930140276003252819e-07
-2.317761231922357194e-06,9.058316530974073262e-07
-1.698089964455171269e-06,3.068906532587421520e-07
1.516070887244532372e-05,-1.237747910964263543e-05
1.645160474171287172e-05,-1.139821658953354131e-05
1.699195873377035552e-05,-9.356506167676571103e-06
1.677571090231897070e-05,-7.623328266850604218e-06
-1.026018975408502510e-06,-4.026371966770462498e-07
-1.026130680495572424e-06,1.016558931758340688e-06
-2.620783614325064696e-07,3.069760437756340578e-07
1.374779375719897060e-05,-1.158037583315761083e-05
1.243621043790994219e-05,-1.062874564897397097e-05
1.509020985278722280e-05,-9.029575115992797532e-06
1.544584326005468127e-05,-6.695260299348780387e-06
6.139191407921156039e-07,-6.411017216902192887e-07
6.138558126933649388e-07,1.254821935652100901e-06
1.276714405292590383e-05,-9.139089524528076755e-06
1.124405964200166906e-05,-9.534829557122317622e-06
1.332557445642314170e-05,-7.434534396667960415e-06
1.429797787964999536e-05,-5.553815506257216173e-06
1.577570305969626678e-06,3.064038902136480930e-07
2.722220046337170400e-06,-9.856746257087926238e-07
2.720338089235863969e-06,1.600092698578302556e-06
1.018435655400536850e-05,-8.313574627665434039e-06
9.272367039661671558e-06,-6.983381108283283814e-06
8.517016186245338855e-06,-5.557330267659023744e-06
1.218059212391210733e-05,-5.880354946344927379e-06
1.336664023824682002e-05,-4.236318091583132291e-06
3.641483781983288915e-06,3.022974608544496187e-07
4.768930077049139700e-06,-1.325242355615612793e-06
4.768269922191292752e-06,1.951396448223315468e-06
1.003891907257540925e-05,-5.564562826851520197e-06
7.929506531172042695e-06,-4.050981848157582918e-06
6.645047590650811791e-06,-1.614614349961829235e-06
7.204510908536777890e-06,-1.898082475180708912e-06
7.518422771593468976e-06,-2.468066962410117618e-06
1.137298060885783787e-05,-4.039495596127493434e-06
1.268054072080277239e-05,-2.793714582212275554e-06
5.782791089464962751e-06,6.404524270864283140e-08
6.609547970463659208e-06,2.202121531216690427e-06
8.979087690885933102e-06,-2.976012148460162495e-06
7.221781092332734509e-06,-7.559089079537279200e-07
7.883903005661387694e-06,-1.698497229701018578e-06
1.077514528277359023e-05,-2.343202750427865023e-06
1.227062329266817949e-05,-1.277890722204715888e-06
7.223875418566717524e-06,1.096293308560142743e-06
7.117850249955159579e-06,2.482583538923672021e-06
9.281412219899766832e-06,-4.048331463718389237e-07
1.215213669995609809e-05,2.696097457566380857e-07
1.239478672531102321e-05,1.832820002701113924e-06
8.301328477178332942e-06,2.094740826585854686e-06
7.404423753059798700e-06,3.101431407908598446e-06
7.739254558824198074e-06,4.843626365144997977e-06
1.079772246570666142e-05,2.007702275802416922e-06
8.279706495051507287e-06,6.596329574601465155e-06
1.297528902896963726e-05,3.431407697527122318e-06
9.285732938180479571e-06,4.884143719391813139e-06
1.163495098795056045e-05,5.019553789513683295e-06
9.066169512922212266e-06,8.296777991277613581e-06
1.389297814638707027e-05,5.022834087745168859e-06
1.319915252947975929e-05,6.649010287671569160e-06
1.148843700215253555e-05,7.692116514214856671e-06
1.006798271163924355e-05,9.979333769448271328e-06
1.133176810369012061e-05,1.159224561605799808e-05
1.516381616921514899e-05,6.526203426980409105e-06
1.428726465295177755e-05,8.542275208663650525e-06
1.324314687674083502e-05,1.096427874980354552e-05
1.279457065434032336e-05,1.311045768608747321e-05
1.674372775468157943e-05,7.883775113952147669e-06
1.628038249583676494e-05,1.096380801341741203e-05
1.448828485057844869e-05,1.446289494978280947e-05
1.640552348426064553e-05,1.565571507664726694e-05
1.848790113272905219e-05,1.666827804662340812e-05
1.864276592374445026e-05,1.164111649651960721e-05
1.861800337608560861e-05,9.035542993916207303e-06
1.816614411782470459e-05,1.429728891641429178e-05
2.074299646214997517e-05,1.742245202482088428e-05
2.313211234929005944e-05,1.793456368551664401e-05
2.057501665691087531e-05,1.222742761456081928e-05
2.076291766046324145e-05,9.878046095910735056e-06
2.559667079361613887e-05,1.816427629367543611e-05
2.281043078455600686e-05,1.446381454793839207e-05
2.310520966999918686e-05,1.036469278653965055e-05
2.613324938480214479e-05,1.485039977841440662e-05
2.840376521921723091e-05,1.826854526611128337e-05
2.556782554741604972e-05,1.049103198958307451e-05
3.235354063435336619e-05,1.837207819522140216e-05
2.919269643110811646e-05,1.293943502959944189e-05
2.839854268592169787e-05,1.038647039258779487e-05
3.798917646863975487e-05,1.852877222776972563e-05
3.515592214550655888e-05,1.399870822728992646e-05
3.235676794798494752e-05,1.025149729144973261e-05
4.571653303411552459e-05,1.869435079598690479e-05
4.180594051659273147e-05,1.431818172171794561e-05
3.799066278026453643e-05,1.009952308721874206e-05
5.403942546126281444e-05,1.883155025639370622e-05
4.983569508407079921e-05,1.431575113937626316e-05
4.571716328660973411e-05,9.937803520020932745e-06
6.259430440169345814e-05,1.894453492192664260e-05
5.828136748543639518e-05,1.431440604513410090e-05
5.403964955983545315e-05,9.798444410207977949e-06
7.134093427793036118e-05,1.903636404269669919e-05
6.693884437022504057e-05,1.431313490036696452e-05
6.259465459251107276e-05,9.682854333785697083e-06
8.024228625192737590e-05,1.910967502301387090e-05
7.576875708645068412e-05,1.431191901960961532e-05
7.134146324321874813e-05,9.588565480850931959e-06
8.926561737595938982e-05,1.916733662722335099e-05
8.473604444286609108e-05,1.431107637122811701e-05
8.024276236368233688e-05,9.513348205515013281e-06
9.838326860014952422e-05,1.921143503365206281e-05
9.381062820775496521e-05,1.431071703725021853e-05
8.926572513514587862e-05,9.454605418589057242e-06
1.075708841865259181e-04,1.924284333639337426e-05
1.029671474243420401e-04,1.431071147226114127e-05
9.838306404736988882e-05,9.410110445281715959e-06
1.168048004648162180e-04,1.926221508677443024e-05
1.121819105309758419e-04,1.431078142759486099e-05
1.075705928355837396e-04,9.378639277031239788e-06
1.366452108723507941e-04,1.872790525354474825e-05
1.353294549433199461e-04,1.927287305275545071e-05
1.209498686050507839e-04,1.431073233392960799e-05
1.260637268870719524e-04,1.927119817105349655e-05
1.168048487618139397e-04,9.359194884044091215e-06
1.371902220208026820e-04,1.741220798180491335e-05
1.340764261953129096e-04,1.431087211661096543e-05
1.260637465987745460e-04,9.350383840782309586e-06
1.371902972691733675e-04,1.120950913290331795e-05
1.353295214501552498e-04,9.348815062005719133e-06
1.366452870649840514e-04,9.893791880033463114e-06
