Size 192,2
-1.544213321217181864e-05,3.487944411370332066e-06
-1.547544410324488452e-05,3.407423034954220410e-06
-1.547536624933765439e-05,3.028154260264683994e-06
-1.544204661779281917e-05,2.947635373948168516e-06
-1.536168776524179933e-05,3.521314385147680243e-06
-1.521103206995231904e-05,3.217795490450648924e-06
-1.536159230915274499e-05,2.914268976815364821e-06
-1.479568361707539931e-05,3.522452250444485147e-06
-1.479563116363094375e-05,2.913381677429305363e-06
-1.448237634876200079e-05,3.218043768382140495e-06
-1.422604028864925697e-05,3.526860741378643479e-06
-1.422617854998767373e-05,2.909598257093728416e-06
-1.393800534412084631e-05,3.218309324071986902e-06
-1.364460431284412355e-05,3.535455888056342873e-06
-1.364501097550151583e-05,2.901589824386688144e-06
-1.334846620084579413e-05,3.218723563858922980e-06
-1.304389559406861440e-05,3.548368486493758391e-06
-1.304444465928928748e-05,2.889474393771824256e-06
-1.273536145781741169e-05,3.219046473384006125e-06
-1.241587863803001272e-05,3.564540738531596288e-06
-1.241682640269595882e-05,2.873881230990338234e-06
-1.209194800835341845e-05,3.219301473202531909e-06
-1.175529384927348825e-05,3.582884910813278826e-06
-1.175636603568215919e-05,2.855622020437324453e-06
-1.141393054492450591e-05,3.219215363425044903e-06
-1.105905379935301404e-05,3.602424361659095584e-06
-1.105954016743900221e-05,2.835223834934283095e-06
-1.069875982060131070e-05,3.218827050398681968e-06
-1.032476282111141230e-05,3.623400350920913390e-06
-1.032422528855114191e-05,2.813188011308600193e-06
-9.943831393195107517e-06,3.218106625442684771e-06
-9.548448255757615230e-06,3.646747476206401617e-06
-9.547324828472878073e-06,2.788365902362290852e-06
-9.144351043075141597e-06,3.217061548733065868e-06
-8.723902209608777288e-06,3.673737253161756619e-06
-8.722986039397275423e-06,2.759184291831865621e-06
-8.311272739635835286e-06,3.216048683431484820e-06
-7.881057644093042235e-06,3.703271175835774100e-06
-7.880437380361140584e-06,2.725631895537986598e-06
-7.552690170234142184e-06,3.254569960015002243e-06
-7.200231183319891566e-06,3.730312646551455314e-06
-7.200374556640889001e-06,2.695399313096473246e-06
-6.678078902771689765e-06,3.753990917289467532e-06
-6.788061921940063109e-06,3.395026821824585188e-06
-6.678783587956617175e-06,2.675923485124419013e-06
-6.284589028863958727e-06,2.655255991080783157e-06
1.209489524166798290e-06,4.063029978397917927e-09
1.234026647915914890e-06,-5.492488569851664888e-08
1.233848643139532692e-06,-2.749793864386749098e-07
1.209404652893752906e-06,-3.332769972269620443e-07
-6.286941977618357787e-06,3.770759259825452754e-06
-5.915388087840801141e-06,3.764956389226369174e-06
-6.212320033994960414e-06,3.072743407398622859e-06
-5.922797742378914185e-06,2.601035678540854460e-06
1.150758677179227494e-06,2.842102470312151141e-08
1.091365359331066279e-06,-2.129657658998761272e-07
1.151074358296176534e-06,-3.576983759266599355e-07
-5.802578956852667875e-06,3.416938490493596087e-06
-5.539050449246985674e-06,3.720129610348223518e-06
-5.158775416993131972e-06,3.625370568585363307e-06
-5.690972005797006551e-06,2.915826393053322017e-06
-5.555110925712797818e-06,2.475682234769169021e-06
7.522339647819351164e-07,3.394678932613995309e-08
7.515783275791496490e-07,-3.656840230971918540e-07
5.450679940575531613e-07,-1.665229788032091446e-07
-4.778804730365571686e-06,3.489298365693252093e-06
-5.114144139777970122e-06,3.238962817316635251e-06
-5.248864131368011525e-06,2.730773124465568791e-06
-5.198075625908366002e-06,2.278753972952422906e-06
3.211931988831422660e-07,6.924212221907211295e-08
3.208862588116189647e-07,-4.034225517632073751e-07
6.651126372593837113e-08,-1.676952334422772660e-07
-4.410115712501997209e-06,3.302022303469131752e-06
-4.051928602274589769e-06,3.065357030579167771e-06
-4.766396415624329381e-06,2.644252607277388425e-06
-4.864975255596103385e-06,2.016245352221534737e-06
-2.247181499780936128e-07,1.465057246674194055e-07
-2.250681705497307044e-07,-4.830192685276924056e-07
-4.141541313584741901e-06,2.676883771236150079e-06
-3.712467467542500323e-06,2.786393004072272394e-06
-4.296975950740312626e-06,2.212752017549593644e-06
-4.569260143102755655e-06,1.685117530332186236e-06
-5.447468810985674962e-07,-1.686453981293646158e-07
-9.234542599959705801e-07,2.582327990607244197e-07
-9.231850358903257928e-07,-5.968090752291849221e-07
-3.404829712531823390e-06,2.461092257915187553e-06
-3.123793383833659023e-06,2.085926042995215465e-06
-2.878380322410441488e-06,1.675469071999275286e-06
-3.974552686929756435e-06,1.774656939894110719e-06
-4.323789275635312150e-06,1.290255631961442582e-06
-1.227610386658047499e-06,-1.681501922463030084e-07
-1.599672286651339495e-06,3.690709659659745995e-07
-1.599276329740522878e-06,-7.118259132591215528e-07
-3.344246030389444570e-06,1.681797431041302422e-06
-2.682198728979478368e-06,1.225747018453016788e-06
-2.224950003463116414e-06,4.645084082894764913e-07
-2.415911430807507622e-06,5.562512219069307267e-07
-2.528472385374404343e-06,7.377334974818082310e-07
-3.742653335825484846e-06,1.229453780839286290e-06
-4.145110626777359120e-06,8.445857171716966446e-07
-1.934513861905800576e-06,-9.020131590581804560e-08
-2.198756694870325349e-06,-7.929161494532123790e-07
-3.001700811623783937e-06,9.010190229873336881e-07
-2.414766289085704648e-06,1.829025191084927268e-07
-2.640279291916080847e-06,4.919209292792121377e-07
-3.562751489519538780e-06,7.036942438898367077e-07
-4.044710511510246837e-06,3.608274801583145340e-07
-2.403190723707571133e-06,-4.266670886702298211e-07
-2.358523247891304923e-06,-8.859264019694833258e-07
-3.087638063493125635e-06,7.906037448073356375e-08
-4.024536769319759216e-06,-1.435587159213136012e-07
-4.131365549267213718e-06,-6.655175959499351724e-07
-2.750953104510291753e-06,-7.533208295792053790e-07
-2.445621440343816802e-06,-1.096238247351365699e-06
-2.542119703608445561e-06,-1.697968017266121457e-06
-3.590383847258909092e-06,-7.169874581309046079e-07
-2.710656246233070051e-06,-2.319100655315879657e-06
-4.351991902989718677e-06,-1.204381280571871885e-06
-3.069765213980838045e-06,-1.706878602478744299e-06
-3.888452852506202755e-06,-1.754289125835020878e-06
-2.974820654255030657e-06,-2.928208438546423587e-06
-4.695044832050583052e-06,-1.755322482218440666e-06
-4.451932940437055606e-06,-2.331742807769868681e-06
-3.834549383281091669e-06,-2.707619671621609971e-06
-3.320296678240435615e-06,-3.545273239451492468e-06
-3.771964138933361471e-06,-4.146632750135490369e-06
-5.173234726700036997e-06,-2.283448818820595649e-06
-4.852507080909078086e-06,-3.017987782129394965e-06
-4.467462529006683009e-06,-3.914869516952237351e-06
-4.301172419827788790e-06,-4.723621721638328573e-06
-5.770529295315973068e-06,-2.768458612777224777e-06
-5.597859343397549639e-06,-3.917148116668969465e-06
-4.926460789492000073e-06,-5.242142057199955421e-06
-5.648220641324006406e-06,-5.708131063704072585e-06
-6.440738902973533819e-06,-6.113904246902255655e-06
-6.496557045715756090e-06,-4.172887189749090005e-06
-6.485985269045296844e-06,-3.186869792011641239e-06
-6.312710956771689439e-06,-5.191587906535061763e-06
-7.311147446793438345e-06,-6.419448183967095507e-06
-8.245210354680966558e-06,-6.635274146725586046e-06
-7.240913092622936033e-06,-4.395345732662345417e-06
-7.315504988494289017e-06,-3.490983160221651176e-06
-9.215002150214053947e-06,-6.739894104496657181e-06
-8.110965554817022697e-06,-5.267015655772332547e-06
-8.230228093129317093e-06,-3.660462540947928969e-06
-9.424600749346500437e-06,-5.422569944817040145e-06
-1.033511327915101829e-05,-6.798695286926333725e-06
-9.199396353339893325e-06,-3.696459701529319705e-06
-1.192606947464953796e-05,-6.858480231638561654e-06
-1.064528486806344459e-05,-4.658051495507322172e-06
-1.033197538761785898e-05,-3.638129093623165871e-06
-1.423466113544067779e-05,-6.952442494718183048e-06
-1.306530003300888590e-05,-5.083099007893781522e-06
-1.192766736229990741e-05,-3.560688249813620989e-06
-1.746092061181000945e-05,-7.057442413722234484e-06
-1.581775321184334431e-05,-5.213775121484575500e-06
-1.423524740691560779e-05,-3.469914760283349232e-06
-2.100103019551025405e-05,-7.150363502013827948e-06
-1.920214416545290125e-05,-5.212799585655418810e-06
-1.746110265519397096e-05,-3.368057382226729734e-06
-2.470373934564559941e-05,-7.231103111581859180e-06
-2.282682662298903372e-05,-5.212421866003331986e-06
-2.100105231685025147e-05,-3.274737010191197319e-06
-2.854590742323938514e-05,-7.297971752786549148e-06
-2.660376604019586513e-05,-5.212130482197813396e-06
-2.470382205576070650e-05,-3.193297765906859552e-06
-3.249918406228044716e-05,-7.349571705780439288e-06
-3.050650968939091497e-05,-5.211883868361115083e-06
-2.854615430209529883e-05,-3.125949052526874886e-06
-3.653485160942664025e-05,-7.387173819655206431e-06
-3.450549058928420568e-05,-5.211724368453052401e-06
-3.249949598174099036e-05,-3.074056378567219719e-06
-4.062766625740358634e-05,-7.412682684087492213e-06
-3.857349109493069032e-05,-5.211845860589883628e-06
-3.653492698748984717e-05,-3.036533760923819582e-06
-4.475704391412578618e-05,-7.428398603217080158e-06
-4.268757585724874666e-05,-5.212023977861171067e-06
-4.062752337330839897e-05,-3.011290621574827941e-06
-4.890700323568906500e-05,-7.436701884994202320e-06
-4.682964413568190833e-05,-5.212138197745038324e-06
-4.475692776831364101e-05,-2.995755055553591818e-06
-5.781714927039096176e-05,-7.195891712857239277e-06
-5.722631759038625135e-05,-7.440609561437175538e-06
-5.076917814454224377e-05,-5.212270539005406627e-06
-5.306584585693255247e-05,-7.440089439576986611e-06
-4.890702684922198763e-05,-2.987601598456004070e-06
-5.806188458226933010e-05,-6.605082675063456768e-06
-5.666375319805145065e-05,-5.212484609541559021e-06
-5.306588172525796568e-05,-2.984735903168442128e-06
-5.806199003092324173e-05,-3.819827538474031814e-06
-5.722642081189148781e-05,-2.984275219211430812e-06
-5.781725863029383617e-05,-3.229000316590057343e-06
