Size 192,2
-1.351150607618483216e-04,1.867170807029338526e-05
-1.356604516756518622e-04,1.735505578387758064e-05
-1.356602133591512682e-04,1.114798144810104624e-05
-1.351147891771571435e-04,9.831291180954759428e-06
-1.337983685725194238e-04,1.921707183563708799e-05
-1.313284121645937692e-04,1.425145843513353130e-05
-1.337980465846720960e-04,9.285908253452317793e-06
-1.245271518822679477e-04,1.921611794695533056e-05
-1.245266527342006407e-04,9.286366129742933438e-06
-1.194086923048723439e-04,1.425101716650676141e-05
-1.152574402475917028e-04,1.921184516896016687e-05
-1.152569465912147638e-04,9.289705186763702840e-06
-1.106247355731455152e-04,1.425045029286051673e-05
-1.059985086916701236e-04,1.919984808762928197e-05
-1.059978247521946483e-04,9.300193528758564319e-06
-1.013762588114820246e-04,1.424977225576957789e-05
-9.676897296545252877e-05,1.917501669433769340e-05
-9.676768821901608167e-05,9.323375356222029709e-06
-9.216986616402416288e-05,1.424883540448862954e-05
-8.759762643318973977e-05,1.913217912871747678e-05
-8.759617858963410848e-05,9.364542694025198332e-06
-8.303972952962627280e-05,1.424777222170432072e-05
-7.852266484732338576e-05,1.906710747235932911e-05
-7.852170410969601996e-05,9.427595852619397867e-06
-7.402780279492115784e-05,1.424662176905812741e-05
-6.958900383583567538e-05,1.897697510278208104e-05
-6.958840113795623794e-05,9.515416349940702403e-06
-6.518107067155671250e-05,1.424539273039706671e-05
-6.084584485755210014e-05,1.885997169959923578e-05
-6.084533141840178696e-05,9.629678683799940630e-06
-5.655014075276007957e-05,1.424400258506406266e-05
-5.234359240594671606e-05,1.871680176540288745e-05
-5.234307865465639991e-05,9.769962358708506308e-06
-4.818421479272024281e-05,1.424236289889267710e-05
-4.412872958948740513e-05,1.854824454279114713e-05
-4.412789632248327528e-05,9.935661380168739652e-06
-4.028647594685882895e-05,1.423952273259886212e-05
-3.655630904446659267e-05,1.836008587276902648e-05
-3.655468972818584329e-05,1.012701991281762566e-05
-3.378998694827996951e-05,1.455029697736193188e-05
-3.107301813489501946e-05,1.818971621025576650e-05
-3.106779422899493497e-05,1.029968996097447820e-05
-2.724232477716530655e-05,1.804472749465787037e-05
-2.794557734297304849e-05,1.555326191336710496e-05
-2.723488380407255348e-05,1.040748613184442204e-05
-2.453733426299375820e-05,1.052118137754312838e-05
3.520948913720680527e-06,1.259678301948373602e-06
3.591939381124881766e-06,1.088647194848641817e-06
3.591407452819564481e-06,4.525394339209351514e-07
3.520806432333741424e-06,2.843470212742414967e-07
-2.452678503154874433e-05,1.794428520324092675e-05
-2.215060397443627995e-05,1.771828614098737821e-05
-2.395346882547890244e-05,1.331122231628052946e-05
-2.211770425423987082e-05,1.043117794396614897e-05
3.350726846124400905e-06,1.330590505997097312e-06
3.179435645415645869e-06,6.332108413054197225e-07
3.352417447321249688e-06,2.144159758395018923e-07
-2.137064052244569119e-05,1.545004829668509142e-05
-1.985720071458796883e-05,1.720826032009313054e-05
-1.769983124292592980e-05,1.648359577218429356e-05
-2.065811897661147886e-05,1.240938488638828811e-05
-1.986707326707850855e-05,9.969920789181359878e-06
2.197822214800223637e-06,1.350646689890490285e-06
2.197456877860700550e-06,1.962624835230299203e-07
1.600359302106660004e-06,7.740680443569906589e-07
-1.570792904345064058e-05,1.551191714039342690e-05
-1.739157768344085789e-05,1.421250685944804430e-05
-1.812738422643781061e-05,1.142990348644528414e-05
-1.781947302258345746e-05,9.174940540175773862e-06
9.537215707558650677e-07,1.456547859687952979e-06
9.541741083112030808e-07,9.303309917034230786e-08
2.200841404382872250e-07,7.753942936399239342e-07
-1.387452949226510325e-05,1.436832421133329728e-05
-1.225354624077825779e-05,1.307162293264487847e-05
-1.558850395103273312e-05,1.101185634191307218e-05
-1.602340734531329847e-05,8.071683221090328610e-06
-6.199720840469495024e-07,1.683533578884107682e-06
-6.197539388674303134e-07,-1.316440509529110666e-07
-1.266757504030254804e-05,1.113395365962949982e-05
-1.084882613710895686e-05,1.161662492452987086e-05
-1.334486921128547565e-05,9.015225844132196260e-06
-1.451555888963356353e-05,6.754977791425664683e-06
-1.542235272408523222e-06,7.767363150282386282e-07
-2.636118381010507153e-06,2.010054674061328723e-06
-2.633754071744224780e-06,-4.580177798060158115e-07
-9.629670398646098816e-06,1.006259082348088630e-05
-8.660995520053411793e-06,8.472949450402783895e-06
-7.923070347062952874e-06,6.810330995679365032e-06
-1.197737662917464434e-05,7.157050138597936458e-06
-1.331848151984790203e-05,5.296712591403607893e-06
-3.513483273098640905e-06,7.817535996078989246e-07
-4.587103494656441067e-06,2.330025951173963987e-06
-4.587730885263628253e-06,-7.910767103056665997e-07
-9.555014563058769253e-06,6.797650285905757868e-06
-7.376826191159326971e-06,5.134204946762030495e-06
-6.335560714230908339e-06,2.599411564165516236e-06
-6.831687091618579724e-06,2.876819121843878109e-06
-7.081449927877280526e-06,3.452362591154425231e-06
-1.103449969977238801e-05,5.086933800822483554e-06
-1.242386414778446202e-05,3.767825214336081855e-06
-5.550434528912983077e-06,1.010937037070521340e-06
-6.380419024686508677e-06,-1.033857829444300102e-06
-8.511590546240300039e-06,3.957766267024625961e-06
-6.885094592946825519e-06,1.774483908377993092e-06
-7.474088631984088903e-06,2.678912088141603688e-06
-1.037711029482612267e-05,3.297536059887939792e-06
-1.185286842236295241e-05,2.240222813050599014e-06
-6.953244446002443113e-06,8.627634722593479485e-09
-6.905402576829197836e-06,-1.296025189143419364e-06
-8.868874553194589969e-06,1.376554200329619871e-06
-1.163818136435137083e-05,7.376448944271345199e-07
-1.171853795685250960e-05,-7.115099920266959579e-07
-8.014126614657741666e-06,-9.533713042828821493e-07
-7.217124189257713458e-06,-1.847280607975614177e-06
-7.610344509093765909e-06,-3.346696169378861370e-06
-1.028633969511101191e-05,-9.125386923553002623e-07
-8.174821281984009686e-06,-4.765703506701048272e-06
-1.210261387979482016e-05,-2.162307637812166631e-06
-8.975875562095483461e-06,-3.409683089520185490e-06
-1.095233352480106553e-05,-3.521491902721612918e-06
-8.889669806128144800e-06,-6.105537989710198038e-06
-1.274230704796257396e-05,-3.523741831100722856e-06
-1.216342118923159234e-05,-4.838692704204880059e-06
-1.084064237045923350e-05,-5.649868799346565970e-06
-9.750338500192463629e-06,-7.352876599062129727e-06
-1.074669935292051659e-05,-8.494328281605223384e-06
-1.361295693458732396e-05,-4.763344212901444294e-06
-1.295645402883621470e-05,-6.284015414107967589e-06
-1.219063674185631726e-05,-8.035582663876948548e-06
-1.186617680312948065e-05,-9.515123707916714417e-06
-1.468476574247048532e-05,-5.834658877658125144e-06
-1.435080970977794752e-05,-8.018835590443961229e-06
-1.309443290815925647e-05,-1.040218466569818710e-05
-1.441516165325099469e-05,-1.114367865498470925e-05
-1.581101015227725790e-05,-1.172957444321438493e-05
-1.593277824929104002e-05,-8.480677945442502617e-06
-1.592547299880556298e-05,-6.704205216199516474e-06
-1.562186960145109802e-05,-1.022867995084125820e-05
-1.726403612326602940e-05,-1.215311648491298698e-05
-1.875434203362401220e-05,-1.240823959970811131e-05
-1.718290785922243940e-05,-8.875813931448756818e-06
-1.729716834324991051e-05,-7.345461678364507418e-06
-2.026352158118747664e-05,-1.249242564129286352e-05
-1.858960251419936814e-05,-1.028516355348981336e-05
-1.875810791024056342e-05,-7.739274312426272455e-06
-2.059787883043832964e-05,-1.050877916012073595e-05
-2.192155404374427572e-05,-1.248981723350702078e-05
-2.026382209786527620e-05,-7.873090705521002881e-06
-2.419943964794145876e-05,-1.248703176830355467e-05
-2.240345507070304980e-05,-9.383330338193341362e-06
-2.192151601606390923e-05,-7.876009381877203095e-06
-2.732187246889701611e-05,-1.248234201125159668e-05
-2.577856095665969998e-05,-1.000381883235453026e-05
-2.419910199003391427e-05,-7.880447746798729361e-06
-3.143353912831179991e-05,-1.247828626874569242e-05
-2.937902114327485244e-05,-1.018414216953299337e-05
-2.732186366221800742e-05,-7.885758580154109224e-06
-3.571276684135999660e-05,-1.247657795697409232e-05
-3.357374754906453259e-05,-1.018466776471773044e-05
-3.143355058539082592e-05,-7.890543499095547454e-06
-3.998993311488135581e-05,-1.247627485671740021e-05
-3.785147644231776179e-05,-1.018524216037048793e-05
-3.571265405920583639e-05,-7.893385059115703647e-06
-4.426609036528148016e-05,-1.247636492551730358e-05
-4.212800134665273640e-05,-1.018589556808530911e-05
-3.998960567557603100e-05,-7.894980653526872941e-06
-4.854134986292036778e-05,-1.247688377760284843e-05
-4.640357573735480712e-05,-1.018646568869053159e-05
-4.426564575038072978e-05,-7.896053173834185102e-06
-5.281710228560366523e-05,-1.247845680468371615e-05
-5.067876418564302678e-05,-1.018709261091834500e-05
-4.854092826982786595e-05,-7.896648996968759401e-06
-5.709603750013783879e-05,-1.248102194417724207e-05
-5.495575974085857460e-05,-1.018760382896817263e-05
-5.281684488957938433e-05,-7.896248419917915501e-06
-6.137946585173421898e-05,-1.248357644731256618e-05
-5.923696893830203615e-05,-1.018811650981032379e-05
-5.709583814464198919e-05,-7.894717484715202738e-06
-6.566612507099089491e-05,-1.248525871516505959e-05
-6.352230558686225805e-05,-1.018864342470755640e-05
-6.137922495509590202e-05,-7.893223695886821643e-06
-7.485085968195077921e-05,-1.223400273435136373e-05
-7.424187747651836281e-05,-1.248625102154135770e-05
-6.758660493301406769e-05,-1.018910667355950545e-05
-6.995397914250202169e-05,-1.248597489451765080e-05
-6.566583310989013210e-05,-7.892567901755704970e-06
-7.510310552141876729e-05,-1.162501733488598467e-05
-7.366201886677974813e-05,-1.018955546874225630e-05
-6.995378229487864217e-05,-7.892591086531369705e-06
-7.510299111513488233e-05,-8.754182860871885795e-06
-7.424171618024422842e-05,-7.892901719114634314e-06
-7.485072769399809384e-05,-8.145168053106807899e-06
