Size 192,2
-1.138544882990891492e-04,1.590079210954603930e-05
-1.143054923594367608e-04,1.481201457710348250e-05
-1.143058970997356811e-04,9.679640946311374099e-06
-1.138549479298818582e-04,8.590907363490908017e-06
-1.127656994365640005e-04,1.635178339686084318e-05
-1.107238702272266814e-04,1.224590810583484838e-05
-1.127662370582584102e-04,8.139934747669688527e-06
-1.050992378644358485e-04,1.635157291656656072e-05
-1.050998707528834304e-04,8.140086536291224825e-06
-1.008668743897903698e-04,1.224554454020308388e-05
-9.743356451050455829e-05,1.634781087574746269e-05
-9.743423764381498877e-05,8.142914149545335030e-06
-9.360300235647972165e-05,1.224520709772133569e-05
-8.977795249809143155e-05,1.633746039467649723e-05
-8.977816681157473261e-05,8.152511439274017668e-06
-8.595694157801420825e-05,1.224452362357614087e-05
-8.214809981722443247e-05,1.631700209608032476e-05
-8.214852850177356764e-05,8.171525915851598999e-06
-7.834696792779096265e-05,1.224378297407782015e-05
-7.456530407117401699e-05,1.628440255526781186e-05
-7.456588512209734909e-05,8.202390695047857616e-06
-7.079528896329869889e-05,1.224290036706882681e-05
-6.705245612250682421e-05,1.623890435074129906e-05
-6.705317950484707243e-05,8.245707719264019575e-06
-6.332549567896374328e-05,1.224194022604995088e-05
-5.963480368673930259e-05,1.617928316937469315e-05
-5.963512581127277751e-05,8.302923968707567561e-06
-5.596399274981041032e-05,1.224076084646883213e-05
-5.234038139266213220e-05,1.610303493254803614e-05
-5.233985143057827140e-05,8.376578803759377593e-06
-4.874102553913845783e-05,1.223931580861496416e-05
-4.520133820207972088e-05,1.600787768319525054e-05
-4.520023167584880780e-05,8.468951914932496445e-06
-4.169175678195946404e-05,1.223762774794915241e-05
-3.825426294635596969e-05,1.589181158313976067e-05
-3.825281642160737437e-05,8.582508441778186967e-06
-3.498913375856163365e-05,1.223508045533363432e-05
-3.180486564257218587e-05,1.575632091774976793e-05
-3.180304678885984194e-05,8.719986889358098984e-06
-2.943872849676626319e-05,1.250148012149568777e-05
-2.710307449524210582e-05,1.562915147069578731e-05
-2.709885049208677455e-05,8.848930241458311742e-06
-2.380213074064502199e-05,1.551728652697541869e-05
-2.441197933865763852e-05,1.336670035964089434e-05
-2.379588479482039969e-05,8.932104735935095913e-06
-2.146388225814204259e-05,9.021623916520924507e-06
3.089327606473763091e-06,8.808744439567939606e-07
3.151505543304046831e-06,7.311375785963310173e-07
3.151063347042871638e-06,1.740578745601869358e-07
3.089226853398140109e-06,2.672037549347200572e-08
-2.145595403607943621e-05,1.543802486298470123e-05
-1.939682683013994728e-05,1.524834024242460433e-05
-2.096209133150334468e-05,1.143259704369897667e-05
-1.937014219893586322e-05,8.936218821891461170e-06
2.940294189341936641e-06,9.429094016388557689e-07
2.790311496803110878e-06,3.320660446734243642e-07
2.941737353865803207e-06,-3.460375890947805477e-08
-1.872263693864585675e-05,1.328570798685947383e-05
-1.740728221625621820e-05,1.481249086933339034e-05
-1.553146226642342372e-05,1.418715990486703702e-05
-1.810442647247958257e-05,1.064964210203610998e-05
-1.741635877511931124e-05,8.529272866455466824e-06
1.930833154339151137e-06,9.604240582800576498e-07
1.930559737100649692e-06,-5.075486201780484022e-08
1.407494362661159356e-06,4.555671639916531570e-07
-1.379711905886942924e-05,1.334695457120411030e-05
-1.526434836780072346e-05,1.221588103955932777e-05
-1.590391754599918114e-05,9.797118062924206391e-06
-1.563588611929228039e-05,7.832763353565044815e-06
8.406317125447077182e-07,1.054516602493910951e-06
8.413126133146383391e-07,-1.413669490570234209e-07
1.973255790555533815e-07,4.575440154573526462e-07
-1.219871495464382849e-05,1.235463183286153723e-05
-1.078315448886196489e-05,1.122725210450084546e-05
-1.369286173207554211e-05,9.432520249840526018e-06
-1.407205572110211672e-05,6.868402403558134251e-06
-5.403688853050325977e-07,1.256088029939977042e-06
-5.399281393844053795e-07,-3.392154021041880034e-07
-1.114412855346390669e-05,9.539556511392390138e-06
-9.554499962902917885e-06,9.961063284245019972e-06
-1.173530595511782377e-05,7.690980526732828779e-06
-1.275782728894570715e-05,5.716461741603231718e-06
-1.350861207731931597e-06,4.594510972743821457e-07
-2.313074284328273364e-06,1.545134537248881004e-06
-2.311048574412535327e-06,-6.272401252730673026e-07
-8.487131605838684381e-06,8.606445654069550829e-06
-7.636246839885626328e-06,7.217660069940593922e-06
-6.985544259281207322e-06,5.763723854935714652e-06
-1.053971179899272843e-05,6.067649770679659296e-06
-1.171392825551414422e-05,4.439141396938795639e-06
-3.085134551372367949e-06,4.640499956333830853e-07
-4.031196022431380131e-06,1.828848452297809549e-06
-4.031536069498698842e-06,-9.220819740215177829e-07
-8.418022872602852491e-06,5.753315855968442477e-06
-6.502558314109767410e-06,4.295421953370062662e-06
-5.574811285926717292e-06,2.067995087204523313e-06
-6.014338751147144681e-06,2.312699136646539129e-06
-6.237168663385146423e-06,2.819165250268738129e-06
-9.714533029510434944e-06,4.255227558729381503e-06
-1.093420678373103179e-05,3.097453861823818119e-06
-4.880265442042418028e-06,6.661406799029616156e-07
-5.610075820903255431e-06,-1.136966470184190705e-06
-7.497954329491979463e-06,3.264216644480300548e-06
-6.059490998378637200e-06,1.340829461950417315e-06
-6.581550293971119687e-06,2.138611909616691708e-06
-9.137747840600571442e-06,2.684497299971788545e-06
-1.043790744418961505e-05,1.753913784166235803e-06
-6.115987841185899821e-06,-2.170383244634163296e-07
-6.070791278916553478e-06,-1.368832621105416414e-06
-7.809572751567960675e-06,9.931303150990952622e-07
-1.025278293411783630e-05,4.295454423761612053e-07
-1.033088971193229454e-05,-8.511495486114208298e-07
-7.050195565797877686e-06,-1.065235404291592659e-06
-6.343573957255768374e-06,-1.857679834847797741e-06
-6.685832448466622378e-06,-3.190136001474581340e-06
-9.061772539780355167e-06,-1.026877389951482379e-06
-7.180579855083103035e-06,-4.457043076586238107e-06
-1.067860915026181118e-05,-2.135359718867171275e-06
-7.896882308341556219e-06,-3.244230941468910352e-06
-9.655917244584337998e-06,-3.343579363736065965e-06
-7.812784317470779794e-06,-5.655786201148543685e-06
-1.125614662458019411e-05,-3.345321071933148525e-06
-1.074033678519241648e-05,-4.519427726732992111e-06
-9.555006363446608600e-06,-5.246351843913657362e-06
-8.577160479283314006e-06,-6.777784536149354306e-06
-9.468032241369960469e-06,-7.808890553751490841e-06
-1.204440016197223828e-05,-4.450140657547375095e-06
-1.145417208980162799e-05,-5.816062896997933745e-06
-1.076437630543170785e-05,-7.395562190605334035e-06
-1.047166540939325393e-05,-8.736139081229688107e-06
-1.301629527184907737e-05,-5.408140279675356355e-06
-1.271446961312185985e-05,-7.381543497527903220e-06
-1.157805269019946637e-05,-9.544178821011875581e-06
-1.277395021805390565e-05,-1.022414127921956746e-05
-1.404218268658862869e-05,-1.076725685075844451e-05
-1.415162985769248199e-05,-7.800097682573040587e-06
-1.414469509026348998e-05,-6.188405489126514342e-06
-1.386755273381011540e-05,-9.392833686780818368e-06
-1.536831474555110368e-05,-1.116204827076424141e-05
-1.673564667330511621e-05,-1.140554975469225987e-05
-1.529183835603624758e-05,-8.158641109614693561e-06
-1.539760358275997008e-05,-6.762553272959566528e-06
-1.812383030704584815e-05,-1.149193033662368981e-05
-1.657948016227919145e-05,-9.450229380950361669e-06
-1.673679061286801378e-05,-7.111604923560207248e-06
-1.843033105302259911e-05,-9.658047885646824495e-06
-1.965903044963656217e-05,-1.150115200089165088e-05
-1.812149104292490700e-05,-7.226026318698249815e-06
-2.177884114657700957e-05,-1.151117501212326150e-05
-2.010196884203834373e-05,-8.614135384308307987e-06
-1.965821937489614844e-05,-7.217405390456228879e-06
-2.471330438824544942e-05,-1.152811983208155630e-05
-2.325624531319518153e-05,-9.190014659635677919e-06
-2.177881775900098458e-05,-7.204837165567523153e-06
-2.862015386672686200e-05,-1.154741791582398142e-05
-2.666097152542779667e-05,-9.358866361160913107e-06
-2.471311524114056627e-05,-7.188494441026245666e-06
-3.272442116874803698e-05,-1.156264374416065793e-05
-3.066739188389060937e-05,-9.358681819758236025e-06
-2.862021002923315500e-05,-7.169791425771846990e-06
-3.685307755943877155e-05,-1.157231077160937789e-05
-3.478567985760569779e-05,-9.358564611719247985e-06
-3.272451612977803640e-05,-7.154471642004142105e-06
-4.099350955722550095e-05,-1.157508989825022108e-05
-3.892242323619492201e-05,-9.358407017822243244e-06
-3.685311761339101904e-05,-7.144721674450895146e-06
-4.513292198017838176e-05,-1.157143947330534205e-05
-4.306434112024305484e-05,-9.358280639926546055e-06
-4.099346937095930065e-05,-7.141640143385196683e-06
-4.925977992997398124e-05,-1.156268508887983892e-05
-4.719925340159052298e-05,-9.358411014408498136e-06
-4.513276897401171913e-05,-7.145236366064346336e-06
-5.336490011499404125e-05,-1.155034289453893926e-05
-5.131646794341942038e-05,-9.358713864586403627e-06
-4.925968791157773514e-05,-7.154458175521742086e-06
-5.744271960415313778e-05,-1.153586959376126078e-05
-5.540857994491559955e-05,-9.359002543731558747e-06
-5.336480005734766204e-05,-7.167495921295695296e-06
-6.149288396444691515e-05,-1.152294153634356772e-05
-5.947202665147692633e-05,-9.359131086553653132e-06
-5.744264704218907103e-05,-7.182268542459333536e-06
-7.010969963714733212e-05,-1.127571972684207873e-05
-6.953886517102134276e-05,-1.151224266629315138e-05
-6.329977798853037409e-05,-9.359311312525547379e-06
-6.552101586182969739e-05,-1.151456612485052376e-05
-6.149279112498942570e-05,-7.195472281530586209e-06
-7.034613826315201971e-05,-1.070477331208959846e-05
-6.899597305167702024e-05,-9.359369146470408439e-06
-6.552102081796315567e-05,-7.204148877693610229e-06
-7.034617099742065743e-05,-8.013942885684030850e-06
-6.953889501419839884e-05,-7.206464403692681623e-06
-7.010973290041496071e-05,-7.442989736069259946e-06
