Size 192,2
2.619242379065429849e-05,-2.597283615670606213e-06
2.631646734584932668e-05,-2.297670488936622911e-06
2.631644503614597981e-05,-8.855099120569016531e-07
2.619239832157608012e-05,-5.858919599910181984e-07
2.589291927845127939e-05,-2.721409838786060772e-06
2.533142745424668321e-05,-1.591588184430805248e-06
2.589288930361579607e-05,-4.617623527335883776e-07
2.378442573855082262e-05,-2.722726685794598135e-06
2.378426010392900719e-05,-4.601873187140428507e-07
2.261822837066372138e-05,-1.591257330868138598e-06
2.166966671035499995e-05,-2.726858187975551286e-06
2.166924794935127575e-05,-4.552594225460989587e-07
2.060849049803477342e-05,-1.590628533538920182e-06
1.954366022896030148e-05,-2.731901593127407102e-06
1.954330691023994454e-05,-4.488543826368847742e-07
1.847645570401517320e-05,-1.589800965844722256e-06
1.740601857770451862e-05,-2.735359109995155612e-06
1.740593485772180357e-05,-4.436450912775547097e-07
1.633434816715408669e-05,-1.588853106838792462e-06
1.526252110568284979e-05,-2.733111264050448355e-06
1.526259586058226062e-05,-4.434382661031120359e-07
1.419180426404594436e-05,-1.587776667022973043e-06
1.312667330808408939e-05,-2.721432081566804500e-06
1.312667360384295967e-05,-4.527187043362306322e-07
1.206624887966695432e-05,-1.586604234983977514e-06
1.102020663195050224e-05,-2.696067081937903304e-06
1.102015500637845814e-05,-4.757333630664735134e-07
9.984119291776709346e-06,-1.585543961986312074e-06
8.973551468558671240e-06,-2.653629601722414927e-06
8.973072058089670905e-06,-5.159853294841482038e-07
7.978241266663513615e-06,-1.584523309287375822e-06
7.021278952721218803e-06,-2.592448133231658383e-06
7.020200890502990805e-06,-5.752897957279817875e-07
6.084897188714111808e-06,-1.583510767516958977e-06
5.199074855009717866e-06,-2.512866438907557393e-06
5.197418946303022123e-06,-6.536032973050524292e-07
4.371946639688467434e-06,-1.581909283786157485e-06
3.601986494048100371e-06,-2.419483061345767898e-06
3.600391185045095159e-06,-7.487653566416795924e-07
3.039324450146271396e-06,-1.641589462971671706e-06
2.519950201916013296e-06,-2.333340193830934841e-06
2.517154722845601978e-06,-8.362536865822670355e-07
1.813974168778954171e-06,-2.259367189244199395e-06
1.928341303493117419e-06,-1.820869547303418819e-06
1.810176777887775638e-06,-8.912840846838374544e-07
1.341564703335732696e-06,-9.495876163096739247e-07
1.580366136507825867e-07,-6.924916321469808295e-07
1.617003404130553665e-07,-7.010177003932295215e-07
1.617508254770939057e-07,-7.340252615731401095e-07
1.580348574056218796e-07,-7.429919434807427791e-07
1.335958752335882530e-06,-2.207769948274033051e-06
9.489791972468159415e-07,-2.138920915410137722e-06
1.226576243690731379e-06,-1.424238604412067889e-06
9.299920485629964850e-07,-9.763034785628358085e-07
1.494529639662444765e-07,-6.891396956254405463e-07
1.401937924933456095e-07,-7.254566649506143906e-07
1.490907168049252688e-07,-7.470207444886182353e-07
8.121542862118061070e-07,-1.761856595723077522e-06
5.941305182902815924e-07,-2.018296082822566601e-06
2.881061454210141752e-07,-1.880069906310144399e-06
6.962491969326461136e-07,-1.292729283337358349e-06
5.802389820661636753e-07,-9.562772190006012950e-07
8.968398889762984533e-08,-6.909408555358973074e-07
8.879920384352462459e-08,-7.502890700996203838e-07
5.854724761738923000e-08,-7.220539342066826172e-07
3.595529478052240593e-08,-1.704452505181533905e-06
2.340905858121771493e-07,-1.542599485586528805e-06
3.330440399413812045e-07,-1.165862922470267501e-06
2.856000183752346184e-07,-9.021724327938609492e-07
2.635358687549426939e-08,-6.896339803431717458e-07
2.545436887007337732e-08,-7.575077981647073212e-07
-1.059097161204972152e-08,-7.251161620667953488e-07
-1.762044263722689066e-07,-1.526361327559663375e-06
-3.298957924132281911e-07,-1.350249624269644280e-06
9.611579449946426246e-09,-1.119265026162477859e-06
4.807741646245225010e-08,-8.161219969057918008e-07
-5.098961539445394107e-08,-6.834955457371876353e-07
-5.190030777625159535e-08,-7.699311667775719119e-07
-2.886892779334807038e-07,-1.124235752248659501e-06
-4.323169643000664452e-07,-1.166838519367857369e-06
-2.307811789546024697e-07,-9.181693130362765334e-07
-1.343268061437690926e-07,-7.325459132210757871e-07
-9.538280726838240510e-08,-7.282085995441573983e-07
-1.455202154868189593e-07,-6.735923488012280318e-07
-1.465792423404150865e-07,-7.855769320296032842e-07
-5.074125320648289787e-07,-9.994680097976577221e-07
-5.284493723343742453e-07,-8.726769668363832108e-07
-5.105148333580129198e-07,-7.593891682878381789e-07
-3.391191635643387350e-07,-7.694253283880306319e-07
-2.683342202579975303e-07,-6.697335287327686149e-07
-1.863001789405273631e-07,-7.309919034656897452e-07
-2.334964092315527779e-07,-6.634696606700268133e-07
-2.336112724541276295e-07,-7.988785835995690017e-07
-4.675994382412258292e-07,-7.486075723977723480e-07
-4.811838330878109054e-07,-6.829699637615964978e-07
-3.311010446692053900e-07,-6.535034412664010307e-07
-3.732701005116930257e-07,-6.482392406762630938e-07
-4.125350414554366697e-07,-6.458135142599163206e-07
-4.037138470993456740e-07,-6.643674539039905509e-07
-3.741579359522723277e-07,-6.385151096490538938e-07
-2.774885737290375953e-07,-7.244241855311767551e-07
-2.871051795702418135e-07,-8.049196042706851312e-07
-4.463853379890237154e-07,-6.393157413693981545e-07
-3.539062382644399630e-07,-6.840074400920674254e-07
-4.018993486859624155e-07,-6.523941317695396869e-07
-4.295036333770357768e-07,-6.323940877652287446e-07
-4.575674616693799511e-07,-6.492393133870385281e-07
-3.180372770045497613e-07,-7.552259690199645227e-07
-2.850468956049985113e-07,-8.178499869772657287e-07
-4.202430165345392971e-07,-6.639706419869946911e-07
-5.089762810019659151e-07,-6.921901767852855783e-07
-6.001387048998317763e-07,-7.737039073663587807e-07
-3.403366044297125246e-07,-7.879423950850023561e-07
-2.751359641917211278e-07,-8.616456256780685633e-07
-2.481256480507375132e-07,-1.013962567734022026e-06
-4.917254327241053019e-07,-7.617116612160486700e-07
-2.421377173163712526e-07,-1.215022619487325379e-06
-7.132202370695624115e-07,-8.736074145415232924e-07
-3.646578487772646564e-07,-1.002472227852172407e-06
-5.943135685351575917e-07,-1.016914506545754398e-06
-2.904937463036588620e-07,-1.429842894636840464e-06
-8.738297590406553145e-07,-1.017535571127404309e-06
-8.033633001785657370e-07,-1.205022113252256115e-06
-5.737615610842039905e-07,-1.342448796326650454e-06
-3.787535848872477995e-07,-1.684340279205822454e-06
-5.380126549251436030e-07,-1.957465986386455356e-06
-1.104146129020179803e-06,-1.178122173409201681e-06
-9.751645774220815318e-07,-1.469076980747916514e-06
-8.127255895550510942e-07,-1.858868454350815873e-06
-7.404940866506149875e-07,-2.243162043454620400e-06
-1.396164884999281784e-06,-1.348910727062686966e-06
-1.321104305193848351e-06,-1.867719543012611455e-06
-1.011420362538871061e-06,-2.509517065215302046e-06
-1.355335041153627553e-06,-2.766188684470513581e-06
-1.749516485802640711e-06,-3.007247214225972446e-06
-1.768875615912246937e-06,-1.991883885283044348e-06
-1.759064551754626597e-06,-1.514914637655669930e-06
-1.674383235698470645e-06,-2.511550055505404656e-06
-2.207750723535611896e-06,-3.193553823642309005e-06
-2.718752858159694940e-06,-3.337087948259378959e-06
-2.158632740227437386e-06,-2.101879686629290791e-06
-2.200172730859535674e-06,-1.633729707169270007e-06
-3.260807045597478633e-06,-3.417377843665036354e-06
-2.630857262622451752e-06,-2.572883473333968196e-06
-2.701684211772388075e-06,-1.690328566137714225e-06
-3.375699530024988234e-06,-2.665074373877794440e-06
-3.909789243904999091e-06,-3.475050444053438251e-06
-3.244817858996971781e-06,-1.688806156649156652e-06
-4.851454151549296067e-06,-3.532258519206599833e-06
-4.084003091746150984e-06,-2.221912455539228196e-06
-3.906948414847822692e-06,-1.631303974567892570e-06
-6.260200321930092581e-06,-3.618937324856228826e-06
-5.538552319424926090e-06,-2.470058533635968116e-06
-4.853367396083852747e-06,-1.557137817518822875e-06
-8.279628483712614306e-06,-3.711030858773832407e-06
-7.244049575221937415e-06,-2.548560772642712553e-06
-6.261371673329774428e-06,-1.473563179337978546e-06
-1.053452384357624317e-05,-3.788244197136046750e-06
-9.383456010307186996e-06,-2.547523699554881393e-06
-8.280185424634609368e-06,-1.384115924638314890e-06
-1.292056030866785416e-05,-3.852553723276797790e-06
-1.170730583030523160e-05,-2.547089163085097066e-06
-1.053476272803664669e-05,-1.306409260354998310e-06
-1.541596470041477058e-05,-3.904411047358162157e-06
-1.415182281226455457e-05,-2.546664128081658219e-06
-1.292062765728514969e-05,-1.241320763795052139e-06
-1.799688806305024686e-05,-3.943662220687652472e-06
-1.669402939756219395e-05,-2.546371958282541828e-06
-1.541585596362944765e-05,-1.188635492700925627e-06
-2.063912590076962412e-05,-3.970650764557028839e-06
-1.930960896408287589e-05,-2.546207210845703924e-06
-1.799674569873005469e-05,-1.148875559569579350e-06
-2.332062935404703694e-05,-3.987354714152963120e-06
-2.197481193780400163e-05,-2.546048099543449507e-06
-2.063905655150464268e-05,-1.121569393630821248e-06
-2.602485358544269852e-05,-3.996945870776584754e-06
-2.466991515410663682e-05,-2.545922075193268546e-06
-2.332063670567847976e-05,-1.104560273741395203e-06
-2.874131106728896023e-05,-4.002046846172621787e-06
-2.738162838049177606e-05,-2.545830507208386688e-06
-2.602487861829928448e-05,-1.094755464868966760e-06
-3.457502313194664857e-05,-3.844642027549412346e-06
-3.418816340846476373e-05,-4.004872208909194535e-06
-2.996016782127054650e-05,-2.545838906478034625e-06
-3.146381856269444036e-05,-4.004294006204823153e-06
-2.874120856659388799e-05,-1.089666695914004790e-06
-3.473526411719988398e-05,-3.457798366616100381e-06
-3.381966119208548743e-05,-2.545896144331287333e-06
-3.146369532590802341e-05,-1.087332991214692869e-06
-3.473514193815447932e-05,-1.634074595754076811e-06
-3.418801760306044670e-05,-1.086991472269640565e-06
-3.457488930198715759e-05,-1.247226480185532212e-06
