Size 192,2
-1.690004552485941270e-05,3.481414102588684029e-06
-1.694054884438637534e-05,3.383685011292037738e-06
-1.694064310850328342e-05,2.922926605039740935e-06
-1.690014560044790807e-05,2.825176491059360519e-06
-1.680228051967325503e-05,3.521889403501252815e-06
-1.661891136734105663e-05,3.153326394051942789e-06
-1.680237752577646489e-05,2.784691437156742978e-06
-1.611382598223593278e-05,3.521551190230389633e-06
-1.611390748513379472e-05,2.784987982683607937e-06
-1.573427386097760891e-05,3.153213375412119715e-06
-1.542722570311565815e-05,3.519937389548177235e-06
-1.542687484628928131e-05,2.785703386133771137e-06
-1.508462952412224836e-05,3.152917004871743628e-06
-1.474398212720209598e-05,3.518031948535911693e-06
-1.474259940810877901e-05,2.786453771487234991e-06
-1.440235526267110344e-05,3.152064313420183291e-06
-1.406288090640992715e-05,3.516874390959872779e-06
-1.406090022162674104e-05,2.785840822078215585e-06
-1.372133898423667814e-05,3.150792915750246091e-06
-1.338068880585667600e-05,3.517611437173827978e-06
-1.337886419980559543e-05,2.782630144763166861e-06
-1.303729904992871819e-05,3.149291307054679770e-06
-1.269234387956424850e-05,3.521716312964294893e-06
-1.269097564227396144e-05,2.775594710499084333e-06
-1.234382858085728565e-05,3.147692056917201088e-06
-1.198981343574948661e-05,3.531352583567760493e-06
-1.198887042613077064e-05,2.762602961254598274e-06
-1.163041917980917382e-05,3.145978046243725065e-06
-1.126004702001324640e-05,3.548819858664541444e-06
-1.125943980861745962e-05,2.741489274547152983e-06
-1.088167314228769190e-05,3.144000554824510752e-06
-1.048608146626348460e-05,3.575002554670332793e-06
-1.048560284010095379e-05,2.710942445974219050e-06
-1.007979450671048087e-05,3.141866463765553397e-06
-9.650929151415189901e-06,3.609666579531852339e-06
-9.650489233253735903e-06,2.671461913545581093e-06
-9.227553938222036932e-06,3.139811135651322005e-06
-8.778820768356071128e-06,3.650420704225109123e-06
-8.778184939591686159e-06,2.624159622809830909e-06
-8.434425849168503803e-06,3.179976201177191677e-06
-8.058160265222867448e-06,3.688593247287913589e-06
-8.058193273883076572e-06,2.580902023687112666e-06
-7.495223078486701644e-06,3.721920862831559742e-06
-7.616378013179654216e-06,3.331479047482738590e-06
-7.496025442779753609e-06,2.553214411242176292e-06
-7.065701743607617427e-06,2.524208403717460199e-06
1.374433411043461993e-06,-5.069610662648918562e-07
1.401798764838478797e-06,-5.725442979390808516e-07
1.401746498894122438e-06,-8.177872337719664398e-07
1.374480618072485190e-06,-8.829141234394670935e-07
-7.069260024261944153e-06,3.745169223650162167e-06
-6.659581157288134234e-06,3.743004161541314350e-06
-6.989018629365991125e-06,2.980769652130750902e-06
-6.669170860344175101e-06,2.458436892716934654e-06
1.309091034122562885e-06,-4.799967226909402639e-07
1.242877763737499207e-06,-7.491563843256081784e-07
1.309353096484016665e-06,-9.103734236046414937e-07
-6.536441463501026722e-06,3.360681396819272848e-06
-6.242415537537473401e-06,3.698256603962830440e-06
-5.817403395304848977e-06,3.595865099621905864e-06
-6.412942233665304818e-06,2.805622706493106022e-06
-6.260920580515947424e-06,2.313010214373854633e-06
8.649858386132669501e-07,-4.745882481428735080e-07
8.639968227572192053e-07,-9.203139698458158252e-07
6.338501254816810662e-07,-6.984132883451844360e-07
-5.390221703006856869e-06,3.447327176531068395e-06
-5.768373424597431670e-06,3.165995717809786661e-06
-5.918797198320710583e-06,2.597075110858684106e-06
-5.861741643393294870e-06,2.087246312110175238e-06
3.837461410048508080e-07,-4.345481557214180283e-07
3.835060019512278168e-07,-9.635774898181293774e-07
9.857704648864821645e-08,-6.996288712503192591e-07
-4.973902340866385481e-06,3.239002341207882797e-06
-4.567190033500224443e-06,2.973099408224040146e-06
-5.376179439442980377e-06,2.498448157556647785e-06
-5.487184324647171341e-06,1.787960608528756624e-06
-2.283752698313435693e-07,-3.460759491458353120e-07
-2.286658100909067158e-07,-1.054085506367201423e-06
-4.668444272994999159e-06,2.534743745639380945e-06
-4.181098042225191302e-06,2.658686010943323572e-06
-4.844257924791392817e-06,2.009130121077310240e-06
-5.152592734556237770e-06,1.410191839644628076e-06
-5.884971557520126972e-07,-7.002499962180982510e-07
-1.016116303237999376e-06,-2.175938272692482329e-07
-1.015509106052900230e-06,-1.183603444002075426e-06
-3.830832213376020464e-06,2.290054960835928757e-06
-3.510379754938549271e-06,1.863639181150461187e-06
-3.230792363770921091e-06,1.397011650800318277e-06
-4.477301983585569537e-06,1.510859530320206148e-06
-4.873732857688457045e-06,9.600737852110926930e-07
-1.359634279218443038e-06,-6.990176465436709089e-07
-1.781005726743203641e-06,-9.045786747275539457e-08
-1.780397287838304630e-06,-1.314515354988048133e-06
-3.760640874250465820e-06,1.404451724947555919e-06
-3.007424103113006981e-06,8.850728675327355961e-07
-2.489291111865298873e-06,1.882012967666801666e-08
-2.705600444497115064e-06,1.233053525146286953e-07
-2.833066408008480219e-06,3.298176660505795948e-07
-4.212831579306050813e-06,8.900938220372176672e-07
-4.669866630967554126e-06,4.523175568064600607e-07
-2.160116063519955630e-06,-6.103099941420725666e-07
-2.459943954508550892e-06,-1.406586263371827182e-06
-3.370579121425499733e-06,5.156331266162680085e-07
-2.704438228640073648e-06,-3.004197620883685880e-07
-2.960118293729041696e-06,5.044534100404233793e-08
-4.007688189221916714e-06,2.915727827646840233e-07
-4.554458170331913103e-06,-9.784467381540187031e-08
-2.691618735558518783e-06,-9.915935761011335656e-07
-2.641427835689785189e-06,-1.512012014084114658e-06
-3.467777731570404555e-06,-4.183509188635467864e-07
-4.530387294352373894e-06,-6.706008656162117548e-07
-4.649879799566136741e-06,-1.262174439478428443e-06
-3.086214612823354406e-06,-1.361942711858142915e-06
-2.740509153939677088e-06,-1.750143991812731500e-06
-2.850358191380917404e-06,-2.430944948611194289e-06
-4.037253201131661360e-06,-1.320933301874560162e-06
-3.041573371133277977e-06,-3.133119519189266854e-06
-4.898301764971742681e-06,-1.872465204771232026e-06
-3.447548289141405551e-06,-2.441214881569143570e-06
-4.373662520102468685e-06,-2.494629970751536642e-06
-3.340397778876155648e-06,-3.821408773920526516e-06
-5.285156891124356537e-06,-2.495605440467202747e-06
-5.010101641920113283e-06,-3.147138650819675188e-06
-4.312308141520088374e-06,-3.572084777495308669e-06
-3.730926144567204290e-06,-4.518423294113288772e-06
-4.240998549139976703e-06,-5.197571660007299849e-06
-5.824780398300926194e-06,-3.092421938444893880e-06
-5.462225966775869839e-06,-3.922242776451909507e-06
-5.026769887257646690e-06,-4.935574372538144186e-06
-4.838682683833749683e-06,-5.849539751399399280e-06
-6.499108113378480848e-06,-3.640007020273314594e-06
-6.303621332579626309e-06,-4.937764856692305404e-06
-5.544727852099650313e-06,-6.435533094675198367e-06
-6.360112012513370840e-06,-6.962476818879705779e-06
-7.255925196735414103e-06,-7.421945923090977133e-06
-7.319092772649218969e-06,-5.226501950681370602e-06
-7.307360710585396014e-06,-4.112159211619649223e-06
-7.110999678941312875e-06,-6.378471145355556311e-06
-8.240304908837509887e-06,-7.768071345498721913e-06
-9.297449383002449839e-06,-8.012929000776360043e-06
-8.160701688353243067e-06,-5.477685706413545742e-06
-8.245316463802333925e-06,-4.454895002983972535e-06
-1.039563114919194557e-05,-8.131812114237107724e-06
-9.145081216571838249e-06,-6.463842609169718864e-06
-9.280499357770517513e-06,-4.645184208923439031e-06
-1.063305738158262249e-05,-6.639707415471176095e-06
-1.166488928213775783e-05,-8.198718388589699421e-06
-1.037802059212933658e-05,-4.684807356223839915e-06
-1.346836091495257068e-05,-8.266092593480741239e-06
-1.201668050118748393e-05,-5.773104509763550218e-06
-1.166181618209800206e-05,-4.617593901946164026e-06
-1.608519258312453296e-05,-8.371111614927869728e-06
-1.476023970971366982e-05,-6.253831534866923388e-06
-1.347078675167625984e-05,-4.528893148824797573e-06
-1.973877326130411882e-05,-8.486587928827275508e-06
-1.787907623153430872e-05,-6.400946685287722519e-06
-1.608645517793381188e-05,-4.425888997207246995e-06
-2.374191671888075962e-05,-8.587256056992831644e-06
-2.170907151503911802e-05,-6.398726605347052358e-06
-1.973955712937831508e-05,-4.311947979216466724e-06
-2.792187463509155141e-05,-8.673793858923467746e-06
-2.580442282691666352e-05,-6.397038178932313192e-06
-2.374245175168220552e-05,-4.208441411493369368e-06
-3.225321899987384979e-05,-8.745682184638824342e-06
-3.006471548592276242e-05,-6.395458610265190348e-06
-2.792237284593578100e-05,-4.118682003491960222e-06
-3.670733034366453176e-05,-8.802568112488889373e-06
-3.446231711490732092e-05,-6.393989157252820331e-06
-3.225370144721518352e-05,-4.043728716812774184e-06
-4.125580735862645668e-05,-8.845527760102659716e-06
-3.896807329592197490e-05,-6.392697921737377106e-06
-3.670773775951871148e-05,-3.984099944009109319e-06
-4.587431930884818985e-05,-8.876567873451112479e-06
-4.355527792635667132e-05,-6.391448712514753788e-06
-4.125620542192742643e-05,-3.938617097007613500e-06
-5.054252390335485360e-05,-8.897571324770146817e-06
-4.820178305065502667e-05,-6.390305415114665699e-06
-4.587470565169603323e-05,-3.905146317113938934e-06
-5.524232144548363825e-05,-8.909892425224489110e-06
-5.288864036878425037e-05,-6.389470153897657590e-06
-5.054278952175481602e-05,-3.882156162267022772e-06
-6.534802620370714417e-05,-8.638142268525129033e-06
-6.467782697332855187e-05,-8.915730175936526124e-06
-5.735327881180005453e-05,-6.388908300920390209e-06
-5.995801705907910208e-05,-8.915005158525680988e-06
-5.524249420493355207e-05,-3.868431016323392895e-06
-6.562563489985511140e-05,-7.967973921412331762e-06
-6.403955793612762495e-05,-6.388316232992598850e-06
-5.995817880197127335e-05,-3.862251818871772009e-06
-6.562565517463943136e-05,-4.808624123970303719e-06
-6.467789539296854128e-05,-3.860935511005334107e-06
-6.534806041646952805e-05,-4.138499933518618715e-06
