Size 192,2
-1.044996944026371473e-04,1.510186948018327297e-05
-1.048979553415170041e-04,1.414023994158435076e-05
-1.048975881624315007e-04,9.607046258542228533e-06
-1.044992797284807794e-04,8.645403738572524880e-06
-1.035381550853141489e-04,1.550020650413669432e-05
-1.017344729704543855e-04,1.187360559767844967e-05
-1.035376811737070751e-04,8.247065921679125325e-06
-9.676754945772758426e-05,1.550137610703047135e-05
-9.676704309000448223e-05,8.246373937072812803e-06
-9.302791100750757922e-05,1.187425596221333551e-05
-8.999210049256659461e-05,1.550465048934739049e-05
-8.999180257609468007e-05,8.244524552857994108e-06
-8.660235910677736360e-05,1.187476285682109356e-05
-8.321104821982151410e-05,1.550616704655202320e-05
-8.321126840914332720e-05,8.244019940726584955e-06
-7.982022573818360308e-05,1.187562700173090586e-05
-7.643149185271854785e-05,1.550237220884060396e-05
-7.643128564225167357e-05,8.249502500484085817e-06
-7.304495456269241343e-05,1.187660445088344073e-05
-6.966632526819552284e-05,1.549062678577458075e-05
-6.966572118920563586e-05,8.263333012515685562e-06
-6.629242114330307354e-05,1.187750275158598303e-05
-6.293337714068170997e-05,1.546827367563174607e-05
-6.293273420568871828e-05,8.287886397405170991e-06
-5.958243193781059859e-05,1.187834269403216727e-05
-5.625434040124898424e-05,1.543269191573225666e-05
-5.625407180081431802e-05,8.325407292720428341e-06
-5.293887608567770446e-05,1.187921306004363158e-05
-4.965647101976910729e-05,1.538090118152197932e-05
-4.965662041138023598e-05,8.378924517033137031e-06
-4.639253591674863348e-05,1.188003562042836808e-05
-4.317311886390492635e-05,1.531065807195366408e-05
-4.317396178771657536e-05,8.450745241667358135e-06
-3.997865812849710280e-05,1.188085686728599936e-05
-3.683963846656950771e-05,1.522091077885317241e-05
-3.684046313620692930e-05,8.541725845050597029e-06
-3.385577770897680130e-05,1.188068814086243136e-05
-3.093447037533381550e-05,1.511553868831306603e-05
-3.093458158333039625e-05,8.651417263708684858e-06
-2.876239214087280644e-05,1.212806147208851915e-05
-2.660620670219958581e-05,1.501776562326913111e-05
-2.660374366813413226e-05,8.752632369270785273e-06
-2.354960122433802629e-05,1.493298002971392202e-05
-2.412045316131362533e-05,1.293270980624667809e-05
-2.354547499750477485e-05,8.816971773776429810e-06
-2.137487086580235258e-05,8.885388279211582082e-06
3.263154645300520999e-06,6.415180837236705105e-07
3.328320788922962662e-06,4.847222619648864230e-07
3.327934442645718774e-06,-9.910217959592850514e-08
3.263105135397835529e-06,-2.536251471910993152e-07
-2.136840550559944543e-05,1.487351862925565541e-05
-1.944112509953068539e-05,1.470979389131592311e-05
-2.091313251435174031e-05,1.113507256098400146e-05
-1.942257403239623355e-05,8.788483138203676947e-06
3.107055967613689676e-06,7.064070664051498695e-07
2.949782557392313737e-06,6.619977181585457799e-08
3.108431057283591784e-06,-3.180692684075017609e-07
-1.881439125650240601e-05,1.287557456442537960e-05
-1.757046713368271094e-05,1.431856055754938597e-05
-1.579464184226328610e-05,1.374290680459857687e-05
-1.823625287807349171e-05,1.039575551099138031e-05
-1.758721465359017999e-05,8.383396087576929341e-06
2.049104811548367204e-06,7.236032944608844228e-07
2.048327132068911316e-06,-3.362802270567302638e-07
1.500621332616396001e-06,1.934925327749799248e-07
-1.413804812141911228e-05,1.296517196163707234e-05
-1.554677829414527737e-05,1.188304594488160988e-05
-1.615552102243637695e-05,9.583495765075914914e-06
-1.590435704042127496e-05,7.696550267655523288e-06
9.068383252949250648e-07,8.206276408436367942e-07
9.068668776943323562e-07,-4.337733241331242904e-07
2.316704316054630791e-07,1.932092391389355188e-07
-1.260205193288851355e-05,1.203364266413269877e-05
-1.122494307239379944e-05,1.096292708426524169e-05
-1.404532839812842026e-05,9.232912328662419552e-06
-1.441689087420739233e-05,6.749391817977476427e-06
-5.424047463001451162e-07,1.030947414196416558e-06
-5.427180121576425924e-07,-6.453290817201426708e-07
-1.157571373100046240e-05,9.341227813354392249e-06
-1.001358103645156805e-05,9.753420018667733921e-06
-1.215534107703574324e-05,7.544378495882819827e-06
-1.315908188539863083e-05,5.607713061710855836e-06
-1.394655233426365775e-06,1.925969925741584359e-07
-2.407117432404651276e-06,1.335035020105167726e-06
-2.405781017310954235e-06,-9.532575798872254083e-07
-8.954190712874533507e-06,8.445680861536505811e-06
-8.089488810403044610e-06,7.081881270876320744e-06
-7.409664878478074969e-06,5.643628344520077343e-06
-1.098159321902432858e-05,5.950826474856450211e-06
-1.215499024898630790e-05,4.325309602084293975e-06
-3.220557572281678651e-06,1.950869455210011688e-07
-4.217703718811507977e-06,1.634358541294894130e-06
-4.218550995359263038e-06,-1.267595214661415575e-06
-8.863262832021913775e-06,5.638543879294514971e-06
-6.896380062284567114e-06,4.171071443461771480e-06
-5.858658320651344533e-06,1.888644735797172538e-06
-6.334594491115243821e-06,2.144600736438500800e-06
-6.585714058494116952e-06,2.668682027425214443e-06
-1.016645469528589953e-05,4.139174846226043158e-06
-1.140881126312709033e-05,2.959294305254787693e-06
-5.114008515340639539e-06,4.058640534773643640e-07
-5.870534217629670618e-06,-1.495853317925541367e-06
-7.904099580516175117e-06,3.131288156270695435e-06
-6.370256948699728751e-06,1.123277476431664017e-06
-6.935024646636995381e-06,1.963315719861904162e-06
-9.586229659218421765e-06,2.537213166761614058e-06
-1.094334536863641327e-05,1.568125416557128240e-06
-6.408432421520113063e-06,-5.213305323738901842e-07
-6.343231296803516331e-06,-1.743423374953604079e-06
-8.211619873957652760e-06,7.762613567359264572e-07
-1.078177289030934868e-05,1.790946521081988619e-07
-1.091498104726157485e-05,-1.187329955009035275e-06
-7.384168143227116340e-06,-1.414503484206638034e-06
-6.618626540983031462e-06,-2.273803538705210901e-06
-6.956036860058596324e-06,-3.736633133326057450e-06
-9.544327522320727257e-06,-1.361239784317099584e-06
-7.463355107006578350e-06,-5.158442118446357697e-06
-1.133883351783580563e-05,-2.569677373311265674e-06
-8.271821940621966671e-06,-3.786168329791210566e-06
-1.021658629497680113e-05,-3.898058922355985779e-06
-8.143890096190246710e-06,-6.517718062919150137e-06
-1.202586439010774018e-05,-3.901135660522766696e-06
-1.145390411935242579e-05,-5.219454881462228294e-06
-1.010184602938394521e-05,-6.046464140814071914e-06
-8.983329073431376872e-06,-7.818780364456507482e-06
-9.993111597467456853e-06,-9.035838286708937911e-06
-1.296800081019926402e-05,-5.133976436349875390e-06
-1.228710882572409860e-05,-6.707184156150688476e-06
-1.148516652051626431e-05,-8.554602559489972856e-06
-1.114301953791814805e-05,-1.015079050099573818e-05
-1.413256540440292286e-05,-6.220926669335841033e-06
-1.378003704146863559e-05,-8.545987209035170161e-06
-1.243631401618215090e-05,-1.113142249182914722e-05
-1.386048942146640361e-05,-1.197309413675642635e-05
-1.538560013996596770e-05,-1.266331288147773080e-05
-1.550894353298086311e-05,-9.047515048293765152e-06
-1.549614155579205017e-05,-7.121054629819419620e-06
-1.516487039419225470e-05,-1.097559187690805422e-05
-1.700371074614652754e-05,-1.317068427308309052e-05
-1.869097206692041518e-05,-1.349813878203367449e-05
-1.689810290181835271e-05,-9.478909782840365221e-06
-1.702918587861615820e-05,-7.782407107597146228e-06
-2.041562366324360732e-05,-1.362951275517077572e-05
-1.848315640175566101e-05,-1.106817128035186529e-05
-1.868270310583887900e-05,-8.177330763589287952e-06
-2.079373714882872532e-05,-1.133302145965057613e-05
-2.234755763028510193e-05,-1.366899002775485908e-05
-2.040453114466146957e-05,-8.297479934537971822e-06
-2.503789429993120874e-05,-1.370974649462255111e-05
-2.289808190025667743e-05,-1.001922496593462078e-05
-2.234466902083539596e-05,-8.260846471446037679e-06
-2.881516811417693841e-05,-1.377395224588468023e-05
-2.692804621710694445e-05,-1.074871367121680511e-05
-2.503825396483457132e-05,-8.212009180722012740e-06
-3.391953299193174319e-05,-1.384655540056234402e-05
-3.134709051563728610e-05,-1.096751834193470082e-05
-2.881497538245719460e-05,-8.154609734881982985e-06
-3.935648481679205289e-05,-1.391085136482066508e-05
-3.661866942754527144e-05,-1.097023508518350939e-05
-3.391885152137883591e-05,-8.090412939084058811e-06
-4.489877640107400923e-05,-1.396561246717961606e-05
-4.211092421479548277e-05,-1.097329025490393836e-05
-3.935572059979485979e-05,-8.032631314276363828e-06
-5.052862100623005620e-05,-1.401061552003626119e-05
-4.770007456348360268e-05,-1.097634320321740664e-05
-4.489782490244184599e-05,-7.984045678109820383e-06
-5.622768323392669896e-05,-1.404629546118750772e-05
-5.336740701119463052e-05,-1.097925962275528014e-05
-5.052759489362662111e-05,-7.945065057754308404e-06
-6.197954961487654344e-05,-1.407315575909201099e-05
-5.909555786625897514e-05,-1.098194470817592008e-05
-5.622666285144677252e-05,-7.914927188642458574e-06
-6.776937265773071812e-05,-1.409201207082297539e-05
-6.486901136397885495e-05,-1.098432358501282272e-05
-6.197881718580048195e-05,-7.893037492914545408e-06
-7.358321428745410401e-05,-1.410371342104418171e-05
-7.067320326729572850e-05,-1.098628139064930136e-05
-6.776899632855913039e-05,-7.878553755490792389e-06
-7.940898436362425902e-05,-1.410961936464245747e-05
-7.649475538752441241e-05,-1.098797046033481738e-05
-7.358298136758586972e-05,-7.870573276435450022e-06
-9.189496029361032120e-05,-1.376929210759016755e-05
-9.106713985519488991e-05,-1.411217948862121257e-05
-8.201977936137899673e-05,-1.098926475168376788e-05
-8.523830851401759568e-05,-1.411163925383643879e-05
-7.940854354014623725e-05,-7.867820610227342255e-06
-9.223785275979716155e-05,-1.294147710419585059e-05
-9.027889509100269253e-05,-1.099017068987475730e-05
-8.523801684474651720e-05,-7.867799830784260072e-06
-9.223775555769886251e-05,-9.038938463511165169e-06
-9.106696744786377544e-05,-7.868146577771567367e-06
-9.189483831778209324e-05,-8.211065600701465868e-06
