Size 192,2
-1.272837847668093240e-04,1.771402991071884003e-05
-1.277927772074451834e-04,1.648528663042238859e-05
-1.277927913957812363e-04,1.069274087345619549e-05
-1.272838063786688428e-04,9.464018955916524145e-06
-1.260549862124245334e-04,1.822298190423065920e-05
-1.237500392442094168e-04,1.358901456886261089e-05
-1.260550258326607973e-04,8.955076456296156775e-06
-1.174024508295702207e-04,1.822202207794370367e-05
-1.174025708011771832e-04,8.956023129357939855e-06
-1.126266172584119610e-04,1.358900986571516806e-05
-1.087538964461069014e-04,1.821664785288916325e-05
-1.087536791372544431e-04,8.961068988096708511e-06
-1.044328139379501532e-04,1.358894372102170620e-05
-1.001196934961549873e-04,1.820390629007908752e-05
-1.001186846667855392e-04,8.973408677000110491e-06
-9.580991200078496758e-05,1.358863323860596005e-05
-9.151629102806446345e-05,1.818013550670876801e-05
-9.151470617310204130e-05,8.996627436360791536e-06
-8.722910277646889589e-05,1.358816678881789077e-05
-8.296820904092776553e-05,1.814118931933266960e-05
-8.296653284157392845e-05,9.034730835770355523e-06
-7.871879493198852176e-05,1.358742622156938641e-05
-7.450601753943584052e-05,1.808458771201001101e-05
-7.450474748718024273e-05,9.089379109264536950e-06
-7.031115748007769602e-05,1.358618302457842851e-05
-6.616420738761857867e-05,1.800835951889648626e-05
-6.616330929144514006e-05,9.162521599892175616e-06
-6.204215131046558111e-05,1.358439744977095782e-05
-5.798081518630339914e-05,1.791045161438362875e-05
-5.798008135894348484e-05,9.256335214266230764e-06
-5.395131915421559388e-05,1.358226800344185012e-05
-4.999630003658506845e-05,1.779027576358501264e-05
-4.999577793439633578e-05,9.372054399839746649e-06
-4.608009036237888789e-05,1.357979665593178646e-05
-4.225163591920689290e-05,1.764698541146235918e-05
-4.225066839112843179e-05,9.510655996673611731e-06
-3.861919267625588147e-05,1.357613972340540915e-05
-3.508345993022568234e-05,1.748357844420292531e-05
-3.508169282709516524e-05,9.674834747950384565e-06
-3.245828795425717941e-05,1.387068278955026411e-05
-2.987301899145220640e-05,1.733271091303168260e-05
-2.986794346151825790e-05,9.826633832926511721e-06
-2.622334021698566293e-05,1.720220180439357174e-05
-2.689560809710716966e-05,1.482627468560354422e-05
-2.621617825895761431e-05,9.923179170603024522e-06
-2.364185494070724814e-05,1.002612187103993406e-05
3.421421453200784684e-06,1.031723428277058201e-06
3.489402559072357859e-06,8.679972050287816661e-07
3.488930584087324592e-06,2.590496374302084445e-07
3.421334017885051397e-06,9.800386831296695410e-08
-2.363259068403521644e-05,1.711086920110149268e-05
-2.136194363552958996e-05,1.689870263786790873e-05
-2.308655810005529792e-05,1.268854561692275602e-05
-2.133180866941373287e-05,9.935057759547169463e-06
3.258481480407759504e-06,1.099569204860884811e-06
3.094665036416935877e-06,4.318210849242657551e-07
3.260119555189481508e-06,3.097513181766352555e-08
-2.061773919625740597e-05,1.473265855908398555e-05
-1.916874895682455448e-05,1.641540788961671677e-05
-1.710271722728060474e-05,1.572499617310623126e-05
-1.993670819460942827e-05,1.182522400594215181e-05
-1.917940795888644707e-05,9.488532492701009971e-06
2.155111682182449778e-06,1.119084936254431331e-06
2.154742574657585932e-06,1.293092500030286659e-08
1.582755503707356538e-06,5.667185159475671238e-07
-1.519247515704179960e-05,1.479820556894973391e-05
-1.680847134344156082e-05,1.355191438085430205e-05
-1.751358900737237935e-05,1.088607382007910542e-05
-1.721916141314693981e-05,8.721660327044384998e-06
9.619768353574536169e-07,1.223591966217704089e-06
9.626840535497419322e-07,-8.809759969855531144e-08
2.560617418049662144e-07,5.687680839549239919e-07
-1.343244166250405243e-05,1.370478986366323762e-05
-1.187349355426829602e-05,1.246281774824827037e-05
-1.507910548150332905e-05,1.048465899750801138e-05
-1.549809547131865558e-05,7.658771698514765515e-06
-5.549026278808941211e-07,1.447859840387608363e-06
-5.543921556746377727e-07,-3.083403261676552809e-07
-1.227164139472444312e-05,1.060315806946237222e-05
-1.051921146311863606e-05,1.106789961793833647e-05
-1.292404917559077290e-05,8.565511776383250147e-06
-1.405204455613991771e-05,6.388188284367193388e-06
-1.447569284304566454e-06,5.709398641001851368e-07
-2.509454415180865876e-06,1.770053800580233575e-06
-2.507014021317145893e-06,-6.289932715415663735e-07
-9.342379569114050883e-06,9.575432595668799022e-06
-8.403042656756274634e-06,8.044028724228036506e-06
-7.683129524234171706e-06,6.439922658087248402e-06
-1.160683462953717022e-05,6.775532659378995324e-06
-1.290343624435817441e-05,4.977581283066771153e-06
-3.361834328541201701e-06,5.763786450319008871e-07
-4.408069820876442342e-06,2.086278971154908658e-06
-4.408484933313304458e-06,-9.571347670539669333e-07
-9.265763128102468487e-06,6.428821651747459193e-06
-7.148244639579641007e-06,4.818287102648814642e-06
-6.117177527877937755e-06,2.353254126961657486e-06
-6.604701255010186896e-06,2.624849307094712766e-06
-6.852486628743490180e-06,3.185854905604964975e-06
-1.069778615218814893e-05,4.774508074874681000e-06
-1.204626517239619336e-05,3.494296244536001261e-06
-5.347213152644350332e-06,8.002734510919086105e-07
-6.154586472078865084e-06,-1.196392335422852328e-06
-8.248284443606148506e-06,3.678810797595562342e-06
-6.653867409482098737e-06,1.548339244727695657e-06
-7.233158865911162465e-06,2.432469624966870251e-06
-1.006155487204942790e-05,3.037673960056658597e-06
-1.150162154437107278e-05,2.006996220305328548e-06
-6.715105331610473003e-06,-1.773926878377520422e-07
-6.664018068172471961e-06,-1.453957379669897023e-06
-8.592604127889212591e-06,1.164886180561442141e-06
-1.129982609899726125e-05,5.398818356978010682e-07
-1.139125467097328638e-05,-8.806555656725485590e-07
-7.749994243202094327e-06,-1.117262781695059636e-06
-6.965594964702578049e-06,-1.997257624788312324e-06
-7.343777897363916344e-06,-3.478794713361917096e-06
-9.982241036553352333e-06,-1.074251748715483770e-06
-7.891836261022545172e-06,-4.889095936487484395e-06
-1.178176947945967413e-05,-2.306408394856345878e-06
-8.689162361788728184e-06,-3.538423987218487656e-06
-1.064546011859015616e-05,-3.649606041207561996e-06
-8.594425583282085248e-06,-6.224446357695851530e-06
-1.242796678854762509e-05,-3.652059165524292790e-06
-1.185458674362012113e-05,-4.959080279281578124e-06
-1.053409730910015397e-05,-5.768372876219591578e-06
-9.444800819553934436e-06,-7.475386621027692997e-06
-1.043784394790191274e-05,-8.625998285188772835e-06
-1.330908031379060724e-05,-4.882019092632516161e-06
-1.265162215493860210e-05,-6.404295614416776002e-06
-1.188308331684115436e-05,-8.165330220069601886e-06
-1.155695137548709557e-05,-9.660588467666189800e-06
-1.439467871616581590e-05,-5.949770988088755060e-06
-1.405904325151857630e-05,-8.150508860002916856e-06
-1.279179698963661986e-05,-1.056212425322820661e-05
-1.412687742747725115e-05,-1.132037574096629492e-05
-1.554196613823024241e-05,-1.192448427128109904e-05
-1.566330926352285042e-05,-8.617895093531377639e-06
-1.565468602216629938e-05,-6.820362855027489179e-06
-1.534724590558992813e-05,-1.039339684588849582e-05
-1.702166834099260058e-05,-1.236265090278001677e-05
-1.854471998712089136e-05,-1.263037737386158518e-05
-1.693594808072112473e-05,-9.018233396046403772e-06
-1.705298666203000036e-05,-7.461993305448002974e-06
-2.009058632927587465e-05,-1.272259187000586264e-05
-1.837236977076794621e-05,-1.045653139399025226e-05
-1.854630537162378883e-05,-7.854021988115077294e-06
-2.043258578367152903e-05,-1.068685567216835483e-05
-2.179559887353340946e-05,-1.272632814824110842e-05
-2.008891542455706148e-05,-7.984677490103522939e-06
-2.414371776471465041e-05,-1.272880552077769537e-05
-2.228983426707772917e-05,-9.529938149106024191e-06
-2.179544891093354922e-05,-7.980646007237434352e-06
-2.737224887257961670e-05,-1.272933577845034223e-05
-2.577496418574161771e-05,-1.016762417694134529e-05
-2.414377548332858619e-05,-7.977381368924123343e-06
-3.162869716406464002e-05,-1.272579287967986453e-05
-2.950176991330628350e-05,-1.035288212476072237e-05
-2.737239185276989573e-05,-7.976731478996090683e-06
-3.605515197352568234e-05,-1.272049332754567435e-05
-3.384364592180964478e-05,-1.035227336978575713e-05
-3.162886788120668235e-05,-7.979366915292752951e-06
-4.047311157164235697e-05,-1.271604812355602299e-05
-3.826547270907842404e-05,-1.035151765400192001e-05
-3.605544171578709543e-05,-7.983313382968927681e-06
-4.488529376920840323e-05,-1.271295406483472842e-05
-4.268004023304780760e-05,-1.035070825287303573e-05
-4.047337610890890661e-05,-7.986219791011074304e-06
-4.929444463833605749e-05,-1.271099507281793043e-05
-4.709032311706840500e-05,-1.034990447640930531e-05
-4.488553203044652135e-05,-7.987646582017045026e-06
-5.370266420997844256e-05,-1.271006673372373798e-05
-5.149870408438167940e-05,-1.034903874291569902e-05
-4.929472371585226059e-05,-7.987947786847738227e-06
-5.811204564595878936e-05,-1.271020060599783557e-05
-5.590714333083926805e-05,-1.034810444235550724e-05
-5.370298637830621781e-05,-7.987061488831101314e-06
-6.252400456536208549e-05,-1.271076339783080847e-05
-6.031768327224790925e-05,-1.034730460717680405e-05
-5.811231021647474999e-05,-7.985177155907082966e-06
-6.693848620707595854e-05,-1.271155529181328811e-05
-6.473094256214946378e-05,-1.034683617871599899e-05
-6.252415515416211438e-05,-7.983309398579642297e-06
-7.639803616290819453e-05,-1.245240176597033462e-05
-7.577080414136210169e-05,-1.271221417483269097e-05
-6.891638529293686686e-05,-1.034674243742188685e-05
-7.135441029555464700e-05,-1.271217647028934604e-05
-6.693850264397317132e-05,-7.981975941537886095e-06
-7.665784358539638331e-05,-1.182516399746699005e-05
-7.517364555557978377e-05,-1.034675812973152966e-05
-7.135439910361785181e-05,-7.981325481809971583e-06
-7.665783599862573475e-05,-8.868354540242992924e-06
-7.577079554007263478e-05,-7.981304195215837763e-06
-7.639802796632329067e-05,-8.241116755202732751e-06
