Size 192,2
-7.607982673175995637e-05,1.119020088722449800e-05
-7.635992281114950845e-05,1.051400631551612151e-05
-7.636034142274724594e-05,7.326577534370957556e-06
-7.608030028057662531e-05,6.650426500397827537e-06
-7.540363843101153087e-05,1.147029811096815551e-05
-7.413574837992658640e-05,8.920380934394114950e-06
-7.540418849203882952e-05,6.370349298994796699e-06
-7.064244907911561538e-05,1.147072353542894983e-05
-7.064315228738160621e-05,6.370173059659042677e-06
-6.801353387425685608e-05,8.920416783252498581e-06
-6.587995220061257221e-05,1.147014455593792258e-05
-6.588064495298886895e-05,6.370677806749073597e-06
-6.349909533316212362e-05,8.920621126683026575e-06
-6.112035754034022758e-05,1.146643103422100588e-05
-6.112071389829219097e-05,6.375154179061106948e-06
-5.874355838502029280e-05,8.920809862671236112e-06
-5.637216901171478140e-05,1.145769488192145408e-05
-5.637312461909849164e-05,6.384565556958805537e-06
-5.400495858038052504e-05,8.921215636136696500e-06
-5.164634664951668819e-05,1.144341840142585655e-05
-5.164749630563662510e-05,6.399432087537693250e-06
-4.929387706455956667e-05,8.921656744337884260e-06
-4.695294887741073390e-05,1.142453524618438955e-05
-4.695408999852112544e-05,6.419164441562013519e-06
-4.461941536258974891e-05,8.922342465796937185e-06
-4.229954468458626236e-05,1.140277520991088025e-05
-4.230043579513923809e-05,6.442388824826378520e-06
-3.998752020027403296e-05,8.923246350512630443e-06
-3.769093720323288727e-05,1.137849407846550506e-05
-3.769136455351229160e-05,6.468395574621243627e-06
-3.540220455551660640e-05,8.924079704615628516e-06
-3.313116584220728852e-05,1.135080206216893213e-05
-3.313104374660442764e-05,6.497758803516627864e-06
-3.086889649901500802e-05,8.924764288513927635e-06
-2.862757569678982611e-05,1.131779227823417880e-05
-2.862694739600442391e-05,6.532417649422584195e-06
-2.648649940260856497e-05,8.924933401809384260e-06
-2.436973787218694182e-05,1.127772829610745182e-05
-2.436893297631505468e-05,6.575077011259584776e-06
-2.278886139871420165e-05,9.106675044800186187e-06
-2.119957184379881634e-05,1.123844147681033942e-05
-2.119832532104166706e-05,6.616154550273901606e-06
-1.893078775154355143e-05,1.120224577695919801e-05
-1.936300549783844221e-05,9.706661005326285203e-06
-1.892887066983203067e-05,6.643662012043600459e-06
-1.730161282059446042e-05,6.673757540342701996e-06
2.780194992363548783e-06,-1.197375292997113011e-07
2.835547320190163472e-06,-2.527005167957078845e-07
2.835307779759449038e-06,-7.486622688341638202e-07
2.780202107990002573e-06,-8.801078931025071771e-07
-1.729887545990368389e-05,1.117586566266700051e-05
-1.584036191293850562e-05,1.106840349778186992e-05
-1.696277091452320186e-05,8.364032274115990002e-06
-1.583301012645974530e-05,6.578931183292400809e-06
2.647782960617298025e-06,-6.486461650842851119e-08
2.514101566841855203e-06,-6.089347239001964083e-07
2.648680440646380509e-06,-9.351796956081486845e-07
-1.537103491051011679e-05,9.685123301192286177e-06
-1.441587709220837162e-05,1.079097201911332955e-05
-1.304988404349892106e-05,1.036486075874359987e-05
-1.493295163487193624e-05,7.797151303833836734e-06
-1.443485782652470279e-05,6.245522881143126604e-06
1.749615332705420765e-06,-5.177139882855001533e-08
1.748388511663861437e-06,-9.527109427991611746e-07
1.282843414094116333e-06,-5.032188280328682789e-07
-1.176220428582061229e-05,9.784156560461546804e-06
-1.286375104055897466e-05,8.942303835081333332e-06
-1.333372628029309919e-05,7.166713299442453158e-06
-1.314144861304605078e-05,5.690741267798621923e-06
7.775831698948696752e-07,2.999801850233784001e-08
7.772555063633019766e-07,-1.037979040523146229e-06
2.023102689254926388e-07,-5.047782983063580174e-07
-1.055916620085789599e-05,9.074719217772640007e-06
-9.466197530211478963e-06,8.247687140149314306e-06
-1.169363546647585194e-05,6.891042994868420177e-06
-1.198842989977635525e-05,4.931461111233315426e-06
-4.569946596406877050e-07,2.081467170891651170e-07
-4.575439263253232332e-07,-1.219374564953806511e-06
-9.743240263563747219e-06,6.979224190648786476e-06
-8.492630213107890000e-06,7.307252716168554800e-06
-1.020467658489683136e-05,5.556411436078796349e-06
-1.100574755460137884e-05,4.009124334273859140e-06
-1.182970735647002282e-06,-5.061882744526749946e-07
-2.044571468701868575e-06,4.655455011721069519e-07
-2.043705735445204926e-06,-1.481226292287725001e-06
-7.635691736254787611e-06,6.277960406832651617e-06
-6.921274892651188019e-06,5.186630653687992925e-06
-6.347343588449693521e-06,4.028350436844238199e-06
-9.264395832253820089e-06,4.281329155109750034e-06
-1.021661496963488775e-05,2.962275005574170031e-06
-2.736909638117721934e-06,-5.045932737579825289e-07
-3.585274664198090302e-06,7.196482926651928805e-07
-3.585561622810096740e-06,-1.747512961944747413e-06
-7.544224315594875390e-06,4.028107663101799783e-06
-5.908312245483708423e-06,2.828102508735193540e-06
-4.988404839085811894e-06,9.359203845058247254e-07
-5.400508671417718546e-06,1.151345502811446537e-06
-5.624216297961519204e-06,1.589108431950780659e-06
-8.607423721394172634e-06,2.808732321082174617e-06
-9.632286720453447424e-06,1.834720624701251213e-06
-4.348090063741680667e-06,-3.257718430653995727e-07
-4.981768061395950178e-06,-1.939050490134743003e-06
-6.735935765584106503e-06,1.977146133476049928e-06
-5.423028486601925961e-06,2.871601611433617956e-07
-5.911525272929956888e-06,9.988693552481408295e-07
-8.132475768247724780e-06,1.484899035596436512e-06
-9.273957596552282823e-06,6.714731479311668744e-07
-5.441453152470741747e-06,-1.108943942841067753e-06
-5.374671056334174413e-06,-2.149591069233745340e-06
-6.982496151692956566e-06,5.838199597314500899e-09
-9.157483998499209632e-06,-5.012334994294521986e-07
-9.301861173523896139e-06,-1.668470873270266721e-06
-6.262360118397893647e-06,-1.864203717696869160e-06
-5.600083998860384456e-06,-2.606959787478436092e-06
-5.869648156636831003e-06,-3.881173914214225037e-06
-8.119357884310956635e-06,-1.808931842307625688e-06
-6.287884430307821967e-06,-5.142471535397051855e-06
-9.697940150075368243e-06,-2.854742670890817300e-06
-7.009287694067630075e-06,-3.917240745167781397e-06
-8.717513440397113203e-06,-4.014224529944401052e-06
-6.870974690678359289e-06,-6.357355990681126427e-06
-1.033390717609785692e-05,-4.015701748026903812e-06
-9.830204556164933761e-06,-5.185297938753584959e-06
-8.612227142709761823e-06,-5.929193477619636652e-06
-7.602517411525291086e-06,-7.542761280900214926e-06
-8.505446931175251126e-06,-8.667468121930035720e-06
-1.121315050466530084e-05,-5.101429895609222204e-06
-1.059336837188413872e-05,-6.527811227546960259e-06
-9.858347933677199707e-06,-8.225928656066086426e-06
-9.543588136911608771e-06,-9.715882150149846331e-06
-1.230552755481837779e-05,-6.070948026030192611e-06
-1.198028047805903227e-05,-8.221442727694904405e-06
-1.073133680724146735e-05,-1.064543221542114842e-05
-1.206217981506505514e-05,-1.145747459808408450e-05
-1.350033863413595504e-05,-1.213864845566090024e-05
-1.361116408276121512e-05,-8.690251536008550796e-06
-1.359619397515783210e-05,-6.885095357144524510e-06
-1.328331707612682206e-05,-1.051829914658384692e-05
-1.504655877578584766e-05,-1.264349604549280895e-05
-1.667539602766256328e-05,-1.297999034294379305e-05
-1.493685716868646063e-05,-9.095272817198067587e-06
-1.506450932222719549e-05,-7.481410938581054156e-06
-1.835040090907738187e-05,-1.312484608546255399e-05
-1.646308263552931743e-05,-1.062222939963614731e-05
-1.666117528924398813e-05,-7.830249980247401854e-06
-1.871628494819779732e-05,-1.088223348903058679e-05
-2.024616373051506946e-05,-1.318211855600990218e-05
-1.833430027217529271e-05,-7.926908324912303178e-06
-2.290276498227024305e-05,-1.323831079617632742e-05
-2.078236025005497146e-05,-9.592736421819896079e-06
-2.024332551022000432e-05,-7.869183577689283236e-06
-2.666510348197644953e-05,-1.332101313656173724e-05
-2.477988078560387666e-05,-1.030671597093465178e-05
-2.290446441308212431e-05,-7.795725718078520879e-06
-3.177885620800229748e-05,-1.340391271864907995e-05
-2.919861570226137896e-05,-1.052052141006241686e-05
-2.666578991877123852e-05,-7.715605245855759660e-06
-3.723674712474594789e-05,-1.346632009690519889e-05
-3.448865525897227093e-05,-1.051938642295376557e-05
-3.177912936257559187e-05,-7.635049083362453043e-06
-4.279286741972647342e-05,-1.351113425749404825e-05
-4.000096642565977094e-05,-1.051881831147999072e-05
-3.723690902134517655e-05,-7.571785318149091746e-06
-4.841775324398130874e-05,-1.354157924579713177e-05
-4.559601041903863313e-05,-1.051831311591421535e-05
-4.279311756528973986e-05,-7.526034988071286182e-06
-5.408791558330177372e-05,-1.356146389272891714e-05
-5.124680495362190938e-05,-1.051787169346757345e-05
-4.841790441185121752e-05,-7.494664482770972900e-06
-5.978712233649973785e-05,-1.357425994953220698e-05
-5.693353435193777075e-05,-1.051755407665302064e-05
-5.408788066964523349e-05,-7.474080815265223499e-06
-6.550509460833114223e-05,-1.358216616995895707e-05
-6.264361091313717900e-05,-1.051732155079746427e-05
-5.978703174350666967e-05,-7.460518051991100039e-06
-7.123340527513685543e-05,-1.358564089807065347e-05
-6.836823285953373187e-05,-1.051724816121700854e-05
-6.550506745145193914e-05,-7.452299043436701194e-06
-7.696425075140736689e-05,-1.358567924011764385e-05
-7.409901980552632893e-05,-1.051707334613299449e-05
-7.123356859580023167e-05,-7.448626747823811401e-06
-8.923123511707375943e-05,-1.324674460438967175e-05
-8.841803592392550237e-05,-1.358360887400657261e-05
-7.953069831258411445e-05,-1.051692556809483428e-05
-8.269259744858162883e-05,-1.358423626979764718e-05
-7.696435558172331712e-05,-7.448409182957161817e-06
-8.956806896966153198e-05,-1.243350587500748510e-05
-8.764396218360393821e-05,-1.051676787314322784e-05
-8.269258365863739891e-05,-7.449432986787971247e-06
-8.956804039883906629e-05,-8.600040110890390713e-06
-8.841800692104818634e-05,-7.449946047381802944e-06
-8.923120507854813747e-05,-7.786807179271494839e-06
