Size 192,2
1.041294832180544461e-05,-6.838301889773689210e-08
1.048799070747114647e-05,1.127419983701089526e-07
1.048790732602602137e-05,9.667995550781675640e-07
1.041285064024035784e-05,1.147950519911985163e-06
1.023178741753406487e-05,-1.434002846056556605e-07
9.891714075766504688e-06,5.397914137628663358e-07
1.023166357748994432e-05,1.222979745747483373e-06
8.955617946132101511e-06,-1.427149909037861213e-07
8.955470353979168801e-06,1.222408199506580684e-06
8.251280563597520755e-06,5.398903157479738505e-07
7.681742784386576365e-06,-1.385386361965586247e-07
7.681631977498871617e-06,1.218740300170905146e-06
7.047586070627975566e-06,5.401838653978987578e-07
6.419389044566731499e-06,-1.285741213289953119e-07
6.419021954284937321e-06,1.209843309006258010e-06
5.794348998323801022e-06,5.407490100649947209e-07
5.180543936770662680e-06,-1.117098384681341396e-07
5.179596269041786091e-06,1.194031829250536540e-06
4.571309201906700055e-06,5.414814715484511246e-07
3.978466816525692377e-06,-8.735246973678133316e-08
3.977371703954558463e-06,1.170864075740325539e-06
3.392340316046688704e-06,5.423591217393550833e-07
2.827117056811724419e-06,-5.471128684101772081e-08
2.826628034684718156e-06,1.139947093505830001e-06
2.272016436494446934e-06,5.432457306371335435e-07
1.742998338576406539e-06,-1.232397305221306934e-08
1.742733172347853039e-06,1.099903386370381723e-06
1.227782385356767388e-06,5.443688916593205438e-07
7.456408616113410517e-07,4.114491813086132535e-08
7.451485161022242660e-07,1.049123564298088653e-06
2.807539973508511214e-07,5.456740062348237530e-07
-1.437485808763559151e-07,1.056227754409268619e-07
-1.443153512259151831e-07,9.873674351028327572e-07
-5.478049016460914922e-07,5.471161347047289737e-07
-9.059071843262915894e-07,1.795876406904956710e-07
-9.065882254558045097e-07,9.157451512708760184e-07
-1.228618497514033856e-06,5.489277537340252336e-07
-1.503685646516066386e-06,2.595057312507742136e-07
-1.504415849526422875e-06,8.352273516490993151e-07
-1.697259180418794248e-06,5.311987163404117349e-07
-1.850273284680257625e-06,3.301822864122878244e-07
-1.852405567793959148e-06,7.637173793109168177e-07
-2.036612727587541244e-06,3.899252723878259991e-07
-2.019327425011160659e-06,4.884849391804248603e-07
-2.039644658551296821e-06,7.191448227030767213e-07
-2.139240031622922260e-06,6.721308979623294263e-07
6.617223233665834004e-07,-4.545857407763201501e-07
6.746169374149162253e-07,-4.853972733598921229e-07
6.746058418440852508e-07,-6.009646486149995230e-07
6.617351852187059173e-07,-6.317256366794453128e-07
-2.143683675892658886e-06,4.312881607977610822e-07
-2.203024092558983787e-06,4.720404871320092941e-07
-2.175786759881901402e-06,5.796490203110932558e-07
-2.218712547413648878e-06,6.287651165629974980e-07
6.309991433378189082e-07,-4.419721086442216581e-07
5.997315202329034009e-07,-5.688695279833841447e-07
6.309803363680666304e-07,-6.447946088691504385e-07
-2.233246791092096697e-06,5.373755284253045492e-07
-2.240075179011483028e-06,5.257558480314787528e-07
-2.244569213762065052e-06,5.656818192020571167e-07
-2.250664862562585009e-06,5.853324130669839801e-07
-2.256188859969187829e-06,5.802437787520108388e-07
4.218312903612016166e-07,-4.402761401128698893e-07
4.210038319788383130e-07,-6.505992157156252885e-07
3.126478944221216427e-07,-5.466423315970149885e-07
-2.216107395582097648e-06,6.085653647745924865e-07
-2.256266807748935393e-06,5.872984651332568265e-07
-2.260257227057993954e-06,5.742548476385308675e-07
-2.264691451444650906e-06,5.185557348978953064e-07
1.946447887017037512e-07,-4.222801760848464399e-07
1.938977429470311133e-07,-6.735710030668174010e-07
5.882355849473089696e-08,-5.492882322412931733e-07
-2.168378709474290613e-06,6.280052619674497829e-07
-2.089907946520379686e-06,6.223306030004567675e-07
-2.226024673402573142e-06,5.612776132029331370e-07
-2.249707317503425563e-06,4.450652818351761095e-07
-9.707416520421943437e-08,-3.806641999053770602e-07
-9.790269278661048162e-08,-7.207701423475511182e-07
-2.107749283834548427e-06,5.740710245784893704e-07
-1.989102574545852976e-06,6.007117510574821797e-07
-2.147054232420228448e-06,4.770913811952378379e-07
-2.218993167669022773e-06,3.370562861520897446e-07
-2.707052792325798889e-07,-5.520361840943402399e-07
-4.772009208866311158e-07,-3.191317257358813500e-07
-4.779337586021377945e-07,-7.879552203053662776e-07
-1.886866414037248508e-06,5.468783881786381498e-07
-1.764297579386027214e-06,4.441799469071190958e-07
-1.634772208142636096e-06,3.161099377475304776e-07
-2.058118832675699312e-06,3.576119460967599110e-07
-2.182971755038881174e-06,1.855889539994023392e-07
-6.443841318178597101e-07,-5.541268719261287561e-07
-8.497083506112951019e-07,-2.575614682225938160e-07
-8.498871437245469619e-07,-8.550635335807216986e-07
-1.833132087331763857e-06,3.257995000874807738e-07
-1.521926175151589005e-06,1.463941463819367453e-07
-1.208703435152873602e-06,-2.035933801108463751e-07
-1.326669702608104578e-06,-1.556176183240741719e-07
-1.405237799179782014e-06,-6.624851618216271149e-08
-1.986016786323225053e-06,1.596844041693281318e-07
-2.162032472420147253e-06,-9.893813632883001146e-09
-1.036006075749570610e-06,-5.135417428406404400e-07
-1.168837685434817954e-06,-9.007283784196104196e-07
-1.654603006677044980e-06,1.672022743081282179e-08
-1.313930861325970955e-06,-3.573605362551552855e-07
-1.452516124036404107e-06,-1.888668208533155778e-07
-1.915024122719345618e-06,-7.402371170232645943e-08
-2.165227091596947054e-06,-2.498489498321187912e-07
-1.285989286126778327e-06,-6.945739911013563629e-07
-1.244094435254057063e-06,-9.545824860682047146e-07
-1.679687792757416397e-06,-3.948022517769067465e-07
-2.187468789048400720e-06,-5.199243684172224653e-07
-2.295812321299236217e-06,-8.226323617928302931e-07
-1.467781379070370708e-06,-8.728510024039695663e-07
-1.279946660743577273e-06,-1.084378538268088274e-06
-1.309752671656160094e-06,-1.470971587353725335e-06
-1.967117675216085343e-06,-8.398857821268912372e-07
-1.387889030007302163e-06,-1.896208499806104492e-06
-2.472598613047556450e-06,-1.145875823695443037e-06
-1.637282835658132180e-06,-1.468401700031856928e-06
-2.174995472432054586e-06,-1.501003688754271132e-06
-1.546246046599947371e-06,-2.324067151000187902e-06
-2.737376796428565997e-06,-1.502443403160017661e-06
-2.576335172250957978e-06,-1.897655420943629560e-06
-2.136873283324270464e-06,-2.163873959521046204e-06
-1.768466465415521006e-06,-2.778971905254157355e-06
-2.085367841128341686e-06,-3.237042249681271074e-06
-3.109394318570173630e-06,-1.858512056360490847e-06
-2.875465596605245664e-06,-2.392771829634637287e-06
-2.590329648008421177e-06,-3.064872950734166656e-06
-2.465875325958522955e-06,-3.689701518560774152e-06
-3.575684354871946852e-06,-2.199662755882726472e-06
-3.446616871894363520e-06,-3.071856871684146511e-06
-2.933851385684632721e-06,-4.101962054206939107e-06
-3.491524639985793527e-06,-4.482130539841651500e-06
-4.113132700753552789e-06,-4.822992684249681979e-06
-4.152042520513061717e-06,-3.271432443783103751e-06
-4.141099575431990917e-06,-2.504923752028794585e-06
-4.006233366393695814e-06,-4.078299571811784323e-06
-4.809947811967944572e-06,-5.082515310222047880e-06
-5.568736774863713069e-06,-5.272907397071174901e-06
-4.746771061034433555e-06,-3.446054672091885529e-06
-4.807743612038673787e-06,-2.725934669573590702e-06
-6.362992379986094889e-06,-5.371759424470053472e-06
-5.451260128598037453e-06,-4.151692884715633164e-06
-5.551220399996879308e-06,-2.843742932411554112e-06
-6.533105245563070700e-06,-4.282812918657269990e-06
-7.293941776108170007e-06,-5.435320923690137096e-06
-6.345602615460910147e-06,-2.861215006717909376e-06
-8.628660519925265444e-06,-5.499602370917366070e-06
-7.548098084272791226e-06,-3.647317712274869058e-06
-7.290267342462189257e-06,-2.799179938849470803e-06
-1.059246886095356929e-05,-5.598881885704975484e-06
-9.592344768631127025e-06,-4.002914130758370245e-06
-8.630244728754846558e-06,-2.717454620503134131e-06
-1.336905750646386346e-05,-5.707164560097393063e-06
-1.195023945399512080e-05,-4.114508474985534890e-06
-1.059297982826068047e-05,-2.623411584076779129e-06
-1.643971540147866063e-05,-5.800595111357398505e-06
-1.487590262870816524e-05,-4.114993859118541678e-06
-1.336892816758735067e-05,-2.521170099123135884e-06
-1.966825716841463773e-05,-5.880982357077492878e-06
-1.802897517599348488e-05,-4.116330241043398357e-06
-1.643925401030814479e-05,-2.430639954903839163e-06
-2.303258180966869260e-05,-5.948442375818057392e-06
-2.132941609337106746e-05,-4.117707889231715719e-06
-1.966781735944504969e-05,-2.353053594367833353e-06
-2.650770242029377327e-05,-6.002301553060035289e-06
-2.475348841638234194e-05,-4.119046892651419294e-06
-2.303214281955852982e-05,-2.288326626968250132e-06
-3.006812354085739851e-05,-6.043094512076086640e-06
-2.827542172805858544e-05,-4.120232438817103137e-06
-2.650731536357300616e-05,-2.237012477241247878e-06
-3.369090805517832978e-05,-6.072539869252976959e-06
-3.187058985555143157e-05,-4.121168847459904794e-06
-3.006782296916299976e-05,-2.198350229691351863e-06
-3.735748366831687908e-05,-6.092935087003604597e-06
-3.551802611046990033e-05,-4.121834375192383992e-06
-3.369069182110080441e-05,-2.170509235589819908e-06
-4.105355947440598671e-05,-6.106146615827783360e-06
-3.920157253501376263e-05,-4.122242119125057747e-06
-3.735736561924761387e-05,-2.151172213708981975e-06
-4.901576918156070017e-05,-5.896117689277144389e-06
-4.848755716102383855e-05,-6.114864306785669229e-06
-4.271517342383994540e-05,-4.122538651432656428e-06
-4.476730962399447326e-05,-6.113170557628023264e-06
-4.105346412770385478e-05,-2.138655192712560157e-06
-4.923456769100968938e-05,-5.367974746744700119e-06
-4.798428410179249299e-05,-4.122888980556248436e-06
-4.476721233907162567e-05,-2.132233322303172212e-06
-4.923455776491404516e-05,-2.877822874150231425e-06
-4.848751811561553387e-05,-2.130891954479726889e-06
-4.901575092739717925e-05,-2.349652889423628518e-06
