Size 192,2
6.898896632876285514e-05,-8.207746175699910624e-06
6.928480492354902010e-05,-7.493740079172703396e-06
6.928488847421459239e-05,-4.127407769852714194e-06
6.898905979831786769e-05,-3.413399919743871140e-06
6.827480256561147952e-05,-8.503463598630126729e-06
6.693494994412433176e-05,-5.810578999925155276e-06
6.827490664955965910e-05,-3.117680247819817194e-06
6.324591177564024044e-05,-8.501169520722197650e-06
6.324602034348266008e-05,-3.119739378945519032e-06
6.047180550452547105e-05,-5.810258588405272445e-06
5.822551143036433882e-05,-8.491869702905462507e-06
5.822537795149469188e-05,-3.128033238841860149e-06
5.572162047819745123e-05,-5.809699898931632788e-06
5.322851792101868009e-05,-8.474204156218149465e-06
5.322802595687435128e-05,-3.144349026013355039e-06
5.074118768681102650e-05,-5.808977433449969709e-06
4.827062911313348561e-05,-8.447407954663855778e-06
4.826991003003647691e-05,-3.169647610366169189e-06
4.580870383055660693e-05,-5.808143344874188005e-06
4.336995289175617354e-05,-8.410366842516505209e-06
4.336933300813238559e-05,-3.205121621893016249e-06
4.094339437820955740e-05,-5.807372933761282343e-06
3.854720520392788767e-05,-8.361809643994229981e-06
3.854670372436003488e-05,-3.252265733766284739e-06
3.616714892159647089e-05,-5.806721472028881062e-06
3.382472494790097865e-05,-8.301466738843628186e-06
3.382441692079078536e-05,-3.311573931423863511e-06
3.150253006542699401e-05,-5.806311747973833933e-06
2.922482915747415963e-05,-8.229712572319179410e-06
2.922467111367929463e-05,-3.383024265650690585e-06
2.697117490477672733e-05,-5.806324288429049940e-06
2.476929655181825759e-05,-8.145834650167789727e-06
2.476923344853826419e-05,-3.467127744114926350e-06
2.259501199225601059e-05,-5.806495880242983787e-06
2.048130268330038625e-05,-8.047078845255422596e-06
2.048096199007889821e-05,-3.566726732732102084e-06
1.848212581733235581e-05,-5.806048408913107687e-06
1.655152392927595204e-05,-7.932225843562937977e-06
1.655060885879283314e-05,-3.686737413398411982e-06
1.512268000617532795e-05,-5.965933383148099895e-06
1.373338640117693988e-05,-7.822641307559684951e-06
1.373035551673405894e-05,-3.800763757167357006e-06
1.178890926118713196e-05,-7.724827746188614534e-06
1.213761386017219284e-05,-6.472882123983155326e-06
1.178389577101612662e-05,-3.874981791917644869e-06
1.043030793408626532e-05,-3.954920945928638736e-06
-1.286326635247281555e-06,-1.975355856044674401e-07
-1.311827013911811412e-06,-1.362136717595312168e-07
-1.311694351990025260e-06,9.225318239258401896e-08
-1.286317510743007203e-06,1.527506715472874029e-07
1.042260848654910905e-05,-7.655306987362077190e-06
9.246060922975297234e-06,-7.524663786605724971e-06
1.012925303290118846e-05,-5.346782469585940157e-06
9.221477872213290435e-06,-3.936225811946720501e-06
-1.225265019853259059e-06,-2.228980394405156020e-07
-1.163673789008990484e-06,2.761185727104630806e-08
-1.225765222261351833e-06,1.780007129200784690e-07
8.854008488517147216e-06,-6.398228921353163806e-06
8.122597020362528987e-06,-7.249439669963423963e-06
7.083227654495448152e-06,-6.878418864658464675e-06
8.501121107894921044e-06,-4.911191276922340737e-06
8.117386680952709999e-06,-3.743570950116022664e-06
-8.112146701385762006e-07,-2.292193868731008692e-07
-8.107917022299176731e-07,1.852328699211102960e-07
-5.967139245711580695e-07,-2.168971125285071166e-08
6.143616090551473991e-06,-6.386682410459470183e-06
6.928117385481737772e-06,-5.775542940621872457e-06
7.278962833071229818e-06,-4.448084850361459155e-06
7.128005453480052922e-06,-3.399504847361503207e-06
-3.650966866198467491e-07,-2.657521359188104361e-07
-3.649349921977691461e-07,2.229555714349101060e-07
-1.023396606061193064e-07,-2.112550012327642023e-08
5.291641484610503660e-06,-5.826132438741436038e-06
4.560791595254770280e-06,-5.207449637138243255e-06
6.079744162472660797e-06,-4.255588414791940306e-06
6.273979500774378857e-06,-2.914988921939469211e-06
1.985075461779134876e-07,-3.468094379005390548e-07
1.986286377947423524e-07,3.049490389322706589e-07
4.748655242374510547e-06,-4.306819971808822148e-06
3.947404153629669708e-06,-4.522461325132179175e-06
5.049911216804280393e-06,-3.348848382105034607e-06
5.568394923227389620e-06,-2.349196204635319696e-06
5.293708171781152335e-07,-2.091883212440538295e-08
9.228987384261735765e-07,-4.655614143917953961e-07
9.220678827422823850e-07,4.249783082606468488e-07
3.423945404438516483e-06,-3.809582978783060149e-06
3.033030961438015547e-06,-3.109335659772336815e-06
2.756625398892835847e-06,-2.389275794097376821e-06
4.447254421003191950e-06,-2.530105558680069382e-06
5.015651105783081200e-06,-1.741624365076041700e-06
1.238940731448060901e-06,-2.255932175458248087e-08
1.627095103415690077e-06,-5.828470870481839746e-07
1.628008857465496446e-06,5.489576958808564717e-07
3.420383793996473992e-06,-2.377332962046519067e-06
2.561969078459832642e-06,-1.687906269927751954e-06
2.248353632716602876e-06,-6.813969241749261861e-07
2.416029805328330137e-06,-7.862033987362273035e-07
2.489319392063489855e-06,-1.008967705893009103e-06
4.038437083406326896e-06,-1.657047059865695734e-06
4.599551337616340932e-06,-1.126426984582452651e-06
1.975193460652210868e-06,-1.061653340769052897e-07
2.292881194112015732e-06,6.420680450101762343e-07
3.026578299240953885e-06,-1.201804357566844934e-06
2.448692437610202050e-06,-3.784956433780327948e-07
2.649104552753165358e-06,-7.115105963492445895e-07
3.765754335038044971e-06,-9.397332480580738373e-07
4.324792756102157317e-06,-5.378518499185036806e-07
2.497131407113117322e-06,2.664419229176619751e-07
2.498512327898814845e-06,7.371514001936870034e-07
3.182406167286949609e-06,-2.106325420690615977e-07
4.209585709346335721e-06,2.161277566129065652e-08
4.185788234760289258e-06,5.372524165133558576e-07
2.897469733231981574e-06,6.221714052332721125e-07
2.626055727974787706e-06,9.264399210631882417e-07
2.795684259233863198e-06,1.420310207695820467e-06
3.692445858721270276e-06,6.227749656397388075e-07
3.019672684007304900e-06,1.852820734382168884e-06
4.267453463474580354e-06,1.043314532615376654e-06
3.258154759580635467e-06,1.451993601955898499e-06
3.890495415580475332e-06,1.487326390354602031e-06
3.269643512153885851e-06,2.246083064153226517e-06
4.419840043536085572e-06,1.488083002287166992e-06
4.236608638655085553e-06,1.888212147992454420e-06
3.859645377926347452e-06,2.121409547751903246e-06
3.552358107856010904e-06,2.578725720905021772e-06
3.845087084916772544e-06,2.858551931452434020e-06
4.619795208810146982e-06,1.875555246392359592e-06
4.442060445613412558e-06,2.292853564825912821e-06
4.242150985067420631e-06,2.739558253173273789e-06
4.159510709931786573e-06,3.082767551375740930e-06
4.860244884683333075e-06,2.191243969827777371e-06
4.775992400176121924e-06,2.728130453439259865e-06
4.474597404938221773e-06,3.266291731911273342e-06
4.780635415894899470e-06,3.398295251938075398e-06
5.084512693903491472e-06,3.478075019832701478e-06
5.119978040820358254e-06,2.833232002262282987e-06
5.122827791737564965e-06,2.430899085162272725e-06
5.056978580363006816e-06,3.197019530745505843e-06
5.370607111284376008e-06,3.527995295646354661e-06
5.637335073783356261e-06,3.537795792903528579e-06
5.369098597583546271e-06,2.920765625377512612e-06
5.387711903031539036e-06,2.610537661299964821e-06
5.891603570320277221e-06,3.519922571470416892e-06
5.627938791020713070e-06,3.181302886022738625e-06
5.649319353897373453e-06,2.732046769525552169e-06
5.951077895753027156e-06,3.211906313491188939e-06
6.136092961776928884e-06,3.481823673583011575e-06
5.901660000660060086e-06,2.787278493137620190e-06
6.439056815089567430e-06,3.443952739954450868e-06
6.216296564801598015e-06,3.048299564223068462e-06
6.137543630086126500e-06,2.826414382284665780e-06
6.776900438362226409e-06,3.386690365649851513e-06
6.626277197179736749e-06,3.137336521512855831e-06
6.437310987698356976e-06,2.877373079969577904e-06
7.115683912531959129e-06,3.328038249732007874e-06
6.963006119267657265e-06,3.159812201261950352e-06
6.775771844403301532e-06,2.934734808351405693e-06
7.373934241225285188e-06,3.283459237071283997e-06
7.258727138985385227e-06,3.161853493138554604e-06
7.114895735896977971e-06,2.994242566610809111e-06
7.560012030447846915e-06,3.253115643590312005e-06
7.476595881199288543e-06,3.163323237801363653e-06
7.373317537288123098e-06,3.041705626727267894e-06
7.700969594234507073e-06,3.236495258520797579e-06
7.635666282688879919e-06,3.164539516475375355e-06
7.559525173222047936e-06,3.074613412637982374e-06
7.821933014109201318e-06,3.230887597657220129e-06
7.763062732339032736e-06,3.165483239810194522e-06
7.700774342893705650e-06,3.093503543650716910e-06
7.940671931315882286e-06,3.231939745418002708e-06
7.880821234111649688e-06,3.166059008239546017e-06
7.821974426536943513e-06,3.100722548056998825e-06
8.065214893512471036e-06,3.235279207878091771e-06
8.001730166885811312e-06,3.166358187361335705e-06
7.940715631537719071e-06,3.100731167696126296e-06
8.196969862450168134e-06,3.238758087648369331e-06
8.129820396800149193e-06,3.166541859030513513e-06
8.065025187604258760e-06,3.097758265607965441e-06
8.334735092561392934e-06,3.241301600715566314e-06
8.264949270399816976e-06,3.166580205801914016e-06
8.196747158452258824e-06,3.094357404463012808e-06
8.640228029298241798e-06,3.234459099503089376e-06
8.619891468629625226e-06,3.242871984837315280e-06
8.397904737055416518e-06,3.166445730305774186e-06
8.476572991859117822e-06,3.242664272488917461e-06
8.334778271936588756e-06,3.091580441188341017e-06
8.648655247724921989e-06,3.214141189655050474e-06
8.600511415713543600e-06,3.166245063415540763e-06
8.476701925153610885e-06,3.090085262004055987e-06
8.648735838863402358e-06,3.118293888475262697e-06
8.619999201625135318e-06,3.089586255001502465e-06
8.640319475291641612e-06,3.097990162470281078e-06
