Size 192,2
3.938237270862766980e-05,-4.602635060114456498e-06
3.956715714698779432e-05,-4.156530511960832847e-06
3.956708569412410828e-05,-2.053390257291583282e-06
3.938229154922749908e-05,-1.607271397505496508e-06
3.893626087090726795e-05,-4.787415701863612128e-06
3.809929378147806266e-05,-3.104922501287698875e-06
3.893616453526276211e-05,-1.422481568594370841e-06
3.579457386940364027e-05,-4.786941782022706426e-06
3.579437993242316529e-05,-1.422565470052525404e-06
3.405997237653453005e-05,-3.104558093001721401e-06
3.265363024562101209e-05,-4.783865288010805945e-06
3.265320686597710756e-05,-1.424805469053972873e-06
3.108481549097278024e-05,-3.103930562178324313e-06
2.952068112272672720e-05,-4.774760147545509512e-06
2.951996490768715392e-05,-1.432295117698758562e-06
2.795972663785847308e-05,-3.102971283105103971e-06
2.640937813167781897e-05,-4.756472049746614487e-06
2.640853849631123756e-05,-1.448265185243065198e-06
2.486551559699294668e-05,-3.101765886335547251e-06
2.333977703329809180e-05,-4.726621415647007870e-06
2.333880120808234452e-05,-1.475484348176248363e-06
2.182408793542370954e-05,-3.100359766098747049e-06
2.033432184447904150e-05,-4.684460610887064409e-06
2.033326320233528605e-05,-1.514504507829130489e-06
1.885821153369328327e-05,-3.098631994864328600e-06
1.741576934083956840e-05,-4.629868514174796527e-06
1.741465636493145757e-05,-1.565293392899069389e-06
1.599051576016743135e-05,-3.096512298036002133e-06
1.460692132897988005e-05,-4.562572378288267880e-06
1.460588049820077347e-05,-1.628145918473428572e-06
1.324424878347773824e-05,-3.094116342254243226e-06
1.193151018609242519e-05,-4.482434660614566032e-06
1.193005082628151527e-05,-1.703058798213604013e-06
1.064259603325917840e-05,-3.091288326320112972e-06
9.411281155736940195e-06,-4.389555925710205331e-06
9.409306887441481993e-06,-1.790586837016034819e-06
8.254358429949660290e-06,-3.087623304600590965e-06
7.159640980200228452e-06,-4.285617573518363200e-06
7.157368794173885229e-06,-1.892232107149087504e-06
6.353891804548226591e-06,-3.173239125352484192e-06
5.591159125346781001e-06,-4.190860444799408576e-06
5.587343885111150747e-06,-1.985242459506181417e-06
4.537696129980578301e-06,-4.109329706042186221e-06
4.717727911027844387e-06,-3.442439449038425351e-06
4.532830856126006474e-06,-2.043913624313907346e-06
3.815644631646475190e-06,-2.106513373593506868e-06
-2.124551798760206842e-07,-8.596174801125289439e-07
-2.161938444282764018e-07,-8.503066387784831820e-07
-2.160499807219048588e-07,-8.170252955680711530e-07
-2.123995997450586481e-07,-8.084801742996547861e-07
3.810330263960484913e-06,-4.052343883910648707e-06
3.200959519169359731e-06,-3.966003936256014545e-06
3.648988513538371037e-06,-2.839219629228871915e-06
3.179955505108470934e-06,-2.118500122494616780e-06
-2.032811862001661330e-07,-8.636661885551379222e-07
-1.946804028658854350e-07,-8.273027256959073818e-07
-2.037974814436010339e-07,-8.052415758423399333e-07
2.992261582310819907e-06,-3.377512360934361413e-06
2.629211592072814632e-06,-3.801906702207134214e-06
2.115541837318282738e-06,-3.597606656395990952e-06
2.809253000508997890e-06,-2.620331147902870356e-06
2.617170947618015855e-06,-2.047496010550465552e-06
-1.429541624695698166e-07,-8.676580134923828136e-07
-1.438608659307998010e-07,-8.067813235937077963e-07
-1.119616538814811342e-07,-8.389477362743192146e-07
1.668443666281139540e-06,-3.332232866782095214e-06
2.032880802707290802e-06,-3.043236166469593842e-06
2.202767431827037910e-06,-2.396688761709789107e-06
2.125607435826987489e-06,-1.909346699283533027e-06
-7.665411586143107763e-08,-8.782164261921570382e-07
-7.782603969280560584e-08,-8.035860476408446056e-07
-3.693864866709440743e-08,-8.429531346240647066e-07
1.274510604631604056e-06,-3.044837755731580135e-06
9.568990905492368955e-07,-2.741954094742914268e-06
1.630697601187734255e-06,-2.307262991765579320e-06
1.712590120943625061e-06,-1.708998145735313336e-06
1.087964511648619087e-08,-8.971662910065569598e-07
9.669434437805394817e-09,-7.930759554859072226e-07
1.039504335326704326e-06,-2.323844443351512802e-06
7.105294616002193526e-07,-2.414990456325794561e-06
1.165632401067082485e-06,-1.904248167658931748e-06
1.380544489320385849e-06,-1.488141707579188617e-06
6.322996451098433120e-08,-8.472637363316501167e-07
1.284507665547800194e-07,-9.232688980267812306e-07
1.266204179238770555e-07,-7.754413380268797935e-07
5.095821128154072509e-07,-2.091332974507679535e-06
3.864518027125280277e-07,-1.801734513394736822e-06
3.255628027278633638e-07,-1.517359163295685925e-06
9.174247778079717941e-07,-1.564780881481115806e-06
1.126320405875894460e-06,-1.272409533010523587e-06
1.796776457747129684e-07,-8.520010242561345723e-07
2.457227426019150059e-07,-9.485298497046734621e-07
2.449878880585729508e-07,-7.549480426631605819e-07
5.389427987629275179e-07,-1.505906333280501368e-06
2.961611083992812419e-07,-1.266311992981808318e-06
3.328874400341524640e-07,-9.690300587651775239e-07
3.437505236313926879e-07,-9.937819608026739493e-07
3.317682052575563148e-07,-1.052552801706182890e-06
7.557022307975823830e-07,-1.244264354155188471e-06
9.302073857810235701e-07,-1.080082817536941883e-06
3.027557790984994832e-07,-8.709807268212350444e-07
3.795041314556417666e-07,-7.363596153888507938e-07
4.493461219409206148e-07,-1.099873641307745110e-06
3.679773590284029127e-07,-9.126127511224652320e-07
3.833889640479564590e-07,-9.774315128404562827e-07
6.614768802803704757e-07,-1.024174554248306538e-06
7.893546728161150977e-07,-9.294564639785050538e-07
4.094629544739760101e-07,-7.970716773454395425e-07
4.358612913148007059e-07,-7.218597112986488788e-07
5.119415407596183445e-07,-8.525233872774619648e-07
7.170002978841392308e-07,-8.138064057247240250e-07
6.384255754335750120e-07,-7.418175149812851710e-07
4.984364834310856219e-07,-7.291967183815286244e-07
4.774792935175901110e-07,-7.068802394998638488e-07
5.430496594671863849e-07,-6.967936093781102635e-07
5.920071922506728860e-07,-7.095017846728966913e-07
6.057635121276608623e-07,-7.387643223526104857e-07
5.720589812810027151e-07,-6.880919279727255078e-07
5.744485223472909174e-07,-6.800668709273161618e-07
5.643336927780604015e-07,-6.834944611773024424e-07
6.325827402996300209e-07,-8.015929674077744550e-07
4.895413073783111239e-07,-6.850129164739395581e-07
4.954721194459167226e-07,-7.253230585583515866e-07
5.705362062031736907e-07,-7.684645089820442102e-07
6.376644113515002703e-07,-9.078162849748920467e-07
5.921541067411908704e-07,-1.040498605593939028e-06
3.689468981756669592e-07,-7.098897415981180480e-07
4.193175285917002170e-07,-8.219099892246625114e-07
4.882033247150820802e-07,-9.980274505651518819e-07
5.205340855848690618e-07,-1.194155202809355499e-06
2.148418297727198888e-07,-7.605609473918848453e-07
2.483540929943081452e-07,-1.008804213251192190e-06
3.993859100864434360e-07,-1.343219666545868569e-06
2.243323668612670754e-07,-1.496704926807719690e-06
1.339147139680755961e-08,-1.650296387848331472e-06
8.180893697477214736e-09,-1.074760097198617849e-06
1.615782148509221269e-08,-8.259662055560218892e-07
6.050385446319305541e-08,-1.361813808074865152e-06
-2.467022389575101551e-07,-1.771791770420882969e-06
-5.481845735476759869e-07,-1.872063653891559152e-06
-2.118232760982241100e-07,-1.134270050992203887e-06
-2.367048845059432387e-07,-8.717161088275167159e-07
-8.741518490042551358e-07,-1.934059351544033456e-06
-4.878184500275801593e-07,-1.410695023048622812e-06
-5.325498730399992814e-07,-8.864041969736670964e-07
-9.414398085148269262e-07,-1.470616874096042484e-06
-1.278231140569424660e-06,-1.985366577760317387e-06
-8.595719682249793149e-07,-8.742815440386727783e-07
-1.876911895228960028e-06,-2.037447480066241405e-06
-1.382378675768748183e-06,-1.194609500510539064e-06
-1.274696651256670121e-06,-8.257463852444605989e-07
-2.802088422265707843e-06,-2.118100412832738743e-06
-2.321403761296623215e-06,-1.353241668858816633e-06
-1.877501020578859475e-06,-7.620912335269821201e-07
-4.170962591695928089e-06,-2.207433523931066221e-06
-3.461653652378756967e-06,-1.407115824242573145e-06
-2.801986777081168858e-06,-6.889062485830093773e-07
-5.741930635677058303e-06,-2.286385317831105585e-06
-4.932645186312836599e-06,-1.409248936556902618e-06
-4.170381050227626124e-06,-6.082007375396829991e-07
-7.446235925044435077e-06,-2.356771642664145697e-06
-6.572267058895542832e-06,-1.411733299767398250e-06
-5.741143695706188070e-06,-5.346895062531618295e-07
-9.270330433209844536e-06,-2.418476035567062940e-06
-8.339077115161981090e-06,-1.414109534802442173e-06
-7.445356553379343867e-06,-4.691203318801884548e-07
-1.119709490645521569e-05,-2.470161191455051527e-06
-1.021773023619330182e-05,-1.416190993864655818e-06
-9.269583973615213091e-06,-4.118680782998836084e-07
-1.320647235878737260e-05,-2.511034073149124820e-06
-1.218925730627873932e-05,-1.418037805353267839e-06
-1.119639567500948142e-05,-3.642188434486286183e-07
-1.527945184459600394e-05,-2.542349971645582147e-06
-1.423340219265615013e-05,-1.419509193823938085e-06
-1.320592200417821556e-05,-3.266653024686093885e-07
-1.740080812689791544e-05,-2.565873930700750729e-06
-1.633284880316775893e-05,-1.420600149650530634e-06
-1.527897110233598425e-05,-2.978945828150076117e-07
-1.955740757201059139e-05,-2.581908977720319423e-06
-1.847417989980261127e-05,-1.421400788730608013e-06
-1.740043537458384041e-05,-2.761165012429996441e-07
-2.423251604702188135e-05,-2.463944998860869864e-06
-2.392220601517639690e-05,-2.592426701253669564e-06
-2.053075382637879230e-05,-1.421918178091792509e-06
-2.173573949093385128e-05,-2.590419737728589078e-06
-1.955708473789525827e-05,-2.613998599359933927e-07
-2.436105638560809265e-05,-2.153714666210268165e-06
-2.362626597172105095e-05,-1.422212066510844358e-06
-2.173563077640555910e-05,-2.536903581547109042e-07
-2.436100387278287174e-05,-6.907469865286001090e-07
-2.392212764317345165e-05,-2.520074978406495656e-07
-2.423245421844341351e-05,-3.804993096542070952e-07
