Size 192,2
-1.399243364431089519e-04,1.961335835975587139e-05
-1.404854256857904172e-04,1.825890295638624356e-05
-1.404858153494979679e-04,1.187378372421392026e-05
-1.399247736596201299e-04,1.051932623767763187e-05
-1.385697968109510497e-04,2.017437824609895250e-05
-1.360293677145586939e-04,1.506638098932493522e-05
-1.385702875782316237e-04,9.958298936174705171e-06
-1.290324483840477260e-04,2.017310187353398688e-05
-1.290328975452926532e-04,9.958872469328696676e-06
-1.237683666779222224e-04,1.506541960403328095e-05
-1.194990416350941647e-04,2.016726404790369494e-05
-1.194994092634194617e-04,9.962610318540974182e-06
-1.147354270352476767e-04,1.506451821515485969e-05
-1.099776006833042794e-04,2.015580183869638506e-05
-1.099775165446876732e-04,9.971873562264291856e-06
-1.052231354690805659e-04,1.506307766280464520e-05
-1.004803239803277274e-04,2.013481551090143411e-05
-1.004803557782502852e-04,9.989943166974905219e-06
-9.574444376137195164e-05,1.506152229740111120e-05
-9.102986427595024469e-05,2.009792244529082738e-05
-9.102990568870244624e-05,1.002342001261373783e-05
-8.632793459907817058e-05,1.505969734166041675e-05
-8.166099861300585934e-05,2.003909880650410174e-05
-8.166126164235158627e-05,1.007829778702282949e-05
-7.701484005232950172e-05,1.505779463315958987e-05
-7.242101815942208955e-05,1.995353508698835622e-05
-7.242107984809413666e-05,1.015956571585112786e-05
-6.785669240523695557e-05,1.505567901662972306e-05
-6.336375161666142977e-05,1.983890664732563841e-05
-6.336317244237943673e-05,1.026962756365533164e-05
-5.890854810091891871e-05,1.505344066784497209e-05
-5.454303131069649708e-05,1.969652467851435584e-05
-5.454158270671856205e-05,1.040774397420388164e-05
-5.022274668246894878e-05,1.505100588995938007e-05
-4.600748654348022317e-05,1.952810138188598640e-05
-4.600535304902439313e-05,1.057235517360445172e-05
-4.201059896414477467e-05,1.504733143718202772e-05
-3.812749870911203440e-05,1.933810402967327651e-05
-3.812479815250788148e-05,1.076439540329937889e-05
-3.524577820121427621e-05,1.537049811167958224e-05
-3.241305221708403280e-05,1.916484526059010599e-05
-3.240720786860561213e-05,1.093880270012706282e-05
-2.841669288253943673e-05,1.901651245099500454e-05
-2.915123764515654669e-05,1.641651578527969393e-05
-2.840889482773388289e-05,1.104856850049333407e-05
-2.559279766411210819e-05,1.116476002739139293e-05
3.676476572415636111e-06,1.470771529692542947e-06
3.750344682577949209e-06,1.292774335735727422e-06
3.749793494652339868e-06,6.310519643405937548e-07
3.676352797979643416e-06,4.561547142420735647e-07
-2.558217285003922358e-05,1.891315866855889608e-05
-2.310057632064174522e-05,1.867822253936903264e-05
-2.498405577209397436e-05,1.407677363428406131e-05
-2.306640264418360857e-05,1.106881679124435232e-05
3.499320278088854788e-06,1.544604652579992193e-06
3.321215942454273173e-06,8.192185303926148200e-07
3.501223626077066848e-06,3.835527486588185529e-07
-2.228630251954216536e-05,1.631003457570423279e-05
-2.070521155524030502e-05,1.814648082977036338e-05
-1.845108586211618751e-05,1.738979515719837177e-05
-2.154186677416888092e-05,1.313434424690304932e-05
-2.071512414284569950e-05,1.058550164568567704e-05
2.300168565729694974e-06,1.566243994396867822e-06
2.300308478448779940e-06,3.662326839344114990e-07
1.679543712595438257e-06,9.677821250295285547e-07
-1.636976830570886754e-05,1.637495985418281277e-05
-1.812898697130400420e-05,1.501748839879073347e-05
-1.889753962158425914e-05,1.211045927740595654e-05
-1.857566744175028975e-05,9.754013624934793601e-06
1.007464105523035233e-06,1.677854249623718230e-06
1.008570689883437413e-06,2.612356486365578241e-07
2.458576169675767871e-07,9.712765583589528768e-07
-1.445386294723992649e-05,1.518017331890692234e-05
-1.275986713562301678e-05,1.382527626779755775e-05
-1.624445195539485072e-05,1.167330201462919344e-05
-1.669872452001529392e-05,8.600762142339719488e-06
-6.273365634933362125e-07,1.916724277886033815e-06
-6.264091176323777340e-07,2.929266009519343759e-08
-1.319234873923542494e-05,1.180064930977041392e-05
-1.129199695989925775e-05,1.230492195000409363e-05
-1.389977943822215943e-05,9.586583277432811861e-06
-1.512287044477959263e-05,7.224395227652592692e-06
-1.585932725341060515e-06,9.749252111621723467e-07
-2.724496716713171536e-06,2.259980464891407131e-06
-2.721432686938535468e-06,-3.096168333111858117e-07
-1.001806229030551384e-05,1.068088151454534030e-05
-9.005928736657543721e-06,9.019560726619576702e-06
-8.235074471137505186e-06,7.281984182823419699e-06
-1.247083853795026893e-05,7.644474368512251238e-06
-1.387199707429038036e-05,5.700564806964845618e-06
-3.637391533131602865e-06,9.819621340148427155e-07
-4.756387166391821486e-06,2.596555085008435882e-06
-4.756451804851389434e-06,-6.570074378122075038e-07
-9.940138384903586191e-06,7.268777079122099106e-06
-7.664640289077070037e-06,5.530167758821635664e-06
-6.579101479904854171e-06,2.880230307715620767e-06
-7.096446087799338574e-06,3.170688503256021102e-06
-7.356785701139942685e-06,3.772449226185369064e-06
-1.148575472596121403e-05,5.481226727417568820e-06
-1.293720311437111188e-05,4.103072565400821973e-06
-5.760013197714480155e-06,1.222269774007728937e-06
-6.625825490896519237e-06,-9.107284695269210463e-07
-8.850324235479483883e-06,4.300786869260286539e-06
-7.152228069817119097e-06,2.019836751836153371e-06
-7.766989035642814636e-06,2.964506451030304673e-06
-1.079898636016396857e-05,3.611578182243558521e-06
-1.234051709216973736e-05,2.507411560118697611e-06
-7.223442598985048386e-06,1.769046850876303531e-07
-7.173561303508299538e-06,-1.184582217138241315e-06
-9.223573727180711269e-06,1.605009086831193024e-06
-1.211610363625886003e-05,9.382822776750025239e-07
-1.220010120451261165e-05,-5.745387336066465500e-07
-8.331051899043317958e-06,-8.270563886929425885e-07
-7.498904619400814536e-06,-1.760337076059695633e-06
-7.909150639486041694e-06,-3.326406178751620402e-06
-1.070419167579636716e-05,-7.843669531256282607e-07
-8.498286963239004587e-06,-4.809225226928461055e-06
-1.260173775463324133e-05,-2.089384421552694486e-06
-9.335322385982433281e-06,-3.392068966767861169e-06
-1.140027037525519889e-05,-3.508977076077806382e-06
-9.245085245868993500e-06,-6.209616617392400980e-06
-1.327087770162627643e-05,-3.511440589409546910e-06
-1.266630932917292816e-05,-4.885651761820950585e-06
-1.128395569577448012e-05,-5.733380333970414038e-06
-1.014448703093946096e-05,-7.513524999507241324e-06
-1.118632075928771292e-05,-8.706942403969104152e-06
-1.418172590945500658e-05,-4.807089857819276575e-06
-1.349586620269279993e-05,-6.396733915199185290e-06
-1.269586716607947919e-05,-8.227530403556551324e-06
-1.235687425487027829e-05,-9.773735836934567970e-06
-1.530257029572963689e-05,-5.927459522730347296e-06
-1.495407506589181407e-05,-8.210550091514919068e-06
-1.364128024065888708e-05,-1.070061516499300387e-05
-1.502183593569251584e-05,-1.147497002935820330e-05
-1.648008417580976335e-05,-1.208566479738099061e-05
-1.660735491537468974e-05,-8.693630244371666296e-06
-1.659941714621403336e-05,-6.837204670070701574e-06
-1.628288505311784799e-05,-1.051922473450919571e-05
-1.799715335901437175e-05,-1.252675841852068873e-05
-1.955212028525755240e-05,-1.279154773149339064e-05
-1.791302699358604287e-05,-9.106760931327981788e-06
-1.803204565108582308e-05,-7.508742267938287943e-06
-2.112613476078747376e-05,-1.287805513636912456e-05
-1.938107482596069066e-05,-1.057750174973490383e-05
-1.955644989130752071e-05,-7.921956011903277114e-06
-2.147487585423537846e-05,-1.081075152600595510e-05
-2.285374658390265372e-05,-1.287374146558641705e-05
-2.112661525459425793e-05,-8.063226782501330955e-06
-2.522575808769201327e-05,-1.286921712691890882e-05
-2.335604606907515788e-05,-9.638822302117661930e-06
-2.285338476251369923e-05,-8.068474267349891370e-06
-2.847295766357461213e-05,-1.286099693953665826e-05
-2.686875376323062868e-05,-1.028576429567000520e-05
-2.522487932018285751e-05,-8.076234399353681803e-06
-3.273834631034828818e-05,-1.285111118591714684e-05
-3.060860172425609047e-05,-1.047442175092374062e-05
-2.847193336214785700e-05,-8.086582481433796999e-06
-3.716300333850587330e-05,-1.284214270844620908e-05
-3.495359420277878004e-05,-1.047614115130071813e-05
-3.273747591542602745e-05,-8.099453071232095324e-06
-4.156958346586113066e-05,-1.283505933101172390e-05
-3.936877370407332278e-05,-1.047761538825973734e-05
-3.716238792701103777e-05,-8.111460581282501812e-06
-4.596229551503121263e-05,-1.282961415194028380e-05
-4.376784055532121807e-05,-1.047874428791196604e-05
-4.156934220331973899e-05,-8.121294197058643991e-06
-5.034515149818406067e-05,-1.282566586851196549e-05
-4.815501438168401735e-05,-1.047954597667002520e-05
-4.596212721091729451e-05,-8.128758032506049047e-06
-5.472135933708442067e-05,-1.282292137856380453e-05
-5.253406776111302736e-05,-1.047995256742669541e-05
-5.034498444922649467e-05,-8.133963957001307798e-06
-5.909320727412038478e-05,-1.282115670212264700e-05
-5.690776485145495294e-05,-1.048004514726411251e-05
-5.472117212185246291e-05,-8.137083857739803425e-06
-6.346215683320841744e-05,-1.281979220599741862e-05
-6.127808234481199102e-05,-1.047999925402533187e-05
-5.909313010836404252e-05,-8.138860502546592257e-06
-6.782973623691559365e-05,-1.281946969497699258e-05
-6.564601221068598201e-05,-1.047994285318407100e-05
-6.346214178884728840e-05,-8.140109539321333998e-06
-7.718696694649160176e-05,-1.256268844088558863e-05
-7.656645968243127828e-05,-1.281970941064239772e-05
-6.978622211721697925e-05,-1.047977745001115051e-05
-7.219765185240006064e-05,-1.281965572175822498e-05
-6.782983546375434829e-05,-8.140246377970867891e-06
-7.744398946440374579e-05,-1.194218328861916936e-05
-7.597570965383835531e-05,-1.047963841010284060e-05
-7.219767666362877511e-05,-8.139748972485945716e-06
-7.744398254636863130e-05,-9.017094201967161765e-06
-7.656646030867787789e-05,-8.139581450187573128e-06
-7.718696176934428956e-05,-8.396597860327438022e-06
