Size 192,2
-1.290798410537902403e-04,1.763221028202468271e-05
-1.295913625181605369e-04,1.639746159856024025e-05
-1.295915523022734140e-04,1.057658454956655943e-05
-1.290800533049238201e-04,9.341839734684078631e-06
-1.278449708479246268e-04,1.814363653037787789e-05
-1.255287588634628403e-04,1.348704935209139156e-05
-1.278452092322832664e-04,8.830413365734469331e-06
-1.191500362109469024e-04,1.814200728340963398e-05
-1.191502688555343348e-04,8.831853123476159130e-06
-1.143514476002347797e-04,1.348674950757710906e-05
-1.104608772834934455e-04,1.813531565595452520e-05
-1.104610978490335886e-04,8.837643073086702889e-06
-1.061207461980965926e-04,1.348642866620990384e-05
-1.017884962860521797e-04,1.812200190138427291e-05
-1.017880964714776114e-04,8.849856400376115650e-06
-9.746055178946560582e-05,1.348561663620996581e-05
-9.314584397967734064e-05,1.809985853659379091e-05
-9.314513627972039508e-05,8.870015412980545026e-06
-8.883805481022457478e-05,1.348437362701465723e-05
-8.455067058320815221e-05,1.806558274695775897e-05
-8.454995064781424562e-05,8.901736593635617664e-06
-8.027451228030081860e-05,1.348281337771145562e-05
-7.602935944593392772e-05,1.801430336047406058e-05
-7.602878187461270011e-05,8.949907645362245660e-06
-7.180175502257167075e-05,1.348120280379727812e-05
-6.761835176318951521e-05,1.794221448369931723e-05
-6.761760697603182754e-05,9.018536837709999782e-06
-6.345954636913795147e-05,1.347943285388570224e-05
-5.935911837638786011e-05,1.784780775793483353e-05
-5.935806137115380831e-05,9.109129253784408286e-06
-5.529008985476574581e-05,1.347731218147172847e-05
-5.129327093114440000e-05,1.773132434540739455e-05
-5.129217821369825713e-05,9.221052556486854164e-06
-4.733382824471124112e-05,1.347478001144241944e-05
-4.345912993978591932e-05,1.759302317435962006e-05
-4.345785338469572803e-05,9.354376963729022767e-06
-3.978048137493737674e-05,1.347100586273984405e-05
-3.619508670164925927e-05,1.743583749728343243e-05
-3.619290129450447862e-05,9.511102294942116992e-06
-3.353110844405804251e-05,1.376988958593553761e-05
-3.090205556993079456e-05,1.729131406888997216e-05
-3.089705552877159599e-05,9.655538566306467169e-06
-2.718551836143431362e-05,1.716643066821546692e-05
-2.787280248225560710e-05,1.474333381384505480e-05
-2.717836489325483931e-05,9.746960699123055117e-06
-2.455147993169756260e-05,9.844773460835248212e-06
3.590670535775770093e-06,4.779229365193152550e-07
3.662566131998436222e-06,3.049807718334699508e-07
3.662177600801003817e-06,-3.391281338181823669e-07
3.590660410491258302e-06,-5.096435517095231502e-07
-2.454294476313508138e-05,1.707893606968837727e-05
-2.222140320997171754e-05,1.686735107719841996e-05
-2.398736540042292094e-05,1.256309968093515206e-05
-2.219255830434836715e-05,9.744138793041504638e-06
3.418502686003816910e-06,5.494486435472006886e-07
3.245021729557532969e-06,-1.569764432558358010e-07
3.420010779093177545e-06,-5.808206896815553137e-07
-2.146215207545103997e-05,1.465416039368066300e-05
-1.997584150411219547e-05,1.637946550714200928e-05
-1.785575406795999128e-05,1.567659412239670325e-05
-2.076547554880933436e-05,1.167740344548536502e-05
-1.998868089275426026e-05,9.278215504501271423e-06
2.251421710866612043e-06,5.685462670701325844e-07
2.250681511554916122e-06,-6.010152453217654505e-07
1.645905684284211595e-06,-1.597476975028896827e-08
-1.589110261196485823e-05,1.473133324924356571e-05
-1.755535156965262920e-05,1.344934019806436481e-05
-1.827929660843082216e-05,1.071154638893607388e-05
-1.797722580013045579e-05,8.481997597603007760e-06
9.899309632680287764e-07,6.770853649882174590e-07
9.904681258062675567e-07,-7.076526606668490560e-07
2.444914581838103673e-07,-1.456825208227644052e-08
-1.407772813039964210e-05,1.361128659889513796e-05
-1.246650345505857606e-05,1.233524415426218290e-05
-1.577534234257326940e-05,1.029715145112085173e-05
-1.620788781046614415e-05,7.380654326651075297e-06
-6.105167246370936258e-07,9.108913982272848419e-07
-6.101249958477185417e-07,-9.384907807141705408e-07
-1.287739560360218111e-05,1.041970915008765934e-05
-1.106317240877889432e-05,1.090006460427946663e-05
-1.355179298643503206e-05,8.315256853172373647e-06
-1.471851731093349224e-05,6.062158344424645400e-06
-1.550278394014973405e-06,-1.271368374539029103e-08
-2.666819632279493862e-06,1.247447596767354230e-06
-2.664152685827751978e-06,-1.273486359918585345e-06
-9.842000888814053512e-06,9.360314666605990694e-06
-8.862728639217439384e-06,7.774715223520359578e-06
-8.108922584378973721e-06,6.111829764451033663e-06
-1.218768388598201283e-05,6.461922350511047049e-06
-1.353352852554678786e-05,4.595193839239002051e-06
-3.562632787802114391e-06,-6.898341402900749129e-09
-4.660798031420249120e-06,1.577682543315691340e-06
-4.661056339644788006e-06,-1.615493580369673168e-06
-9.756836320024349604e-06,6.101499186809903424e-06
-7.547267782048755168e-06,4.426644511871514208e-06
-6.455563397435348430e-06,1.856606629251793620e-06
-6.968830677912210744e-06,2.140531994189814893e-06
-7.231509337118358049e-06,2.726361906120651738e-06
-1.124484961538228416e-05,4.383255444028502420e-06
-1.264926090496277387e-05,3.049463316515525959e-06
-5.646392631074245727e-06,2.279791843031622887e-07
-6.490126264241198881e-06,-1.864345634242897318e-06
-8.692008444874002148e-06,3.241596573983530373e-06
-7.018233739003143005e-06,1.013002571711181979e-06
-7.627804623041575327e-06,1.939191983031080004e-06
-1.058292134619305413e-05,2.573096549103480805e-06
-1.208852536127133891e-05,1.495574654541599099e-06
-7.078476262051579799e-06,-7.954682259118530786e-07
-7.021633204786046991e-06,-2.133842160857455107e-06
-9.048460423294200762e-06,6.148097503225636234e-07
-1.188241863208099390e-05,-3.977817240896626323e-08
-1.198643157888636589e-05,-1.529716833337629148e-06
-8.160379773446629505e-06,-1.779053871584769205e-06
-7.335134624376427903e-06,-2.704427747424171929e-06
-7.726226779883194136e-06,-4.264600942925266638e-06
-1.050528616079963787e-05,-1.730681527084989820e-06
-8.296153533208456689e-06,-5.756994650689826990e-06
-1.240530875584517301e-05,-3.026001200620759136e-06
-9.141591560047367508e-06,-4.325129653233353544e-06
-1.120697321157264249e-05,-4.441465284086799296e-06
-9.032550525987670617e-06,-7.172795261326641978e-06
-1.309715529593894352e-05,-4.443145862003363141e-06
-1.249110712405520425e-05,-5.826145716008163947e-06
-1.108691604876068586e-05,-6.686438630986121472e-06
-9.927724097356109063e-06,-8.507396032862537109e-06
-1.098032564538320056e-05,-9.740681961966167994e-06
-1.404386132118054772e-05,-5.741323618387174000e-06
-1.334211654200076973e-05,-7.362833366701514549e-06
-1.251970213247417272e-05,-9.247741701312019793e-06
-1.217025600469801977e-05,-1.085729298026591049e-05
-1.521313001902177534e-05,-6.871986306538641488e-06
-1.485259369490901807e-05,-9.232454097379562183e-06
-1.349049142960697363e-05,-1.183348289410148923e-05
-1.492727174229647888e-05,-1.266096734491037037e-05
-1.645643541817440244e-05,-1.332841183943936235e-05
-1.658550212325051511e-05,-9.735340524478175328e-06
-1.657562265281745177e-05,-7.797569530758772859e-06
-1.624198734280761259e-05,-1.165941245278830263e-05
-1.806427498055853466e-05,-1.381525536220942145e-05
-1.972839585210047977e-05,-1.411985126667335408e-05
-1.796707944979783112e-05,-1.016695231805817111e-05
-1.809596838846620623e-05,-8.478040800761606032e-06
-2.142232914614286600e-05,-1.423209425090391436e-05
-1.953341533911264171e-05,-1.173585065997527247e-05
-1.972683164441707624e-05,-8.889288340631979130e-06
-2.179592748930488872e-05,-1.199046311870317039e-05
-2.330323601231244304e-05,-1.425032019167833431e-05
-2.141741187404452577e-05,-9.020861578270685961e-06
-2.590642263150884602e-05,-1.426790904140271026e-05
-2.384491289165501443e-05,-1.071193567730792657e-05
-2.330265380289669070e-05,-9.001901123287226435e-06
-2.951906582616799576e-05,-1.429349882779035512e-05
-2.772428538881175548e-05,-1.141666691135978935e-05
-2.590726903509553316e-05,-8.977968659684826326e-06
-3.433292394942786082e-05,-1.431752181457859578e-05
-3.191907486400501377e-05,-1.162320444844306429e-05
-2.951949735703333802e-05,-8.952271958722035402e-06
-3.938592711937711593e-05,-1.433256718853573625e-05
-3.685457838576451092e-05,-1.162213697349898822e-05
-3.433316165128674871e-05,-8.927509229725818287e-06
-4.445984601362998995e-05,-1.433859519689882241e-05
-4.192086919181759955e-05,-1.162126165355048135e-05
-3.938607120873964133e-05,-8.910676880808184700e-06
-4.953785742041507388e-05,-1.433623977730545770e-05
-4.699966115428854546e-05,-1.162045566702460056e-05
-4.446007168064180061e-05,-8.902897167226729035e-06
-5.460467940099720662e-05,-1.432724279349612534e-05
-5.207436257505118296e-05,-1.161968644230935978e-05
-4.953822952021929665e-05,-8.903811892112682203e-06
-5.965098750836776167e-05,-1.431537041065544871e-05
-5.713181117465274985e-05,-1.161885433147962762e-05
-5.460514794873535833e-05,-8.911304539261070983e-06
-6.467494126851435561e-05,-1.430390660013501682e-05
-6.216661709236337473e-05,-1.161815709366449067e-05
-5.965130930581829849e-05,-8.921741994683729372e-06
-6.968013653688872569e-05,-1.429473229663738209e-05
-6.718025828921318223e-05,-1.161750096690425559e-05
-6.467507385620836693e-05,-8.931800492174162109e-06
-7.467209906598003472e-05,-1.428829225238948217e-05
-7.217794444804525276e-05,-1.161682406827196783e-05
-6.968020878165518284e-05,-8.939498274895899135e-06
-8.534402100334525045e-05,-1.399062500207489655e-05
-8.463653885674684218e-05,-1.428369504216636886e-05
-7.690553146326849113e-05,-1.161619653382073244e-05
-7.965590333220990554e-05,-1.428469582260213041e-05
-7.467229833769289428e-05,-8.944491018958326199e-06
-8.563706966906270792e-05,-1.328311413279480315e-05
-8.396325994868358649e-05,-1.161565989576661089e-05
-7.965610623900873106e-05,-8.947184254367735460e-06
-8.563717033368985459e-05,-9.948133766128457178e-06
-8.463668578922058496e-05,-8.947601515357901265e-06
-8.534413858239585870e-05,-9.240653445703382823e-06
