Size 192,2
7.995261036228875620e-05,-1.233555741146392491e-05
8.023833820619484763e-05,-1.164581819263218418e-05
8.023849564697402498e-05,-8.394268724059253219e-06
7.995278413944813950e-05,-7.704504741462141846e-06
7.926282736671646687e-05,-1.262124744186290973e-05
7.796916122559109001e-05,-1.002002613301117112e-05
7.926301128177026681e-05,-7.418796939640777069e-06
7.440619525600407911e-05,-1.262046908095598953e-05
7.440624261209723351e-05,-7.418846060268954796e-06
7.172517160519449998e-05,-1.001926841910747222e-05
6.955101385837108728e-05,-1.261742654130154810e-05
6.955055123106000734e-05,-7.419941982130435376e-06
6.712462527161758025e-05,-1.001842453840141182e-05
6.470201466367553865e-05,-1.261124253793323389e-05
6.470076018101733714e-05,-7.424184175593236342e-06
6.228066686529729697e-05,-1.001721347989351120e-05
5.986561224472601719e-05,-1.260105432907999227e-05
5.986435100605716134e-05,-7.432284250799822100e-06
5.745356070710958132e-05,-1.001608234785065416e-05
5.505018726451229037e-05,-1.258679245178737998e-05
5.504893274408921301e-05,-7.444168561128035391e-06
5.265098297761646460e-05,-1.001484788648345897e-05
5.026268814323863436e-05,-1.256906670458939008e-05
5.026152979401196359e-05,-7.459525313469998391e-06
4.787919312222420625e-05,-1.001368011632580849e-05
4.550921814757362117e-05,-1.254774373248268763e-05
4.550845278096517878e-05,-7.478577029915171095e-06
4.314538114902607887e-05,-1.001253601927098338e-05
4.079695295999077886e-05,-1.252314153490253193e-05
4.079679418533655415e-05,-7.501016787638893938e-06
3.845612561740840816e-05,-1.001147966273114434e-05
3.613167693226899794e-05,-1.249645590972416802e-05
3.613168095557026203e-05,-7.525568648361978028e-06
3.381539738425138719e-05,-1.001039176164973100e-05
3.151556538045242195e-05,-1.246930220004240557e-05
3.151514520645183522e-05,-7.550345205773829739e-06
2.931553415571871705e-05,-1.000894941591544801e-05
2.713092161700143370e-05,-1.244310376721141787e-05
2.713017625857873944e-05,-7.574704691493304208e-06
2.549637297958259083e-05,-1.019680833384560060e-05
2.384054285478934119e-05,-1.242152699762644607e-05
2.383934042029855143e-05,-7.594140036030004260e-06
2.146424112560261845e-05,-1.240402466294578857e-05
2.192400379736702168e-05,-1.082641426364932866e-05
2.146278543292182535e-05,-7.605390458840014397e-06
1.974471592244932724e-05,-7.617280973946376587e-06
-3.305613214072033830e-06,3.034744827355834851e-07
-3.371475659548601787e-06,4.616352318852832164e-07
-3.371210802801980980e-06,1.051738506312400098e-06
-3.305643327345168359e-06,1.208172716573751164e-06
1.974426454735845866e-05,-1.239197907682785529e-05
1.819111024150064346e-05,-1.229259181747390658e-05
1.939401136825248093e-05,-9.408980053214259945e-06
1.818970686702299538e-05,-7.494047995032127418e-06
-3.148099963788413136e-06,2.382368768439742761e-07
-2.989014311951404794e-06,8.856416135313222837e-07
-3.149130905039154346e-06,1.273767051308174515e-06
1.769611310001974471e-05,-1.082182812121981705e-05
1.666400179213489653e-05,-1.201564809974290198e-05
1.518524403094059933e-05,-1.157164115700124640e-05
1.722957991678191364e-05,-8.795025431989789442e-06
1.669249742758491684e-05,-7.108265516743844896e-06
-2.079366948546503445e-06,2.228443578856807096e-07
-2.077882571067462817e-06,1.294892830040344727e-06
-1.524073598723718175e-06,7.600586057859069336e-07
1.377499713240916055e-05,-1.096160574847190948e-05
1.498913604228624321e-05,-1.003809067409641133e-05
1.550082493974318484e-05,-8.104520677108866195e-06
1.529472640710381325e-05,-6.474865319233513136e-06
-9.228087959739281301e-07,1.250709763977814564e-07
-9.223991786332742672e-07,1.396830646839095940e-06
-2.376675757458334754e-07,7.618276884991686033e-07
1.244717123085529835e-05,-1.020052534828748811e-05
1.122329150624041175e-05,-9.299204614508633813e-06
1.370587917784840058e-05,-7.797897907925261995e-06
1.403728948546706765e-05,-5.613362521465124644e-06
5.481917735357470818e-07,-8.852656120686640141e-08
5.486985149815852354e-07,1.613844929456230094e-06
1.153266632408203001e-05,-7.898448909970897026e-06
1.011832511372762174e-05,-8.266949523687162007e-06
1.205228530322187472e-05,-6.306336897559466521e-06
1.295618083436065167e-05,-4.557964398093576016e-06
1.414157573643041462e-06,7.631511345873542833e-07
2.442666364232628163e-06,-3.971567274470157382e-07
2.441512556185065327e-06,1.926832317843282011e-06
9.139351709664972700e-06,-7.121949670531999714e-06
8.305865674036771564e-06,-5.886026052742066200e-06
7.623256519200440881e-06,-4.565838845492511291e-06
1.098868323197995971e-05,-4.862144428503876411e-06
1.208131825583421109e-05,-3.346654650319816877e-06
3.269166918210760890e-06,7.609547538818476733e-07
4.282210855893684497e-06,-7.012159767700201719e-07
4.282265138665278333e-06,2.244344328589164905e-06
9.015267202332746869e-06,-4.570241241453868929e-06
7.095791057377554729e-06,-3.180070913168344513e-06
5.963711017573041308e-06,-9.604223609632204082e-07
6.461929655745523268e-06,-1.216400176698967899e-06
6.737892390000133864e-06,-1.733567118364780621e-06
1.024057410908751358e-05,-3.166125016187051730e-06
1.143456775993681019e-05,-2.028295512577078408e-06
5.193296955000645407e-06,5.475405729957369415e-07
5.942380633368445360e-06,2.471665760609714513e-06
8.056806969366299255e-06,-2.193649975348121827e-06
6.482291855924237841e-06,-1.872492045874576726e-07
7.072242288116912470e-06,-1.035903221883291294e-06
9.691461701795196402e-06,-1.617133667863552409e-06
1.104281366887516672e-05,-6.529523758380152952e-07
6.492894059954557707e-06,1.478885503416059800e-06
6.404810483140768493e-06,2.723753834614292969e-06
8.336901869274728855e-06,1.371073660446293610e-07
1.092265271061515538e-05,7.435571107673663430e-07
1.111996805121521973e-05,2.144927884609254206e-06
7.466397796167639090e-06,2.378990052115451782e-06
6.667785639355234635e-06,3.275764792839396751e-06
6.979173712142055430e-06,4.821577821950085136e-06
9.696146960289232420e-06,2.307067905918851437e-06
7.472466148994079189e-06,6.362845457089455494e-06
1.161780604487220790e-05,3.574056122176907150e-06
8.354917808758755652e-06,4.861735432155890660e-06
1.043008519814364512e-05,4.981703694346110520e-06
8.175168609534048388e-06,7.852776285780139223e-06
1.240866746263163354e-05,4.984916690403478740e-06
1.179611830092470366e-05,6.414731351706416669e-06
1.030229249359427853e-05,7.326523739070977867e-06
9.062799910355901818e-06,9.314772577783400550e-06
1.016913110563343182e-05,1.070797979891606062e-05
1.350099377290894413e-05,6.310843401474146165e-06
1.273862804081632923e-05,8.066455347119460119e-06
1.183307184897200651e-05,1.016374471448887182e-05
1.144458728673961257e-05,1.201105737713871260e-05
1.485709892020243994e-05,7.500937329987004120e-06
1.445596102481989679e-05,1.016145262981171341e-05
1.291092324306712234e-05,1.316849295331982138e-05
1.455978253040474354e-05,1.418310202432092843e-05
1.634502418221260871e-05,1.503836472217860327e-05
1.648054024425219801e-05,1.074411491299182059e-05
1.646103464324258687e-05,8.504511254366309576e-06
1.607313275651160465e-05,1.301761479517980655e-05
1.826907886750681859e-05,1.567407255559527958e-05
2.030119564186848690e-05,1.610235393407618570e-05
1.812966126307571799e-05,1.124767876720682306e-05
1.828927074220232263e-05,9.239143768489068071e-06
2.239338278957765096e-05,1.629167374643648335e-05
2.003194095524735906e-05,1.315362077185926644e-05
2.028071668857159990e-05,9.666298634230415847e-06
2.284910651424401667e-05,1.348141734777705843e-05
2.476982887523275896e-05,1.637480282757021379e-05
2.237057664293559483e-05,9.781247961312930674e-06
2.810931350521935838e-05,1.645903273302672763e-05
2.543850592237719620e-05,1.186329544779645459e-05
2.476488437237099483e-05,9.700370353120221759e-06
3.286784036903453524e-05,1.658941674593397919e-05
3.047597798559320022e-05,1.276242853378270253e-05
2.811116414255386049e-05,9.593892059175848964e-06
3.939029910642556837e-05,1.673060207245788934e-05
3.608917251869130132e-05,1.303507117689248937e-05
3.286827176957061097e-05,9.471315179484126299e-06
4.641552706291473781e-05,1.684835362940542019e-05
4.286691095310516395e-05,1.303607267134342027e-05
3.939000462449086115e-05,9.339069392074597357e-06
5.363366164668969350e-05,1.694278328168617338e-05
4.999528390589895108e-05,1.303785542117108806e-05
4.641492455897023602e-05,9.225502762857786538e-06
6.100299443278366676e-05,1.701478301662400275e-05
5.729619169837427817e-05,1.303943313060468046e-05
5.363314505782349319e-05,9.134557748989052640e-06
6.848392379002352310e-05,1.706732148160643276e-05
6.472743508972828930e-05,1.304058963111895678e-05
6.100261671630475679e-05,9.065316818454799167e-06
7.604459284103761937e-05,1.710424450751244334e-05
7.225300723402554044e-05,1.304126675825410129e-05
6.848371946643419810e-05,9.014605357322709288e-06
8.366018533074002117e-05,1.712872496498580186e-05
7.984490341154457777e-05,1.304158448926147203e-05
7.604448813257977272e-05,8.978660840888356656e-06
9.131038096402289267e-05,1.714299724898182489e-05
8.748100552453274724e-05,1.304160630324682147e-05
8.366019483841216371e-05,8.954499356471755191e-06
9.897832360589679931e-05,1.714985022508047245e-05
9.514247175077546572e-05,1.304154293907073615e-05
9.131041038441775105e-05,8.940149984161281229e-06
1.154195300772493612e-04,1.670119268037056844e-05
1.143293648230413200e-04,1.715274666834031369e-05
1.024155965421682304e-04,1.304152622799692553e-05
1.066531756562965662e-04,1.715236407574952983e-05
9.897832108463185065e-05,8.933213587589943757e-06
1.158710924322238511e-04,1.561103953332153906e-05
1.132913905075941399e-04,1.304148105141252322e-05
1.066531909691393568e-04,8.930655908904397021e-06
1.158710963609299393e-04,1.047191674889275815e-05
1.143293735072763596e-04,8.930215996023485329e-06
1.154195354516546277e-04,9.381767716388542377e-06
