Size 192,2
3.788657149248904999e-05,-3.791277761286332847e-06
3.806218581696778575e-05,-3.367413468721804085e-06
3.806178776641336081e-05,-1.368771090079981169e-06
3.788611870561838326e-05,-9.448407518897689954e-07
3.746260907657131159e-05,-3.966820658918033842e-06
3.666677013000415897e-05,-2.367986768367616845e-06
3.746207283535336419e-05,-7.692639939171192325e-07
3.447702067546247674e-05,-3.964837541013152992e-06
3.447620458577982210e-05,-7.704475138336663951e-07
3.282965750201205106e-05,-2.367260934288520316e-06
3.149682190075583286e-05,-3.957900935491294721e-06
3.149608965913345486e-05,-7.758981066283030647e-07
3.001101682090469633e-05,-2.366125540878274480e-06
2.853285817985986130e-05,-3.944194427440760874e-06
2.853291280746663087e-05,-7.870543948851143850e-07
2.705980415997063796e-05,-2.365145709070950575e-06
2.559879168808412302e-05,-3.922708380691256023e-06
2.559837476608074568e-05,-8.060118088757379903e-07
2.414548107656216546e-05,-2.363888456648262251e-06
2.271007641646430666e-05,-3.892413771157324802e-06
2.270914560207096697e-05,-8.338172112225183402e-07
2.128488605173043508e-05,-2.362632324474620500e-06
1.988451511277428184e-05,-3.852181352962336421e-06
1.988321457299742744e-05,-8.715549785813002864e-07
1.849681772261203234e-05,-2.361236431004984005e-06
1.714131737992014305e-05,-3.801343348359856488e-06
1.713983802946971490e-05,-9.197208695199508126e-07
1.580118054341839092e-05,-2.359638765097155253e-06
1.449988364814105285e-05,-3.740515381212746949e-06
1.449856588351407827e-05,-9.773703513613983321e-07
1.321685207825433398e-05,-2.357895016781905044e-06
1.197752741171782199e-05,-3.671103367351628286e-06
1.197677501540464282e-05,-1.043414248528731784e-06
1.075926178936052246e-05,-2.356147517894437653e-06
9.588452951364294345e-06,-3.593151422348899999e-06
9.587960523191213863e-06,-1.117934359671566197e-06
8.486584069227420623e-06,-2.353872401976781211e-06
7.434677018645928276e-06,-3.507511640732443961e-06
7.433853544716023343e-06,-1.202916325072440359e-06
6.659161273179447463e-06,-2.437935821112226584e-06
5.916457115402629056e-06,-3.428745513374702517e-06
5.913826996154373573e-06,-1.281217917855971681e-06
4.885674506223962427e-06,-3.359369002470121468e-06
5.065027331167499851e-06,-2.703127660615514247e-06
4.881321648480823262e-06,-1.331473547455130866e-06
4.173158488543709068e-06,-1.386029728010914652e-06
-3.045627213792980642e-07,2.315438015430606618e-09
-3.106982543102045506e-07,1.709025463848179331e-08
-3.106963595885420203e-07,7.201934941524028672e-08
-3.046121609843910124e-07,8.656020502816480307e-08
4.168979106198182455e-06,-3.310111179901962055e-06
3.562552231784822647e-06,-3.230488408424592748e-06
4.011180348975505923e-06,-2.110321189859581779e-06
3.543637182903143197e-06,-1.390624119384974152e-06
-2.898758216606581507e-07,-3.793683217139998575e-09
-2.751709101809821026e-07,5.650719103851646981e-08
-2.900795811806209645e-07,9.263851045879503445e-08
3.356653795622200525e-06,-2.646987746546915665e-06
2.990460896875468293e-06,-3.074124379848253473e-06
2.471351918313370037e-06,-2.874237463244899667e-06
3.173981051824561161e-06,-1.890352483004907541e-06
2.980186917909462816e-06,-1.310961931855385431e-06
-1.903715740033662103e-07,-5.916640807631948626e-09
-1.904255156953346154e-07,9.430519653072657793e-08
-1.384487992411193468e-07,4.385819475332083875e-08
2.014763303878841722e-06,-2.612770588468818580e-06
2.389504524906979218e-06,-2.317471626992838692e-06
2.561588381018638385e-06,-1.662625572647922167e-06
2.483701474486011927e-06,-1.161930352806764613e-06
-8.172552031027802120e-08,-1.642306476072594596e-08
-8.207629699618737758e-08,1.030530061059269079e-07
-1.745003805162610189e-08,4.268012995283655444e-08
1.608871737437142727e-06,-2.324940279383793241e-06
1.275983406082049847e-06,-2.017665903332476368e-06
1.977390561600410276e-06,-1.569959229524325484e-06
2.062896080511959363e-06,-9.487164771123702162e-07
5.654930618260680775e-08,-3.770779588572883357e-08
5.609932987180038313e-08,1.214516522344725398e-07
1.361894173150108609e-06,-1.587920504781584534e-06
1.012459778248811736e-06,-1.683622340728141287e-06
1.494420262572730070e-06,-1.150183271302662237e-06
1.721145323862659757e-06,-7.101319255010274677e-07
1.372709515615557321e-07,4.097373274544266844e-08
2.335597095333668910e-07,-6.783008092875205715e-08
2.325583286998941482e-07,1.482967952639569518e-07
7.947777142681547952e-07,-1.347886074728599458e-06
6.539238088297095002e-07,-1.040602757333899735e-06
5.763157474300154853e-07,-7.357642523700524265e-07
1.229778170655706916e-06,-7.897979063008188467e-07
1.456768946458282070e-06,-4.715016863071105173e-07
3.100285021116396271e-07,3.854958039201472561e-08
4.037060601893165832e-07,-9.629023846069310743e-08
4.039321134438261861e-07,1.762956381428469611e-07
8.170253594399788277e-07,-7.253503148565087521e-07
5.329679338214453063e-07,-4.596662611955313904e-07
5.360835800292783123e-07,-1.187793363697393665e-07
5.602220474683668521e-07,-1.480855933427055064e-07
5.563712523301229257e-07,-2.174501895566293977e-07
1.054964532186563183e-06,-4.390911527608456439e-07
1.252489660057449214e-06,-2.518235229345848721e-07
4.862571439376078483e-07,1.604702652352419097e-08
5.818515131570452766e-07,1.993737225830180383e-07
7.041354438132398174e-07,-2.748567952964687131e-07
5.844326135031511252e-07,-4.258006685079230048e-08
6.144539044585705881e-07,-1.268085717663583659e-07
9.494993187637221083e-07,-1.866266617304240740e-07
1.106147800546316189e-06,-6.979703376382522172e-08
6.255133340199496027e-07,1.137127822889757427e-07
6.499661671750907184e-07,2.195899566251859083e-07
7.702659189239037188e-07,2.567807204677765243e-08
1.031623080343792963e-06,7.951542047795472117e-08
9.559586199828010641e-07,1.859637626324768220e-07
7.370318505905981862e-07,2.039643920412372217e-07
6.981794041433804211e-07,2.471133479448857522e-07
7.725168934382891423e-07,2.914831055725725148e-07
8.787326583201549899e-07,2.227163666765590150e-07
8.484243359629763773e-07,2.796154960479664488e-07
8.968116290022276715e-07,2.743283192362943318e-07
8.334717302067454830e-07,3.101389661112983337e-07
8.642688401942432599e-07,3.101585497280948539e-07
8.915137314871509903e-07,2.447461749808210163e-07
8.245810760101075133e-07,3.095291656425377878e-07
8.179506274416537653e-07,2.974026365720563893e-07
8.683726359611339655e-07,2.697955361700080361e-07
9.150857320481337588e-07,1.613429068532943942e-07
8.885683430873726063e-07,4.748466908905539143e-08
7.157145978052067721e-07,3.128038758779901713e-07
7.543076979498099065e-07,2.291877334354509675e-07
8.102207786394950272e-07,8.252323051372470599e-08
8.370814052659160311e-07,-9.193660674950731883e-08
5.748549125193294722e-07,2.848779422372375633e-07
6.025358616178583515e-07,7.154203977598047737e-08
7.351691654543414053e-07,-2.295552990115097939e-07
5.777865865388358185e-07,-3.751638294767205175e-07
3.844270084587933919e-07,-5.235576163441445553e-07
3.814057983674080344e-07,1.272725410852884126e-08
3.901113536107119478e-07,2.362340282847632044e-07
4.300549470659831402e-07,-2.521593323094110390e-07
1.402260510119140222e-07,-6.411916095525462197e-07
-1.460575968430021162e-07,-7.390793877550445582e-07
1.748092219529662706e-07,-4.084708819056923450e-08
1.510924560505782170e-07,2.027462544228684432e-07
-4.575022009594869475e-07,-7.998823472214980339e-07
-8.700378685331631112e-08,-3.002888200480898244e-07
-1.305652920620838674e-07,1.959143590544463731e-07
-5.219033669219401627e-07,-3.567973291457654939e-07
-8.457581320906728366e-07,-8.499323190655700209e-07
-4.433212833691050596e-07,2.114077720147906011e-07
-1.421912786806116068e-06,-8.994931068388861915e-07
-9.458546808439970212e-07,-9.160125311533281878e-08
-8.429755923295119032e-07,2.614177301001751376e-07
-2.312758441589781022e-06,-9.740876201450828787e-07
-1.850582194866099774e-06,-2.413435808304102223e-07
-1.423246915740649866e-06,3.256117058903146430e-07
-3.624795971982281136e-06,-1.052083629551983489e-06
-2.946769218819665986e-06,-2.905110634823204291e-07
-2.313313021105434909e-06,3.973719690847331656e-07
-5.117485209775777729e-06,-1.115869718121080218e-06
-4.351637715484526237e-06,-2.898313187775086006e-07
-3.625008864328637760e-06,4.727610053966016830e-07
-6.716248120461703499e-06,-1.167829250397579559e-06
-5.900642819503554619e-06,-2.899146326405184805e-07
-5.117462311670700909e-06,5.362669345461054005e-07
-8.400600977268835690e-06,-1.208480327937309773e-06
-7.545713687876390066e-06,-2.901679954828033699e-07
-6.716160340508317056e-06,5.877529071980060902e-07
-1.014939581291925884e-05,-1.238024953006562002e-06
-9.265794033357067726e-06,-2.906336365493965381e-07
-8.400369676784312463e-06,6.276382026344470698e-07
-1.194179093544391599e-05,-1.257559973307898594e-06
-1.103967922417138226e-05,-2.912770234036607498e-07
-1.014901299319027638e-05,6.561482969712298102e-07
-1.375994093952668141e-05,-1.269201029610511792e-06
-1.284749798049222620e-05,-2.920616392404701117e-07
-1.194139119629518883e-05,6.742888049117205233e-07
-1.559133717967743535e-05,-1.275546358396033147e-06
-1.467389952451685759e-05,-2.928840524401175194e-07
-1.375952612783484472e-05,6.842612679085513134e-07
-1.742949176040415194e-05,-1.279338540452117829e-06
-1.650940375189708964e-05,-2.936006136602586706e-07
-1.559101254046896197e-05,6.890348217810096817e-07
-2.137858303698923670e-05,-1.173898922942277571e-06
-2.111664622377155897e-05,-1.282386809951026890e-06
-1.825412285574334835e-05,-2.940692590501616593e-07
-1.927187143655013373e-05,-1.281740026125183082e-06
-1.742924913759292621e-05,6.916371890988215194e-07
-2.148708106731465125e-05,-9.119764971490638122e-07
-2.086710792445104845e-05,-2.945223841398871059e-07
-1.927171915498216296e-05,6.932031990418041968e-07
-2.148702713502260151e-05,3.228812075238574534e-07
-2.111655216579542618e-05,6.933410646132362714e-07
-2.137851593017325586e-05,5.848353170272573025e-07
