Size 192,2
-1.383824418308419774e-04,1.861990941515391962e-05
-1.389352717242489741e-04,1.728538353571070619e-05
-1.389353031239635625e-04,1.099402363083361813e-05
-1.383824697116624325e-04,9.659466987260940577e-06
-1.370478250915244589e-04,1.917267054603903883e-05
-1.345443233940679586e-04,1.413970694514815751e-05
-1.370478361014040988e-04,9.106690820474594821e-06
-1.276501726158738373e-04,1.917114873102873727e-05
-1.276500743621717608e-04,9.107943261574042473e-06
-1.224630793880479302e-04,1.413933189260065684e-05
-1.182577288279303563e-04,1.916363038977002644e-05
-1.182574467015685602e-04,9.114400756982232241e-06
-1.135664041830579570e-04,1.413854631390639471e-05
-1.088844061740851390e-04,1.914673715216451760e-05
-1.088841385080395203e-04,9.129301817328169485e-06
-1.042087566877261521e-04,1.413729844648155667e-05
-9.954949411604655950e-05,1.911769782481786165e-05
-9.954963136388500641e-05,9.155715898137464269e-06
-9.490144084284209440e-05,1.413578429696938435e-05
-9.027825382359716923e-05,1.907395515199319556e-05
-9.027874579544652308e-05,9.195956970365931044e-06
-8.567124782214945286e-05,1.413398816290389994e-05
-8.109940761559053610e-05,1.901344500172120453e-05
-8.109971502756674127e-05,9.252153660648575824e-06
-7.654849917265289197e-05,1.413175450420279248e-05
-7.204556656751189220e-05,1.893359074331396659e-05
-7.204507841179357041e-05,9.326980143944837604e-06
-6.756875990043494963e-05,1.412912247758182446e-05
-6.315450303163929087e-05,1.883191901243812355e-05
-6.315336086289488745e-05,9.423287778290364989e-06
-5.877272754300749393e-05,1.412622311240708439e-05
-5.446911368854770810e-05,1.870616753004310497e-05
-5.446759445278739491e-05,9.543050595968199091e-06
-5.020505863339020774e-05,1.412286240262092228e-05
-4.603397411717867574e-05,1.855524814389885576e-05
-4.603206161724549483e-05,9.687675031332865490e-06
-4.207399889871445776e-05,1.411827779908941580e-05
-3.821673136804556764e-05,1.838247533861869391e-05
-3.821403578657460128e-05,9.859667013162618787e-06
-3.535108899260728377e-05,1.443934306500899445e-05
-3.252585765442647989e-05,1.822275396092917069e-05
-3.252026269650572986e-05,1.001922306919440790e-05
-2.853454866907521184e-05,1.808369680418541638e-05
-2.927099848543362931e-05,1.548405366422789354e-05
-2.852652270490634701e-05,1.012084038019382410e-05
-2.570798053583731195e-05,1.022996073177241300e-05
3.675219780943633825e-06,4.722179999350484287e-07
3.748854027953748516e-06,2.951332886511906570e-07
3.748458282335241087e-06,-3.645989218911754597e-07
3.675188961567988173e-06,-5.392832914698139404e-07
-2.569872977532250888e-05,1.798567148730086020e-05
-2.321103298005688925e-05,1.775470161212264100e-05
-2.510117298245180054e-05,1.314447825241850753e-05
-2.317768226523679099e-05,1.012730817842610524e-05
3.498899318560155102e-06,5.454454384898577605e-07
3.321107960623672824e-06,-1.780523973180508357e-07
3.500354169513100011e-06,-6.122206271600935782e-07
-2.239604400584025226e-05,1.538262621818554842e-05
-2.080765315365888370e-05,1.722646390841186563e-05
-1.854233645633411004e-05,1.646962520924735067e-05
-2.164881846694853630e-05,1.219747230073786522e-05
-2.081757244566434430e-05,9.636149132486049402e-06
2.303504938108895369e-06,5.642647749162110327e-07
2.302447360785433356e-06,-6.333249629416415075e-07
1.683376131315705032e-06,-3.497188371396153297e-08
-1.644893153342784407e-05,1.545303585198850167e-05
-1.821937050447613855e-05,1.408803833867062859e-05
-1.899113025960443501e-05,1.116708843763428249e-05
-1.866681101918812771e-05,8.795648435147095481e-06
1.012407063844166943e-06,6.730207789331243608e-07
1.012391879594294107e-06,-7.434504108855073626e-07
2.499721261389520397e-07,-3.548268406679569408e-08
-1.452004829625429090e-05,1.425279119494511615e-05
-1.281297363104139930e-05,1.289007903356532007e-05
-1.632185854918141312e-05,1.072576945645711745e-05
-1.677802754740328700e-05,7.632385385536592622e-06
-6.236400817102993507e-07,9.094563408277286994e-07
-6.238681841074296825e-07,-9.810048675652354447e-07
-1.324805298334068731e-05,1.085279908252215382e-05
-1.133366591398056846e-05,1.136028070626920273e-05
-1.395967216741148594e-05,8.623671975060819293e-06
-1.519061543608906082e-05,6.244721721678209142e-06
-1.584443308320866246e-06,-3.574739983542454654e-08
-2.725167098111043529e-06,1.251090867164060524e-06
-2.723291343673473650e-06,-1.325852925621315502e-06
-1.004957171005700655e-05,9.724511325650191939e-06
-9.029481481030957954e-06,8.050717281530570598e-06
-8.253618973528277673e-06,6.300506112694811181e-06
-1.251901627223524441e-05,6.666699667366273786e-06
-1.392925596712576218e-05,4.709053012413080774e-06
-3.641104319563926859e-06,-3.193290763635768071e-08
-4.763163587171549297e-06,1.586967383766122837e-06
-4.764394448010456460e-06,-1.678081308040569102e-06
-9.970022421422905932e-06,6.287253237557669145e-06
-7.679870957568641531e-06,4.536283522533983365e-06
-6.592057964900337937e-06,1.870740179931004931e-06
-7.111002809340858447e-06,2.162401303302729578e-06
-7.371736666927057969e-06,2.767425988224357644e-06
-1.152533506082488401e-05,4.487394581752367854e-06
-1.298542652548305250e-05,3.100524026185692828e-06
-5.770598429826878204e-06,2.069179911268537395e-07
-6.641053071117269543e-06,-1.935589895816072648e-06
-8.873047641643352784e-06,3.298678604801137063e-06
-7.167690972291350397e-06,1.006467239879759417e-06
-7.784389629632592928e-06,1.955062076834642336e-06
-1.083284129842302557e-05,2.605409194750277402e-06
-1.238150860293630220e-05,1.495347932173040912e-06
-7.240465882681575305e-06,-8.442825094859580313e-07
-7.191662765501126326e-06,-2.211358224393016710e-06
-9.247905455662151907e-06,5.878839269777651189e-07
-1.215289504778612415e-05,-8.185272916447607165e-08
-1.223216130889227658e-05,-1.600803032285393750e-06
-8.353294750419664952e-06,-1.853682273933801414e-06
-7.519207524235810287e-06,-2.789589563935193708e-06
-7.932757477991121196e-06,-4.359290162460412825e-06
-1.073267913913682419e-05,-1.812717453764624603e-06
-8.525730633475365913e-06,-5.840982157638332531e-06
-1.262920433355439543e-05,-3.121483778414611103e-06
-9.361589770356462195e-06,-4.426215489135544581e-06
-1.142610359031961800e-05,-4.543466808259246796e-06
-9.274186510334360808e-06,-7.238686888017326605e-06
-1.329188755581331809e-05,-4.546053942009668437e-06
-1.268681139732880714e-05,-5.919076024841633175e-06
-1.130926103107916377e-05,-6.764494972633808670e-06
-1.017372309958357493e-05,-8.536336449529738100e-06
-1.121179813520728301e-05,-9.721373549283287926e-06
-1.419314041602602485e-05,-5.841663012581746027e-06
-1.351002318303352912e-05,-7.424738068565554433e-06
-1.271400932089713122e-05,-9.244718150266398386e-06
-1.237680536201357751e-05,-1.077869772453546843e-05
-1.530212738540500978e-05,-6.959230423048984908e-06
-1.495477279229235674e-05,-9.226789362028204992e-06
-1.365183909896715032e-05,-1.169654648160931664e-05
-1.501968385855614918e-05,-1.246207967045385362e-05
-1.646404231453461100e-05,-1.306586339742677481e-05
-1.659131262806471622e-05,-9.705500281203846249e-06
-1.658475452953390745e-05,-7.864406702292840040e-06
-1.626942784393214697e-05,-1.151467322038845683e-05
-1.796471266717553702e-05,-1.350249216626925532e-05
-1.950366424622232268e-05,-1.376581566232631928e-05
-1.788251250786113440e-05,-1.011480232156617246e-05
-1.800089179032548508e-05,-8.531596753472370109e-06
-2.106117001487251838e-05,-1.385333347509792588e-05
-1.933397680586860552e-05,-1.157186319832894506e-05
-1.950824055932573510e-05,-8.940934251465127886e-06
-2.140584935810459650e-05,-1.180326011831535597e-05
-2.277309755761080737e-05,-1.385305363317196063e-05
-2.106147987989697595e-05,-9.079691828640732221e-06
-2.512740436714736979e-05,-1.385428277338478054e-05
-2.326952042720480349e-05,-1.063966903593262772e-05
-2.277246827942002998e-05,-9.081728114215201355e-06
-2.836550097327343809e-05,-1.385966568249761690e-05
-2.676171689948289299e-05,-1.128205027832166859e-05
-2.512677787003619553e-05,-9.082193939713628840e-06
-3.265408122154985399e-05,-1.387164397663745048e-05
-3.050615809309645054e-05,-1.147021318106875891e-05
-2.836485063627253218e-05,-9.079086360279632360e-06
-3.714800453165322116e-05,-1.388756668861990455e-05
-3.489613040765594592e-05,-1.147180049098866775e-05
-3.265354703561238581e-05,-9.070259291989573379e-06
-4.167127886482093911e-05,-1.390371788817157420e-05
-3.940452639083946349e-05,-1.147333430774455292e-05
-3.714758172862631786e-05,-9.057611583686757888e-06
-4.622095011548896470e-05,-1.391662418549547769e-05
-4.394213877932571887e-05,-1.147463202871936130e-05
-4.167087502356339209e-05,-9.044258559828322920e-06
-5.078898508003836247e-05,-1.392546064677160857e-05
-4.850236861678944029e-05,-1.147578161604558616e-05
-4.622052935898113675e-05,-9.033781405380918346e-06
-5.536748507674524436e-05,-1.393039441155136404e-05
-5.307689192526189690e-05,-1.147688434218107989e-05
-5.078860162087521095e-05,-9.027215859930514587e-06
-5.994954821525702891e-05,-1.393179843252451201e-05
-5.765828329934057284e-05,-1.147799508469088455e-05
-5.536713069346972546e-05,-9.024527834514537485e-06
-6.452884404087609388e-05,-1.393021775721270690e-05
-6.223996681727665345e-05,-1.147908830394496303e-05
-5.994919505580504954e-05,-9.025335841834755739e-06
-6.910071597802758356e-05,-1.392691885005020703e-05
-6.681608526620866340e-05,-1.147993113723471935e-05
-6.452861320414135710e-05,-9.028803214560303687e-06
-7.887298521844264901e-05,-1.365556124635049841e-05
-7.822523920679922934e-05,-1.392388430228319935e-05
-7.114603799643894825e-05,-1.148052399754974571e-05
-7.366491289754795212e-05,-1.392440493467032445e-05
-6.910051884005009176e-05,-9.033556518010541565e-06
-7.914128746527137454e-05,-1.300778651169403263e-05
-7.760869555798611933e-05,-1.148100763923032026e-05
-7.366477836807443994e-05,-9.037123749921122828e-06
-7.914126776924549061e-05,-9.954252649061595603e-06
-7.822517999941206736e-05,-9.038101564813846278e-06
-7.887295386645409813e-05,-9.306442941204240158e-06
